17277,17278,17279,17280,17281,17282,17283,17284,17285,17286,17287,17288,17289,17290,17291,17292,17293,17294,17295,17296,17297,17298,17299,17300,17301,17302,17303,17304,17305,17306,17307,17308,17309,17310,17311,17312,17313,17314,17315,17316,17317,17318,17319,17320,17321,17322,17323,17324,17325,17326,17327,17328,17329,17330,17331,17332,17333,17334,17335,17336,17337,17338,17339,17340,17341,17342,17343,17344,17345,17346,17347,17348,17349,17350,17351,17352,17353,17354,17355,17356,17357,17358,17359,17360,17361,17362,17363,17364,17365,17366,17367,17368,17369,17370,17371,17372,17373,17374,17375,17376,17377,17378,17379,17380,17381,17382,17383,17384,17385,17386,17387,17388,17389,17390,17391,17392,17393,17394,17395,17396,17397,17398,17399,17400,17401,17402,17403,17404,17405,17406,17407,17408,17409,17410,17411,17412,17413,17414,17415,17416,17417,17418,17419,17420,17421,17422,17423,17424,17425,17426,17427,17428,17429,17430,17431,17432,17433,17434,17435,17436,17437,17438,17439,17440,17441,17442,17443,17444,17445,17446,17447,17448,17449,17450,17451,17452,17453,17454,17455,17456,17457,17458,17459,17460,17461,17462,17463,17464,17465,17466,17467,17468,17469,17470,17471,17472,17473,17474,17475,17476,17477,17478,17479,17480,17481,17482,17483,17484,17485,17486,17487,17488,17489,17490,17491,17492,17493,17494,17495,17496,17497,17498,17499,17500,17501,17502,17503,17504,17505,17506,17507,17508,17509,17510,17511,17512,17513,17514,17515,17516,17517,17518,17519,17520,17521,17522,17523,17524,17525,17526,17527,17528,17529,17530,17531,17532,17533,17534,17535,17536,17537,17538,17539,17540,17541,17542,17543,17544,17545,17546,17547,17548,17549,17550,17551,17552,17553,17554,17555,17556,17557,17558,17559,17560,17561,17562,17563,17564,17565,17566,17567,17568,17569,17570,17571,17572,17573,17574,17575,17576,17577,17578,17579,17580,17581,17582,17583,17584,17585,17586,17587,17588,17589,17590,17591,17592,17593,17594,17595,17596,17597,17598,17599,17600,17601,17602,17603,17604,17605,17606,17607,17608,17609,17610,17611,17612,17613,17614,17615,17616,17617,17618,17619,17620,17621,17622,17623,17624,17625,17626,17627
72,100,129,106,138,106,62,94,86,109,123,106,103,100,108,77,140,153,75,46,126,58,32,65,106,156,135,72,48,65,32,42,108,100,57,114,40,19,46,60,62,32,30,91,108,48,51,57,51,88,94,85,85,91,67,100,62,48,40,48,94,75,94,108,103,83,80,94,100,85,129,108,88,100,97,132,60,60,62,75,126,83,53,60,91,94,91,129,137,123,129,94,166,176,205,123,77,48,23,24,24,25,25,26,25,40,48,77,80,40,55,53,77,36,44,36,20,17,26,70,97,111,111,114,106,94,132,94,69,100,53,83,75,102,64,77,97,46,51,67,55,69,77,22,16,22,32,26,38,64,46,36,85,69,55,28,13,17,62,123,100,57,35,44,52,100,77,50,69,69,72,77,108,85,57,129,145,117,59,46,30,35,88,69,59,62,40,59,83,126,123,108,194,72,142,88,126,117,161,158,158,64,44,94,126,114,111,148,36,18,11,13,88,150,192,131,46,131,212,192,184,209,150,85,85,77,69,102,207,205,48,20,33,57,145,94,114,48,48,48,52,82,114,97,64,44,69,125,131,168,131,134,131,82,69,88,50,57,35,44,33,31,48,62,69,54,44,82,139,139,196,171,131,57,66,134,120,88,117,96,91,108,114,102,114,105,69,88,128,180,166,105,122,117,71,54,50,99,48,99,102,108,88,52,64,113,113,59,54,111,74,150,71,113,108,128,134,125,99,85,66,57,48,52,116,134,105,79,79,108,125,99,137,150,119,82,108,102,61,147,147,107,79,71,102,96,71,116,150,99,99
55,111,148,129,86,83,67,65,143,193,171,106,44,137,108,108,140,126,70,35,55,72,72,100,100,94,114,67,100,58,53,35,77,88,57,80,111,14,32,34,57,40,53,70,55,38,26,40,132,103,83,77,48,106,70,38,65,51,65,70,65,83,126,117,88,100,103,75,103,126,126,103,70,85,100,126,62,48,100,85,117,83,77,72,111,134,100,94,126,140,126,91,111,142,91,72,120,106,72,62,53,40,53,38,48,38,44,46,51,60,72,60,55,46,72,80,32,18,21,77,142,88,83,108,100,69,129,111,91,88,57,62,77,126,88,69,88,59,48,72,77,69,64,36,30,52,59,40,48,97,46,77,32,20,30,17,20,16,28,69,62,40,30,42,97,100,59,67,64,42,94,166,150,150,134,123,97,97,94,88,94,64,94,91,88,126,102,38,57,111,137,94,182,150,83,158,163,126,123,150,150,161,100,85,100,117,161,123,55,20,17,62,178,194,148,69,35,67,94,72,48,142,131,80,94,48,31,99,196,209,31,27,40,114,202,178,82,30,46,42,62,108,102,82,50,30,52,153,97,131,69,77,96,122,153,85,57,27,21,29,24,29,52,48,36,62,105,180,227,173,134,128,105,88,128,99,114,131,142,122,102,88,57,71,85,96,88,96,114,94,99,125,119,145,122,74,82,59,128,125,108,77,111,128,168,69,57,119,74,142,77,44,105,61,165,134,137,142,110,102,116,48,79,88,96,128,105,74,79,116,113,105,145,158,125,74,77,99,105,74,165,108,71,79,96,107,96,107,119,88,102
100,103,126,83,48,51,60,62,114,171,193,123,75,83,72,97,91,86,67,28,53,70,97,126,80,108,166,103,38,58,137,37,85,72,103,40,75,32,28,35,48,57,75,83,55,28,20,38,100,166,72,94,140,55,117,65,108,62,72,77,65,153,83,53,80,94,111,85,100,123,72,80,97,85,106,108,126,80,126,77,88,137,114,100,111,114,100,65,77,91,108,97,72,67,51,77,88,103,120,94,94,72,70,57,44,36,57,75,42,53,83,65,48,65,59,65,24,33,35,77,126,62,77,83,83,69,114,150,126,100,51,59,100,85,108,57,69,62,52,88,85,46,46,55,52,100,80,69,150,52,69,59,33,29,30,38,32,18,16,38,55,42,42,48,52,94,77,55,52,57,59,150,158,126,126,108,69,69,120,148,75,64,94,75,94,75,69,77,64,64,69,126,145,111,77,77,158,155,150,153,137,213,196,77,102,117,126,150,100,31,40,69,77,97,131,126,57,88,55,42,80,94,74,57,44,31,42,99,161,168,62,50,59,139,202,99,31,31,46,77,125,108,91,54,33,54,131,108,108,59,82,46,91,155,105,108,69,20,21,25,23,29,57,72,77,137,190,222,192,108,108,114,173,150,142,125,182,182,168,153,96,48,44,66,69,77,96,125,99,111,99,99,108,210,215,99,64,50,108,142,119,85,122,125,96,108,105,113,131,150,165,94,99,108,110,116,122,85,125,150,82,110,79,99,99,82,93,110,108,77,71,122,198,77,90,82,105,102,85,155,131,134,102,82,99,85,85,107,116,88,88
80,88,88,70,70,60,40,32,67,106,114,88,70,97,53,48,48,70,32,46,53,94,86,108,86,48,62,97,70,106,100,91,91,91,23,38,53,32,77,44,103,44,77,70,57,25,10,32,108,94,158,88,85,65,129,67,126,129,94,48,77,132,117,100,106,65,65,80,77,48,117,88,100,67,129,114,126,134,103,100,106,142,126,106,129,114,75,67,30,53,91,60,57,38,62,77,70,103,173,145,126,91,70,60,48,51,77,83,48,44,67,70,60,53,40,36,35,51,53,48,88,69,77,55,69,106,123,176,150,100,67,65,102,44,102,75,55,51,64,77,69,33,33,48,44,88,94,111,131,46,67,57,50,69,46,64,25,16,55,62,67,91,69,77,64,85,57,69,33,62,50,69,108,168,161,139,97,59,108,180,126,55,85,91,97,97,100,126,48,28,88,176,150,100,134,173,137,158,120,137,158,153,171,153,145,153,128,128,72,52,36,20,18,55,168,173,105,94,88,59,44,42,48,35,25,33,42,59,114,99,99,85,72,74,120,59,57,48,125,161,196,97,72,74,50,94,139,59,85,74,57,59,48,122,80,155,77,38,22,48,48,69,120,166,158,150,150,128,102,64,40,30,188,163,184,158,213,173,180,145,74,64,69,57,91,88,88,152,125,59,82,155,64,128,105,69,59,125,158,170,125,77,66,145,173,108,99,111,158,128,71,94,163,122,94,119,108,134,173,165,139,108,61,71,77,91,113,119,108,85,131,168,88,142,88,61,61,107,82,93,173,64,93,79,150,150,116,99,64,107,116
83,75,88,106,94,58,70,51,34,62,75,97,103,67,83,80,67,55,51,86,62,67,60,62,55,86,111,91,91,77,70,108,40,34,38,32,24,44,70,88,83,75,72,75,72,55,29,44,72,103,120,114,145,77,97,103,100,117,123,48,94,114,94,114,88,72,51,37,88,70,32,80,100,108,123,75,134,94,97,120,94,88,158,140,126,126,65,60,48,65,65,62,83,57,38,44,88,129,196,209,134,72,44,44,57,83,70,33,36,57,57,48,42,48,32,28,28,48,72,48,75,85,103,88,77,117,150,139,117,114,148,75,69,62,67,97,57,59,77,40,51,29,29,48,52,69,75,75,69,62,72,55,48,72,77,55,48,42,91,59,83,126,62,80,91,83,52,38,44,46,29,97,180,192,117,111,102,75,171,191,131,69,42,77,94,100,88,72,72,46,148,198,134,178,212,91,148,166,100,69,114,123,145,173,150,145,153,111,131,59,17,10,9,52,196,173,111,114,102,52,57,80,62,62,54,44,40,36,33,64,105,105,114,128,120,66,125,158,198,173,161,137,125,97,72,80,59,80,46,88,59,94,57,120,145,128,145,102,48,62,131,176,163,168,153,131,108,50,64,31,8,13,114,147,173,180,186,153,150,137,88,80,82,57,99,120,88,122,69,111,145,117,88,99,42,82,117,142,155,142,108,99,99,88,108,128,116,102,147,105,142,71,110,113,196,113,125,175,194,202,184,108,96,102,113,119,142,134,82,145,134,142,113,74,79,69,71,74,102,119,107,96,66,99,125,145,113,85,79,88,113
80,120,166,138,108,123,138,94,42,88,140,86,77,123,94,75,94,70,65,60,60,65,70,106,94,70,70,83,120,94,62,94,120,40,29,21,25,48,65,108,148,77,51,91,94,40,32,65,70,103,106,164,126,111,91,145,55,132,88,111,91,37,120,106,65,55,70,100,70,32,123,75,129,94,62,100,36,62,97,97,106,55,120,150,148,126,75,85,85,120,60,51,62,62,24,32,38,70,140,171,100,60,33,46,72,80,29,19,48,57,40,44,19,26,19,16,32,72,100,75,103,72,62,88,150,178,120,88,114,126,123,80,67,75,57,100,88,55,64,32,24,21,25,52,64,85,52,42,69,72,55,48,42,77,108,72,69,59,62,67,88,91,52,67,72,69,59,30,50,57,62,134,64,163,129,80,100,108,155,158,80,55,59,59,100,108,105,100,75,91,163,176,180,148,173,131,145,114,64,64,88,120,142,158,163,173,155,52,163,88,10,10,10,21,64,97,114,114,88,57,64,99,99,97,102,102,131,97,74,69,123,74,150,171,111,88,173,222,178,131,105,120,120,108,59,57,88,114,64,97,128,85,125,150,192,125,142,150,139,131,194,204,166,158,137,125,111,77,44,10,8,11,77,145,137,145,145,155,122,114,77,134,158,105,82,96,91,96,66,180,102,108,139,122,50,119,111,190,111,165,160,122,71,71,128,116,99,102,142,113,152,44,188,96,108,69,119,125,119,179,145,139,173,128,88,108,88,79,79,168,137,74,113,102,119,99,59,99,113,96,77,105,102,88,93,96,107,99,93,69,85
143,183,174,120,143,146,129,86,88,120,120,126,94,86,60,58,83,35,38,65,94,70,88,108,106,86,38,88,111,97,65,72,100,72,53,48,24,24,42,148,193,70,65,94,80,106,70,34,60,85,135,143,103,132,65,126,94,70,60,67,38,77,46,77,70,88,72,55,53,83,75,40,46,24,65,51,38,57,94,108,111,88,94,150,173,150,114,77,60,80,83,67,36,42,36,17,35,18,70,88,111,97,91,134,83,40,36,40,60,44,60,48,19,29,18,32,51,80,129,103,108,59,77,106,176,150,65,75,126,139,123,129,65,48,69,69,64,55,51,26,29,25,30,48,62,85,48,44,75,69,50,44,40,62,83,64,46,50,69,85,55,48,48,50,64,46,57,46,77,97,97,100,67,105,97,67,91,142,88,126,142,91,88,72,55,134,150,108,105,150,210,108,155,158,105,123,80,100,123,131,77,80,131,128,139,137,80,142,94,94,13,8,7,55,85,91,88,85,108,134,150,134,114,120,102,155,145,94,97,91,99,99,158,158,158,150,145,123,99,99,97,102,80,94,88,57,105,131,114,94,125,122,163,163,150,120,77,105,171,178,180,166,176,182,137,74,77,72,38,15,15,26,96,125,122,105,125,117,96,66,69,134,196,158,82,99,114,128,134,117,108,91,152,142,91,108,142,182,180,152,142,145,96,96,102,99,105,125,131,113,96,152,111,85,61,82,145,116,113,69,102,131,122,69,50,82,152,99,96,102,50,82,91,113,77,85,79,82,128,57,113,108,90,74,102,139,142,113,90,96,116
183,151,94,109,126,135,80,77,100,146,156,164,70,48,65,51,65,21,31,72,117,88,67,80,80,103,62,80,67,70,91,108,120,91,32,28,24,42,103,143,220,174,72,77,85,70,91,40,42,67,117,143,108,114,83,55,67,57,80,72,88,55,32,65,85,83,62,62,88,48,38,34,67,53,36,46,103,55,111,88,103,129,97,132,161,126,114,88,114,189,150,70,24,48,55,13,12,16,62,120,117,134,134,126,91,51,72,77,33,77,55,55,53,42,55,53,80,120,150,137,97,100,129,117,111,100,38,53,123,120,80,91,59,57,100,77,44,69,64,48,38,48,29,57,72,69,72,59,69,91,67,57,46,40,36,46,30,55,88,64,48,46,32,52,72,64,62,77,88,102,139,148,48,23,44,50,83,83,42,97,142,80,77,97,97,126,166,100,117,155,202,105,137,108,137,102,62,72,102,128,120,102,117,69,72,155,153,69,91,64,30,9,11,33,64,100,69,64,111,117,123,196,161,80,94,99,139,105,137,114,128,102,166,105,137,163,134,74,105,91,64,88,88,62,108,97,163,134,117,97,134,108,102,85,72,66,108,153,142,158,153,122,117,139,82,31,44,74,96,54,48,102,111,139,142,108,88,80,85,88,85,99,137,125,99,105,111,145,134,117,114,85,184,152,120,82,158,134,158,142,134,160,119,88,69,57,80,111,152,102,125,61,80,91,99,82,99,79,85,99,110,125,119,69,105,150,110,152,105,96,90,113,85,147,61,113,96,182,29,113,99,113,128,165,99,64,74,99,150,93,105
114,97,97,106,75,94,91,70,100,151,161,151,67,48,100,65,83,46,72,83,60,100,94,86,88,72,55,72,77,48,123,100,51,106,44,48,32,57,103,198,218,180,77,57,108,100,77,57,83,51,85,132,94,97,94,77,70,94,91,106,88,67,60,53,55,70,77,60,53,65,55,21,32,30,44,51,60,65,88,129,117,53,65,94,166,153,126,120,120,229,225,48,18,44,40,10,19,18,67,97,75,85,117,142,91,72,60,57,40,57,103,57,72,114,91,55,123,182,126,126,69,137,123,83,91,97,32,36,117,100,51,69,69,126,114,91,55,69,44,69,51,52,44,72,106,91,88,62,59,94,55,59,67,36,30,48,36,59,48,88,55,62,50,55,69,55,69,85,69,80,148,100,26,26,50,57,67,62,46,62,126,148,139,145,111,150,184,150,126,100,145,200,120,126,123,105,77,69,80,102,83,52,69,69,46,108,102,105,123,77,42,19,10,48,137,114,105,102,94,128,139,97,91,69,88,74,134,125,82,128,150,142,196,148,72,108,62,88,91,72,64,66,64,105,163,158,139,196,102,125,102,99,62,40,44,105,204,173,120,88,85,62,69,64,59,36,46,134,139,96,80,158,131,163,153,96,99,139,99,105,82,48,62,85,57,64,108,114,131,142,111,105,128,120,82,88,145,80,122,170,158,131,74,91,122,40,57,105,99,105,71,57,85,102,77,102,99,79,66,82,150,160,99,99,108,88,90,163,145,88,163,96,125,110,142,113,102,102,71,74,107,113,147,113,61,105,168,163,116,50,160
126,140,129,97,70,67,117,109,126,88,65,97,123,62,100,120,120,111,143,108,48,108,126,108,129,70,75,40,60,100,106,100,111,86,97,60,25,51,55,100,153,194,129,57,88,83,70,123,55,106,70,67,103,65,126,83,117,83,106,106,117,126,100,60,55,80,126,94,88,70,46,35,34,57,83,62,26,60,120,140,94,75,60,75,134,134,108,137,194,196,166,67,19,14,20,11,12,77,67,103,97,140,120,126,108,53,28,26,44,46,88,91,103,120,100,38,67,120,120,75,100,134,134,57,59,72,36,32,108,150,108,69,69,153,123,77,77,40,46,69,55,55,62,88,148,123,55,64,72,94,91,83,117,48,32,48,30,30,72,55,57,91,94,42,28,33,57,75,59,48,83,48,72,102,102,108,91,55,48,62,126,196,205,182,192,205,200,158,105,85,145,194,145,102,100,94,88,69,59,69,111,88,52,67,67,83,158,117,134,139,64,25,100,94,137,117,88,100,52,88,158,91,50,62,69,105,145,74,123,180,212,198,153,114,66,64,88,50,88,40,59,91,125,91,108,188,137,142,66,102,96,150,23,27,88,158,105,117,69,48,69,54,66,66,62,91,88,168,80,137,122,176,173,173,147,122,147,150,131,85,48,46,57,46,48,85,111,88,119,125,71,64,69,69,82,117,117,108,108,150,165,99,59,71,99,91,66,74,59,40,48,102,54,82,66,102,105,69,119,96,168,160,108,82,105,108,99,108,125,122,145,102,134,119,96,150,150,64,93,102,137,134,113,131,139,102,71,99,96,99,163
176,169,120,70,97,109,120,132,126,48,28,86,126,94,70,97,117,151,117,108,67,60,123,111,148,120,75,77,80,117,85,60,129,132,67,48,19,40,34,51,197,193,100,67,88,117,106,94,108,94,80,60,91,117,48,129,100,85,151,117,145,114,97,77,72,91,108,164,100,57,57,67,67,94,28,94,67,46,140,108,55,94,97,67,75,108,196,200,173,94,100,55,18,14,16,21,10,22,108,88,67,83,153,106,88,77,38,42,70,111,163,166,134,72,70,65,55,32,55,100,111,97,126,55,32,67,72,48,100,142,123,77,80,83,114,75,46,44,108,57,32,59,59,64,102,85,57,126,129,94,139,123,102,114,24,22,48,29,46,32,72,69,94,62,33,26,40,64,50,35,32,83,168,148,168,189,114,69,80,69,150,171,196,212,213,182,191,153,114,134,176,155,117,94,102,80,67,94,105,126,148,120,75,83,102,111,131,145,139,153,120,64,120,123,100,114,72,67,102,117,97,88,72,48,52,99,153,117,123,194,190,171,131,85,111,176,57,57,77,50,42,88,99,105,105,184,125,77,69,54,163,91,31,131,31,62,108,77,77,85,69,40,82,150,72,88,99,82,57,131,125,111,153,153,153,186,166,155,150,80,59,82,50,48,108,122,88,77,102,88,82,71,61,74,99,150,108,128,145,108,113,88,66,88,119,102,69,99,69,31,40,91,88,99,99,69,160,131,99,102,125,139,93,77,91,93,122,134,99,155,155,105,125,96,61,139,99,108,71,137,102,107,99,134,152,137,96,105,147,139,96
132,100,83,75,126,123,123,126,151,75,51,86,100,100,58,55,97,117,70,65,70,53,126,135,120,126,91,100,80,70,83,86,94,103,57,53,21,38,23,83,171,169,88,85,108,97,100,114,91,60,103,88,72,42,100,53,111,108,94,134,103,123,126,108,80,75,83,120,48,100,67,70,100,80,111,35,70,91,111,85,75,75,126,57,60,117,169,185,150,132,123,19,51,24,29,12,26,21,97,114,97,62,62,120,106,88,83,108,166,163,129,97,83,46,30,32,24,32,69,55,67,120,88,67,57,59,132,117,80,97,83,53,51,40,72,44,35,55,69,55,38,52,40,36,48,42,100,168,126,69,108,102,88,126,36,26,26,48,25,50,77,77,77,72,38,33,48,69,69,69,48,40,123,129,134,212,158,184,114,100,134,126,166,191,163,142,180,153,117,182,212,139,75,91,100,77,59,77,114,139,155,161,123,126,131,137,178,155,126,100,128,97,94,134,105,59,83,91,134,131,94,69,64,46,38,64,64,139,163,123,120,184,186,173,31,50,52,64,77,99,99,50,69,102,97,64,85,114,97,150,108,46,108,80,59,74,99,94,94,85,57,82,77,120,158,114,91,57,117,125,203,171,171,148,108,215,202,188,105,94,66,114,114,105,102,59,91,99,82,85,158,59,111,59,128,165,168,155,180,52,61,85,108,150,158,102,74,125,94,57,50,85,137,96,64,99,165,179,134,82,88,125,105,88,82,99,125,125,108,134,128,108,134,99,69,88,74,113,116,77,82,125,88,66,105,147,107,99,125,139,152
58,49,67,91,126,94,135,135,120,100,120,117,117,88,65,44,70,88,65,65,75,48,91,126,114,108,80,60,75,75,60,86,75,86,85,55,46,30,37,67,117,143,80,83,91,70,94,100,70,85,83,77,67,88,48,85,103,75,123,137,114,85,143,100,46,48,72,51,55,132,28,77,83,103,70,143,77,97,60,48,100,70,60,100,108,191,193,212,140,106,62,70,70,44,30,83,20,35,123,137,70,72,126,88,46,70,108,150,123,72,120,106,70,32,32,32,17,22,51,55,59,137,103,40,33,55,108,134,85,77,88,44,36,44,40,40,36,38,67,85,75,57,51,46,32,23,50,80,62,55,69,85,64,69,52,46,44,64,69,55,77,120,67,72,48,48,69,100,105,62,48,29,52,59,80,221,173,168,88,97,120,134,120,102,148,184,166,137,150,212,207,108,64,117,94,67,62,105,114,148,198,194,168,150,123,161,184,158,100,62,105,111,100,148,97,36,94,139,139,114,72,80,64,48,66,80,62,62,120,117,62,88,69,108,57,23,59,72,94,97,85,64,52,102,99,99,117,131,134,158,108,66,91,74,59,99,105,94,108,99,128,134,96,125,202,173,125,77,108,111,192,203,163,134,153,150,168,155,111,111,88,117,117,99,88,64,114,64,77,111,150,105,168,64,128,108,220,188,116,74,88,150,152,142,165,155,91,85,96,69,66,77,119,42,74,125,122,163,96,110,99,105,125,96,99,110,108,125,128,119,125,158,119,145,119,74,96,108,119,102,110,116,102,105,113,105,66,102,96,119,145
48,60,72,77,72,120,126,111,80,138,197,178,195,106,86,53,58,60,83,83,75,46,70,100,97,72,77,62,57,86,55,70,91,57,60,57,46,44,40,57,111,103,83,75,62,65,48,67,103,83,60,57,108,88,108,70,55,70,114,120,80,70,75,65,35,46,60,57,65,40,42,77,57,117,72,88,108,60,83,67,94,120,91,123,163,182,198,108,185,72,33,88,17,91,33,14,80,88,77,166,134,106,88,103,77,51,65,77,70,91,24,91,24,26,38,19,18,22,51,55,44,91,83,55,33,32,59,100,83,55,69,55,38,33,59,53,26,20,88,100,77,83,106,48,22,35,40,42,42,44,35,50,44,50,69,108,108,72,102,88,88,91,50,75,94,64,69,108,108,50,48,50,28,32,85,176,91,88,38,46,94,111,105,120,212,192,137,142,168,205,155,80,117,102,77,50,97,131,145,173,212,205,184,173,126,137,142,114,80,64,69,108,100,158,102,59,88,117,125,72,62,77,83,74,114,94,99,97,131,36,25,14,69,29,33,80,77,114,108,120,114,99,108,97,125,196,114,111,173,150,64,69,82,99,108,108,105,142,134,120,137,134,120,114,142,163,178,158,139,158,166,207,155,142,120,82,114,94,105,80,91,122,196,173,117,82,50,40,88,91,96,134,122,66,54,91,180,175,96,125,145,168,142,122,152,134,64,50,93,71,44,64,88,64,96,99,102,110,71,125,99,79,119,105,96,150,152,139,125,150,131,150,122,134,145,119,99,96,107,116,88,131,139,139,122,96,96,90,82,105,105
62,46,51,86,83,40,117,60,151,126,120,197,174,62,135,75,70,46,77,97,100,65,72,88,60,103,65,70,53,70,88,67,53,55,70,77,57,65,53,62,108,97,72,55,51,60,83,80,57,62,100,77,70,108,120,51,42,65,70,91,67,62,48,51,70,70,67,38,30,44,70,100,108,70,51,65,28,67,103,106,57,55,80,111,120,72,97,77,94,142,67,65,14,36,36,55,38,75,70,129,129,75,62,40,57,83,55,72,103,53,38,48,53,46,29,70,32,15,69,42,85,75,72,67,26,33,62,65,75,51,53,48,57,22,106,72,69,69,67,51,72,117,100,64,52,57,59,64,55,38,30,30,57,48,77,94,72,67,117,148,94,57,72,94,85,75,85,94,100,85,52,64,40,40,88,88,67,32,36,40,57,88,120,142,178,196,173,155,176,166,117,94,100,64,55,46,91,142,200,114,198,209,166,163,105,100,100,83,75,50,48,114,123,114,131,100,59,72,88,59,46,62,120,131,117,117,108,80,82,30,31,44,30,36,54,99,117,134,99,62,50,48,57,80,99,69,82,114,158,88,99,99,128,111,131,139,125,117,145,161,198,145,85,120,134,150,176,163,134,155,180,176,155,108,62,57,114,102,77,74,102,153,202,213,153,66,33,36,57,102,82,82,69,57,80,66,134,139,125,139,158,108,105,125,122,94,69,46,59,64,57,64,91,108,64,105,82,116,113,99,108,105,82,108,134,152,163,119,137,128,110,66,137,102,137,137,119,152,96,99,122,145,145,116,134,107,119,116,99,113,125
103,80,88,67,72,91,35,91,140,83,62,44,106,151,193,97,65,32,55,86,123,135,91,88,106,120,58,46,65,58,58,42,44,135,32,91,62,100,126,75,48,40,35,42,72,80,94,75,38,83,103,70,94,126,120,40,32,51,70,70,60,40,40,62,108,70,40,46,42,70,111,140,123,60,51,55,32,70,100,94,72,65,85,88,70,48,55,70,67,120,123,80,17,11,28,51,103,140,97,70,91,51,94,148,57,60,132,169,83,48,46,62,137,65,28,20,36,48,35,69,83,80,57,36,69,51,35,28,75,38,40,38,59,35,80,106,180,51,69,46,69,108,88,131,168,55,35,48,44,32,77,42,52,48,35,69,32,100,111,173,57,72,114,94,67,69,57,83,111,126,55,85,62,91,83,57,57,32,42,44,80,102,80,97,131,182,210,213,224,194,105,75,59,59,62,55,91,155,182,150,180,209,180,131,91,72,59,57,83,50,36,91,117,85,150,94,33,69,72,69,77,94,99,120,108,99,85,66,88,77,64,77,50,72,94,105,134,88,57,62,62,54,40,42,97,69,94,72,182,50,114,99,150,178,131,158,111,85,105,108,105,178,148,96,99,105,117,158,173,166,114,139,99,94,99,96,62,74,57,99,125,142,145,137,158,114,44,44,77,54,59,80,48,57,80,57,80,131,102,94,125,108,94,105,122,91,48,35,48,69,116,80,91,160,54,137,108,122,142,122,77,110,77,102,137,96,99,99,150,77,105,90,85,99,150,96,139,125,150,139,158,116,145,137,142,173,155,145,77,59,77
94,100,58,31,44,48,40,94,65,55,48,32,91,187,166,135,77,32,55,108,153,145,114,108,176,132,42,32,80,72,32,24,58,65,53,60,88,114,180,100,29,22,32,55,94,80,48,67,57,38,94,70,126,88,103,22,35,34,85,100,80,62,51,77,111,80,51,65,70,108,137,94,134,72,35,40,40,53,53,48,62,53,70,94,75,57,36,51,120,111,120,97,20,13,34,40,108,140,134,108,94,91,72,70,120,100,129,150,114,77,20,70,117,100,33,100,23,44,69,55,32,26,32,55,100,57,13,15,25,59,59,69,35,55,51,114,139,155,91,23,38,59,94,102,131,77,22,36,52,77,64,55,30,94,23,64,40,67,32,155,69,67,62,67,88,69,69,88,91,100,57,100,139,72,91,57,67,55,59,69,117,102,59,72,145,150,173,212,229,194,100,40,57,88,69,114,114,180,218,186,155,173,148,123,100,88,85,69,94,52,31,52,111,102,69,50,59,114,67,83,125,69,69,48,102,88,69,94,117,82,77,74,80,91,150,85,99,66,69,77,44,57,64,50,117,69,114,120,117,69,102,117,128,213,176,82,108,94,48,52,139,163,134,59,64,69,134,108,153,209,122,66,117,163,105,48,59,77,59,54,91,66,105,128,96,69,48,85,150,139,46,52,94,48,57,88,66,57,80,85,116,155,96,80,114,113,59,54,88,134,94,66,85,108,102,125,105,119,122,96,85,108,99,69,79,79,69,105,131,66,134,108,77,134,137,82,137,150,150,163,165,152,150,160,179,186,147,110,61,17,33
48,34,23,37,48,44,46,70,65,48,77,70,67,151,161,126,72,19,48,77,103,129,103,83,111,135,37,44,91,48,28,20,22,42,111,55,108,129,151,88,40,35,40,67,97,75,72,40,70,29,55,65,97,60,120,44,42,46,94,103,126,103,65,83,88,120,67,75,100,88,67,85,120,70,34,30,60,44,48,72,88,91,83,94,70,46,83,117,100,114,186,129,77,46,48,117,72,103,153,142,126,120,129,163,117,100,77,67,94,70,30,44,91,85,75,70,38,38,75,33,28,29,36,40,59,55,22,12,18,28,120,69,30,40,77,97,106,148,69,46,33,100,80,69,126,139,55,32,72,77,85,40,38,131,50,30,30,57,33,145,48,32,32,67,94,100,106,72,55,91,69,105,120,64,105,57,69,67,134,158,120,67,40,48,139,150,100,139,161,139,100,42,69,102,100,102,75,158,178,145,105,134,108,114,100,69,80,88,94,72,59,48,72,97,52,94,91,125,125,123,74,38,59,40,69,48,69,139,99,54,64,59,50,62,117,97,74,62,80,80,57,54,62,85,131,108,117,134,91,97,82,88,120,196,88,105,128,82,64,62,125,94,62,85,42,88,102,69,52,131,147,117,147,120,52,85,94,36,64,23,35,80,99,147,88,57,66,175,166,40,52,62,52,35,128,139,131,122,46,82,108,102,116,111,69,94,88,105,85,69,99,94,57,99,122,99,99,74,88,142,131,110,102,96,108,105,102,99,116,102,131,99,152,142,122,108,125,134,119,168,179,179,134,150,179,107,90,102,82,71,113
46,34,40,37,24,35,62,77,80,103,126,100,86,126,174,114,97,48,32,72,100,100,72,44,48,97,67,48,51,32,37,48,60,83,100,77,114,114,88,65,48,57,70,70,91,88,67,24,48,40,48,94,44,180,129,77,30,65,80,97,65,77,72,91,85,85,103,83,65,83,48,88,100,91,24,35,60,44,70,48,120,100,85,88,88,70,123,126,100,137,166,161,97,134,85,103,80,91,134,180,180,132,108,106,72,40,62,44,72,48,29,36,67,88,91,67,100,53,30,38,35,29,28,55,88,75,30,12,13,42,62,97,120,55,55,108,69,108,102,72,97,75,100,59,88,129,85,35,40,64,69,69,88,62,72,23,30,26,52,91,94,17,33,52,69,114,114,80,80,91,111,83,97,150,126,62,77,150,150,163,148,46,30,42,88,114,114,108,108,137,134,80,105,134,59,64,69,100,94,145,97,91,91,67,75,59,85,91,94,108,88,48,52,102,108,134,59,142,198,77,69,52,31,42,48,38,54,128,148,48,31,40,46,54,88,114,72,52,77,74,57,48,77,120,137,128,117,120,108,111,64,94,148,139,91,145,108,62,64,102,142,153,145,91,62,168,69,31,122,59,173,142,102,108,66,99,29,62,50,88,74,150,160,111,71,64,125,150,150,108,33,46,48,48,168,212,173,80,108,80,82,54,57,80,105,71,94,88,74,64,44,54,99,79,122,82,69,113,160,134,105,113,99,88,105,108,102,108,134,134,110,116,88,102,125,90,108,108,145,147,170,188,155,113,122,79,61,88,137,198,165
77,70,35,20,21,38,75,72,100,86,60,38,67,67,126,151,148,106,60,58,88,70,44,42,28,26,24,20,37,83,62,111,120,53,114,120,100,48,42,48,77,83,80,70,70,83,40,29,80,75,70,77,80,140,91,120,30,51,94,62,26,48,77,83,70,48,111,48,51,72,46,60,100,83,51,62,48,60,62,46,117,97,80,103,114,132,57,132,48,80,67,191,83,148,75,97,182,114,126,137,173,106,100,120,62,26,36,29,57,70,94,108,88,83,148,129,62,48,36,32,29,28,53,114,132,85,18,10,17,32,94,150,196,153,62,100,69,30,30,52,120,85,94,88,108,134,111,64,40,69,108,80,44,55,50,22,11,10,72,120,77,50,29,94,155,163,100,100,88,83,100,94,88,59,117,44,62,120,126,100,105,48,35,59,52,57,139,173,155,212,194,142,128,83,59,77,48,67,100,126,67,69,108,69,69,100,100,100,80,85,94,59,67,94,153,158,111,137,139,40,77,83,36,50,80,88,99,137,139,52,20,23,72,91,66,57,69,82,69,82,72,50,97,114,158,190,150,142,117,72,64,142,158,88,72,62,54,54,59,120,168,184,198,150,117,171,125,150,99,161,194,212,142,111,131,77,27,52,111,166,171,158,194,180,111,71,188,188,120,27,82,26,36,119,99,230,232,111,111,61,85,91,99,125,69,69,125,48,94,42,33,91,105,71,128,79,91,82,150,147,116,102,110,125,122,119,105,134,145,155,102,69,99,93,131,105,128,147,184,147,152,198,170,102,99,119,96,122,182,200,177
83,75,31,22,32,31,42,100,48,31,19,12,46,27,67,153,193,145,94,62,53,62,48,28,29,21,19,16,32,72,114,70,120,77,137,100,62,42,32,24,55,88,72,75,48,46,55,57,126,77,60,103,83,70,75,65,37,25,32,40,51,38,44,44,37,42,57,62,67,32,65,51,57,83,114,55,35,48,51,46,77,67,75,88,97,111,62,94,70,34,72,156,94,67,85,97,205,158,100,72,51,57,53,51,48,40,62,65,91,100,129,158,129,85,178,145,117,44,19,26,44,32,72,111,129,108,19,16,15,28,75,108,202,210,158,173,44,23,32,36,106,129,80,36,38,83,100,69,48,33,42,111,94,72,40,21,38,30,85,166,100,106,91,150,145,123,85,59,67,85,75,40,142,38,85,42,75,75,85,48,72,57,50,48,36,91,126,166,209,229,224,202,128,75,105,64,46,100,102,100,69,88,88,80,102,111,108,91,83,64,120,102,75,67,168,111,173,94,69,59,50,80,50,75,125,117,125,128,120,38,15,15,27,82,105,54,85,111,72,99,128,105,111,91,178,209,166,148,64,40,114,209,171,105,72,31,40,69,85,96,145,180,166,137,139,153,178,182,139,176,180,188,125,182,114,82,147,139,158,155,145,173,196,171,72,62,134,125,99,62,23,42,46,175,50,173,234,180,50,66,108,142,173,142,64,119,139,74,69,33,69,57,66,94,69,105,79,155,82,110,142,99,93,125,105,105,150,152,152,96,128,99,150,102,125,150,125,145,134,139,137,198,175,110,99,139,113,184,219,216,225
49,86,70,72,46,27,94,44,28,21,10,16,12,65,72,126,171,106,103,72,58,58,60,34,19,44,23,29,35,70,88,106,100,91,153,83,48,32,48,37,55,126,108,60,62,83,48,75,111,53,67,91,57,55,57,32,22,16,20,48,57,34,24,19,26,38,51,88,53,28,60,57,75,75,55,42,32,28,28,29,32,51,65,70,65,77,83,100,106,83,94,100,123,88,126,103,193,176,94,70,48,29,32,24,29,72,158,134,148,123,139,65,123,72,176,209,72,42,23,46,48,25,30,117,139,77,24,44,20,62,75,156,129,210,220,120,94,48,25,40,80,91,102,94,62,64,52,50,38,46,62,50,62,102,69,30,46,94,85,100,145,111,126,134,168,134,52,62,83,64,85,108,77,50,55,131,102,72,64,25,59,83,120,105,44,50,100,108,202,204,209,186,178,158,117,150,148,168,153,194,91,59,97,120,126,100,102,105,77,64,88,134,69,100,114,97,128,134,74,120,31,64,69,102,117,102,125,114,54,36,18,15,22,69,66,80,88,139,99,131,108,94,48,99,150,173,120,69,50,66,125,213,198,128,97,26,31,66,125,77,69,105,99,108,134,153,150,150,145,139,99,74,72,122,108,171,182,117,153,163,99,145,192,150,82,40,64,102,62,30,18,40,96,160,182,94,220,180,99,77,105,202,224,186,137,71,94,111,119,71,59,36,66,46,52,82,134,102,93,108,96,88,102,125,119,116,128,150,137,186,131,102,158,96,99,155,175,147,110,113,128,147,137,99,116,175,160,182,242,227,203
62,75,103,75,51,32,83,88,37,31,12,67,38,72,100,70,97,94,65,108,86,58,44,37,32,53,34,67,48,137,58,100,100,91,117,70,53,37,34,42,57,83,67,46,35,67,97,70,65,65,70,106,85,91,26,23,23,30,34,55,100,51,26,29,28,60,134,103,48,28,55,70,75,57,48,44,40,28,32,30,48,72,67,77,88,75,100,117,85,94,57,91,150,150,132,91,185,134,88,108,85,32,33,19,19,70,132,117,134,72,65,38,83,80,222,156,67,32,32,55,29,25,42,88,108,83,55,51,32,85,83,153,139,205,150,142,59,64,69,32,80,131,83,33,40,69,55,55,48,91,51,42,106,114,102,153,134,97,48,55,150,114,111,145,83,77,64,77,94,91,48,111,94,100,153,117,62,85,62,57,117,111,166,134,57,33,46,97,161,184,176,207,224,210,163,189,176,225,231,202,123,117,100,120,69,94,137,126,97,85,69,85,75,77,69,117,99,186,153,123,72,69,99,128,80,83,131,97,46,46,19,10,36,48,40,120,62,148,97,102,105,72,59,97,120,139,114,88,69,46,72,171,234,125,80,82,27,46,96,57,59,77,66,114,122,74,82,108,74,69,69,72,80,99,122,176,180,158,153,142,117,108,111,94,66,59,50,66,72,36,18,19,77,180,173,50,77,173,122,66,102,212,243,209,119,88,82,116,122,102,122,128,42,29,71,27,77,93,99,99,85,79,77,91,88,69,155,108,168,158,105,213,105,168,137,139,173,134,165,122,88,93,96,116,139,170,125,192,216,190,194
55,86,100,91,111,135,60,80,88,51,91,77,111,70,80,48,60,117,143,100,72,48,44,88,70,55,100,70,70,117,48,48,62,60,85,83,111,62,42,34,23,20,16,19,25,28,55,62,32,91,72,67,72,88,37,44,38,42,38,30,44,60,51,46,35,53,134,77,77,72,85,57,67,70,67,46,72,88,77,65,57,75,62,75,108,100,94,67,42,46,65,77,126,120,153,114,100,114,106,97,100,67,44,29,25,55,103,123,117,85,44,48,67,103,129,83,72,40,38,42,55,46,30,33,88,91,48,46,59,36,106,88,145,134,102,88,48,51,28,36,75,114,102,72,42,131,168,77,77,123,126,120,83,97,182,229,131,85,77,44,83,102,67,134,123,59,102,108,85,50,148,145,120,150,148,85,176,134,111,75,129,117,83,75,62,77,80,134,196,194,213,222,224,192,102,77,150,198,184,204,229,191,100,97,91,120,161,131,100,88,77,59,48,38,48,69,67,161,191,178,184,97,161,85,102,99,123,125,64,24,16,23,38,42,31,62,72,99,57,85,64,108,94,91,97,128,102,74,54,29,36,134,227,122,69,105,74,40,38,94,122,88,117,122,105,111,94,69,44,59,108,168,128,114,137,166,161,150,120,62,57,57,48,74,96,99,69,85,72,46,40,50,99,178,180,69,48,96,122,88,102,192,203,178,125,66,69,102,88,152,173,79,48,40,23,22,64,110,150,113,122,102,69,64,74,122,134,93,145,139,150,227,108,125,108,113,158,184,155,113,99,96,99,145,150,105,96,142,175,205,168
44,86,120,103,83,103,97,86,132,88,97,67,117,38,48,106,114,145,88,67,53,67,97,117,83,60,70,62,86,88,65,23,19,35,75,132,83,70,60,21,12,11,14,18,17,23,28,53,40,72,48,67,53,67,51,44,53,48,35,38,65,48,55,70,46,51,85,48,77,85,77,77,88,48,91,48,88,108,65,65,83,80,60,70,88,77,65,32,38,46,60,51,80,126,158,153,75,103,91,72,83,94,53,36,36,48,100,106,94,137,75,40,67,91,94,48,33,42,51,46,51,28,20,35,57,59,42,48,35,69,97,69,94,69,106,64,42,40,22,40,100,69,19,36,126,134,173,102,83,102,114,100,55,108,192,158,173,150,85,85,150,137,145,94,48,83,102,57,94,97,100,198,100,126,120,173,123,150,83,142,120,114,40,100,163,105,145,207,222,184,173,166,180,131,114,94,97,145,166,189,209,189,114,111,163,150,126,123,102,69,62,97,67,46,50,59,62,120,222,237,176,142,173,114,125,134,134,99,50,19,16,30,35,48,22,46,52,31,64,77,69,108,120,122,108,139,111,59,69,66,48,120,198,145,111,105,128,77,54,114,108,148,120,125,168,220,153,99,102,66,150,219,184,142,131,122,131,125,48,54,36,36,36,82,114,85,94,114,105,85,96,74,134,165,196,163,50,69,186,125,80,147,192,139,77,71,74,99,137,152,105,99,82,40,46,42,54,212,238,221,147,134,79,105,150,142,160,160,150,202,128,108,99,155,134,147,125,168,150,150,137,128,145,158,122,134,113,119,150,179,139
44,60,120,120,86,103,126,114,88,55,67,117,58,58,72,132,151,106,48,21,38,65,108,151,100,51,40,51,70,123,70,25,13,57,80,114,70,85,67,26,12,10,17,24,19,20,23,65,88,44,32,67,46,51,57,40,72,53,60,51,34,48,55,65,44,32,20,29,51,55,94,91,55,94,44,67,88,53,80,80,53,62,65,40,62,62,38,35,30,34,55,72,91,137,129,180,91,70,77,55,62,67,57,48,33,55,75,60,70,129,100,42,57,85,53,21,32,53,48,48,57,55,53,48,44,65,69,65,59,51,48,69,42,55,131,148,64,33,38,44,52,40,32,52,126,117,100,83,29,51,120,48,123,111,145,126,209,97,173,196,236,207,163,102,69,55,77,88,120,106,182,173,120,94,102,150,176,155,155,198,69,69,94,100,173,202,212,176,114,88,48,33,29,91,126,108,120,134,85,189,225,163,94,75,180,180,111,120,69,69,91,102,85,46,31,59,94,111,196,212,168,125,137,155,137,123,145,114,46,22,12,13,31,33,33,57,36,22,30,64,82,105,145,158,128,82,77,91,105,120,102,125,145,114,153,114,117,173,96,99,88,117,117,161,196,182,155,105,99,128,166,207,182,128,66,62,108,62,74,77,36,52,44,91,134,108,131,125,94,102,160,117,139,163,224,224,158,108,173,184,113,122,134,74,61,116,139,66,131,125,119,79,64,31,54,108,64,158,250,242,168,205,235,155,113,150,202,188,163,184,119,134,99,150,186,152,155,160,102,119,145,165,173,139,96,105,116,125,147,173,147
32,48,83,123,100,77,126,129,62,132,88,51,94,114,103,100,169,94,60,48,35,72,103,137,132,97,58,55,88,166,65,18,26,48,94,72,97,103,37,26,13,16,25,34,32,26,29,83,103,48,55,42,48,60,48,46,70,114,62,37,42,48,34,28,44,34,19,46,32,70,53,97,80,77,85,94,62,70,108,100,44,42,60,34,55,72,44,48,40,42,55,75,67,85,163,134,97,75,70,44,55,67,65,46,40,70,75,70,57,85,70,60,60,46,25,22,65,57,29,53,120,139,100,69,69,69,88,126,88,44,32,72,64,72,108,126,59,24,44,44,48,69,38,38,114,100,55,48,35,38,24,69,100,126,176,139,83,150,111,194,249,236,155,85,83,44,38,100,126,117,77,191,129,80,50,150,102,139,134,100,120,69,94,94,142,196,150,64,59,57,55,19,28,35,69,50,100,59,163,85,192,114,75,100,120,148,126,108,94,131,102,80,102,102,20,31,94,94,62,139,128,123,128,163,145,102,120,97,31,22,13,11,33,54,33,50,50,21,17,44,123,155,150,134,114,80,88,108,105,96,91,99,94,99,105,117,120,171,125,102,74,94,139,122,153,111,142,168,134,105,125,131,91,62,66,74,88,64,131,102,111,114,105,134,145,175,147,99,69,128,192,182,173,180,216,232,184,117,150,205,178,139,142,134,111,142,152,96,131,142,99,61,61,31,119,52,69,102,232,245,196,196,213,179,99,128,188,137,99,108,131,108,168,188,125,158,142,158,160,122,125,125,125,102,137,128,119,139,158,160,173
40,34,55,67,100,103,75,100,70,117,146,143,60,62,156,83,135,159,35,46,37,44,70,86,111,94,88,83,169,166,60,42,18,18,48,35,32,53,48,32,44,32,40,42,28,32,48,85,126,91,51,35,72,60,57,72,51,100,51,37,51,26,19,22,35,44,38,60,51,72,34,77,94,77,48,70,70,88,72,60,123,94,77,77,46,72,85,88,60,97,60,75,34,156,100,200,142,77,60,48,55,48,38,57,129,156,108,62,42,94,65,108,48,85,24,32,51,40,59,117,137,137,142,120,83,59,67,123,91,53,40,83,97,67,83,59,38,33,46,51,97,106,85,80,100,91,59,62,40,26,38,72,94,123,129,100,88,67,62,123,184,171,148,75,69,91,69,75,100,100,91,108,100,94,44,80,62,100,55,117,50,80,105,105,88,100,91,59,62,83,59,64,24,40,35,50,83,83,153,105,72,108,105,111,150,196,155,72,91,100,91,97,38,99,64,20,69,80,69,111,173,178,166,128,64,50,40,36,83,72,25,24,36,80,74,31,128,40,46,80,145,176,102,69,77,108,145,122,77,74,59,35,54,74,62,111,105,122,142,88,38,77,114,120,142,161,176,178,125,85,82,74,52,46,50,108,125,114,128,122,139,111,173,96,139,173,114,102,111,125,158,131,134,158,139,200,150,91,212,125,147,163,155,158,147,158,137,163,158,173,139,94,94,74,150,79,88,137,207,235,173,125,152,145,125,145,137,122,74,93,105,150,128,137,147,147,198,134,108,116,90,85,110,170,125,150,99,102,173,116,119
46,19,37,80,91,100,58,91,70,91,126,77,53,100,100,48,143,187,106,65,37,44,129,132,132,83,75,106,132,164,53,20,12,20,26,32,34,14,60,38,23,46,55,44,28,44,75,48,97,126,55,57,46,57,67,62,37,60,57,53,37,28,16,18,46,60,67,77,67,65,65,70,67,53,48,77,75,62,70,62,67,85,108,94,38,35,60,48,150,126,55,140,83,100,132,193,134,85,48,48,55,75,48,60,142,173,88,77,85,103,55,67,77,103,44,51,35,88,117,100,75,70,100,85,55,44,51,108,94,57,80,69,103,38,29,25,36,51,36,57,106,145,126,102,51,52,94,77,33,59,83,80,88,69,69,83,64,38,59,46,32,44,100,100,83,91,69,64,59,67,150,126,123,120,59,69,50,85,46,52,59,105,100,88,80,80,77,72,52,55,46,29,40,42,48,94,126,173,114,134,100,72,134,114,173,178,108,126,111,57,120,40,42,123,72,38,52,102,184,117,150,131,114,97,31,69,42,59,139,66,52,44,25,125,99,66,150,125,186,99,137,57,36,48,50,77,182,196,114,97,48,35,44,85,72,80,85,85,120,54,26,57,125,134,125,158,125,72,66,99,91,48,48,74,99,88,120,122,99,99,173,184,163,125,96,105,77,88,80,88,114,91,88,80,48,64,64,99,61,64,145,152,139,137,168,131,113,108,145,205,184,102,122,152,173,122,77,108,152,168,93,77,113,82,99,125,102,163,71,145,71,85,122,90,155,102,125,134,88,110,105,113,139,137,139,116,177,64,184,131,96
46,25,21,28,48,97,83,58,83,51,94,100,94,129,60,72,140,197,174,65,53,103,156,94,37,100,103,97,83,80,40,34,10,32,18,24,35,32,17,25,24,42,53,44,60,88,100,53,77,91,57,46,46,88,38,44,65,57,62,72,88,55,40,25,46,60,100,103,60,60,51,42,42,55,83,83,75,91,75,75,72,85,94,85,65,44,42,100,123,100,51,126,126,132,123,150,129,70,100,123,103,55,40,51,70,88,94,94,70,77,29,48,67,55,120,59,65,48,65,33,35,32,17,20,22,26,57,108,108,77,65,83,48,48,15,15,22,32,36,102,83,100,91,48,25,59,161,94,88,55,64,36,46,35,22,36,48,26,22,19,22,35,38,48,67,55,26,33,52,150,196,200,184,166,91,108,50,38,111,117,117,117,94,64,67,97,75,69,50,24,32,24,32,69,111,108,111,88,91,155,134,142,171,131,48,69,123,145,114,67,131,131,38,30,23,30,23,64,150,150,50,125,128,139,134,111,148,125,97,97,72,69,50,99,91,31,99,196,196,192,31,17,22,48,52,64,155,224,192,111,72,54,62,62,91,102,102,57,77,69,44,52,82,99,72,66,50,44,74,102,57,52,59,105,114,80,82,142,122,125,171,160,125,122,72,38,40,64,91,69,82,74,77,48,27,66,82,54,22,80,114,69,131,94,99,77,69,69,131,216,179,108,147,165,170,108,77,54,79,71,48,30,48,61,52,71,91,122,108,125,122,134,125,99,108,142,125,163,131,99,108,108,142,163,150,125,105,125,131,128,74
53,31,22,28,58,80,83,60,100,86,48,106,106,100,80,88,151,169,180,148,48,86,114,159,143,51,88,97,75,22,30,21,12,12,44,19,44,28,35,42,18,51,108,100,77,53,51,53,60,55,91,38,60,60,67,24,48,34,97,114,100,77,40,53,48,46,48,67,94,80,25,22,37,88,91,97,123,111,57,62,70,48,70,100,70,65,88,97,85,85,75,132,156,100,126,163,114,120,150,132,100,85,29,33,57,70,83,65,67,65,38,40,25,100,114,48,32,57,59,42,24,26,18,12,21,42,88,129,88,67,48,75,77,106,18,15,14,32,83,129,59,55,83,44,44,114,178,108,94,42,25,15,25,32,15,32,21,48,18,23,42,44,42,28,29,77,42,21,97,176,226,231,204,196,131,126,75,102,163,123,134,158,150,126,72,46,42,50,42,22,26,19,15,64,94,64,80,105,176,126,91,114,85,85,126,69,85,153,163,155,91,75,48,24,22,21,17,52,59,134,114,125,139,166,153,150,158,150,62,57,69,57,131,31,85,88,125,210,204,117,66,30,54,62,82,74,139,184,182,111,72,72,62,48,77,192,74,108,96,148,40,54,54,72,80,50,48,108,108,44,40,59,88,77,88,46,99,161,160,122,72,99,111,99,82,36,30,50,117,137,96,108,111,85,30,46,48,44,64,77,88,48,82,88,44,61,57,71,96,145,170,82,82,179,137,66,88,31,40,54,33,27,33,46,35,33,71,125,139,122,90,113,134,108,116,175,145,152,179,110,88,125,134,158,170,99,125,158,69,119,125
83,29,20,18,51,88,94,88,86,88,58,94,60,83,60,88,129,164,226,123,60,108,148,114,51,51,48,72,44,34,32,19,12,44,48,40,35,77,62,67,77,57,88,60,57,75,32,35,26,67,75,114,40,57,46,48,25,60,70,126,44,51,140,150,100,30,35,77,143,65,14,14,24,94,80,70,88,70,44,42,26,22,36,97,120,123,77,53,70,100,132,123,137,137,97,176,173,132,123,132,134,120,70,44,65,62,91,129,111,132,80,48,72,100,59,36,51,83,70,117,80,46,32,38,88,100,108,103,57,57,65,55,139,100,35,35,16,53,94,83,55,38,77,106,131,196,232,207,102,40,32,32,28,46,48,30,26,55,69,67,62,46,85,72,55,111,105,77,129,134,209,200,204,153,155,126,69,126,221,131,94,155,153,108,72,88,64,48,108,114,38,69,38,77,83,35,102,134,108,142,85,64,83,102,148,168,123,100,148,142,85,64,44,48,48,29,13,48,69,72,145,150,99,108,120,173,158,99,85,54,111,83,44,97,212,139,131,186,192,176,64,85,82,82,114,59,99,122,114,85,46,72,29,36,52,125,105,168,184,150,29,69,64,46,88,102,96,139,111,69,74,54,69,66,82,24,108,94,184,74,77,114,192,145,134,74,50,64,125,158,128,152,166,77,22,46,36,57,48,54,50,91,69,88,61,52,54,71,113,108,102,57,50,128,113,48,48,59,54,40,44,48,50,54,29,31,119,150,119,105,66,66,99,99,125,188,209,213,173,99,102,131,158,182,168,113,119,102,110,66,163
109,37,14,19,38,70,151,83,44,97,70,65,100,72,55,60,126,180,213,156,111,148,156,148,70,32,38,30,35,60,65,40,44,32,46,80,67,75,111,72,48,38,48,91,83,53,32,26,48,88,91,40,120,120,85,67,48,65,48,46,77,123,193,191,117,88,40,51,129,60,19,60,26,85,48,120,48,32,103,36,34,23,17,53,142,111,55,57,120,91,148,123,150,140,65,180,189,114,123,134,94,85,100,88,77,97,126,158,156,173,123,129,100,91,35,40,106,139,126,163,166,139,132,100,114,145,126,111,69,48,75,77,106,120,85,44,21,36,75,77,57,36,46,137,212,231,245,222,97,64,69,67,40,64,59,33,69,69,83,114,62,33,123,173,83,62,100,105,59,108,145,111,126,111,150,114,59,100,171,173,111,166,180,166,111,94,134,108,173,202,192,142,184,94,105,62,72,40,55,123,97,114,108,83,94,102,83,77,85,108,72,50,69,120,97,75,24,40,69,62,102,91,59,38,74,117,150,163,99,94,88,64,72,145,155,125,108,142,204,227,155,31,42,62,94,62,46,69,54,69,59,38,31,72,25,57,153,142,184,145,52,57,66,46,74,153,128,105,99,82,120,74,69,59,69,48,48,184,166,102,152,178,184,168,125,111,99,96,82,99,150,173,128,59,44,31,48,48,38,59,91,145,82,69,57,59,74,85,122,128,82,59,59,102,99,26,31,64,42,38,79,93,85,36,61,99,105,90,108,125,66,36,48,96,113,128,173,209,170,113,131,150,158,158,142,105,110,99,96,142,150
91,67,19,32,53,55,109,91,86,94,60,86,83,88,62,55,114,145,200,209,137,129,106,62,48,32,29,72,120,129,126,100,75,70,70,65,83,70,29,26,28,37,60,91,123,88,57,72,62,75,67,126,100,83,42,70,65,44,85,103,35,65,194,196,156,35,18,83,106,72,51,18,20,85,72,111,65,44,94,57,29,19,11,44,140,150,171,171,100,70,108,120,156,62,97,80,153,83,70,85,70,91,108,123,129,100,137,106,126,108,129,145,123,137,117,108,158,194,186,158,185,148,137,176,114,132,139,108,83,72,166,100,72,153,97,44,28,32,94,69,44,42,30,94,153,134,158,134,102,114,57,50,80,67,40,52,69,57,75,72,46,32,94,155,123,67,57,88,88,83,35,48,134,137,182,180,105,123,150,219,198,212,191,150,108,67,148,189,150,231,221,232,176,80,114,94,48,40,59,100,134,123,114,114,105,108,77,48,62,59,46,50,128,105,158,161,126,46,67,31,114,69,59,94,94,88,105,168,125,74,88,94,128,120,202,148,94,97,155,125,111,80,38,59,72,69,64,102,173,88,80,114,128,80,59,85,88,114,125,137,50,57,66,77,88,166,194,120,69,64,85,94,94,35,46,44,153,158,221,142,158,85,74,59,99,122,131,125,85,64,111,137,59,91,52,62,48,52,44,64,224,150,59,52,85,82,108,122,147,147,74,61,108,158,59,24,64,102,134,79,139,105,44,64,82,88,105,113,150,145,52,40,46,71,57,42,110,179,196,147,150,160,125,134,137,116,113,88,99,137,152
88,94,51,40,40,31,38,100,171,70,111,53,67,100,75,80,80,100,117,187,126,72,62,24,37,58,55,126,161,148,123,94,60,44,70,60,32,48,14,16,29,29,85,100,55,106,106,70,72,91,53,32,97,106,67,48,48,83,65,46,51,75,163,204,163,80,23,48,137,88,32,14,35,36,67,75,100,70,77,55,88,60,15,40,123,150,161,126,156,103,70,70,120,114,100,65,108,83,55,70,83,88,97,126,126,106,114,65,53,70,85,150,137,158,129,180,173,173,186,173,173,180,150,161,120,120,156,72,57,137,102,108,108,156,102,36,51,62,72,77,36,59,38,21,36,46,48,72,57,64,69,77,97,69,52,72,46,52,75,57,55,48,52,123,184,148,69,97,155,100,42,69,142,192,216,221,111,176,192,202,205,212,196,163,142,131,173,192,161,173,196,178,91,80,163,75,69,40,59,69,105,120,148,126,80,100,117,97,55,33,48,100,161,137,173,111,150,36,50,69,77,142,125,99,72,99,142,128,59,44,108,97,171,150,123,158,131,62,38,36,59,108,64,36,64,111,142,131,161,108,96,155,163,77,69,57,66,120,64,102,128,74,59,82,125,148,131,74,44,40,88,114,94,38,35,59,117,153,227,158,134,33,35,77,139,122,139,111,91,62,57,77,54,99,44,91,74,69,30,102,216,108,44,94,71,57,122,134,94,131,82,66,119,116,52,61,79,116,139,113,110,125,66,57,79,48,184,209,192,125,46,48,31,44,44,38,93,155,216,152,177,173,145,128,196,128,85,90,119,122,102
88,60,83,40,19,29,42,100,120,100,103,77,60,86,106,100,58,83,83,111,103,62,51,42,55,108,91,94,123,148,100,80,70,25,24,40,20,16,17,19,22,55,126,151,123,114,108,97,75,67,70,38,72,72,62,37,51,111,83,94,70,37,38,114,100,48,53,40,77,75,28,19,26,28,40,62,75,80,91,106,88,60,32,30,77,100,156,239,222,150,70,94,153,85,97,67,100,134,103,67,36,46,97,126,114,80,83,48,28,111,53,163,108,120,91,194,150,150,153,142,117,148,150,132,134,126,103,120,173,103,102,131,131,126,108,88,100,69,48,69,52,32,29,18,29,19,38,48,32,23,57,77,111,97,91,69,62,69,102,111,145,114,108,131,158,142,75,83,145,117,97,62,126,191,166,161,173,180,137,191,155,134,171,173,153,163,150,173,158,120,105,94,100,150,163,67,102,57,72,59,88,105,126,142,120,114,131,145,94,72,64,77,184,142,102,69,100,80,19,29,52,155,131,94,99,134,108,111,158,99,125,243,176,114,155,192,120,88,27,36,80,74,50,31,59,123,155,125,82,155,150,194,215,114,31,69,161,91,35,72,125,120,108,108,94,72,57,44,21,38,94,99,57,50,50,46,145,239,222,184,150,122,134,145,145,125,111,111,94,80,74,66,80,102,50,62,85,69,50,99,119,99,71,57,36,48,150,150,44,94,134,46,85,71,64,110,57,54,85,74,91,125,69,33,91,69,125,196,202,150,33,42,22,64,82,48,52,188,184,196,158,173,155,173,137,102,93,134,131,125,69
67,46,60,80,55,32,55,88,65,138,111,86,86,91,148,83,65,80,72,108,120,106,91,126,135,97,60,103,91,111,58,83,40,20,13,21,21,24,26,28,70,111,106,103,126,126,103,100,85,72,35,70,53,120,83,72,42,62,83,57,70,35,24,29,60,57,32,35,62,100,53,20,12,37,70,42,55,88,106,126,60,48,38,32,48,140,173,196,218,161,97,80,100,103,94,72,85,106,80,60,51,60,77,114,100,60,70,67,32,48,111,65,72,62,83,88,123,158,137,145,94,126,134,97,114,120,100,145,158,139,91,150,132,145,173,106,134,85,75,57,120,97,46,48,22,13,48,48,36,15,32,48,59,131,94,72,67,57,106,134,168,158,131,192,163,67,40,50,62,77,91,75,131,142,100,163,198,155,123,150,131,131,176,191,145,114,128,166,161,142,145,126,163,158,83,108,148,77,57,77,100,105,114,139,155,142,108,102,134,102,85,128,168,123,77,97,50,31,23,46,72,91,114,128,102,50,111,196,210,173,150,200,117,105,155,173,117,57,29,36,40,69,52,35,40,72,69,59,125,158,150,205,150,224,194,163,85,52,91,128,176,120,125,120,69,62,66,66,125,108,72,99,64,54,59,50,178,252,212,160,137,142,120,134,168,168,137,142,152,85,99,74,69,99,69,71,57,52,69,88,122,150,66,69,36,54,160,213,113,57,69,40,66,80,77,36,48,26,66,35,93,82,69,38,79,99,50,110,175,113,38,36,50,64,59,40,61,145,116,145,99,147,125,213,152,77,93,152,125,119,150
51,49,100,169,94,34,51,75,70,100,106,48,100,60,120,72,86,86,70,126,191,164,140,148,100,37,34,83,67,62,51,55,48,26,26,48,65,72,100,106,100,97,51,85,114,108,140,94,123,40,72,42,103,75,53,57,51,75,70,70,70,46,22,25,48,48,32,57,60,85,44,51,25,26,57,35,44,91,94,97,123,126,91,46,60,94,150,150,137,153,134,80,83,114,88,103,106,70,94,80,44,60,85,75,70,55,42,55,70,46,48,60,57,57,139,48,48,139,150,137,106,75,75,70,103,134,120,139,139,150,97,189,106,129,129,192,91,91,106,114,148,161,155,163,77,44,26,59,32,23,18,77,42,106,102,62,94,50,57,48,64,91,123,182,150,55,48,32,48,100,134,91,161,139,148,134,126,176,108,139,182,189,216,218,131,142,142,131,166,178,186,180,186,150,105,158,139,80,91,85,100,126,120,131,105,62,72,100,97,111,120,114,148,114,100,88,57,67,69,80,48,59,120,80,72,88,82,139,173,155,64,31,31,128,50,150,142,125,50,59,36,54,40,38,31,54,125,128,105,114,150,196,192,192,198,108,150,69,137,114,69,131,128,125,142,85,80,155,128,122,69,108,62,69,31,48,122,244,160,180,153,175,203,150,155,194,152,99,170,163,96,62,44,69,50,54,40,44,74,102,182,196,163,150,69,52,134,224,173,27,40,77,99,134,116,52,69,52,48,44,99,99,122,57,38,71,69,48,88,99,54,40,77,69,54,44,48,64,79,110,102,139,139,145,152,150,122,88,93,74,99
62,91,129,140,83,62,65,77,83,62,108,86,55,86,86,100,94,97,100,151,202,148,108,100,48,31,38,38,70,70,80,67,65,55,38,126,91,75,135,151,91,83,44,35,70,72,126,94,72,55,46,72,67,70,32,26,88,91,114,65,114,44,17,21,34,51,38,32,53,30,80,32,46,48,48,48,44,51,126,120,126,106,100,100,85,111,108,129,106,91,108,67,120,126,94,77,114,80,103,106,150,88,67,77,51,48,44,44,35,28,33,35,44,70,65,70,38,57,126,134,75,67,94,91,91,114,111,132,126,80,131,134,100,111,134,215,97,117,94,142,166,180,196,180,129,80,19,40,16,46,24,102,88,102,150,108,102,77,72,30,42,91,139,209,180,52,50,48,88,186,176,163,222,145,166,105,123,120,184,207,189,213,231,205,153,155,161,153,178,150,180,150,204,176,142,161,126,100,117,108,91,100,111,105,83,69,77,75,69,97,131,150,145,111,91,83,120,142,97,69,40,31,55,91,105,150,125,114,153,153,59,26,22,31,108,99,111,111,29,42,19,33,27,44,36,48,99,105,91,74,120,35,122,31,102,50,69,139,125,142,125,59,69,173,202,173,99,102,120,155,125,74,120,74,29,85,48,108,173,200,168,152,168,209,150,158,131,69,131,178,69,21,48,40,74,44,40,42,128,137,202,222,226,213,137,57,71,131,105,69,69,116,147,173,188,152,145,119,71,125,142,134,145,96,59,99,91,38,38,69,69,71,99,96,59,54,54,71,96,110,82,99,139,82,113,160,116,71,74,116,99
67,77,67,103,94,65,65,94,103,83,100,94,70,106,100,103,100,103,135,132,180,156,126,108,51,34,44,29,70,129,169,140,70,65,44,100,117,72,117,123,70,60,37,25,67,88,57,72,38,35,53,34,32,51,37,28,80,132,77,32,72,85,32,32,35,44,57,40,88,65,77,75,51,67,51,55,32,48,88,106,145,108,88,108,123,173,173,108,103,48,75,53,103,88,80,134,75,123,166,70,83,158,88,80,51,57,88,48,44,36,29,33,57,55,53,46,15,19,100,156,126,70,57,103,77,80,100,83,114,114,102,108,97,134,171,198,222,139,69,100,97,126,163,173,137,100,38,55,72,69,67,80,117,83,102,83,69,44,69,55,50,67,100,145,137,80,100,153,123,225,171,204,240,148,173,209,184,216,225,215,218,204,205,209,196,126,150,176,176,100,72,67,205,196,173,108,142,94,100,108,100,69,77,85,91,69,38,50,88,108,139,120,80,102,94,91,128,142,105,75,31,22,48,117,173,168,173,202,222,173,88,57,48,66,128,85,94,111,40,20,24,15,13,30,31,48,117,128,50,29,38,13,29,23,17,36,111,190,180,161,99,69,99,180,198,180,88,50,117,85,125,80,38,57,59,24,64,85,186,178,205,212,212,184,173,147,117,74,114,114,31,24,38,71,71,59,96,111,155,147,114,224,213,218,188,74,31,57,46,35,74,119,160,168,155,165,142,125,113,150,105,122,122,122,175,179,116,48,18,31,85,77,88,79,64,57,74,90,71,59,71,93,77,57,93,113,116,134,71,110,163
58,77,62,60,126,80,88,106,86,106,108,114,100,132,103,97,80,103,67,129,193,174,145,117,53,31,51,40,88,151,193,156,60,65,65,91,117,97,103,77,35,40,51,60,70,48,38,88,62,25,48,32,35,34,70,30,75,114,40,38,40,75,94,44,32,32,46,108,97,108,97,134,44,97,62,53,24,48,100,100,83,70,100,114,137,161,173,163,62,94,70,62,60,106,120,88,83,70,108,163,120,72,55,83,132,75,42,30,48,23,72,42,38,48,26,8,10,24,59,108,97,94,62,88,103,85,72,88,65,97,75,85,102,134,171,221,196,142,106,55,38,62,114,189,142,117,91,91,126,100,55,46,100,77,64,57,32,67,75,69,102,106,106,142,137,150,150,189,150,120,202,194,166,131,145,239,222,242,240,171,202,171,158,186,131,139,137,75,100,26,15,52,155,180,207,72,123,67,77,94,126,77,59,85,75,62,59,57,80,153,153,105,59,111,72,69,100,99,125,97,23,27,67,108,182,220,220,233,237,168,125,69,69,102,145,117,120,128,59,14,11,14,21,48,64,50,48,97,91,33,66,59,29,20,35,72,108,117,145,57,59,48,94,155,192,194,173,96,99,128,52,94,99,91,74,48,66,134,128,152,91,158,196,163,155,131,64,48,64,88,33,17,36,44,139,85,108,210,165,88,158,125,178,125,180,105,50,36,29,31,69,96,139,80,125,99,94,105,27,50,46,57,64,134,212,222,125,46,20,33,69,44,48,44,93,88,125,105,57,50,77,54,40,57,77,69,110,145,102,82,116
70,67,44,51,86,94,109,77,103,120,91,153,148,117,100,120,67,94,100,77,135,159,166,126,60,48,111,72,77,70,151,148,70,100,140,114,94,62,46,29,19,23,62,51,30,55,83,123,114,46,88,88,70,97,75,51,97,100,62,35,29,48,143,100,34,48,77,94,97,85,134,77,148,62,106,55,67,53,117,126,108,106,72,129,129,148,224,153,57,60,55,57,100,44,126,108,158,80,193,209,80,55,108,106,178,126,18,22,46,48,42,26,32,23,22,40,28,30,69,108,69,62,117,139,88,65,53,30,62,67,55,51,69,126,134,207,198,150,106,80,32,42,69,102,126,137,139,108,117,69,26,46,72,38,57,57,57,69,83,114,131,120,139,155,142,129,114,137,150,114,178,163,88,50,83,114,161,202,180,131,102,150,163,120,126,184,161,25,25,22,10,26,105,198,227,131,69,100,117,102,137,123,97,114,134,145,114,67,111,142,123,150,67,114,50,91,59,52,99,62,30,31,64,69,205,248,245,213,173,99,69,99,117,188,158,150,128,128,57,20,29,38,74,108,36,40,77,99,120,85,77,125,69,94,97,69,54,88,40,54,72,38,50,114,168,196,176,150,105,120,80,72,99,163,155,99,69,105,69,64,99,150,120,117,99,85,54,31,74,88,31,22,48,82,40,94,119,119,165,94,184,99,99,150,122,99,125,71,36,30,24,94,66,50,29,105,15,31,14,54,64,44,77,194,231,235,128,36,66,69,69,57,31,50,119,150,170,158,50,69,57,38,42,30,44,50,82,150,145,105,107
103,75,62,97,67,58,108,106,80,103,161,138,143,97,159,65,60,62,88,48,67,151,202,174,72,48,70,94,38,55,137,151,100,143,135,140,72,32,21,14,22,18,28,48,46,100,123,100,117,151,129,108,151,137,111,103,77,94,111,60,35,46,100,100,48,46,72,88,88,75,126,83,77,67,85,88,72,44,75,134,176,132,48,62,126,117,169,117,91,48,46,65,150,114,108,137,185,173,161,85,23,26,75,106,139,132,32,19,40,55,23,11,70,103,139,60,53,38,103,55,103,166,69,67,69,72,126,46,28,40,40,75,64,120,163,106,166,120,94,108,55,53,57,51,114,139,126,114,55,108,69,69,40,30,69,134,77,30,102,134,100,120,142,155,148,114,114,102,137,150,161,158,77,26,18,30,62,85,102,108,75,108,126,100,173,192,150,38,20,21,10,26,114,212,210,204,111,108,123,111,139,184,161,128,163,191,88,85,126,75,94,155,72,80,94,83,57,59,31,48,48,31,50,77,168,224,184,125,77,120,102,57,139,150,153,108,120,108,52,72,54,59,128,148,66,44,82,99,142,148,50,173,80,94,128,108,42,69,94,77,96,80,50,69,155,184,188,161,148,105,125,96,94,139,166,178,96,54,46,72,99,91,64,91,114,85,57,36,96,114,30,20,11,29,59,59,54,48,77,152,80,80,59,80,125,173,213,134,24,21,25,74,61,125,96,48,131,35,158,122,142,145,152,194,196,220,102,31,105,220,196,48,108,122,125,179,196,147,48,46,46,64,36,31,77,85,116,184,152,107,105
77,75,65,67,140,86,58,75,58,132,187,77,148,86,75,70,75,83,60,80,70,80,151,198,106,88,60,91,38,94,31,37,44,72,37,97,57,17,34,26,42,35,24,77,57,91,132,120,83,153,91,100,111,169,126,88,100,94,100,80,44,32,44,80,100,57,48,77,91,111,129,83,77,70,75,75,42,62,65,97,204,173,51,29,77,132,126,88,97,126,67,108,202,150,123,100,161,161,114,33,19,22,44,60,100,103,40,23,48,75,32,10,30,161,120,100,40,72,106,94,65,62,67,57,85,77,62,36,48,33,100,48,77,108,120,176,108,120,126,75,100,77,35,35,67,106,114,72,91,64,97,48,51,44,88,100,83,94,111,100,67,100,106,111,180,163,137,150,153,150,161,137,97,55,13,20,29,25,55,91,80,102,75,67,163,196,150,105,72,69,38,69,134,192,212,191,148,91,102,97,145,155,100,75,123,148,150,158,91,91,88,148,114,88,123,67,85,69,38,62,52,27,31,57,48,40,66,108,114,209,128,88,117,66,125,77,111,66,66,123,99,125,128,94,62,44,50,69,148,188,69,99,85,125,108,80,99,59,66,102,99,85,80,64,94,158,158,150,131,176,158,134,96,80,168,175,105,77,99,145,147,85,82,102,125,125,125,99,74,99,48,22,15,19,48,69,71,54,44,57,27,42,57,77,113,163,163,99,20,21,64,108,177,239,188,232,145,182,145,152,192,184,93,42,69,71,36,42,213,253,252,184,196,186,216,168,215,139,85,52,61,77,71,99,163,170,155,160,137,102,93
70,83,55,44,75,58,49,70,100,114,83,97,100,55,60,114,51,88,106,103,48,51,135,219,174,65,100,77,70,67,19,86,94,20,37,53,32,18,57,70,83,100,51,32,65,88,145,91,80,70,85,53,120,151,103,97,108,100,70,70,51,35,46,65,120,72,51,55,83,106,85,44,94,57,46,42,48,60,46,106,198,185,80,32,48,126,140,100,88,126,111,100,194,153,91,132,126,161,120,60,36,35,55,70,100,103,21,25,80,94,57,10,33,134,126,156,80,108,148,166,100,103,67,40,42,80,94,62,55,100,80,111,94,100,75,145,75,137,59,69,59,102,85,51,36,106,161,145,88,100,120,72,106,38,64,64,158,94,69,44,80,80,137,150,150,192,200,163,126,150,114,94,108,69,23,32,21,28,75,69,91,100,94,120,191,204,173,191,158,131,83,126,178,196,192,123,114,173,126,105,102,69,36,48,97,158,150,111,67,85,100,108,128,123,120,105,62,74,88,67,59,42,31,33,21,20,88,171,202,188,99,117,85,97,69,94,48,50,69,82,131,196,161,145,114,48,38,74,105,176,176,120,111,74,77,69,108,40,94,77,145,91,69,74,99,190,182,128,153,153,102,102,69,125,134,163,147,88,166,139,160,82,82,117,175,182,122,131,111,69,36,29,48,64,44,44,77,99,30,26,31,21,69,88,48,69,134,150,125,54,29,96,205,209,125,196,196,119,131,175,113,88,69,61,21,26,31,69,196,248,252,250,202,198,220,150,102,119,96,139,99,142,150,125,134,128,99,96,158,158,79
49,77,67,46,67,94,67,65,97,97,32,32,42,80,91,151,132,77,72,70,75,77,140,213,202,145,62,62,97,51,126,83,53,65,108,70,37,75,88,193,197,151,114,42,25,126,88,126,46,53,55,120,134,126,120,75,75,100,70,67,46,38,77,91,85,62,44,38,85,60,77,67,48,67,34,48,38,48,57,94,173,182,117,60,48,106,180,120,106,120,148,120,77,153,129,91,88,111,117,94,83,100,117,148,142,80,44,65,126,148,91,16,18,126,171,158,120,94,180,150,77,40,32,24,29,65,85,69,75,114,103,123,33,137,123,48,137,55,40,62,106,80,42,62,85,77,120,100,184,126,126,100,145,44,48,139,173,59,94,25,67,126,168,176,139,139,168,69,83,145,44,59,163,145,88,36,50,80,102,83,131,108,105,142,161,178,173,178,131,100,126,100,126,126,114,134,182,178,108,77,62,72,55,40,80,102,102,100,44,57,91,55,69,91,83,83,52,55,99,91,91,99,75,52,38,50,108,216,224,111,83,99,88,64,31,48,54,88,57,69,105,205,221,227,188,85,62,72,74,102,212,99,88,64,77,85,59,33,82,131,108,114,85,125,184,218,186,99,102,66,72,38,74,80,125,131,147,145,184,134,147,125,125,196,213,205,188,125,111,69,48,50,44,48,35,57,71,147,42,31,33,40,40,69,66,61,71,99,111,46,33,69,88,108,147,202,186,155,177,142,61,74,134,142,200,134,46,20,26,131,239,221,182,150,110,48,69,74,165,155,152,137,99,99,66,31,42,82,173,155,96
72,65,83,70,40,51,55,88,100,146,70,29,60,83,100,100,106,75,60,91,120,111,100,156,166,88,32,70,88,38,88,126,153,148,123,100,57,108,213,210,204,178,148,72,40,67,62,134,40,46,35,156,117,126,100,57,70,46,30,70,77,83,114,106,70,40,24,94,91,60,94,94,24,83,36,88,32,40,80,100,126,148,140,91,97,117,120,91,111,106,83,62,94,103,85,120,65,55,134,97,88,100,114,140,120,80,77,111,150,150,117,28,22,75,100,57,36,44,120,163,129,85,30,21,33,57,69,59,59,36,48,69,108,67,126,123,88,42,64,64,120,102,108,77,75,59,94,180,126,137,131,100,100,75,123,108,131,168,69,44,59,100,150,123,129,150,105,153,72,114,114,85,153,205,137,75,131,142,150,142,150,145,94,117,80,57,100,108,97,59,108,44,64,69,62,102,148,150,120,85,88,128,80,36,64,114,142,120,44,62,72,44,59,77,52,59,69,97,108,123,131,158,180,155,85,85,173,207,137,59,80,102,35,38,31,50,125,128,57,64,85,142,207,232,207,150,72,80,97,80,131,114,77,59,111,72,69,66,85,139,150,173,125,145,139,117,150,91,50,85,31,29,52,57,117,150,122,128,137,102,114,128,166,150,186,182,198,190,94,117,62,50,24,66,14,99,111,102,96,50,19,31,57,74,57,44,48,59,99,96,99,80,99,168,160,230,251,227,170,74,77,137,131,179,231,196,52,38,50,61,160,142,99,71,38,54,69,108,131,150,158,77,64,108,42,20,48,102,128,163,196
72,86,70,49,12,28,67,88,97,65,97,70,86,80,148,106,77,77,83,103,111,126,176,180,80,37,44,65,53,77,117,80,126,156,114,108,83,108,166,194,178,137,91,97,108,103,134,123,46,16,25,94,132,120,114,80,29,26,26,67,145,151,108,108,77,34,62,161,97,91,65,70,48,46,67,70,36,29,97,117,108,75,117,169,161,123,91,80,106,42,72,51,67,60,97,114,48,57,97,91,51,85,94,67,42,57,106,100,156,145,91,11,29,25,30,44,13,44,108,150,126,44,36,48,53,42,28,29,25,30,62,62,88,108,80,69,53,67,80,53,120,117,88,85,75,91,83,77,117,67,91,131,88,134,123,62,129,108,69,97,111,75,69,85,100,163,168,180,131,123,102,134,168,209,126,85,131,142,153,180,163,212,176,120,48,18,40,67,120,36,38,42,62,105,52,100,94,120,97,97,100,102,72,48,120,150,142,108,102,111,67,85,57,69,62,67,46,91,88,102,158,190,220,194,102,99,139,105,62,44,48,66,24,46,69,102,163,142,59,66,69,42,108,205,219,192,99,72,74,52,94,128,82,72,122,77,74,111,166,213,212,192,150,120,59,33,50,54,46,66,50,54,82,77,105,153,139,88,66,64,52,94,114,69,117,205,213,205,142,120,36,74,59,30,88,64,142,173,85,48,30,59,31,54,66,31,59,91,113,190,116,108,194,216,252,232,253,173,116,88,64,91,155,168,175,160,102,57,125,142,69,88,52,79,82,50,142,102,93,179,102,85,71,88,44,44,99,155,177,168,158
77,100,34,13,44,49,49,77,120,77,151,72,135,126,106,111,97,114,100,100,111,117,108,189,51,18,32,62,126,94,94,65,97,174,151,140,103,100,166,197,126,70,48,97,143,140,197,174,60,22,17,60,126,137,123,88,30,32,67,80,148,108,70,80,51,40,83,145,106,91,70,108,72,53,94,32,40,34,46,103,114,51,62,173,185,111,77,137,94,51,94,80,30,85,100,83,60,108,60,80,53,77,142,72,32,40,85,134,148,100,32,11,15,51,62,67,24,35,57,139,108,40,55,100,67,62,57,97,33,32,80,108,57,85,64,51,102,48,72,91,64,80,88,94,114,91,75,88,123,123,88,100,97,50,72,123,72,30,25,40,44,40,32,75,153,184,202,153,178,200,129,126,145,166,88,80,52,120,180,213,216,243,171,100,67,30,77,139,150,64,72,111,88,153,88,137,111,100,85,57,80,69,102,105,120,126,105,94,105,102,128,120,64,83,99,85,114,57,72,108,150,166,190,190,108,69,57,38,83,48,69,108,108,69,99,150,166,161,94,54,38,26,48,163,216,198,120,62,54,54,94,134,171,111,108,91,52,148,236,233,207,158,125,85,50,38,24,33,50,54,102,120,96,114,114,142,125,108,88,74,25,23,69,99,125,205,221,212,122,59,82,116,94,150,36,180,111,196,33,57,40,19,113,88,69,35,27,94,163,158,177,152,160,216,243,170,192,184,113,82,99,105,116,116,110,66,48,85,236,249,113,40,69,102,77,142,48,134,122,69,69,110,93,105,69,54,105,105,88,82,163
70,70,51,28,72,53,35,97,70,174,97,143,100,153,114,111,86,120,114,60,75,100,151,145,132,44,53,80,75,94,94,111,83,97,151,80,44,100,216,178,65,60,164,185,174,189,194,186,65,19,24,72,70,80,94,48,77,65,51,70,94,83,65,83,97,85,103,140,145,108,65,72,75,53,77,34,65,48,42,80,129,53,32,88,129,85,70,171,91,120,97,94,48,103,100,85,114,163,100,77,51,91,191,150,44,48,75,100,85,67,25,14,22,46,100,97,91,36,48,126,67,83,114,88,100,94,88,100,57,94,108,97,65,75,30,33,51,83,126,126,94,94,64,64,126,94,111,80,123,94,97,75,51,80,137,100,19,12,19,19,25,62,77,64,142,212,196,184,117,150,139,48,105,145,105,69,72,100,180,210,153,176,202,108,91,111,117,153,126,153,94,40,194,209,173,158,171,100,97,57,62,105,158,114,75,80,69,100,126,83,120,105,100,102,99,80,99,91,50,94,108,139,207,198,69,69,48,55,105,94,232,153,148,48,163,142,150,155,102,85,52,46,66,139,190,196,111,69,38,99,120,153,182,150,38,59,88,148,219,188,108,77,94,96,50,26,24,21,52,66,150,166,125,145,125,99,96,150,150,66,31,38,59,88,122,190,202,134,52,38,114,134,150,180,116,102,142,192,134,137,134,155,163,145,69,50,52,96,134,182,190,179,119,46,82,150,165,102,110,50,74,79,93,38,59,38,48,142,203,207,36,42,48,134,66,85,71,150,61,64,108,40,142,107,42,40,38,31,40,61,116
51,58,80,35,49,77,72,111,129,108,103,143,80,143,103,145,126,83,94,126,83,103,108,151,135,129,88,88,117,106,126,83,100,44,106,70,48,129,145,129,120,85,97,166,145,213,143,94,108,37,129,40,72,51,70,51,91,100,134,134,114,80,72,114,67,137,120,120,140,97,44,77,132,100,62,100,134,85,91,75,85,55,40,53,65,75,97,126,117,106,94,70,75,108,94,91,142,150,126,70,75,158,185,132,57,48,57,70,123,75,51,28,48,19,142,114,114,83,53,94,114,106,123,91,100,88,51,83,62,65,38,69,94,25,46,23,46,129,108,120,126,120,64,48,77,80,75,114,57,100,100,48,77,106,85,50,55,16,80,48,38,50,100,163,100,120,148,163,142,108,212,100,69,100,108,100,64,69,134,123,75,97,102,145,148,134,126,161,150,100,139,134,207,237,219,168,123,137,145,75,85,91,105,120,100,69,83,111,120,80,64,126,123,100,88,88,67,105,32,64,94,134,161,163,97,80,83,57,125,150,229,224,82,88,128,123,117,114,66,131,64,85,105,85,148,155,72,54,44,99,186,150,131,99,64,80,91,69,134,102,48,40,66,99,69,22,23,19,38,105,155,215,194,210,160,131,120,117,99,114,147,114,31,50,82,77,102,94,57,36,57,77,50,99,77,64,209,200,194,234,232,216,194,177,125,91,94,125,168,168,168,150,131,31,116,177,179,59,110,40,61,26,25,40,52,82,93,155,152,134,173,82,31,69,48,196,69,90,66,137,42,88,46,50,50,30,30,46,59,34,102
49,70,55,32,51,114,138,117,88,126,94,153,114,80,58,88,126,94,103,123,75,67,151,135,169,143,100,120,70,114,103,77,40,48,48,42,37,35,94,148,143,77,65,140,88,75,114,85,53,72,65,44,88,88,62,53,80,129,88,103,123,91,55,83,26,35,100,94,72,62,38,85,40,94,70,158,173,114,83,83,100,111,106,97,70,67,114,75,77,94,77,103,106,94,120,108,94,108,85,72,126,161,158,111,75,48,67,97,156,176,129,36,30,48,120,163,111,103,57,100,209,171,106,94,69,59,44,51,19,29,12,85,59,48,131,55,97,69,131,178,123,85,75,48,67,72,48,40,51,51,120,100,126,142,102,126,75,85,150,123,59,59,57,134,126,52,158,126,106,182,69,137,83,158,97,100,83,100,75,100,55,83,83,72,173,168,137,123,150,126,44,72,168,227,198,166,192,194,163,126,97,69,134,145,100,94,114,114,91,72,62,91,85,114,64,75,57,75,50,50,99,114,83,99,99,114,85,31,120,173,198,218,125,114,97,50,44,102,150,137,120,111,99,69,57,105,88,22,64,111,213,171,134,111,178,128,48,54,57,99,69,35,88,139,137,96,36,35,36,137,190,236,216,226,111,163,125,85,59,198,233,178,57,40,57,33,59,117,64,38,22,23,20,50,117,99,99,163,196,222,215,216,196,173,134,102,150,96,77,125,196,198,158,105,125,122,147,119,69,36,64,54,50,77,82,54,59,108,173,152,125,85,50,69,69,59,57,110,99,88,69,48,38,50,69,31,54,64,40,69,85
53,49,34,32,55,100,123,103,100,108,100,117,100,80,70,88,88,86,83,83,114,100,100,126,171,159,80,75,126,137,94,75,60,67,32,62,42,75,103,111,91,85,100,34,55,94,158,143,55,65,48,67,75,80,51,37,46,62,85,117,123,108,70,51,26,20,106,153,126,70,72,28,91,100,94,140,134,137,53,37,108,153,148,97,62,85,65,77,75,72,72,120,161,120,114,91,88,129,111,85,80,94,106,85,60,72,77,114,173,222,153,65,44,48,111,148,123,88,75,132,212,198,103,83,51,28,29,26,25,23,26,106,139,51,129,134,100,62,145,100,100,126,108,88,94,97,57,51,67,80,134,155,91,100,200,117,102,85,55,131,108,57,114,137,114,72,126,139,59,91,100,88,69,100,67,44,88,69,48,59,33,19,48,117,192,148,97,94,111,97,57,67,117,139,134,85,150,227,184,100,77,100,94,83,105,100,100,102,102,55,35,64,158,120,67,108,97,48,72,48,57,88,69,50,105,153,72,27,97,161,148,176,137,114,77,29,44,108,125,153,150,120,108,74,30,35,77,31,97,114,64,153,158,153,161,91,40,50,64,50,120,105,99,134,178,198,108,26,82,128,203,207,200,134,96,139,131,137,111,202,238,176,94,48,36,57,114,142,82,59,21,48,59,69,99,64,44,125,173,158,163,137,165,209,152,71,91,61,57,128,177,160,88,69,91,113,175,122,69,99,99,113,77,52,69,50,71,119,147,163,125,93,64,31,71,110,69,71,113,90,82,77,77,71,52,64,79,110,96,54,82
53,44,38,40,55,97,94,100,117,100,83,70,75,67,53,72,62,94,77,67,126,129,100,126,178,180,100,83,58,51,103,132,103,120,83,62,48,29,117,117,70,72,85,72,48,111,123,88,100,53,91,53,35,88,21,12,22,35,103,180,148,97,114,67,34,65,100,205,166,100,111,46,114,120,65,117,72,40,46,117,158,148,140,140,80,75,97,28,65,106,91,53,142,137,103,100,123,150,134,85,67,55,33,38,36,42,48,108,120,231,189,83,35,48,77,111,111,70,88,114,150,132,91,46,23,17,20,30,69,100,100,137,134,91,126,189,131,77,83,75,120,173,180,142,134,142,134,108,72,46,100,131,108,182,153,108,94,69,50,97,148,88,57,85,126,139,123,176,148,62,42,30,32,38,48,72,59,108,69,94,77,77,108,108,114,111,67,108,83,134,145,88,97,134,161,158,196,245,194,108,32,48,88,108,100,100,83,111,150,59,57,69,120,148,134,108,94,97,69,64,111,114,88,108,155,173,111,55,99,142,114,99,123,72,62,50,69,114,148,163,125,148,153,97,25,19,42,62,80,74,69,99,134,196,145,96,74,91,85,88,99,91,66,114,219,230,125,96,163,192,194,186,192,108,125,74,158,131,155,176,160,88,59,54,25,57,155,175,120,74,54,77,105,66,30,38,122,119,128,131,74,80,150,150,105,46,29,30,40,52,82,88,27,29,54,170,91,102,69,125,155,85,105,150,122,110,131,155,184,145,74,77,93,82,54,48,179,194,177,150,74,93,30,31,82,93,107,147,196,173,105
62,58,65,53,60,103,70,91,114,72,60,65,51,51,44,60,72,75,70,67,106,117,123,143,164,180,126,70,38,80,88,88,120,100,106,51,22,42,94,91,70,67,65,55,65,94,103,94,70,100,83,97,80,55,53,28,23,65,129,153,153,178,210,163,72,140,148,171,178,140,103,186,126,148,126,97,88,72,67,129,171,117,140,158,117,77,32,48,97,108,48,134,91,51,38,123,163,145,103,72,77,55,32,38,32,21,38,32,70,218,161,40,60,38,70,117,126,70,67,126,126,100,59,32,29,33,48,59,85,126,102,106,120,108,134,184,158,123,114,94,80,139,161,189,180,194,205,142,46,35,94,123,97,153,166,85,57,57,69,94,126,129,114,111,161,205,184,194,131,100,57,44,67,55,126,88,50,94,126,150,83,100,102,100,75,100,120,88,80,134,196,173,94,212,210,224,192,219,150,75,23,44,69,83,176,134,69,117,142,59,83,67,72,229,150,100,64,100,114,131,153,120,72,88,137,142,123,94,69,105,72,150,137,131,94,108,97,153,188,139,137,161,163,123,48,19,36,57,88,108,82,91,139,163,139,137,137,125,99,114,59,59,66,125,184,188,212,180,150,216,220,198,171,145,26,99,91,72,153,108,80,48,35,46,33,36,145,182,111,74,62,38,88,38,40,40,180,125,99,80,52,57,102,64,52,42,26,35,54,40,77,64,36,69,48,173,61,122,59,128,137,137,177,175,163,150,155,213,173,134,145,105,170,108,175,224,235,245,192,173,125,93,82,52,61,93,116,177,225,227,170
75,65,70,100,109,91,94,100,80,40,48,62,34,62,72,70,100,77,75,83,100,123,120,117,185,171,145,70,83,120,70,70,86,83,77,51,32,40,65,67,55,42,70,83,51,48,60,91,44,77,185,140,94,55,83,48,19,65,196,143,148,230,233,176,173,173,148,156,215,220,94,140,140,111,70,103,158,148,120,123,148,123,106,173,126,94,88,106,85,83,57,80,70,108,111,100,173,94,171,148,75,62,72,62,40,33,57,117,108,72,62,40,32,85,28,94,114,80,48,72,103,88,65,57,97,88,106,114,67,75,36,83,148,134,114,126,155,166,182,161,57,42,129,184,202,212,232,148,83,52,69,94,72,129,150,62,59,83,94,75,117,158,139,114,153,196,153,120,126,134,100,126,173,117,117,126,102,83,108,94,88,108,105,102,123,114,131,120,126,139,218,205,153,158,173,150,142,62,52,69,67,30,64,100,191,205,69,80,148,128,80,180,139,168,176,105,64,117,102,125,161,97,62,55,108,158,94,94,40,44,22,131,173,173,134,150,161,176,188,158,171,158,171,190,128,35,31,46,120,117,82,91,99,105,108,188,173,125,139,128,102,88,82,69,139,212,203,142,125,176,173,166,207,82,35,82,69,57,117,120,80,48,48,54,35,42,119,150,99,59,50,54,59,85,57,88,150,137,61,66,71,61,77,88,57,52,48,66,69,66,131,122,94,150,108,77,110,128,69,79,102,145,131,105,122,145,158,179,131,145,168,160,155,139,173,230,203,212,137,134,198,105,113,105,82,99,99,125,218,131,85
49,55,75,94,91,77,114,100,80,53,58,62,48,86,126,53,140,75,117,94,120,151,126,126,159,183,176,126,70,123,72,114,108,94,70,75,48,48,42,34,51,51,44,44,30,40,35,72,108,77,137,97,60,24,48,114,53,83,174,163,120,150,193,173,163,161,140,156,213,229,163,150,150,91,111,169,196,169,166,161,150,108,97,132,163,97,132,106,77,103,67,70,46,97,100,117,176,196,161,156,30,29,108,97,60,67,171,182,120,51,65,36,103,65,40,117,77,94,40,26,67,91,83,69,94,120,120,85,91,48,36,53,189,134,139,100,145,202,212,194,38,32,97,120,171,163,155,126,97,72,59,83,88,64,100,77,77,88,94,69,75,102,114,117,131,108,59,94,176,137,102,120,153,168,161,155,158,142,114,131,184,212,189,142,139,111,100,108,111,142,196,205,180,131,126,62,150,35,83,64,77,36,29,173,236,200,105,57,80,120,205,131,126,163,207,102,59,94,69,134,134,88,35,40,99,142,102,108,69,18,64,150,150,155,108,161,212,212,173,145,166,145,153,212,150,46,50,52,94,128,88,66,69,69,105,176,184,158,134,150,178,153,114,69,82,171,205,134,137,150,147,190,196,147,62,91,150,59,85,145,59,52,94,99,40,25,57,99,77,71,82,96,150,168,108,150,122,134,71,91,113,139,96,137,137,137,125,125,111,96,182,200,173,170,175,93,105,122,99,91,79,50,82,102,71,74,125,150,137,155,155,158,194,200,168,145,116,105,96,88,150,113,93,125,125,74,77,119,79,184,77
31,51,72,55,55,83,94,77,151,145,70,77,100,88,97,117,117,126,114,126,153,129,151,94,111,176,197,183,77,145,106,143,106,83,70,94,70,60,37,32,35,40,32,42,62,32,70,62,164,103,80,100,117,91,70,88,108,143,145,117,83,32,57,100,106,67,123,173,148,145,182,111,114,85,83,100,134,166,178,156,140,137,103,60,67,111,67,30,53,103,114,100,94,80,67,75,106,212,196,91,32,24,75,106,75,85,194,176,153,117,126,205,145,72,123,32,51,62,94,94,97,108,83,46,40,100,120,100,94,32,26,44,166,120,194,102,129,222,173,150,77,36,69,91,85,77,106,126,48,97,64,48,69,67,94,75,77,80,100,69,38,77,126,120,83,91,114,114,182,153,129,108,134,196,202,145,186,176,145,205,209,198,224,158,69,72,77,75,102,72,94,148,111,91,100,126,64,52,48,88,100,48,69,137,220,191,75,72,69,126,196,163,46,88,125,91,44,88,145,139,137,59,25,52,120,145,180,123,88,44,62,99,182,77,131,134,150,161,139,99,190,128,99,153,117,69,44,48,97,161,122,88,74,99,142,128,180,168,142,176,216,207,102,69,77,150,202,125,184,182,196,198,173,153,99,125,173,105,105,168,128,114,147,125,30,18,69,131,82,69,139,150,163,184,170,168,139,85,57,105,221,221,142,158,203,218,190,186,213,188,173,179,182,158,139,177,137,158,173,128,69,44,125,131,77,50,108,131,96,137,152,150,194,165,113,44,40,46,61,82,102,79,44,54,102,71,71,110,85,125,69
31,60,67,60,49,72,72,100,132,103,111,94,103,103,94,114,75,111,114,135,108,129,135,103,91,145,212,194,83,151,129,106,100,103,48,86,67,67,46,34,37,57,77,55,70,72,97,85,197,129,94,83,140,148,88,80,65,70,106,100,53,42,34,42,34,80,70,120,91,129,145,207,169,114,48,57,53,70,100,153,163,103,70,48,35,29,70,77,46,75,114,117,48,70,80,46,53,123,134,100,48,25,65,103,94,126,150,145,97,72,153,196,192,129,60,46,60,126,185,173,77,117,69,26,32,55,132,173,102,32,14,65,106,150,184,106,111,213,176,148,123,59,57,80,59,69,120,126,48,120,88,59,80,148,57,100,80,62,108,88,50,64,117,123,100,163,210,182,189,186,173,126,114,117,134,184,212,202,158,148,182,139,111,102,83,69,100,111,80,35,40,64,44,97,100,100,126,85,72,150,148,72,57,150,210,202,137,120,100,77,108,80,72,111,91,102,100,50,125,173,153,62,40,94,125,131,184,91,85,99,36,148,150,158,145,50,125,26,44,125,139,137,85,145,120,59,42,54,150,158,158,122,114,153,137,72,94,173,145,203,192,186,82,69,142,134,142,142,188,210,203,194,122,105,99,94,160,134,125,171,168,137,145,114,40,23,77,105,59,74,165,114,91,105,142,202,105,48,46,116,212,226,190,186,200,200,194,205,226,200,125,125,125,145,96,160,226,222,224,184,108,113,163,170,155,77,77,93,90,145,147,139,93,163,125,88,25,23,54,48,61,102,59,44,79,110,116,110,59,46,125
53,75,77,60,53,55,60,62,60,91,108,70,100,137,120,100,51,94,123,75,111,153,117,100,103,137,176,176,77,135,185,117,140,135,70,72,83,126,72,62,70,70,70,62,75,83,85,108,164,123,62,83,80,117,67,48,51,51,70,88,62,94,164,72,57,55,51,48,120,100,150,150,173,225,67,60,44,44,111,145,123,85,120,75,40,75,26,55,60,88,106,140,132,94,100,51,62,80,129,158,108,72,108,117,114,142,163,111,88,77,80,80,40,62,77,108,126,198,196,67,72,88,67,40,26,20,19,123,120,40,32,44,91,163,106,123,88,209,215,163,129,97,67,94,102,97,108,168,67,85,126,163,106,155,106,117,72,48,77,97,77,131,129,139,184,173,202,233,215,180,180,126,83,59,126,129,150,166,102,72,129,150,176,191,134,108,126,150,75,120,108,48,35,139,123,91,139,134,117,142,120,64,83,134,196,176,163,114,69,69,100,145,83,134,99,42,62,117,150,184,212,186,83,50,77,150,173,137,83,114,94,102,153,120,40,46,77,66,64,69,80,123,114,125,142,99,117,158,150,150,122,125,180,128,148,69,99,99,202,122,180,125,74,44,137,134,74,188,221,216,150,134,44,35,35,57,142,155,150,150,173,122,125,117,69,44,62,125,66,111,114,114,77,128,114,173,150,105,54,99,163,152,145,150,131,137,179,192,128,69,69,102,64,131,79,142,236,209,205,192,69,69,194,232,233,186,96,71,105,122,122,108,85,182,175,145,48,24,69,61,69,82,108,116,110,131,155,142,110,82,61
106,88,70,51,49,77,94,70,62,58,94,67,67,114,75,65,53,72,114,86,100,111,97,100,108,126,126,135,137,120,143,183,198,145,132,62,111,111,75,100,94,60,44,80,67,48,72,100,134,108,72,57,70,126,75,48,62,72,60,70,42,91,191,132,91,83,88,48,88,143,94,163,220,205,123,70,91,72,103,114,83,120,171,166,57,34,145,44,67,42,72,72,97,106,75,36,51,72,77,123,100,94,129,142,106,205,182,166,108,48,25,48,67,57,60,100,120,83,111,83,44,53,77,69,11,9,15,83,123,44,19,24,55,80,123,114,129,192,205,129,100,134,102,69,106,100,123,139,108,114,176,236,153,120,123,100,77,64,77,129,126,178,158,139,176,126,192,178,212,148,168,100,69,67,129,91,94,69,100,85,128,221,249,237,126,94,120,100,94,142,158,111,88,134,111,126,69,180,117,85,153,102,69,163,155,111,123,69,52,100,204,213,88,91,173,108,67,48,57,178,225,190,85,67,134,200,202,171,134,108,111,120,142,69,24,80,128,91,97,85,148,163,102,48,69,158,190,188,128,120,128,114,145,64,38,166,122,114,114,212,114,137,69,26,114,192,134,184,203,147,99,42,54,24,108,44,105,153,163,128,139,137,114,120,91,57,69,122,108,119,88,94,80,64,150,137,122,137,137,131,184,122,69,82,80,66,88,125,113,71,48,102,163,99,110,108,179,160,116,113,19,26,170,222,245,221,122,99,82,105,108,110,108,160,160,134,134,93,110,113,74,61,99,173,158,107,125,170,173,128,71
88,38,49,58,72,135,169,108,55,51,97,51,42,42,38,77,48,55,140,97,51,83,108,88,83,100,111,132,135,117,151,178,210,180,156,151,126,137,94,88,77,55,48,60,53,42,62,91,100,100,75,55,88,134,114,62,77,75,55,42,34,72,173,148,111,88,100,72,75,111,94,156,209,178,169,114,126,120,72,67,91,158,202,204,194,72,100,88,25,44,28,83,120,100,62,48,38,46,67,67,53,40,97,142,153,145,225,166,91,48,72,65,67,44,70,139,114,72,55,80,60,46,83,85,24,10,24,134,102,40,10,11,23,126,192,120,148,163,150,123,148,129,57,53,94,102,106,111,150,182,182,229,148,36,55,85,88,126,126,142,134,126,131,117,126,126,176,105,94,105,126,108,117,80,100,85,77,57,134,114,153,215,231,213,117,46,85,94,105,163,161,150,158,114,142,100,108,139,91,105,161,128,62,59,64,52,72,75,69,69,139,207,131,69,166,69,72,75,75,153,192,158,142,72,52,142,145,128,108,69,66,59,145,131,117,153,134,153,123,64,153,176,108,54,54,153,219,180,150,150,105,114,40,44,62,88,91,85,168,117,155,99,62,50,102,153,153,128,66,64,108,88,128,120,64,69,82,142,147,166,139,111,88,77,91,96,111,122,145,99,69,46,64,64,134,94,66,147,163,137,139,96,36,36,48,48,94,111,66,113,105,137,227,80,71,42,82,160,99,105,64,19,59,158,212,188,74,71,44,74,125,99,91,128,134,170,225,237,216,134,77,54,116,184,150,107,90,125,184,190,158
62,62,53,60,94,114,103,114,65,46,48,83,83,46,62,77,48,94,126,100,72,94,83,86,100,94,135,169,166,103,106,126,191,227,202,176,111,94,91,70,77,77,55,65,70,53,60,94,94,83,57,83,85,97,100,72,75,94,57,48,67,48,91,145,103,55,57,83,94,100,140,143,150,156,196,182,173,140,70,48,94,185,212,205,163,108,53,94,65,94,48,14,103,46,53,60,70,35,53,55,70,85,83,134,163,171,196,150,139,114,83,51,35,65,134,100,100,80,72,51,77,103,100,103,38,14,22,83,139,44,13,9,18,59,131,137,166,150,100,102,88,69,77,75,69,80,106,94,40,139,202,173,117,46,69,72,88,158,155,100,106,114,52,83,137,137,120,123,69,77,161,161,150,108,77,88,108,94,145,134,120,102,94,150,155,64,83,117,120,150,184,163,180,108,128,134,126,75,85,142,126,102,69,48,64,52,67,100,117,94,128,173,102,120,102,91,97,108,64,125,192,150,94,150,125,97,97,108,31,40,99,77,52,220,182,207,184,153,54,50,72,125,125,80,64,108,158,155,105,173,194,150,74,15,35,31,24,44,57,85,120,99,96,131,155,150,125,108,72,117,134,114,150,125,88,62,102,168,173,180,178,142,48,40,82,125,168,152,99,119,71,25,69,105,54,96,102,142,168,150,99,61,31,25,77,122,74,50,74,147,155,110,116,36,15,31,69,137,173,168,96,44,38,91,119,116,50,33,40,59,113,64,105,139,142,150,232,252,246,119,50,77,158,145,107,131,96,99,182,196,158
31,72,70,62,91,83,65,117,32,62,75,126,171,106,80,94,151,55,114,153,126,70,103,103,70,135,176,180,178,108,70,148,161,209,156,174,77,70,75,88,100,85,67,75,75,72,60,88,85,62,100,80,83,88,57,37,65,94,137,132,103,35,55,108,83,32,48,100,134,126,126,132,108,140,212,231,196,156,77,55,85,163,216,193,163,132,80,70,126,48,32,40,51,48,80,72,44,38,44,46,106,139,80,111,88,88,209,232,114,158,176,62,32,75,91,80,139,114,57,97,132,166,163,134,83,28,11,57,186,53,16,8,26,85,158,100,163,198,139,100,32,30,69,69,108,85,106,85,126,114,215,139,91,85,111,72,100,166,158,100,83,111,100,62,100,75,77,129,176,129,173,205,178,150,102,100,120,120,150,134,80,38,42,83,126,100,100,123,102,145,198,186,120,69,137,161,83,62,88,117,123,102,137,123,97,94,72,77,126,114,168,123,131,114,139,161,111,91,166,173,125,67,74,99,137,158,114,69,59,48,74,91,69,153,178,215,171,182,42,88,142,111,117,52,31,74,74,125,178,184,212,117,23,69,20,24,11,69,54,40,94,96,108,108,108,134,153,145,142,160,142,57,105,105,69,94,102,108,180,184,139,105,69,30,66,99,145,168,99,69,57,40,71,50,108,50,69,128,196,194,113,77,91,59,105,122,59,40,74,80,88,38,26,33,15,29,35,93,190,209,139,71,61,99,74,46,79,82,137,71,69,119,125,160,122,93,209,212,184,125,69,93,105,93,107,142,113,107,102,128,173
67,75,65,65,72,91,120,86,70,94,60,114,174,70,166,103,129,75,91,145,97,117,91,65,88,159,180,166,180,185,70,153,100,143,185,103,106,94,83,135,70,83,88,83,77,75,67,55,100,140,103,70,88,137,32,44,132,140,191,140,80,77,70,77,75,80,75,103,169,134,117,117,123,150,186,235,219,163,77,38,80,173,209,193,193,176,70,65,88,51,75,77,42,70,117,70,42,40,23,36,111,142,83,94,108,100,145,178,97,161,202,173,126,117,60,65,134,126,48,55,153,171,158,153,111,36,10,77,168,69,19,40,97,46,163,114,205,202,145,35,28,55,100,108,131,83,158,150,75,75,163,192,64,100,126,77,117,148,88,48,108,85,67,114,46,35,108,117,182,145,182,207,168,158,102,69,91,134,161,150,88,38,33,44,77,117,123,108,102,117,161,120,72,69,153,163,85,77,100,134,137,114,145,155,120,120,88,72,126,145,120,91,145,105,176,173,125,148,216,213,69,33,57,150,176,178,148,94,108,142,125,155,62,36,216,168,85,114,88,59,123,131,74,97,77,46,72,114,150,192,178,99,40,33,48,31,62,91,150,62,85,114,99,102,99,80,120,196,222,150,50,153,74,91,94,94,125,77,48,46,108,94,74,54,69,91,120,137,125,59,48,52,72,111,128,66,77,150,226,235,194,147,111,99,99,80,69,69,38,38,52,26,23,40,26,25,31,128,184,177,147,113,93,102,93,74,91,105,113,71,88,173,145,131,93,152,82,108,125,125,74,52,57,85,116,142,145,113,57,96,177
77,65,65,46,55,75,126,129,65,58,91,80,94,58,120,83,24,32,40,48,48,29,32,48,140,212,185,186,198,137,77,77,86,126,176,120,129,153,137,114,100,100,94,70,75,72,65,100,158,111,34,134,60,143,85,53,100,134,97,114,103,120,106,57,48,80,100,94,145,126,114,91,75,117,176,245,213,176,51,29,106,163,176,176,176,134,53,72,53,77,140,100,72,100,132,126,117,97,94,80,106,153,132,114,65,44,117,153,88,132,207,245,209,36,28,24,75,145,106,60,100,158,173,131,69,67,19,30,153,69,48,77,72,106,62,117,106,166,126,100,44,38,137,158,88,148,100,106,155,171,102,219,111,155,69,72,100,75,57,69,67,67,69,131,64,38,100,153,173,182,180,186,114,64,44,108,108,114,153,155,114,35,26,42,64,97,148,126,77,83,57,48,77,75,114,145,131,117,108,139,150,131,108,117,69,80,83,62,111,88,83,123,120,125,150,148,161,194,212,215,123,52,59,105,134,173,173,128,139,178,69,123,99,57,114,64,94,108,105,80,44,99,111,66,77,72,94,139,153,205,150,27,52,38,72,48,139,94,99,125,125,99,108,80,125,108,125,196,198,142,72,111,66,91,102,82,142,77,66,38,82,102,69,74,72,72,85,145,102,69,96,125,142,150,198,139,91,168,216,238,196,116,85,88,77,54,64,69,85,64,71,61,42,48,42,77,128,150,179,203,175,145,134,113,96,119,119,85,91,85,99,150,137,168,85,74,54,102,96,69,61,57,71,110,145,134,158,105,116,113,77
94,109,109,77,72,75,44,55,60,46,77,58,32,51,38,42,14,11,12,12,34,53,51,80,153,204,205,164,151,126,94,53,91,100,100,186,153,169,153,111,123,91,77,80,83,77,77,126,85,60,77,126,83,103,103,65,75,77,62,65,106,103,126,80,38,67,83,60,108,70,75,91,57,123,191,215,216,163,37,53,114,111,97,120,111,72,57,80,75,70,100,94,100,100,126,180,198,150,111,129,134,156,180,163,65,40,91,148,108,132,202,224,169,53,32,26,62,120,100,60,91,117,117,111,80,75,33,30,126,85,57,100,80,59,75,126,88,142,150,114,106,126,163,145,69,48,33,67,100,166,166,192,150,196,126,108,88,50,67,72,67,80,120,102,100,48,114,153,202,102,153,105,40,15,91,111,150,129,142,178,184,97,38,48,44,100,155,114,108,94,64,57,75,85,100,126,134,126,114,117,163,142,85,69,80,48,59,94,83,88,117,123,117,145,128,131,182,196,207,212,120,64,72,125,163,145,150,145,139,128,99,85,114,99,25,72,66,82,69,69,125,153,171,150,125,137,150,139,182,178,94,97,94,38,91,99,48,88,176,139,82,82,120,117,88,94,99,171,168,163,46,85,94,125,69,102,122,145,66,99,125,128,80,134,192,163,85,74,120,105,173,120,147,145,212,188,145,145,134,125,150,137,59,64,102,80,85,82,108,113,94,94,88,82,116,173,134,182,216,213,158,145,131,105,99,119,131,91,88,102,108,152,163,105,61,57,69,74,93,96,74,54,82,107,110,110,122,113,99,175,57
88,123,91,94,86,80,70,67,42,51,42,51,32,27,46,40,14,12,14,16,32,60,46,38,108,169,193,151,111,153,132,86,91,114,85,132,176,145,126,174,111,67,77,100,60,80,100,77,48,83,140,57,166,70,88,94,83,44,72,34,72,117,156,173,88,67,70,48,75,72,53,83,88,134,123,150,158,94,100,129,169,132,51,35,67,100,77,42,67,46,65,91,111,57,91,171,171,117,108,132,100,111,173,171,60,25,55,134,123,114,178,210,158,60,36,46,40,60,106,83,67,100,88,114,150,102,65,126,117,62,57,97,108,97,111,91,111,97,94,94,158,176,106,64,40,25,24,32,42,100,158,100,150,212,88,83,67,48,59,62,139,171,145,137,94,88,131,191,123,55,131,105,33,25,150,139,145,129,209,227,227,182,77,62,80,131,150,114,153,100,117,44,111,100,108,100,97,88,134,163,153,102,97,94,100,111,117,126,108,150,100,117,120,134,178,215,212,204,219,215,91,48,114,145,153,139,142,163,145,114,62,77,59,57,40,52,150,139,94,155,240,241,216,163,134,108,108,142,161,176,131,57,82,155,137,117,62,125,120,145,176,74,85,142,150,139,134,128,145,122,85,184,105,180,59,131,152,125,128,108,99,175,150,173,219,158,88,122,117,120,99,152,147,160,145,216,182,168,99,113,125,69,71,71,158,131,50,57,119,77,74,99,158,173,196,203,200,240,158,113,82,79,99,105,119,113,152,99,96,128,122,145,102,66,71,99,85,82,108,99,105,90,69,71,85,82,107,99,102,179,137
40,44,97,97,72,77,111,123,94,77,72,67,40,31,18,22,16,18,32,32,70,129,86,60,108,126,100,80,75,103,156,111,65,100,137,62,100,140,117,151,126,100,75,91,100,106,100,57,65,88,156,80,137,83,70,80,67,60,42,51,72,126,156,204,148,65,83,88,72,100,126,126,77,120,65,55,100,123,153,142,196,148,38,22,57,132,123,48,60,70,60,75,77,28,142,117,114,94,77,85,48,48,145,185,103,34,30,103,97,80,134,156,139,65,44,53,46,65,126,88,65,88,100,123,142,114,108,88,100,77,100,108,150,72,67,148,150,69,55,126,225,213,106,59,38,32,24,14,28,64,83,117,173,196,180,100,62,59,120,148,158,191,173,145,108,108,80,117,46,102,83,145,46,69,150,213,158,139,194,218,236,233,180,134,150,129,123,91,137,117,134,40,120,91,100,88,46,80,102,158,128,97,134,100,80,212,178,85,105,145,88,111,100,72,212,230,212,198,178,190,97,64,111,99,150,134,145,190,166,111,62,102,35,26,66,97,158,182,173,192,226,219,158,85,82,77,66,155,198,142,82,72,82,97,85,102,74,74,72,158,161,105,99,128,166,161,139,134,111,142,168,111,111,85,96,122,139,147,102,108,134,122,128,139,180,175,114,52,111,69,94,94,188,194,225,184,224,203,179,54,42,46,48,62,77,102,102,113,80,94,80,77,203,215,224,218,230,234,119,69,71,71,125,102,69,119,150,125,110,93,113,105,66,96,170,145,113,61,93,85,85,96,74,59,74,71,64,102,152,168,116
80,100,70,97,117,103,126,77,77,126,123,62,20,42,12,12,77,65,75,120,126,120,123,114,126,114,55,100,103,65,161,103,70,75,60,83,83,103,103,137,120,132,108,88,126,108,60,53,117,108,103,70,111,103,62,62,53,88,62,80,120,153,185,173,108,70,94,126,117,132,178,158,140,94,44,37,53,148,148,120,106,94,35,42,94,153,180,114,103,88,70,148,132,65,150,70,120,88,40,22,38,44,85,169,148,62,36,94,117,67,85,100,132,70,51,67,70,67,97,75,48,75,100,106,114,117,100,100,100,69,62,85,67,59,67,171,194,83,46,91,126,153,114,83,168,150,123,139,69,51,94,100,153,194,155,100,85,111,158,186,158,145,134,80,48,50,77,161,173,42,67,134,94,137,186,237,137,108,150,189,216,218,176,131,173,176,91,102,142,158,102,69,33,59,88,22,42,33,50,100,148,139,105,108,139,137,94,69,69,126,145,83,48,57,123,180,186,190,131,155,125,120,99,125,178,123,150,184,163,125,97,55,62,27,55,55,128,145,168,163,150,153,117,54,50,88,122,145,153,102,74,74,59,48,40,77,64,88,77,94,153,153,173,161,166,173,125,120,134,163,128,59,57,59,102,147,120,36,59,69,108,69,66,62,66,102,125,99,80,66,125,62,105,246,231,237,213,186,88,94,19,25,46,59,74,99,122,64,59,85,54,125,173,182,177,152,128,113,145,190,194,110,54,40,50,88,163,134,96,116,108,168,59,202,221,224,85,48,113,59,30,74,74,74,57,59,52,96,150,99,85
38,51,126,103,103,70,51,67,103,91,67,72,22,24,48,114,94,108,114,108,117,161,145,126,151,153,60,65,83,145,62,91,70,129,46,123,83,55,114,145,129,94,126,126,132,75,80,80,126,94,57,120,103,103,42,70,65,111,140,193,193,166,171,132,129,114,88,88,108,88,142,193,142,77,67,23,29,129,120,100,57,70,46,48,72,126,150,123,106,100,120,126,145,85,129,103,88,77,48,57,38,51,55,111,158,142,100,120,150,72,65,91,139,60,72,88,75,48,77,88,51,57,97,108,108,97,114,75,75,59,85,94,51,102,80,100,129,131,88,102,142,139,102,150,224,229,227,196,186,88,106,69,142,161,150,134,94,123,150,153,142,148,123,62,48,42,59,150,158,48,46,105,176,207,229,200,150,126,137,148,173,221,225,142,126,184,139,100,186,218,77,102,21,46,62,80,48,30,36,102,161,105,77,117,97,50,72,111,97,145,148,77,52,69,77,148,150,186,205,163,125,120,148,173,173,131,163,145,139,102,54,50,128,72,59,44,48,42,114,137,108,99,77,85,102,117,176,122,158,125,153,111,52,88,46,29,80,122,99,105,166,188,202,184,145,102,105,96,134,173,125,57,64,38,52,82,48,48,82,66,74,120,59,33,54,125,190,155,69,62,64,96,180,222,251,209,116,155,170,71,99,88,82,85,82,74,69,69,77,54,74,113,168,150,69,85,110,139,155,202,96,119,69,54,82,50,74,212,163,152,82,150,85,182,188,205,44,79,71,31,40,50,77,74,59,69,125,93,96,66,99
65,97,80,86,88,70,83,88,58,70,75,94,48,126,123,86,164,145,97,135,159,97,80,159,145,62,60,48,103,91,97,126,88,100,65,58,83,70,111,151,180,151,85,88,106,100,129,91,60,37,114,91,75,88,38,100,106,123,212,230,156,100,106,156,204,169,48,35,46,46,126,150,145,70,48,23,37,85,67,72,77,75,60,28,32,70,97,80,80,85,108,97,83,80,129,106,67,80,72,62,38,48,70,100,117,137,176,158,148,103,103,145,120,70,77,94,94,48,70,106,46,44,88,111,91,72,100,69,69,97,145,106,46,59,77,48,67,126,126,106,126,102,102,155,153,178,163,163,153,83,114,69,72,180,126,67,94,123,123,100,150,178,150,80,40,44,129,126,150,100,102,173,222,189,180,171,105,69,62,91,145,150,145,163,148,150,134,161,219,236,202,80,36,36,48,75,102,38,29,102,137,168,97,42,94,131,94,83,150,117,50,192,100,114,145,139,171,158,210,153,108,108,125,137,171,163,139,139,117,88,85,128,142,168,99,59,24,30,91,139,99,59,69,150,212,202,196,153,125,142,150,125,69,108,44,62,142,148,117,131,173,215,212,176,117,69,82,96,161,196,117,62,128,59,82,29,35,42,80,105,125,145,85,35,52,166,205,192,125,94,50,26,96,221,226,122,71,77,147,192,139,152,125,74,64,85,150,122,69,59,66,57,42,96,113,131,152,190,105,128,99,88,91,57,46,44,59,165,235,233,179,137,113,93,170,108,99,88,35,64,23,30,107,61,88,113,125,88,36,50,74
55,86,100,94,91,77,49,40,42,126,111,77,94,80,132,117,111,137,153,148,108,108,145,159,153,80,97,70,126,62,114,123,97,67,94,111,100,72,126,114,140,161,151,114,126,106,117,129,30,70,53,108,108,38,91,72,103,114,180,198,123,97,85,114,156,120,60,32,40,70,103,163,70,42,55,46,94,114,103,65,67,70,57,32,34,48,60,70,80,77,65,72,100,106,129,120,106,114,53,46,48,51,51,72,114,134,173,194,142,126,114,108,145,72,75,106,91,46,60,126,77,69,69,120,103,83,83,75,80,158,189,114,75,111,102,83,65,114,137,108,88,106,114,97,83,117,108,123,126,94,100,42,120,100,155,59,88,72,126,108,59,173,225,129,29,36,168,126,134,182,114,204,178,180,150,155,139,64,44,72,117,134,150,150,166,123,142,108,232,250,148,108,153,83,83,80,33,33,40,77,192,192,123,50,94,145,77,50,102,161,125,150,128,117,150,155,158,108,108,125,176,139,62,114,180,168,111,131,150,134,188,139,148,182,163,85,42,48,80,114,91,85,139,188,232,226,173,171,72,122,85,134,99,69,69,108,88,120,111,158,166,213,212,173,150,117,66,114,180,155,94,85,196,131,163,42,120,57,102,105,194,180,88,54,48,105,171,212,192,94,54,50,69,128,158,69,46,71,131,192,160,128,91,64,119,170,175,131,80,80,93,59,93,57,99,168,150,125,99,150,213,184,116,69,33,82,139,188,241,250,220,145,64,110,99,61,61,90,48,42,46,31,57,69,71,110,82,69,59,69,134
77,67,62,75,83,80,40,65,135,94,65,53,83,97,18,32,77,117,108,114,151,126,106,126,129,140,126,103,153,178,151,77,70,91,88,88,91,103,140,120,120,129,151,103,91,158,132,158,88,32,67,29,38,53,151,145,35,213,161,151,183,148,91,77,108,132,108,38,70,48,111,108,70,34,103,91,198,213,196,97,40,35,42,35,53,60,28,51,100,129,44,62,100,142,169,145,134,140,75,48,65,57,60,72,114,134,169,205,173,145,114,114,169,94,51,72,67,40,62,176,173,106,100,97,111,123,59,57,150,161,196,156,166,218,100,153,94,111,178,171,129,137,134,97,106,117,94,148,134,137,83,94,150,117,182,72,72,126,189,182,139,150,191,150,97,83,139,142,108,150,105,126,131,134,126,198,102,114,111,145,231,224,108,189,166,148,178,189,196,202,105,158,229,171,184,150,126,153,91,100,184,163,102,128,131,100,59,59,42,80,142,150,145,120,196,210,94,26,59,148,204,182,85,120,148,125,123,139,153,173,153,114,150,192,184,117,72,66,82,105,134,128,163,194,216,173,99,125,82,114,142,158,150,102,96,88,125,96,111,145,163,182,202,168,163,114,66,134,155,145,125,96,137,158,240,227,168,120,171,153,175,188,114,57,26,31,152,196,180,134,85,114,88,85,77,99,59,69,184,205,139,96,66,88,145,128,48,59,209,215,158,99,52,64,93,147,96,57,113,173,192,192,168,142,99,139,139,158,242,236,173,137,142,79,99,128,116,110,93,116,71,69,79,59,48,88,134,119,82,96,160
60,86,77,77,103,77,70,32,140,58,67,55,35,27,23,23,70,111,62,91,103,126,123,126,108,145,129,135,114,129,129,86,60,57,60,55,67,145,120,97,114,169,197,174,117,140,145,129,114,22,40,26,55,106,140,77,85,153,183,176,198,151,46,62,153,153,100,51,85,60,150,186,72,44,106,193,246,216,106,62,29,32,32,44,70,42,20,38,114,140,72,36,53,153,108,137,106,72,70,51,67,91,108,103,100,132,173,221,178,123,114,88,126,94,46,55,48,55,94,163,150,103,94,94,75,72,77,57,126,198,230,239,191,168,120,131,126,142,204,207,158,166,142,97,142,168,142,192,171,163,106,102,126,134,150,77,88,137,212,178,139,131,126,139,123,80,80,117,100,100,123,94,131,80,123,85,145,120,184,221,242,231,200,171,178,176,148,182,161,148,126,117,155,184,117,69,102,150,75,80,163,192,196,200,120,120,69,111,59,114,184,168,180,137,218,212,88,52,72,123,145,150,139,117,134,99,105,150,134,123,120,80,139,184,153,139,105,134,114,97,134,139,145,161,161,111,59,91,85,139,190,188,184,171,125,131,131,128,131,120,161,145,184,180,125,114,96,134,168,192,147,74,114,117,245,236,155,173,173,91,128,218,175,59,20,17,50,111,215,168,69,94,35,111,119,77,38,150,178,212,125,54,88,139,119,52,22,16,194,205,122,113,36,99,102,69,46,44,40,44,64,122,158,128,91,69,82,125,196,175,122,88,77,122,61,85,173,165,139,102,105,85,96,96,69,79,119,125,85,113,177
49,65,80,83,100,42,49,65,108,143,117,35,40,48,38,22,86,129,60,37,70,77,83,91,83,148,70,117,75,72,53,48,70,62,51,70,55,53,88,57,88,153,198,153,137,161,132,103,55,57,48,51,72,53,88,75,40,134,123,143,65,77,88,114,182,209,132,60,35,111,242,156,140,142,140,245,227,202,67,34,34,38,48,67,70,34,32,51,75,70,70,32,48,88,70,46,72,26,38,32,38,70,108,129,117,126,171,196,156,120,67,38,75,103,75,83,67,55,53,55,126,94,67,55,59,91,94,62,150,244,239,246,213,134,106,102,145,173,192,198,168,100,120,145,166,196,198,212,196,173,120,83,111,106,126,75,75,129,180,192,150,126,126,108,94,77,59,72,88,111,105,163,83,88,57,75,142,137,192,215,205,219,186,153,192,182,173,194,249,198,88,126,108,44,48,36,100,55,35,83,173,213,233,243,209,134,75,117,100,150,139,194,158,180,153,221,150,48,91,125,125,137,158,150,125,123,117,158,97,108,114,134,168,178,111,125,163,158,131,102,134,180,180,158,137,91,64,74,42,108,196,166,176,182,163,142,120,150,120,114,142,150,168,163,120,153,137,137,178,213,194,99,82,57,178,171,180,108,108,64,120,220,205,114,77,36,31,102,165,131,125,69,99,102,71,66,52,114,155,105,57,82,119,139,99,50,19,21,48,57,80,23,155,102,79,79,50,50,59,46,40,52,71,52,64,110,96,139,119,131,128,128,113,66,93,150,226,184,163,145,145,175,128,96,61,66,85,99,105,102,155
67,70,83,86,77,40,60,108,153,100,164,40,46,35,72,75,126,151,70,40,65,70,67,94,62,106,132,108,51,32,94,37,55,62,100,65,38,60,94,83,70,103,193,193,145,186,180,156,158,80,40,37,75,70,67,40,48,145,134,67,23,40,77,140,212,202,150,85,80,134,212,224,213,178,222,240,204,163,97,60,46,38,60,75,85,114,72,40,70,72,28,88,32,44,42,21,48,48,40,23,29,48,55,88,120,103,148,142,114,111,57,38,70,97,94,108,67,70,28,48,123,103,65,83,59,75,94,103,145,198,210,222,229,150,153,94,131,176,180,134,97,106,131,161,168,198,198,150,108,85,67,106,91,75,106,48,46,139,186,173,145,123,139,142,106,69,55,64,80,102,105,114,77,94,57,62,153,182,139,126,126,100,105,150,155,150,117,114,226,232,153,100,72,32,55,72,120,36,32,48,77,171,249,251,186,148,69,102,155,158,234,239,91,163,139,125,139,88,150,145,134,153,142,142,123,184,173,188,158,171,224,161,168,196,82,145,168,184,173,125,120,153,176,161,178,102,69,48,64,74,99,120,111,163,158,134,128,114,114,122,99,105,137,150,137,139,114,117,184,218,220,150,74,59,108,134,150,108,88,108,111,145,173,163,94,50,69,74,69,125,102,147,125,54,66,71,42,114,168,77,71,108,113,108,61,29,20,19,17,44,40,36,113,205,125,93,119,102,116,77,71,71,99,99,69,96,163,139,69,152,221,188,152,134,54,96,158,152,188,179,107,107,173,102,35,38,79,64,25,122,165
100,108,75,77,75,77,100,65,153,80,65,48,103,100,166,83,129,166,91,53,70,48,51,88,67,70,100,156,135,143,171,70,70,94,183,129,77,55,53,58,97,100,132,197,158,158,198,140,166,114,132,108,103,72,80,91,62,126,153,100,70,55,44,48,178,193,114,106,126,163,140,158,148,132,173,120,156,204,51,62,100,65,103,169,148,166,134,72,126,108,46,70,36,36,24,44,25,36,51,24,21,46,51,60,100,120,117,85,94,126,100,38,60,55,108,106,62,88,48,44,103,103,103,126,65,67,134,83,55,51,100,148,196,173,134,55,91,168,69,69,97,108,131,150,184,171,123,150,97,48,85,120,102,77,62,100,57,126,171,129,142,91,150,207,155,94,83,55,72,88,69,88,114,102,55,69,134,129,55,42,40,46,88,94,57,36,40,64,161,231,163,111,128,123,148,139,142,105,35,44,72,142,207,241,186,131,145,102,59,231,224,189,189,64,125,125,100,100,137,186,224,234,194,161,117,123,182,213,252,249,229,194,186,190,102,123,205,220,205,184,111,62,88,120,200,190,99,97,194,57,153,120,82,117,122,105,114,120,77,80,82,82,114,105,114,94,91,148,182,173,182,158,82,66,111,122,145,160,105,122,111,64,111,134,111,99,77,72,69,96,147,142,131,122,114,88,82,173,170,77,30,38,69,119,102,59,48,24,40,66,17,30,168,175,96,119,137,119,116,102,50,77,134,116,96,93,96,128,85,188,224,242,237,134,74,74,69,79,69,102,96,179,150,119,74,82,69,77,69,77,160
80,146,97,62,100,129,100,44,88,94,27,58,53,126,94,72,135,159,108,42,70,91,70,111,100,97,106,67,197,215,197,117,53,207,207,151,103,80,44,53,62,100,129,238,234,100,132,137,126,100,209,189,80,72,137,53,114,111,176,202,143,42,38,62,114,120,55,83,88,51,120,106,55,103,72,114,62,83,117,83,148,163,137,108,123,114,126,108,94,91,97,148,75,30,32,48,29,60,48,35,38,53,83,83,106,111,83,100,123,108,83,40,40,33,111,85,91,51,62,40,111,150,150,132,91,100,103,72,77,69,67,134,114,194,59,48,67,139,67,72,120,100,120,126,145,158,134,161,168,80,120,97,117,102,129,196,48,91,163,106,126,129,150,213,161,126,100,77,94,36,57,129,117,97,80,57,77,55,30,32,44,42,67,85,69,44,33,48,145,173,137,134,139,126,126,123,123,131,69,80,105,91,209,242,173,80,108,117,114,153,215,213,192,44,46,83,105,97,128,224,246,233,161,117,99,88,150,168,251,248,209,171,88,99,171,77,245,250,163,88,128,66,48,131,145,188,150,166,186,171,108,145,66,105,134,69,99,120,66,44,99,96,85,88,117,85,105,161,150,145,80,88,88,59,72,120,94,142,91,99,114,69,102,120,114,74,72,80,96,114,125,111,137,192,200,202,218,194,139,82,17,14,36,108,213,186,54,30,40,31,29,50,74,122,113,85,74,38,66,66,54,88,119,131,142,150,147,125,108,119,150,216,170,150,59,99,30,69,69,33,105,125,128,150,128,66,64,116,99,74,142
108,123,114,120,146,132,126,67,77,70,32,28,62,126,60,32,53,75,88,53,86,164,161,148,126,145,86,111,103,205,153,120,94,194,193,114,88,123,94,70,70,100,153,242,252,164,148,100,103,132,212,176,103,67,158,153,103,75,120,185,169,51,22,60,38,29,40,48,161,108,60,108,55,44,67,51,70,77,126,129,132,150,100,85,111,134,114,106,85,75,103,103,126,77,48,57,51,72,100,65,29,38,60,103,129,145,117,83,91,80,60,40,28,14,38,57,103,77,83,145,150,168,153,137,108,88,103,132,132,126,114,83,77,153,55,83,88,106,182,114,134,111,85,137,153,150,145,173,194,91,111,62,100,114,131,155,59,88,88,192,145,134,97,155,192,126,137,100,38,64,114,161,100,97,126,28,72,29,44,40,26,33,77,97,97,69,69,88,77,55,50,62,67,44,69,80,88,134,126,126,134,131,171,192,186,102,75,153,114,123,225,216,100,48,77,97,137,117,150,229,246,220,168,150,114,97,94,114,158,196,125,137,155,108,176,153,117,97,22,31,117,128,48,69,131,131,137,176,171,155,139,158,158,117,120,131,52,108,102,48,99,131,96,128,99,69,99,145,180,180,69,105,128,88,64,131,74,108,69,69,134,120,99,94,59,44,80,77,122,102,108,168,168,209,244,248,242,210,175,59,11,12,42,145,246,236,85,21,13,29,54,59,64,46,69,46,80,85,93,152,110,102,125,158,200,192,158,134,116,99,99,137,155,102,82,79,59,66,50,88,88,102,90,105,69,59,54,61,137,110,105
180,117,108,135,138,126,151,151,126,97,62,46,108,143,55,15,20,37,67,72,58,132,209,174,114,86,114,103,88,46,65,126,151,151,123,158,67,111,148,70,70,91,183,248,250,189,132,140,75,51,153,204,143,148,143,176,134,134,80,126,120,57,83,85,37,42,65,70,103,83,161,53,48,67,32,51,94,94,97,103,120,111,72,51,100,70,103,67,132,100,88,123,156,114,85,70,126,91,100,91,48,48,55,114,180,150,137,108,88,134,132,40,14,26,33,40,103,148,168,196,153,126,158,173,126,88,134,158,106,100,114,102,111,100,102,123,75,131,192,134,150,123,62,153,198,120,111,168,194,120,97,100,80,91,88,85,40,67,106,148,123,85,77,102,204,158,69,100,88,126,126,108,114,111,137,52,59,46,69,44,20,77,97,80,142,178,158,83,29,22,19,23,42,15,13,44,94,126,150,153,139,128,111,155,212,120,97,142,134,158,209,196,148,50,94,168,148,166,155,186,202,178,134,134,131,83,69,85,163,182,117,74,111,114,120,99,102,36,35,77,142,131,134,114,108,91,111,139,64,57,131,137,178,163,117,131,85,42,91,102,125,158,125,105,117,62,158,134,186,205,202,108,134,158,105,137,108,94,64,88,139,120,94,77,54,57,99,114,120,99,105,196,105,190,243,244,245,236,178,54,26,24,99,215,249,244,69,26,14,27,74,77,40,64,59,64,108,110,145,173,96,88,113,147,194,173,158,168,119,110,69,50,85,77,48,52,64,42,48,61,116,77,35,46,59,50,74,113,122,59,77
235,153,91,106,114,91,140,151,156,183,94,100,111,114,48,20,23,38,44,55,58,67,111,151,100,100,117,62,65,37,29,120,158,153,70,65,72,120,158,100,70,135,204,239,238,151,88,153,75,53,151,183,106,137,185,189,117,126,106,77,94,62,70,126,100,62,80,145,140,134,40,185,22,132,38,126,209,158,91,106,150,120,94,77,60,67,77,57,51,83,145,150,114,173,176,123,186,204,180,161,123,83,48,30,48,72,65,100,108,150,120,94,67,40,40,77,126,126,145,123,70,123,191,192,137,85,94,134,102,69,123,168,120,100,117,108,83,139,134,97,100,83,69,131,196,134,85,161,194,139,100,123,55,83,69,88,44,75,62,83,52,85,57,52,148,158,64,80,91,114,161,83,150,111,100,80,30,83,77,44,120,148,219,246,241,249,213,48,20,22,11,13,29,12,13,38,88,117,139,163,137,97,126,145,176,126,126,139,150,139,182,145,163,105,88,171,196,161,134,120,120,148,205,209,180,171,142,94,134,114,83,99,62,72,66,64,62,57,94,148,176,158,128,131,85,85,80,44,38,26,99,202,202,182,176,66,131,161,122,77,131,125,114,131,74,94,139,142,125,203,212,198,163,108,150,198,111,114,91,111,108,128,108,99,88,114,82,152,125,114,131,145,88,163,207,224,232,227,160,96,36,50,200,252,252,231,99,50,52,74,91,85,38,85,66,125,108,158,99,150,145,91,105,147,134,91,69,145,163,131,85,48,59,99,48,48,93,66,57,93,110,77,31,21,33,44,35,54,88,59,50
216,132,80,83,100,55,120,159,159,197,70,103,117,108,70,40,53,60,65,72,60,29,48,91,97,117,77,83,103,44,37,83,129,97,48,70,91,103,148,153,62,85,189,197,174,132,148,123,42,55,77,134,134,153,145,148,120,103,100,72,91,72,94,97,70,88,85,120,134,150,91,100,72,103,77,169,83,193,150,114,100,153,126,62,40,38,42,83,67,123,145,169,178,134,241,227,224,212,192,192,150,80,88,51,24,38,55,75,111,103,156,132,70,85,80,72,100,137,108,88,70,145,171,145,111,94,100,108,129,126,131,114,100,120,91,100,75,85,126,85,69,100,88,80,142,150,106,150,196,166,102,72,67,111,114,126,46,38,69,77,59,38,26,48,139,150,85,57,94,100,145,77,57,126,100,36,30,97,137,69,215,229,245,239,227,242,213,48,38,26,13,13,18,24,32,22,85,80,134,131,126,120,120,111,139,150,108,108,139,176,148,102,100,114,111,163,196,153,125,108,99,145,221,240,186,215,158,85,27,139,69,46,27,48,91,50,52,105,102,158,145,145,125,54,42,99,102,27,22,48,163,176,166,168,182,173,114,120,125,102,96,134,105,108,134,102,105,105,99,173,212,64,74,102,134,219,184,88,120,102,139,180,111,102,139,77,80,105,137,155,160,145,168,99,142,196,200,213,192,102,29,54,224,251,248,196,113,113,150,80,96,54,38,54,82,125,102,108,69,93,99,79,64,91,96,93,61,125,192,150,145,131,99,61,69,79,119,85,88,110,139,93,30,16,19,26,27,44,46,61,44
132,146,49,49,70,100,103,151,117,94,75,72,135,117,86,70,67,70,72,70,38,40,58,70,70,108,67,94,62,48,32,70,70,60,38,60,80,85,126,156,77,65,174,153,91,174,180,103,51,44,42,100,134,114,126,83,129,145,108,100,97,94,60,60,72,75,67,97,140,176,114,70,100,72,75,70,169,161,65,62,70,117,145,60,35,77,153,117,173,91,137,158,126,123,220,173,120,114,120,97,111,132,108,83,60,70,60,55,57,88,35,72,72,148,108,62,117,134,88,120,62,123,126,106,108,117,114,65,126,108,62,69,126,97,69,85,57,69,150,171,213,196,100,69,85,142,134,131,186,196,117,100,69,123,120,85,57,52,48,50,59,36,22,57,155,108,50,69,129,75,59,62,48,85,44,32,83,153,196,209,248,250,105,36,62,111,150,91,42,59,48,26,17,55,32,16,75,72,158,131,128,102,114,105,88,126,148,173,196,158,111,105,83,100,117,142,163,150,125,102,64,99,198,219,137,171,148,21,105,108,72,91,46,102,108,123,105,158,145,125,131,108,120,91,134,114,105,42,24,40,46,190,145,137,137,176,150,122,161,150,128,153,153,125,108,117,99,59,102,173,122,82,33,35,88,176,194,74,48,117,175,160,91,88,94,44,66,117,102,145,139,108,128,69,59,145,179,168,168,94,59,77,184,213,173,142,102,198,165,69,96,40,48,36,71,99,44,33,77,85,71,59,46,66,105,61,71,88,179,179,175,202,155,150,179,88,69,93,147,99,93,93,85,64,38,66,57,50,50,54,105
120,60,49,58,114,153,137,94,94,46,114,70,103,100,51,83,44,72,70,60,103,75,70,103,94,48,67,37,53,51,65,70,38,77,19,21,70,85,91,88,85,91,117,129,94,108,151,134,51,44,46,70,108,80,100,117,94,108,106,80,57,67,83,65,60,51,48,88,180,153,97,72,70,40,44,62,77,42,42,48,94,97,77,83,126,191,236,196,145,137,150,180,120,114,150,156,123,53,26,55,132,200,194,106,70,88,103,65,139,40,70,23,111,114,117,191,137,209,83,132,62,70,108,108,132,97,153,155,77,80,108,83,134,69,83,65,97,123,134,226,243,205,75,48,53,83,166,139,163,196,224,198,64,129,67,72,114,69,33,40,72,100,48,48,72,72,59,94,139,67,24,42,59,36,85,94,80,178,232,213,221,184,44,20,67,137,139,142,171,120,94,72,33,57,30,18,114,123,173,163,88,105,131,94,111,142,178,212,198,114,123,126,100,126,137,161,189,150,94,114,102,99,125,171,125,97,62,26,74,72,69,134,123,202,158,125,171,168,171,125,99,94,102,153,148,120,52,38,57,48,105,57,117,105,59,142,142,117,139,155,190,190,150,131,145,66,88,66,99,192,111,38,26,27,69,134,142,120,52,108,163,171,134,72,54,59,91,150,88,59,125,160,91,88,48,145,168,96,99,113,137,125,150,179,122,119,125,160,147,131,113,57,59,44,66,48,31,50,54,116,99,61,99,96,108,91,48,77,125,158,216,225,231,200,150,69,59,71,96,122,99,128,107,137,147,90,113,59,59,74,105
114,100,88,108,153,111,123,132,126,49,80,72,106,70,86,86,46,60,103,83,103,103,77,97,72,34,60,35,53,32,83,51,38,67,24,32,40,86,60,55,77,83,83,94,94,80,120,151,65,70,134,85,106,67,55,161,158,106,77,94,70,57,114,70,42,67,75,60,219,189,198,114,85,32,38,108,158,65,37,70,83,106,126,158,213,222,220,210,132,126,126,161,186,153,191,129,60,38,53,94,126,173,220,171,126,189,173,163,145,51,80,62,88,48,132,171,210,161,70,97,120,72,114,176,191,142,91,126,106,161,158,213,91,32,48,69,184,148,161,192,155,158,69,19,51,77,108,114,191,225,252,242,161,114,72,64,94,120,80,117,120,100,75,24,23,59,67,94,88,23,12,28,100,67,153,139,100,134,173,69,67,176,161,128,191,227,220,221,239,212,161,120,94,50,75,91,155,198,166,105,83,102,100,142,131,168,178,196,173,123,97,108,126,131,150,192,196,102,62,123,158,105,80,137,145,83,64,72,85,23,42,74,102,196,173,163,194,173,139,99,48,69,166,161,117,102,69,48,42,64,145,158,108,102,77,137,120,105,122,139,171,161,176,155,82,85,128,105,99,145,102,99,31,64,108,160,131,96,64,108,171,180,160,69,69,69,102,108,85,142,207,192,178,180,119,150,163,64,94,147,158,173,145,145,139,99,113,108,94,145,184,119,48,94,64,46,71,71,42,125,116,105,142,163,150,122,38,44,46,163,249,242,212,125,61,46,42,44,119,158,150,99,99,168,200,150,125,93,69,71,79
135,151,103,80,97,91,132,132,86,55,77,70,77,83,65,86,100,77,106,103,55,80,114,70,44,51,48,34,75,29,55,48,65,60,77,48,35,91,53,48,57,46,80,77,70,114,126,106,91,111,151,42,126,108,72,111,126,53,48,75,120,80,94,103,77,77,94,88,180,235,242,163,106,51,65,106,196,161,83,70,67,173,221,198,158,132,103,137,137,126,120,150,132,163,196,156,100,65,94,114,126,191,200,123,75,139,180,169,134,158,97,97,80,108,134,185,189,145,114,70,97,120,83,126,166,171,163,137,200,219,114,139,176,53,36,72,176,150,219,166,148,106,85,40,48,108,67,148,196,238,252,237,207,111,131,83,102,176,108,139,142,194,80,21,32,48,48,72,26,19,19,55,153,94,153,173,129,94,52,15,52,209,196,189,213,213,207,184,184,178,168,94,100,97,85,114,189,218,120,117,126,100,114,128,128,189,192,150,153,131,100,114,126,97,158,184,108,153,108,196,182,114,85,137,180,99,91,128,82,36,24,24,55,111,173,142,139,142,111,62,46,54,108,150,155,111,123,77,82,105,150,184,120,145,155,44,80,99,173,173,188,173,108,168,166,94,99,125,80,166,158,184,134,145,125,128,105,72,74,150,150,137,137,128,99,108,54,48,155,221,230,240,186,205,196,175,145,88,91,113,105,125,105,62,71,155,125,111,110,119,218,150,69,102,91,96,80,77,57,77,105,105,160,200,179,113,26,20,59,158,240,237,184,64,61,38,38,71,202,202,145,137,158,150,170,160,102,69,102,85,113
120,100,80,60,55,67,70,49,46,75,83,32,46,80,65,70,151,126,117,129,67,67,94,58,55,35,46,32,40,55,70,75,58,75,88,44,55,55,62,67,65,48,65,83,57,91,129,106,88,140,65,70,85,100,77,53,40,13,14,46,140,143,156,182,88,60,75,60,134,221,225,132,156,100,72,148,134,117,91,103,150,196,221,202,142,83,94,114,198,148,85,67,100,166,163,123,83,51,103,134,150,180,176,139,100,100,72,85,103,108,83,145,192,210,186,192,205,205,192,94,62,85,126,166,184,182,215,225,220,173,80,155,150,108,57,59,176,196,129,153,80,69,106,77,28,75,176,129,142,194,246,212,145,94,69,155,97,180,126,148,218,224,83,23,55,44,33,44,44,30,62,62,94,100,212,150,202,134,32,25,48,134,102,102,134,123,123,126,97,91,114,83,196,189,91,100,161,202,161,137,85,139,139,114,158,204,205,128,67,155,173,145,120,117,142,163,155,166,176,196,173,125,102,150,190,128,123,125,123,91,13,11,40,69,120,111,80,111,99,46,44,88,128,155,190,184,148,139,168,207,196,205,210,180,173,150,94,153,125,173,192,166,122,134,166,168,105,134,173,155,205,205,198,158,108,117,175,91,91,108,114,131,178,145,96,66,105,74,184,244,234,168,150,50,96,125,119,137,111,108,69,59,94,108,82,122,125,113,145,88,110,150,147,99,125,102,69,71,42,59,110,142,186,205,177,99,31,35,48,99,212,238,222,145,99,52,82,152,196,232,196,160,147,105,122,152,74,88,134,116,128
70,46,109,77,58,117,126,67,31,49,72,70,86,120,77,94,164,169,169,123,97,86,55,34,44,44,32,55,80,55,51,70,70,129,94,67,46,48,60,108,120,80,44,40,60,100,134,111,75,91,77,83,48,65,70,42,29,12,10,18,80,156,173,171,97,65,67,57,72,132,145,153,145,70,106,62,150,126,134,196,225,212,194,150,72,100,150,85,156,212,88,28,72,150,145,126,65,51,72,126,173,186,134,72,70,62,46,36,65,40,48,134,213,221,212,180,173,111,178,207,153,117,153,173,137,123,156,202,198,148,126,100,75,168,126,67,153,198,134,126,139,91,91,69,57,129,196,134,88,176,224,173,114,44,106,126,117,168,171,176,173,202,72,36,64,57,33,50,50,55,88,35,80,102,163,180,219,180,69,50,57,59,48,57,83,150,178,142,184,158,145,184,222,236,131,131,126,186,145,108,126,145,145,128,155,178,182,158,88,142,173,171,128,150,142,173,168,213,186,134,196,196,114,97,168,153,134,150,137,105,31,12,57,120,99,108,69,91,91,42,44,69,150,198,220,213,180,163,202,226,150,186,235,212,184,131,122,150,139,137,163,145,145,99,80,145,145,173,134,222,155,178,178,134,111,158,139,150,137,158,128,134,163,158,111,180,125,88,170,205,248,128,27,69,134,139,190,182,131,80,99,74,108,145,173,69,131,160,88,35,54,99,137,111,150,122,116,71,71,77,122,134,158,160,134,105,77,36,44,116,237,231,213,173,128,102,145,163,160,186,186,142,99,88,99,128,88,77,116,113,90
75,75,94,83,100,156,174,94,34,42,94,140,126,70,97,100,143,153,135,111,103,53,35,34,53,62,77,97,37,46,77,72,75,48,55,77,70,53,58,126,174,108,35,46,77,129,176,145,103,75,65,35,67,46,67,60,28,17,12,13,28,70,103,129,134,80,75,70,40,25,114,132,67,72,134,103,158,120,150,198,196,198,137,48,53,123,153,85,77,185,57,11,129,148,166,85,35,51,80,106,163,180,150,77,55,77,80,70,103,29,126,139,242,220,233,200,191,168,191,219,168,137,163,171,176,139,129,173,227,205,88,176,161,126,77,88,194,205,142,94,102,108,85,108,52,64,173,142,123,158,158,111,100,59,108,123,148,97,176,80,57,145,100,52,59,48,40,28,32,48,57,59,105,150,108,94,139,192,161,108,126,48,44,57,120,196,200,192,212,213,220,238,204,239,202,192,137,196,94,123,85,126,163,134,161,176,148,153,126,123,153,186,168,161,117,108,131,207,212,155,216,163,105,91,153,180,161,168,97,134,102,33,139,188,131,131,125,125,142,105,91,69,171,212,221,220,198,190,173,171,125,139,215,224,207,176,158,111,99,125,150,163,155,102,80,114,166,192,134,158,196,224,155,74,54,108,163,202,152,137,150,139,122,198,229,91,134,69,88,142,196,91,59,150,125,202,155,131,139,128,119,122,119,165,179,224,96,99,69,59,12,52,52,160,93,128,152,99,165,142,142,119,57,79,93,113,66,52,128,209,237,227,108,44,119,113,102,170,168,107,107,119,79,69,85,102,59,44,88,82,50
94,103,94,117,143,137,123,67,49,100,159,180,143,42,106,88,143,153,151,123,62,38,37,70,75,70,70,103,80,44,70,55,123,70,72,94,72,44,72,126,156,191,117,34,60,145,224,185,94,88,57,48,72,55,103,129,62,35,14,10,14,37,83,134,148,88,80,65,70,34,85,67,94,150,171,173,126,134,142,150,126,114,94,65,42,57,100,75,108,75,48,28,88,137,137,80,72,46,88,108,139,148,161,148,139,103,129,173,67,123,114,229,189,180,189,126,194,202,180,202,126,132,212,225,161,62,153,207,173,182,150,126,161,108,108,120,150,196,145,100,100,163,158,120,85,64,51,72,158,126,139,94,120,88,59,126,148,69,62,123,100,88,134,57,57,72,32,26,22,19,36,59,153,180,134,64,83,204,236,189,123,108,77,64,114,148,134,163,163,202,246,248,212,229,220,163,150,196,155,120,40,108,176,155,161,145,117,111,94,150,145,100,126,123,163,88,69,145,202,231,244,213,134,99,134,194,153,123,125,137,192,114,153,168,221,158,212,212,188,207,163,82,91,131,150,194,200,178,105,114,128,82,168,212,243,207,94,54,80,139,163,173,145,108,91,131,192,166,111,158,210,202,114,77,46,38,128,150,196,163,117,128,168,198,152,85,72,50,50,102,105,119,38,99,170,122,64,212,105,131,152,131,142,165,203,212,147,128,94,64,22,52,105,142,125,145,155,179,222,175,158,152,44,29,48,69,152,102,205,212,221,227,150,82,122,71,119,165,163,119,59,102,96,77,102,82,79,64,57,48,57
140,103,86,103,132,132,164,70,65,126,169,143,176,114,46,75,108,111,114,94,65,58,83,86,58,103,103,114,77,83,53,80,67,86,88,44,53,42,51,91,126,174,120,46,48,148,212,197,72,70,77,117,57,108,148,150,153,53,12,11,12,16,53,126,156,126,114,70,106,88,48,57,129,163,126,126,114,153,148,100,97,83,80,88,70,57,126,145,97,72,70,88,106,176,150,148,38,55,123,97,142,150,111,100,100,180,191,153,168,88,180,103,168,106,33,60,134,219,173,166,145,80,94,196,239,158,129,123,123,142,215,111,161,88,69,134,80,75,100,80,117,192,213,137,75,75,48,69,163,192,129,155,145,123,120,155,97,85,163,106,88,62,91,108,62,69,67,26,36,26,32,83,139,196,69,69,108,153,196,178,180,105,94,72,40,26,26,52,77,142,205,224,196,180,150,134,111,189,178,111,102,123,155,145,128,111,108,126,97,142,117,59,126,150,155,99,48,77,182,231,202,158,163,150,150,204,163,99,198,155,188,166,163,184,180,180,238,243,204,219,158,99,38,66,128,173,180,139,114,122,125,125,145,192,245,184,31,48,122,108,145,145,155,150,108,155,202,168,150,192,178,155,125,114,91,108,150,171,212,173,82,72,50,125,168,168,137,99,125,150,125,94,158,131,150,145,44,48,147,108,108,119,147,177,196,202,192,205,108,99,108,134,80,102,160,177,184,212,184,160,163,152,54,22,50,137,194,194,232,215,244,221,177,82,116,110,150,139,69,54,66,113,150,119,107,113,96,88,102,59,69
88,138,126,94,100,197,159,62,108,114,137,137,197,135,132,58,51,67,70,88,108,135,70,65,100,129,153,143,126,126,60,67,77,27,21,67,100,100,57,62,106,126,145,65,32,134,185,151,106,77,67,166,94,100,123,193,180,120,23,12,10,10,46,120,196,173,123,42,42,44,30,77,103,103,40,44,80,180,153,85,123,103,85,120,148,140,106,85,80,91,91,156,173,182,186,62,48,77,88,77,126,106,36,42,106,171,161,117,163,70,83,103,103,103,26,33,75,150,234,103,120,100,53,106,132,192,207,106,150,106,100,137,139,198,91,176,83,62,69,114,198,215,218,182,51,33,29,100,166,171,210,64,129,240,191,150,158,106,94,94,48,52,69,108,91,108,46,100,75,72,40,111,191,178,129,69,69,59,97,102,120,137,88,30,14,11,11,16,25,57,77,108,128,161,120,117,158,153,171,155,131,142,131,126,105,126,142,171,131,117,120,91,150,128,134,108,69,83,131,88,77,114,212,221,213,200,188,153,182,190,158,139,212,150,150,231,222,188,205,178,158,77,88,88,134,153,173,145,128,188,178,150,134,196,166,145,59,102,94,108,91,94,192,158,128,150,188,166,117,198,202,166,160,111,137,160,173,182,178,168,134,105,128,158,142,186,196,173,131,173,163,108,99,155,128,102,52,52,66,96,145,175,150,128,125,175,210,200,179,173,155,99,200,170,137,210,202,209,173,150,131,116,122,119,119,155,198,165,190,231,237,198,147,108,192,145,150,99,61,52,99,134,160,163,152,160,102,116,134,125,59
129,123,129,114,111,100,129,106,42,88,135,159,80,111,65,72,51,65,77,77,123,70,83,132,120,135,198,197,210,103,55,46,67,12,13,72,111,145,100,48,85,135,111,75,35,77,153,134,103,37,62,140,123,75,88,123,145,126,53,12,12,23,55,100,185,176,80,32,19,18,29,85,126,94,34,30,94,123,153,106,97,103,120,137,126,108,40,32,65,126,169,173,117,129,129,48,83,103,60,83,100,70,38,53,67,108,156,148,120,103,91,108,70,111,51,26,83,158,205,139,129,126,67,53,75,184,231,202,94,145,184,249,213,221,220,171,94,65,55,158,163,173,131,102,69,62,69,108,139,142,97,83,126,161,129,126,94,69,72,137,100,80,91,94,131,145,145,105,75,150,166,145,161,105,33,48,77,64,33,26,69,100,102,52,29,23,23,48,64,83,44,67,153,148,120,173,222,186,209,158,91,120,153,150,142,145,158,161,189,163,161,150,100,114,153,123,108,97,83,67,94,163,212,216,229,224,213,196,188,205,137,168,227,178,212,224,173,117,150,142,205,145,150,125,163,180,173,134,74,166,178,168,137,131,108,163,74,155,108,85,69,105,161,194,192,194,160,117,117,203,213,180,176,80,182,125,166,175,155,188,182,173,166,163,152,198,212,213,155,165,202,147,85,184,173,125,113,91,69,102,184,173,96,42,69,155,150,145,188,160,173,218,170,150,163,184,168,125,93,69,85,150,218,215,192,194,150,88,139,188,200,184,131,158,173,163,198,163,116,119,116,131,177,198,192,196,125,69,134,71,40
103,153,114,72,83,120,120,75,51,67,108,77,58,111,83,51,62,91,72,83,86,140,148,151,103,100,191,193,145,88,70,53,70,21,16,19,100,117,75,60,94,123,126,126,60,65,212,132,60,37,53,103,158,117,126,80,62,108,108,51,57,94,51,94,169,120,83,40,40,19,35,72,191,126,65,53,60,55,150,132,80,114,97,100,62,35,23,29,57,126,169,150,75,48,77,60,48,88,106,85,83,83,53,32,40,83,137,111,97,129,75,77,94,67,53,42,108,148,185,150,106,100,75,69,83,150,216,218,123,176,232,248,238,191,221,163,117,120,59,94,150,100,69,85,108,69,106,106,114,117,94,67,129,108,209,120,59,88,94,102,139,150,126,120,131,161,126,62,91,153,97,191,120,55,46,88,123,59,44,42,97,155,176,163,62,35,117,161,196,145,128,145,100,100,182,142,191,218,153,117,168,200,189,171,184,171,155,176,224,173,128,148,114,123,153,180,145,111,99,125,155,163,166,168,200,226,221,225,221,163,139,194,222,236,216,166,148,94,97,161,188,158,184,188,158,166,150,111,102,150,176,163,142,134,137,158,196,96,178,102,122,80,173,209,213,215,128,120,196,150,147,198,72,142,209,69,163,139,196,150,180,178,188,168,128,152,200,192,170,131,145,99,111,170,160,111,131,128,114,163,184,131,61,59,44,38,137,165,145,113,113,111,88,96,163,145,155,155,57,52,91,137,202,196,219,196,82,30,35,119,209,213,173,173,150,182,205,205,175,198,184,168,192,202,179,150,139,119,113,36,44
126,151,108,72,91,111,120,140,83,75,83,108,80,70,70,111,97,100,62,62,108,135,140,151,123,108,180,212,171,137,65,70,80,24,12,25,70,85,65,72,55,140,180,151,126,123,200,158,48,60,55,100,134,189,151,80,83,126,151,100,70,83,53,85,88,65,108,60,111,48,100,70,194,163,70,67,150,150,126,129,126,126,91,85,55,42,26,32,48,55,132,97,100,65,55,94,48,88,126,83,67,70,30,32,48,35,57,77,111,108,70,77,88,44,53,123,114,108,171,129,72,100,134,196,168,158,194,191,205,212,148,126,182,184,139,123,139,131,69,55,83,97,69,69,62,97,126,114,106,77,67,62,108,158,205,100,57,72,62,106,196,148,155,139,108,173,192,120,25,100,105,192,173,184,67,111,94,120,48,114,126,102,158,126,88,75,117,202,212,198,163,145,131,191,194,102,178,139,94,126,108,145,192,200,194,209,212,196,153,209,137,168,97,142,178,207,139,166,139,128,186,166,120,148,166,198,224,233,227,131,102,168,204,213,194,176,117,72,97,117,150,180,186,150,139,145,137,134,153,168,161,173,190,190,148,180,209,180,171,108,77,99,147,200,203,178,180,180,142,91,77,102,91,160,114,91,91,158,220,111,117,131,142,125,91,94,145,198,188,108,80,142,212,175,134,94,114,139,137,168,168,114,88,94,54,69,175,145,134,42,158,105,74,77,52,116,150,77,59,71,113,142,184,122,113,165,88,88,77,163,231,236,168,186,198,152,137,173,232,232,190,142,155,131,158,179,163,152,96,54,59
146,126,100,86,100,117,164,161,100,148,100,180,123,140,100,97,94,75,106,83,111,135,120,88,65,117,123,225,169,126,117,72,58,55,29,34,51,108,62,37,91,158,134,126,166,158,137,151,70,77,100,77,134,173,126,88,91,129,132,123,62,35,32,26,48,94,108,94,48,77,148,100,145,126,65,40,178,182,97,85,117,123,103,80,91,83,42,28,55,72,91,103,150,70,100,108,103,72,100,70,65,70,44,44,32,36,44,72,111,75,91,70,51,38,35,137,168,134,126,91,60,70,134,207,184,198,123,142,171,189,85,48,158,215,145,94,108,114,77,88,120,163,150,91,72,88,111,134,114,88,106,114,120,80,69,123,94,97,102,94,180,150,111,129,97,153,231,189,24,69,72,189,166,171,123,137,88,200,184,142,102,129,123,102,105,163,128,173,173,191,184,128,168,219,212,50,100,120,105,123,123,173,182,155,176,186,202,198,186,168,126,184,62,166,226,221,148,178,145,171,168,158,120,99,155,188,205,184,180,108,120,111,145,139,150,171,125,105,105,102,180,180,128,128,137,134,148,173,166,161,180,192,203,192,173,173,173,184,153,69,50,117,147,114,153,173,207,205,111,66,62,64,114,94,74,128,72,171,182,99,72,91,66,120,77,72,122,196,219,108,69,212,241,170,57,94,108,155,160,147,125,119,142,155,66,54,152,142,99,48,134,152,88,40,31,93,175,82,52,88,102,134,173,163,42,88,198,128,134,168,212,163,184,194,203,213,207,205,239,229,128,74,119,134,152,163,202,155,107,85,52
132,108,86,111,108,120,209,161,148,153,132,187,137,126,94,88,62,108,48,97,120,97,77,65,53,126,189,209,158,151,72,48,48,67,40,42,88,126,67,46,80,94,137,134,108,140,85,129,100,94,108,70,108,75,70,38,40,85,97,106,65,24,12,16,55,103,100,97,48,44,140,145,88,70,23,38,100,83,88,94,83,62,70,100,114,100,70,65,134,70,85,97,67,83,83,48,38,91,126,91,77,103,80,55,35,55,55,94,91,94,65,55,38,53,36,94,153,120,91,114,120,134,134,111,100,126,59,88,153,220,102,38,173,239,198,75,48,148,134,108,194,225,194,142,108,120,97,123,102,80,114,129,126,77,51,88,94,55,108,126,117,85,59,50,48,85,221,196,69,80,129,150,145,158,158,88,171,215,194,192,83,117,150,158,194,191,150,91,173,176,184,145,150,166,120,52,30,108,102,126,212,158,134,163,171,155,150,123,117,171,77,142,123,168,192,139,200,176,148,196,85,99,139,105,134,180,99,52,66,173,145,108,108,139,83,142,180,145,178,188,204,137,145,134,114,66,108,202,163,161,166,155,180,153,150,178,125,153,196,102,80,155,188,150,139,209,218,173,125,114,114,85,94,134,196,215,182,150,184,158,72,158,173,128,125,69,82,182,213,142,108,182,221,200,85,99,142,194,155,116,69,113,160,177,119,66,113,108,64,94,105,113,94,35,46,96,102,52,46,77,108,108,142,168,145,147,147,145,155,137,194,173,105,184,219,235,226,244,212,186,142,145,173,188,207,218,173,134,150,194,177
83,106,111,103,108,174,151,145,145,83,117,126,72,77,100,70,77,91,31,55,77,53,75,91,86,117,204,153,193,106,62,58,72,51,70,58,97,126,85,55,62,83,100,103,72,80,148,137,126,151,91,88,100,72,53,70,38,60,108,100,88,37,21,28,53,108,117,108,48,38,126,106,40,29,29,29,44,51,100,111,83,55,29,48,100,94,83,100,75,77,42,70,62,85,40,32,38,29,48,91,53,120,161,100,83,70,83,97,88,42,77,62,108,85,80,48,72,97,126,173,209,161,100,67,70,88,55,102,176,209,129,48,184,227,198,83,55,117,139,173,209,219,212,184,150,123,88,80,59,114,67,155,150,120,83,42,100,108,148,131,97,88,62,44,24,44,155,150,126,117,150,91,108,189,153,150,180,171,88,50,64,102,186,220,224,213,158,77,69,100,139,163,108,85,102,85,102,108,166,184,196,209,155,142,173,150,97,88,150,123,120,134,176,182,114,123,161,180,150,150,128,150,163,108,145,153,97,66,108,125,145,131,150,153,125,85,184,153,176,224,204,148,142,97,88,69,85,186,163,148,145,122,182,155,168,150,99,145,212,158,171,246,222,148,166,219,192,108,117,150,145,99,105,150,231,250,239,192,205,196,155,215,207,111,102,108,69,125,213,173,131,202,218,196,88,88,179,212,139,94,71,69,139,175,158,125,64,54,61,77,108,99,74,48,88,91,71,54,40,69,119,125,131,150,125,99,145,163,158,168,145,177,194,145,194,196,209,249,215,150,152,205,219,186,213,205,224,221,142,205,237
55,75,146,156,126,83,111,100,94,94,72,62,106,145,94,70,100,55,86,70,72,97,70,91,140,120,126,145,158,94,135,70,55,80,94,123,103,158,108,57,35,27,46,91,94,106,161,129,129,180,100,111,103,103,88,21,53,77,134,83,53,44,32,46,70,91,129,80,60,108,70,57,35,40,40,24,53,51,100,129,57,24,26,30,55,77,70,55,36,42,53,111,129,67,48,48,48,60,32,42,80,178,218,100,65,114,75,51,38,48,148,191,150,67,75,80,126,126,126,148,202,129,70,137,142,114,114,184,171,173,191,106,176,178,192,134,120,150,153,212,173,114,166,173,142,150,108,94,85,100,75,173,72,111,123,59,83,91,189,111,55,75,67,48,80,77,129,153,173,120,69,100,48,100,88,126,94,64,94,80,55,75,173,221,216,184,100,64,69,64,105,97,57,111,207,173,173,155,120,158,198,173,184,180,128,128,148,91,108,198,178,158,139,178,137,72,158,150,114,168,150,134,99,173,188,171,139,108,125,155,125,125,207,220,161,153,180,117,137,173,161,117,114,105,74,97,105,131,188,142,122,161,196,203,161,105,82,153,173,196,225,235,180,111,173,171,102,85,114,77,74,134,99,94,200,249,252,188,152,243,213,184,137,131,125,111,69,99,196,184,69,158,155,99,94,99,108,150,158,69,91,71,96,158,102,57,57,69,71,82,116,99,44,85,134,61,113,128,134,125,145,128,131,134,119,131,177,203,184,163,125,142,125,122,150,173,184,139,158,160,163,198,220,212,196,155,188,122,224,142,198
44,44,151,166,143,108,67,126,120,100,94,80,67,120,97,70,70,114,103,161,120,86,83,114,111,48,94,123,88,166,83,88,106,156,148,65,153,108,100,57,46,62,51,53,85,143,148,83,193,183,151,51,126,60,48,57,67,100,148,126,75,88,72,34,35,62,94,77,80,70,83,103,60,70,40,37,53,70,97,117,65,40,35,21,32,70,77,70,35,57,126,163,158,114,85,80,70,62,28,28,117,185,194,180,94,94,67,46,70,137,153,108,80,88,134,204,173,114,134,120,123,132,150,192,176,126,182,235,178,180,204,153,153,139,155,184,198,178,168,168,94,57,153,182,134,153,148,155,123,111,120,153,69,57,80,59,57,67,142,91,77,102,102,91,77,102,126,111,134,155,83,29,126,129,91,42,100,91,75,38,75,137,176,178,163,192,150,117,105,150,88,48,94,180,194,202,189,153,166,182,155,178,173,171,105,97,150,184,173,178,163,176,180,125,180,173,131,134,114,83,123,188,168,158,194,158,153,153,148,105,88,94,212,243,171,212,131,48,99,99,114,178,182,114,117,128,125,131,176,145,120,137,212,158,145,150,80,145,134,212,221,134,134,122,134,142,99,114,120,69,111,150,96,18,173,188,229,102,125,210,158,99,108,145,117,77,82,72,145,194,114,170,150,139,125,105,139,119,122,131,131,99,77,105,152,131,66,77,99,128,150,108,134,77,96,102,190,218,209,173,137,131,152,134,134,173,198,198,188,139,110,139,158,158,150,155,147,142,150,150,142,177,175,173,173,139,150,152,196,170,128
67,65,126,166,151,100,77,86,129,103,88,120,108,86,108,103,100,123,123,106,100,164,145,111,100,94,88,70,97,106,86,72,77,111,108,75,75,111,132,70,19,44,100,57,83,174,164,171,134,145,156,48,114,94,38,40,75,91,156,132,60,77,100,32,23,55,62,77,94,108,100,103,65,120,88,32,83,158,126,85,100,91,32,29,34,46,108,103,91,120,148,163,85,111,100,85,94,88,40,46,108,145,216,236,100,65,75,100,70,57,60,75,117,173,213,204,189,163,117,106,108,171,171,106,126,161,184,198,150,134,182,123,153,120,131,207,224,196,120,59,72,88,158,196,145,123,173,189,180,145,111,94,106,44,59,52,48,88,108,155,142,148,150,94,91,168,94,77,108,137,182,126,186,178,176,62,153,100,168,128,117,168,207,184,94,108,178,173,178,196,97,80,128,173,153,189,158,148,153,100,102,128,145,126,123,97,163,120,173,171,163,137,190,148,125,134,137,139,99,102,168,145,163,215,215,180,155,91,105,150,52,62,192,244,231,218,128,66,69,88,150,190,213,190,117,105,102,125,153,117,166,173,166,145,122,171,114,131,178,224,215,171,139,139,99,150,134,99,160,205,226,153,168,25,99,77,74,31,163,99,128,131,200,82,102,120,88,82,125,188,209,150,198,184,150,173,184,134,77,142,122,105,125,147,150,125,94,111,150,150,227,196,50,48,96,173,245,235,196,158,173,116,145,150,175,196,179,145,173,192,152,125,139,150,152,119,125,145,137,128,113,139,165,150,163,179,142,139,158,192,110
94,91,114,140,159,126,129,114,114,100,83,83,140,100,106,117,106,108,132,159,135,97,86,117,111,72,103,106,72,80,60,53,103,94,126,70,83,126,148,145,100,55,94,83,100,164,134,80,108,196,148,126,94,114,65,32,48,83,117,83,88,88,77,80,40,28,72,72,62,72,83,38,70,126,85,97,106,106,106,40,42,55,77,83,46,67,173,158,204,106,106,67,83,62,94,103,83,94,72,65,97,185,235,218,126,70,100,72,48,70,65,114,156,153,142,139,150,176,142,114,120,108,75,62,150,225,158,85,103,72,126,158,142,88,117,191,215,202,91,67,134,108,108,173,168,168,182,207,216,163,83,102,126,52,46,85,64,126,94,134,123,173,225,142,50,83,97,69,102,123,196,180,212,236,150,153,85,176,198,202,192,216,220,192,88,100,97,216,194,182,108,158,85,202,126,178,131,150,126,148,120,105,131,114,114,120,50,137,128,192,189,94,139,72,189,131,155,125,139,145,163,192,198,212,216,178,148,186,155,69,69,102,161,231,234,198,120,64,85,102,139,153,190,161,99,69,69,117,204,188,158,158,99,117,99,202,148,171,180,216,221,215,202,142,99,125,125,99,198,231,235,188,168,137,69,80,117,40,158,134,139,194,184,139,155,134,99,96,122,145,152,111,192,178,175,184,249,213,102,69,122,142,177,150,102,105,108,125,170,186,175,192,113,77,74,196,212,168,147,134,139,110,134,173,196,152,91,82,170,202,134,108,131,137,160,108,105,145,160,150,125,128,160,168,165,170,168,122,125,144,96
97,126,97,100,164,140,58,88,94,67,67,44,120,100,103,108,111,114,88,103,88,67,94,111,106,114,91,67,164,123,70,60,75,94,148,129,117,145,70,29,48,108,100,114,126,164,156,100,88,117,158,140,100,132,48,62,29,62,126,120,85,67,83,103,70,44,65,91,72,48,83,60,57,137,189,51,169,114,83,62,44,70,100,83,75,150,207,215,196,161,67,70,91,46,108,70,100,67,108,72,60,173,245,226,161,67,97,85,91,53,126,88,106,62,62,70,75,117,153,132,94,57,83,106,224,196,51,35,72,51,126,224,153,126,150,166,158,178,209,180,123,53,57,155,180,178,196,209,205,145,102,131,100,51,64,120,64,111,106,88,134,171,231,196,85,83,77,77,145,178,189,198,182,192,97,134,83,150,198,224,221,218,189,126,100,126,168,213,216,189,88,163,150,120,176,117,148,126,158,158,173,117,102,126,153,168,134,64,150,117,166,114,114,150,59,173,145,161,236,202,224,178,210,222,202,212,190,182,194,188,153,182,173,186,245,224,142,91,123,77,29,62,145,120,66,64,114,120,108,122,145,117,59,102,150,180,158,137,134,161,192,213,173,176,150,108,85,139,194,163,155,180,171,182,122,128,180,160,125,160,196,168,134,150,128,137,134,99,64,80,120,82,139,131,203,230,252,248,137,54,64,94,145,102,71,125,134,125,170,212,179,145,119,113,99,134,125,113,137,173,99,165,99,99,137,99,125,182,179,134,61,142,163,213,128,93,134,122,179,147,160,125,125,158,184,173,173,160,152,150,102
103,114,100,77,88,108,75,70,77,106,86,60,132,80,108,83,123,86,70,67,83,86,137,114,103,129,100,111,70,151,106,72,38,176,88,135,158,145,72,62,58,111,111,111,153,100,94,106,117,97,126,158,97,80,57,40,44,67,140,126,70,117,158,83,67,94,153,137,108,137,100,77,137,156,91,85,80,114,57,62,44,60,88,70,80,140,189,173,161,97,97,80,114,88,80,80,100,111,103,77,48,132,251,251,132,53,100,111,70,55,120,44,85,38,23,28,42,108,134,137,100,72,156,202,224,150,69,40,55,198,191,150,142,123,145,163,137,102,198,218,131,75,80,191,168,91,88,153,150,163,137,100,91,97,106,126,88,100,126,123,173,166,180,194,168,123,105,150,202,224,173,163,131,85,59,42,91,114,171,231,225,196,145,123,163,202,196,163,196,184,173,142,205,212,192,91,171,171,202,196,111,120,128,134,166,173,126,148,100,77,85,163,120,108,202,111,180,210,240,212,196,212,196,171,188,235,224,224,182,200,171,173,216,192,225,178,117,134,145,139,69,97,176,155,94,74,111,105,69,99,102,72,52,64,168,155,161,166,102,142,137,194,213,171,168,117,69,150,176,62,88,186,150,155,180,158,180,210,150,111,196,175,150,91,119,168,131,50,38,99,158,77,82,134,200,246,233,240,108,27,16,108,116,59,74,152,116,85,152,163,145,145,131,74,158,150,158,179,200,99,173,116,88,74,93,108,173,184,116,69,99,91,163,145,139,137,134,74,150,122,160,134,125,163,179,145,196,219,194,179,131
91,77,80,80,100,83,94,77,65,159,123,126,91,72,100,103,120,62,97,88,77,135,164,148,77,88,106,103,48,174,88,75,48,94,111,193,145,161,103,85,62,91,135,94,114,108,161,126,94,57,126,57,77,117,100,91,129,91,100,108,65,75,150,106,60,100,145,111,134,126,62,57,83,106,70,85,180,103,40,55,97,77,53,60,62,65,111,57,60,126,134,123,70,88,126,120,120,106,126,83,80,126,245,250,142,46,70,75,40,67,26,100,72,36,36,25,40,77,94,139,148,85,117,196,205,150,108,94,114,192,123,88,171,94,91,173,108,83,114,163,171,153,150,194,129,42,48,64,69,180,150,129,142,204,126,142,126,83,108,134,153,173,153,145,148,155,173,173,231,245,137,139,88,36,33,22,29,44,126,212,200,173,163,184,196,202,216,224,209,215,212,173,168,196,194,171,173,200,186,171,155,123,158,114,148,198,123,134,120,48,57,105,163,168,150,153,150,182,173,196,212,188,171,158,205,242,244,226,176,207,202,158,150,153,88,180,94,180,194,205,168,97,131,137,97,69,62,125,173,114,44,114,114,54,161,210,202,158,196,196,232,196,188,125,114,125,91,134,180,147,102,145,120,131,188,226,171,215,168,102,188,212,166,150,122,155,105,31,54,99,114,69,119,202,232,238,173,179,82,22,33,96,94,52,88,102,91,52,69,80,66,145,160,82,213,209,212,200,163,145,147,88,113,54,40,125,179,150,99,110,134,96,119,99,85,160,119,96,102,150,113,158,119,122,128,147,179,216,222,219,207
67,70,70,94,132,80,60,86,108,153,202,166,83,65,117,120,88,94,72,83,126,174,135,106,114,103,80,88,70,145,34,62,117,60,164,189,169,153,103,100,129,108,145,143,140,140,164,126,145,70,156,75,126,70,126,83,148,100,91,126,77,70,140,158,77,65,120,134,80,46,72,55,32,80,72,48,140,117,48,65,100,88,72,103,120,65,60,117,97,134,185,114,80,114,80,72,117,126,80,94,77,103,247,249,161,85,65,103,94,40,88,103,83,83,70,32,36,28,94,150,120,67,83,150,150,153,134,139,139,224,69,161,178,102,77,94,88,67,97,145,137,173,213,166,59,51,77,53,108,111,218,126,171,226,150,153,150,88,85,134,129,192,198,80,108,137,150,166,205,245,111,88,94,26,26,19,12,21,111,186,173,173,168,171,173,173,220,222,191,196,213,192,123,189,209,180,176,213,213,148,153,182,161,120,137,180,168,150,75,80,88,100,209,212,184,126,108,102,176,224,192,188,192,188,194,188,200,227,209,178,114,171,128,202,50,33,82,139,213,128,72,137,134,120,82,85,122,184,155,105,80,131,108,142,74,202,188,226,188,196,226,202,66,94,102,125,173,173,145,205,77,168,77,168,222,175,209,212,186,150,192,205,160,137,158,139,96,44,77,96,74,85,170,190,241,250,160,99,80,71,105,108,134,64,59,113,125,42,29,57,88,119,182,170,188,213,209,160,116,116,91,96,108,77,69,116,139,122,110,96,122,145,119,91,69,110,105,93,145,137,134,173,113,119,160,177,186,186,233,236,222
75,83,70,80,86,94,94,111,169,143,204,169,77,67,151,108,91,86,80,117,126,135,106,100,114,75,55,97,97,60,70,135,62,70,120,103,158,158,91,91,80,174,197,200,224,166,169,94,132,161,153,169,97,51,126,111,62,100,91,91,94,35,70,129,75,88,106,182,70,44,53,65,35,85,48,60,62,83,55,72,97,129,150,178,212,176,153,186,231,196,189,185,103,88,70,94,70,83,48,46,80,97,145,171,171,176,150,163,156,77,51,108,148,100,46,51,65,62,80,137,126,103,80,80,94,129,111,123,166,202,123,216,161,142,150,150,57,114,129,150,114,102,153,88,40,77,88,129,161,75,158,166,148,182,173,139,155,106,80,134,186,207,192,69,77,88,126,126,137,231,46,69,117,38,46,23,17,33,80,102,117,137,114,69,117,168,153,150,120,171,153,176,128,200,191,173,178,212,204,150,191,231,222,189,131,100,134,163,153,163,166,205,205,163,202,139,57,64,176,196,224,212,196,188,190,182,186,173,155,145,77,50,69,128,123,74,139,150,168,168,69,69,69,99,117,69,99,120,125,145,108,128,46,82,224,209,145,196,200,180,153,108,52,25,102,155,173,125,105,33,50,196,134,210,128,128,111,94,125,194,131,163,171,147,91,85,102,108,105,105,155,69,137,173,246,242,173,74,94,139,188,192,182,69,50,163,184,128,66,82,122,128,170,192,179,203,184,137,113,66,54,69,116,119,91,74,108,99,108,113,142,173,99,79,102,74,116,145,152,152,163,137,102,147,188,190,131,158,210,212,190
103,117,75,46,49,103,151,148,159,143,156,123,83,106,111,108,108,100,145,153,140,120,108,108,100,65,70,120,77,70,123,106,100,88,60,60,77,117,100,117,114,123,176,220,242,183,140,191,178,171,145,148,120,114,67,91,83,132,153,62,53,55,38,57,65,111,134,123,108,70,62,83,114,38,83,72,44,53,51,123,114,103,180,150,150,212,178,166,213,222,185,196,55,83,65,83,62,65,88,70,70,51,91,173,219,235,213,185,85,57,94,83,106,94,70,142,132,77,106,171,173,145,67,72,100,100,137,150,158,163,196,173,163,191,182,131,120,210,173,155,129,69,131,126,26,32,85,161,158,83,126,184,150,106,178,117,123,194,171,100,171,186,129,100,102,131,120,131,117,150,55,100,72,85,80,26,35,67,97,100,114,126,108,91,105,150,134,153,102,189,134,209,173,196,176,194,200,194,186,128,148,207,233,210,117,108,163,227,239,242,245,247,221,173,190,155,77,46,134,212,200,163,153,163,134,125,125,134,137,150,137,50,25,77,194,190,196,173,122,150,125,50,33,64,94,54,50,99,196,186,155,125,105,128,215,216,226,168,203,139,171,173,77,33,77,161,137,111,31,48,139,173,232,128,120,158,62,114,131,178,122,173,152,91,35,72,196,173,134,184,158,66,139,173,216,188,202,122,80,119,209,203,158,99,64,163,233,212,116,99,61,158,155,175,175,194,150,158,145,79,96,77,108,122,82,61,74,82,93,113,134,131,99,99,108,110,150,152,134,150,147,134,107,158,131,105,137,145,150,179,196
88,111,75,32,55,198,204,145,126,100,72,126,120,132,100,100,100,108,193,212,194,166,135,100,91,83,86,65,77,86,86,120,135,91,38,65,77,85,106,100,100,129,183,218,240,231,189,209,205,103,117,134,111,67,161,100,153,80,77,77,70,62,72,65,65,80,57,108,100,156,103,123,132,100,126,134,88,123,117,106,111,100,91,85,83,91,117,178,236,210,178,57,48,48,114,70,60,88,62,70,100,129,137,191,239,249,221,145,91,65,134,80,145,163,196,200,196,185,153,150,150,108,72,62,126,150,134,126,150,182,166,180,163,173,166,163,212,221,150,145,131,106,150,155,64,51,106,163,108,69,108,120,108,48,142,142,163,180,180,134,150,178,158,158,166,161,148,120,114,131,191,105,150,114,111,69,94,102,178,176,182,182,173,171,128,150,184,150,155,180,210,216,213,163,166,194,186,114,150,153,142,150,205,209,134,117,192,249,253,252,245,236,235,184,145,196,173,85,161,210,166,134,131,125,134,99,77,94,85,114,202,142,108,190,243,242,200,186,198,128,74,66,69,69,99,111,99,125,184,134,94,137,237,188,122,190,196,150,153,173,182,139,66,40,59,108,145,200,171,42,125,184,178,180,105,66,166,134,117,163,175,184,196,160,134,202,238,192,158,192,212,152,111,155,190,213,145,145,128,163,175,150,158,108,155,196,218,173,94,119,48,147,173,188,173,150,150,186,139,190,173,113,122,134,99,59,50,69,108,102,108,158,137,88,74,108,155,158,108,108,125,145,90,99,125,71,66,107,160,158,152
106,83,70,70,100,236,232,67,49,34,70,159,169,197,151,123,72,67,197,225,186,145,114,103,86,65,60,62,60,60,70,103,80,83,75,94,114,114,70,72,145,166,189,200,213,224,224,205,174,123,126,134,140,126,123,143,156,60,70,111,80,72,72,97,83,83,75,137,150,108,83,120,97,186,103,94,94,176,150,108,80,72,55,48,60,46,137,126,91,108,65,40,35,40,60,70,126,53,53,75,163,148,137,189,216,220,191,91,117,205,150,176,180,145,111,148,192,200,168,88,80,67,33,94,117,142,142,153,120,123,150,192,150,80,173,184,139,106,106,129,123,102,145,192,178,126,150,158,129,88,94,129,75,36,100,145,176,163,173,173,168,191,184,158,126,114,114,94,126,168,129,123,126,139,97,120,134,139,180,213,236,232,215,210,158,158,158,168,153,198,212,196,221,196,189,176,158,88,137,161,158,150,123,134,111,100,137,238,249,248,194,173,221,192,163,192,210,178,168,189,161,176,192,153,131,128,99,38,55,72,142,210,125,128,218,229,204,196,171,163,163,148,120,128,137,158,173,205,180,176,173,168,219,242,222,225,200,173,163,142,210,209,150,85,69,80,117,202,192,145,163,125,82,111,139,173,82,99,120,137,122,168,175,102,125,209,218,168,150,196,192,64,145,184,188,137,150,125,152,128,139,125,142,102,173,179,108,69,54,125,116,48,182,219,139,150,168,192,188,163,91,113,110,122,71,59,77,99,119,69,105,168,122,88,69,116,110,139,145,102,85,122,116,99,125,74,66,125,142,147,150
123,108,58,88,135,143,148,31,18,40,77,135,189,185,178,129,103,77,126,212,191,100,72,88,58,60,65,94,72,53,58,77,83,114,123,85,126,108,77,108,171,151,134,169,169,193,176,161,111,134,108,88,161,173,161,173,145,108,80,94,108,114,129,171,148,70,94,94,120,108,72,126,145,100,62,137,140,120,106,137,100,75,57,38,70,77,80,55,55,72,106,53,34,88,120,148,77,70,100,88,94,97,108,134,185,161,85,83,126,77,185,108,111,129,137,134,180,180,126,106,83,123,100,29,88,150,178,173,139,145,103,212,198,48,88,120,131,129,67,106,94,64,191,231,142,120,161,126,182,102,163,163,137,83,51,176,153,134,182,189,158,176,176,129,88,50,85,114,97,108,153,139,139,139,108,117,176,173,129,196,226,182,173,180,142,150,139,137,123,178,158,191,180,242,194,178,134,148,153,94,83,117,77,100,126,69,64,117,189,216,142,182,220,173,161,150,221,213,150,161,196,209,212,173,120,125,123,33,67,123,111,221,91,134,188,209,150,142,148,204,192,166,196,173,168,182,196,243,242,186,153,207,173,171,233,230,242,207,114,74,190,238,180,88,74,120,176,150,134,85,134,108,59,42,139,134,46,72,139,150,139,88,66,102,111,117,120,139,74,29,99,125,150,165,94,77,77,50,128,131,175,175,186,184,88,66,91,94,96,116,102,128,105,210,137,160,160,173,139,96,27,69,54,116,79,31,59,77,74,77,99,137,173,66,119,142,102,119,150,102,105,69,125,116,113,102,125,137,105,137,131
108,103,120,55,67,80,83,24,28,49,86,94,106,193,153,145,106,117,108,114,126,103,70,46,35,77,42,70,164,42,58,38,151,140,88,67,111,100,140,129,117,129,106,151,126,164,126,134,83,114,103,126,176,178,169,137,129,132,153,150,100,117,194,209,117,48,88,126,148,123,126,134,126,129,142,153,88,70,67,100,140,83,57,77,88,77,72,48,100,60,77,97,80,100,126,72,123,38,65,91,103,32,44,100,94,111,65,80,94,145,83,134,103,205,117,142,126,132,196,178,142,106,150,156,72,123,123,200,222,158,191,205,117,38,29,120,102,108,176,126,106,67,83,153,108,94,189,163,114,150,158,225,173,134,64,173,100,150,180,129,120,150,139,114,77,40,88,129,102,69,150,158,120,97,126,139,153,155,134,145,168,114,94,114,134,194,171,69,59,128,126,145,198,209,200,207,186,182,114,80,67,134,173,137,134,50,62,72,171,218,204,196,161,137,123,120,196,173,134,131,168,210,184,178,205,180,125,99,108,163,142,204,57,155,158,166,145,72,163,80,91,139,102,108,128,134,173,161,200,114,205,188,171,202,235,241,202,168,74,77,108,153,184,161,161,190,192,72,59,66,69,99,91,50,69,166,57,35,59,152,188,77,48,80,114,80,33,54,108,72,102,178,192,221,155,77,40,57,59,190,232,184,94,99,74,94,113,116,131,102,80,105,150,128,134,152,216,225,125,50,27,21,44,88,64,31,69,102,71,119,119,179,170,110,182,175,173,88,134,158,85,66,107,137,116,144,119,99,125,137,110
106,111,108,70,51,58,88,114,70,42,60,108,108,114,148,120,70,83,120,111,62,49,49,31,51,44,58,117,103,100,40,37,158,171,143,75,70,117,126,126,106,140,143,132,100,148,164,174,103,126,164,151,143,153,103,132,150,140,166,171,106,169,235,207,134,77,140,103,150,94,83,67,126,173,117,65,72,55,53,91,150,126,60,94,108,91,97,42,70,153,72,132,117,57,42,48,94,65,60,106,72,72,100,117,57,53,94,70,111,70,94,176,182,173,77,46,139,126,182,176,120,132,134,134,139,88,75,158,168,213,108,100,117,46,59,163,171,202,224,189,100,69,26,55,108,176,189,182,62,171,196,212,182,77,106,77,145,168,178,153,102,85,88,94,108,80,69,100,131,100,137,131,111,42,163,150,139,173,108,67,83,67,83,153,163,134,94,57,40,97,145,166,145,128,196,209,226,202,100,83,85,126,207,196,150,94,83,120,171,224,182,100,59,120,134,120,145,120,123,137,145,184,198,188,212,190,158,125,128,111,155,178,120,83,150,125,114,88,153,85,62,97,64,42,64,77,85,122,142,192,161,108,145,221,205,150,163,161,102,52,69,158,171,153,186,168,153,155,26,31,94,150,88,52,134,171,64,31,102,137,145,72,26,77,108,50,19,35,114,194,152,114,192,252,198,44,38,96,108,125,173,155,152,165,111,99,105,77,137,179,173,173,155,150,125,188,209,128,71,102,21,19,82,69,102,173,163,110,116,150,179,160,150,198,216,203,150,85,173,113,116,110,119,107,119,142,116,96,175,177,82
140,138,129,97,37,88,143,140,94,35,77,86,123,114,117,80,62,55,88,88,83,27,24,53,60,58,88,120,129,70,46,123,83,117,103,100,100,111,120,103,153,174,164,143,94,106,85,193,129,153,196,140,108,72,120,182,120,132,156,161,158,200,225,169,169,137,77,126,94,77,51,57,70,55,97,60,77,67,51,72,94,126,100,48,91,85,46,85,100,97,117,156,114,42,77,88,67,72,97,94,55,51,40,55,100,48,55,53,83,173,168,148,173,150,100,88,153,161,126,137,65,55,94,94,83,97,57,85,182,129,114,139,131,51,44,67,173,153,231,246,153,80,44,67,184,212,176,153,184,229,117,212,153,102,62,94,218,189,220,150,69,40,72,106,108,88,123,94,139,139,64,102,171,64,150,148,139,173,105,52,55,72,128,191,192,145,102,88,85,131,194,161,108,126,148,209,234,233,173,137,126,128,210,224,192,108,105,139,131,153,126,128,75,131,205,150,125,150,186,176,163,150,196,155,134,142,125,102,62,64,153,158,85,80,145,134,102,120,128,88,91,102,77,38,40,59,69,145,196,171,108,202,196,238,155,137,114,96,88,54,54,74,134,128,148,163,173,145,80,42,96,120,120,122,196,139,128,69,82,134,54,91,91,66,102,59,20,57,158,80,108,114,205,235,152,33,88,184,182,69,31,122,177,142,152,190,198,119,152,237,216,173,152,150,182,241,234,147,82,82,59,44,52,110,198,220,232,196,182,205,163,160,168,163,224,202,113,93,119,107,165,128,88,54,93,96,134,134,150,155,59
140,140,111,86,34,75,159,159,120,37,44,100,86,100,108,80,77,103,140,86,42,55,32,44,53,94,94,129,83,67,83,111,114,70,83,106,123,100,151,145,103,151,126,75,53,70,57,80,153,100,151,129,70,48,156,169,60,161,173,182,166,150,180,156,158,120,117,123,85,158,70,62,57,57,108,70,100,117,67,83,97,83,75,65,103,103,57,77,97,114,117,145,126,65,53,85,117,123,120,88,44,40,72,62,72,80,70,48,94,171,202,150,108,120,100,91,153,173,120,83,62,88,67,67,83,120,117,114,178,155,142,178,57,55,59,51,120,192,150,212,221,111,32,33,150,191,216,196,207,158,202,184,153,114,62,168,180,126,173,114,52,46,67,120,117,145,176,134,69,129,117,114,225,150,202,148,85,150,150,102,94,155,166,207,224,184,173,163,218,171,168,145,108,123,134,189,202,186,184,163,155,191,220,182,117,117,94,75,180,150,189,234,209,168,216,176,120,196,219,178,168,131,117,117,111,125,111,125,48,80,123,105,108,125,171,212,184,105,88,94,111,64,31,64,88,82,94,128,171,198,232,250,235,168,166,153,80,128,111,122,48,31,99,125,120,161,122,120,120,72,72,117,94,147,238,134,173,180,54,74,186,163,158,74,57,125,128,120,72,158,74,173,85,105,44,80,158,243,105,50,25,69,147,122,145,212,230,210,210,188,186,142,168,202,232,239,182,80,69,122,99,74,48,108,213,221,207,205,209,210,170,147,134,150,202,163,125,61,110,158,107,102,61,48,99,102,116,147,128,125,99
67,126,132,106,70,42,185,207,86,46,60,65,70,75,97,77,111,205,178,111,103,94,53,72,129,106,83,70,70,88,48,80,88,88,148,123,126,164,126,114,88,67,100,62,55,70,94,80,77,70,77,91,62,100,80,100,91,129,176,191,163,129,148,140,120,100,173,123,189,173,108,83,126,173,108,67,100,94,46,72,83,48,65,94,106,53,70,62,103,97,67,142,176,126,60,126,132,150,126,97,53,44,48,57,70,126,88,65,129,114,205,204,88,60,120,171,148,148,108,83,91,94,117,91,120,106,148,148,120,111,117,72,48,75,83,77,134,108,100,178,191,94,83,168,202,176,196,222,168,163,184,236,176,64,85,69,212,186,153,59,69,52,77,111,120,126,168,182,85,150,202,200,134,225,191,105,126,129,176,148,111,173,176,202,235,209,200,207,243,153,150,139,100,117,117,108,176,155,155,148,161,207,224,128,55,114,100,134,200,219,242,251,213,189,205,190,108,171,205,158,150,163,88,99,134,173,153,142,114,105,97,102,105,184,231,239,231,153,108,105,62,46,66,153,128,74,66,128,171,212,251,252,213,184,202,64,96,120,117,108,88,80,114,114,114,142,150,114,46,94,150,111,62,196,190,224,120,99,150,114,203,207,212,203,173,175,152,120,50,116,105,178,69,88,26,74,155,221,147,99,66,54,71,139,213,216,233,232,242,190,203,102,182,188,168,147,168,158,69,54,96,88,59,57,108,125,116,110,194,196,160,128,59,82,186,155,137,110,82,175,107,52,74,61,69,96,137,142,125,139,125
60,159,171,103,40,49,156,189,70,51,16,15,38,32,44,106,91,151,220,202,137,91,91,145,111,80,100,120,126,126,140,62,86,94,108,137,117,123,103,88,70,55,70,62,44,34,55,83,55,77,70,55,60,34,48,100,134,103,156,161,137,140,106,106,123,100,132,189,180,163,134,169,150,182,142,65,53,65,28,48,60,32,60,126,120,51,103,117,44,72,123,180,232,88,77,123,166,114,100,75,94,91,53,88,126,91,91,29,94,150,194,163,132,106,65,80,88,67,126,100,106,70,65,150,134,108,145,123,134,150,126,83,67,114,150,153,83,67,94,153,168,137,126,166,192,220,221,204,189,171,176,161,120,97,91,64,72,158,178,137,129,139,205,207,126,69,189,251,226,153,155,100,176,180,200,142,158,120,100,166,153,158,142,166,227,192,134,168,139,105,150,173,77,72,77,44,220,134,94,91,150,196,220,192,114,126,139,153,190,247,234,250,192,128,180,204,123,182,209,182,125,131,125,99,142,173,153,120,161,139,128,91,145,178,236,246,248,204,123,108,69,102,215,238,161,125,85,145,173,202,250,248,192,196,158,64,59,111,148,66,69,145,150,102,108,161,184,139,57,137,175,111,105,145,150,134,99,108,190,184,184,209,196,215,218,170,99,160,170,139,170,194,175,48,69,40,219,170,158,85,80,119,170,202,192,209,222,235,145,184,122,57,173,119,116,245,220,61,74,54,71,36,46,71,64,44,44,69,96,128,77,77,66,122,145,168,122,74,155,168,107,50,71,90,79,116,150,119,131,116,110
58,114,166,120,120,49,91,86,161,27,32,86,83,32,86,156,120,193,189,108,145,120,75,126,151,88,189,151,126,123,100,103,91,85,85,140,100,72,83,94,114,100,83,67,77,72,72,88,55,77,70,48,60,32,32,62,94,106,126,143,134,114,80,85,100,67,88,158,173,123,158,163,134,111,120,70,100,103,62,67,88,44,77,158,150,88,108,120,57,100,150,191,196,80,83,132,150,91,70,55,91,189,145,77,106,100,106,44,142,94,198,213,194,108,51,62,83,106,150,153,57,72,55,65,100,150,80,114,69,97,57,67,62,163,163,173,120,97,59,94,196,212,180,155,176,166,220,186,155,182,163,171,77,46,94,69,55,126,209,227,224,246,240,196,137,88,161,250,241,171,97,88,137,153,209,158,77,171,218,173,148,126,123,137,155,131,69,64,44,80,155,205,67,100,33,83,239,134,59,64,150,220,196,178,158,131,131,120,178,207,190,192,207,134,137,168,188,178,153,153,139,102,139,114,155,163,108,158,163,150,125,123,176,97,236,240,213,163,91,145,150,153,234,248,236,192,99,120,188,213,250,227,190,131,168,117,88,131,105,64,74,99,88,96,125,150,182,166,142,178,194,171,150,108,69,114,150,134,168,173,150,152,152,203,230,196,145,145,173,196,205,147,168,91,184,119,184,207,186,131,113,137,168,163,111,158,184,94,145,77,64,57,170,152,194,248,232,152,44,21,33,31,46,48,44,46,61,113,66,61,79,113,105,155,79,175,125,134,134,61,71,105,71,99,131,93,99,82,102,85,74
65,120,161,145,126,65,83,114,151,34,55,77,62,62,62,166,91,114,180,135,117,86,77,62,135,135,135,88,137,103,153,53,100,67,103,103,97,72,120,161,117,126,134,83,53,97,44,126,60,103,65,75,77,100,55,55,65,83,83,94,72,83,67,51,62,42,37,75,150,126,88,72,108,70,48,114,196,185,150,134,145,145,148,150,117,91,100,134,161,126,120,173,129,111,120,103,91,94,85,108,91,150,182,148,153,120,129,120,108,126,171,224,192,132,91,40,88,103,148,156,57,42,100,100,106,114,67,120,134,57,48,69,114,191,204,158,97,91,55,117,216,243,202,126,171,180,131,207,186,212,191,91,32,32,80,106,153,178,204,191,230,235,192,114,69,69,97,150,186,117,48,142,120,148,221,205,131,212,248,218,166,145,114,91,117,120,57,48,32,44,194,192,102,83,67,194,205,150,123,117,178,204,148,100,137,126,100,80,69,75,88,105,231,171,142,148,194,125,161,125,88,99,111,142,158,158,148,155,137,120,99,114,99,161,188,163,99,80,85,158,178,166,190,250,253,128,66,176,166,213,243,203,158,122,125,131,155,99,77,72,69,69,94,125,128,128,163,194,224,213,196,196,125,99,120,122,150,166,168,150,108,111,168,182,198,209,219,192,196,202,163,108,150,213,226,131,116,215,236,205,145,196,175,88,64,71,113,94,77,99,165,196,119,210,249,229,182,50,11,14,48,59,50,77,102,52,82,142,96,71,64,150,105,196,99,192,168,147,64,96,85,59,69,110,150,93,33,35,29,59,119
117,143,123,156,135,40,28,100,46,100,49,106,91,86,49,145,114,70,120,132,117,114,100,91,65,48,72,86,100,108,120,83,108,100,97,65,103,126,83,97,145,140,120,70,70,97,108,117,46,114,91,91,65,80,88,91,77,65,60,83,100,91,70,57,42,100,51,57,48,100,83,70,91,48,91,150,205,205,171,173,161,185,182,108,65,57,75,153,196,140,108,134,132,85,70,94,117,132,171,153,65,57,142,186,189,94,83,88,70,106,142,192,218,173,103,32,51,65,126,166,132,97,120,142,114,106,123,196,80,80,65,178,161,196,153,117,150,145,97,117,161,224,237,231,235,137,129,215,209,191,171,57,30,36,88,221,178,182,171,168,202,194,134,108,69,42,111,120,111,148,94,180,168,171,196,224,191,191,240,231,186,186,134,114,88,117,97,59,32,32,155,221,94,42,102,182,134,100,148,182,178,155,114,69,83,97,128,100,32,44,67,83,224,198,188,178,161,131,178,128,94,99,139,158,168,168,158,166,114,117,72,80,111,139,125,150,91,77,99,166,180,94,150,249,249,59,62,176,192,205,225,155,69,74,33,176,142,94,111,94,72,102,111,94,102,111,145,180,218,171,186,182,155,139,152,120,224,178,147,166,142,108,111,139,131,160,239,224,173,155,131,128,202,200,190,125,94,152,219,224,202,165,145,96,69,96,134,173,173,158,150,150,128,173,219,74,31,19,9,13,35,42,99,77,48,91,52,57,82,145,168,155,105,200,93,145,99,200,66,105,50,48,145,226,168,59,31,23,26,48,61
126,117,126,126,86,44,32,100,100,60,70,94,51,51,51,72,49,70,114,120,97,75,88,70,55,44,117,106,77,100,151,51,100,100,77,88,140,77,70,114,103,75,67,70,111,153,40,35,100,60,60,120,148,31,55,83,77,60,80,83,75,80,111,111,62,103,67,37,94,70,70,106,72,83,62,120,111,137,126,100,123,148,163,117,42,35,70,150,142,85,134,75,123,72,100,134,156,173,191,150,67,48,88,123,134,97,67,72,62,70,126,161,212,185,100,55,40,48,91,166,161,150,184,186,126,117,129,153,111,111,168,180,123,123,108,148,153,150,129,85,150,216,234,234,163,102,182,142,150,171,142,85,48,24,168,184,196,180,184,153,142,166,196,114,69,126,91,137,139,192,148,212,207,180,85,198,189,220,168,139,153,163,123,155,202,145,145,105,40,38,150,225,67,18,62,94,88,88,155,209,207,166,120,94,97,126,194,182,105,88,83,83,168,148,145,194,182,158,150,173,145,134,125,163,180,171,145,158,137,131,88,69,105,178,150,125,88,145,142,131,120,59,69,163,134,54,74,105,198,215,148,77,21,19,48,173,120,120,145,148,128,80,64,99,114,128,91,142,180,153,205,203,216,125,150,196,222,155,137,222,203,69,46,69,69,111,200,196,178,158,175,168,184,168,94,71,52,119,158,165,173,131,108,69,125,230,209,196,220,128,110,134,99,69,61,29,14,26,35,50,44,33,66,145,48,30,57,31,38,91,88,131,152,139,93,99,192,142,113,69,57,99,160,170,170,107,40,27,27,20,93
126,146,106,100,86,80,65,70,70,65,91,75,60,51,53,70,94,94,65,53,58,55,72,120,88,88,70,108,108,72,103,48,77,67,97,120,94,70,88,94,80,77,58,100,120,153,123,55,48,85,48,126,75,88,67,48,48,70,88,94,72,108,85,111,97,91,94,103,134,26,114,42,65,100,145,106,70,51,103,80,46,80,148,114,38,62,75,88,88,94,120,46,85,126,171,103,126,142,132,145,100,80,88,94,108,137,129,120,111,51,72,132,186,205,150,80,51,65,91,126,142,173,163,126,114,106,77,67,83,114,94,126,126,80,62,173,145,168,120,85,111,191,186,145,91,75,108,44,100,189,129,139,46,53,142,111,207,158,134,91,129,145,137,150,126,83,114,150,212,178,120,191,226,207,145,48,189,163,128,100,111,108,117,224,240,176,191,114,23,64,246,227,69,32,26,36,91,126,88,150,189,189,192,168,134,145,216,249,229,134,102,126,155,182,153,171,180,111,88,168,204,176,145,145,158,168,137,142,163,142,69,48,142,198,142,88,120,173,171,148,134,105,69,69,88,66,72,128,212,209,145,88,40,25,80,105,91,120,153,168,150,91,105,150,142,147,105,145,175,171,222,194,178,99,85,226,142,160,152,229,235,111,36,26,42,139,142,150,145,163,160,142,108,142,147,119,57,71,163,111,173,196,168,163,179,215,209,216,205,163,125,99,71,22,17,44,69,48,36,113,158,105,116,179,165,66,57,66,57,93,69,69,77,99,88,61,85,119,137,182,145,116,179,147,128,131,69,26,25,20,36
117,120,100,114,100,94,83,70,58,53,62,80,55,65,70,62,103,123,83,51,83,143,70,42,70,80,91,75,91,83,38,72,62,53,83,97,126,100,126,91,75,72,48,88,114,72,106,67,65,88,60,88,57,72,94,65,65,80,85,100,134,117,100,111,106,126,60,72,70,77,67,34,83,132,70,132,65,25,85,114,70,70,65,94,85,55,46,40,70,100,34,100,85,100,53,65,77,70,94,126,148,85,60,91,120,196,186,171,106,51,72,94,150,185,196,134,70,85,100,67,88,150,137,88,94,139,57,53,83,59,51,75,91,65,108,155,161,168,129,94,69,117,213,180,94,67,46,44,69,126,108,85,106,102,91,69,100,53,51,129,131,80,163,192,117,111,134,204,163,97,158,161,219,235,102,55,137,204,97,83,94,114,158,202,224,145,153,91,163,233,251,158,88,15,25,55,134,105,75,108,161,171,202,189,97,163,238,250,244,163,128,196,213,134,184,155,120,94,99,173,166,125,111,114,145,212,202,150,142,125,69,97,166,171,163,166,120,125,176,178,173,168,97,82,139,117,80,166,213,184,178,117,88,99,82,69,69,105,168,168,69,80,117,139,163,158,153,150,108,155,203,180,102,96,99,155,114,160,165,209,240,168,50,21,40,128,114,125,182,114,108,131,57,114,205,150,142,125,212,196,202,221,205,145,88,122,194,212,177,119,96,74,69,12,16,36,31,102,102,150,243,168,99,175,188,147,93,61,64,88,128,61,52,71,125,131,134,184,184,165,150,152,160,150,165,168,66,38,18,36,42
114,103,106,117,97,77,88,83,38,58,70,88,62,67,83,83,100,140,126,86,86,126,53,49,49,94,114,91,126,153,77,65,106,126,100,94,75,37,44,72,67,53,60,80,103,103,70,62,65,83,120,77,67,75,70,75,83,75,100,103,91,117,106,88,83,42,94,80,55,38,55,91,117,60,158,100,75,70,117,150,80,48,88,153,91,77,94,77,97,35,67,150,129,75,67,38,129,53,100,168,132,70,88,80,111,158,210,180,46,100,48,91,100,132,230,192,94,106,85,42,51,103,153,126,100,145,88,106,91,40,42,38,83,106,139,173,173,171,126,100,100,114,145,142,117,69,46,91,69,117,129,80,161,163,168,139,97,46,88,173,150,153,198,148,150,168,117,155,102,97,145,123,120,196,142,153,173,178,137,102,77,85,139,108,100,158,150,205,240,210,250,235,153,75,114,36,100,131,100,155,153,91,80,173,142,97,205,246,205,145,210,242,173,100,131,150,120,108,134,145,108,153,148,108,192,235,230,196,99,66,114,173,176,215,244,153,99,120,158,142,142,145,117,77,122,158,128,168,190,163,148,120,114,150,105,80,91,122,158,128,48,44,114,142,105,99,173,145,72,102,128,158,108,139,142,99,122,150,150,173,216,170,64,40,66,131,139,175,209,99,102,105,85,111,198,196,168,182,192,224,207,198,179,102,52,85,155,142,137,125,94,110,57,30,14,66,128,105,137,163,221,175,82,88,88,110,128,77,57,99,69,99,110,116,173,170,122,110,77,66,125,173,165,147,102,79,85,69,26,31,110
135,88,77,88,83,83,111,94,49,88,100,75,114,51,83,86,97,180,176,123,106,117,94,70,70,58,94,117,137,166,77,48,135,123,103,100,55,38,70,106,100,91,91,114,57,75,70,70,77,85,100,77,62,83,88,88,77,75,91,100,75,70,120,103,77,77,80,97,57,55,140,123,32,60,137,150,103,103,103,100,97,80,75,129,126,94,106,153,100,140,140,150,173,83,53,83,100,106,126,150,153,132,72,51,48,100,224,114,94,83,38,126,53,173,220,158,108,117,72,42,51,55,75,114,97,94,108,123,46,62,42,33,102,94,131,153,139,131,83,75,100,67,83,126,91,72,142,191,129,100,134,134,163,111,117,117,148,134,150,111,94,155,194,145,120,148,139,105,131,85,129,150,150,180,205,210,150,202,150,114,102,114,108,120,150,176,148,205,218,198,248,252,216,161,100,42,91,128,153,131,85,67,52,80,180,166,128,198,189,190,204,59,153,69,99,209,163,137,168,166,163,188,168,114,168,173,210,120,48,55,153,153,190,252,236,155,111,158,91,36,59,108,94,88,105,145,148,145,198,150,50,99,148,145,125,102,120,148,161,122,50,35,74,134,96,122,163,114,114,125,80,128,163,137,158,182,150,145,102,128,182,168,69,64,137,150,168,196,173,150,125,96,155,150,165,198,152,168,150,119,96,131,147,145,142,113,85,99,66,69,66,152,152,71,52,44,155,179,184,209,177,139,46,48,85,79,108,150,99,99,85,188,196,165,158,175,99,40,64,57,110,165,194,110,96,145,107,107,93,77,134
159,70,70,75,86,108,100,83,106,91,86,75,77,67,42,100,72,212,176,106,153,145,94,70,67,60,100,103,88,132,75,40,103,151,123,100,77,55,72,120,143,140,114,88,80,88,100,70,83,62,46,57,114,94,80,77,88,70,77,108,117,120,108,132,75,75,34,83,80,88,140,94,51,88,120,88,85,83,108,103,34,34,97,140,173,142,142,173,198,150,176,161,196,67,32,70,108,123,114,145,150,117,103,36,42,126,111,180,88,126,88,106,83,134,150,65,114,117,117,62,38,60,60,57,77,80,97,108,65,72,46,69,72,77,106,80,108,80,65,72,88,53,69,131,106,150,166,192,166,166,129,153,94,42,59,85,178,219,123,55,59,145,196,142,100,85,126,77,100,42,75,198,171,180,210,213,158,120,153,150,123,108,83,108,142,108,83,168,222,204,224,252,230,142,117,108,202,210,108,85,94,126,102,108,139,120,163,213,176,196,178,75,97,97,111,230,158,150,117,125,178,182,188,139,88,105,91,137,99,94,102,88,150,190,188,198,125,102,24,69,40,52,88,91,91,69,131,163,200,125,74,125,150,96,168,99,150,139,203,111,48,46,74,161,188,161,142,94,145,153,69,94,158,137,128,184,180,150,82,94,139,152,152,125,134,134,152,188,158,202,194,168,155,131,158,188,184,108,57,19,24,85,152,196,192,119,99,91,40,29,139,205,219,80,52,54,155,221,213,227,173,82,46,57,91,128,177,188,182,158,192,188,216,125,209,202,105,74,57,90,119,170,188,93,85,179,125,116,85,165,99
146,94,77,108,153,137,86,80,120,97,49,70,70,51,32,88,100,178,169,145,117,145,83,86,67,70,86,75,94,126,70,48,120,166,151,114,103,65,67,126,158,134,120,88,75,55,65,70,85,60,60,94,106,126,94,70,111,94,55,120,126,103,94,103,111,83,134,65,85,94,103,103,97,62,88,83,85,70,53,83,100,65,103,150,182,176,224,239,213,173,158,173,134,94,62,85,132,106,70,72,108,108,80,85,70,53,103,171,123,132,166,134,161,88,48,150,51,103,108,65,48,117,97,55,55,65,111,126,123,44,48,189,69,65,69,69,114,62,88,88,102,114,83,150,189,196,176,176,200,221,69,150,67,102,36,62,184,182,126,100,102,134,153,114,120,114,148,72,38,88,150,216,198,189,219,91,88,166,161,145,178,161,120,171,126,134,139,150,158,108,69,57,105,128,145,173,178,205,192,131,123,158,161,91,77,123,168,173,131,67,55,69,94,80,148,213,186,182,150,128,163,209,212,204,99,48,128,150,163,114,85,158,99,77,125,163,120,74,82,108,102,48,62,52,46,38,74,155,153,173,128,137,125,108,192,46,163,114,200,134,64,64,105,171,192,153,145,96,114,114,82,85,171,150,125,163,209,202,155,96,120,194,218,150,131,145,150,196,192,212,209,194,163,105,160,170,88,26,22,23,20,59,213,245,184,131,147,82,31,62,213,229,220,125,40,102,125,202,221,209,131,61,102,125,125,152,221,226,200,170,125,179,224,177,209,179,69,48,108,194,131,177,196,158,139,158,155,105,102,150,54
126,114,103,129,153,126,103,86,88,106,108,106,34,42,49,49,75,145,198,153,137,120,100,100,100,75,103,108,151,158,62,77,111,193,135,197,67,77,83,97,108,100,97,106,94,44,60,57,62,83,94,83,108,158,120,70,85,100,80,83,94,100,114,85,108,100,48,97,77,88,100,134,60,94,91,53,94,156,91,53,72,120,103,142,173,212,126,103,129,140,132,150,139,97,57,77,134,88,55,77,70,48,91,100,70,60,70,103,117,142,163,153,178,126,67,70,62,62,77,83,126,153,166,123,70,72,108,139,91,100,62,221,150,59,59,94,134,126,163,148,85,123,137,150,205,200,216,180,205,148,100,102,117,192,88,69,150,150,139,173,166,142,134,142,173,213,134,72,59,67,83,196,168,200,184,153,134,225,163,155,191,194,158,153,134,139,150,148,50,62,33,23,24,114,137,180,218,216,137,108,117,163,196,100,40,80,128,123,108,32,22,91,171,80,105,184,200,196,114,91,205,224,196,150,125,99,108,137,186,190,153,117,114,128,77,148,117,99,148,150,50,33,44,31,24,26,62,148,153,125,99,155,99,153,99,105,145,114,122,158,48,66,85,131,176,125,125,85,66,88,131,105,147,184,131,188,205,233,216,66,69,182,210,173,150,134,150,203,224,212,163,202,184,82,105,88,31,24,30,59,46,82,242,250,158,139,175,62,57,94,190,221,196,152,102,116,113,145,165,160,128,105,160,194,173,175,227,235,200,113,69,179,235,212,113,119,96,69,128,168,145,139,152,179,173,152,170,147,150,147,85
159,151,106,77,117,126,114,86,91,129,126,77,37,32,32,28,51,135,189,169,126,97,100,72,100,151,161,197,200,145,83,65,129,164,158,197,44,83,65,48,70,75,94,103,75,48,51,70,72,106,100,108,100,148,134,88,80,114,72,57,91,100,108,150,97,94,55,129,65,120,88,48,75,108,72,67,91,161,150,120,97,70,163,145,132,114,60,38,145,142,126,94,117,77,91,62,191,166,72,72,97,134,103,75,120,126,62,103,166,161,158,108,120,100,48,51,85,70,100,108,142,150,100,102,150,161,126,120,137,126,88,213,196,69,48,69,129,202,216,137,65,100,161,106,153,202,173,178,180,102,88,48,142,216,171,117,126,163,150,227,243,189,94,161,215,168,46,48,62,19,126,176,137,184,142,207,128,111,139,168,145,153,204,153,126,134,126,173,28,55,26,13,15,55,55,123,114,137,94,117,126,168,196,137,120,72,120,134,88,69,114,88,91,150,161,150,168,137,125,163,231,213,108,117,182,173,125,145,213,224,99,117,145,125,131,128,108,97,173,184,99,64,48,29,29,31,82,163,180,131,80,114,69,62,117,161,96,122,99,122,62,72,66,117,166,94,69,59,158,69,137,131,99,190,139,224,155,221,192,38,62,125,180,190,163,77,62,210,229,202,173,200,131,113,119,82,38,66,57,91,128,158,219,224,184,184,128,66,139,119,145,175,125,108,128,99,66,71,96,125,102,110,203,220,202,212,230,227,224,145,82,150,220,209,71,59,139,119,102,110,139,152,134,158,168,122,144,188,208,177,69
180,138,94,62,94,108,88,67,91,111,65,75,60,31,32,40,29,67,126,94,75,77,100,111,123,183,202,204,158,86,51,40,75,117,123,108,72,37,22,51,60,72,100,97,70,48,48,94,103,106,75,88,108,164,137,111,91,88,60,46,72,120,153,161,88,70,70,100,72,80,57,123,65,108,70,67,103,129,145,100,100,80,100,106,111,70,108,100,137,103,150,114,108,106,46,108,224,243,192,111,142,205,114,106,134,117,117,126,72,156,100,77,80,106,100,57,94,103,85,126,77,67,72,106,168,180,158,153,69,120,117,145,158,94,53,69,153,216,191,134,108,97,88,42,67,142,131,134,148,126,85,83,117,196,178,173,106,137,158,220,248,194,75,114,142,91,64,50,50,28,126,117,142,126,189,163,105,105,117,161,128,178,239,221,163,142,137,163,105,62,23,35,52,44,69,134,100,126,94,102,153,145,186,186,176,120,57,128,150,155,111,111,100,171,180,117,145,150,168,176,207,196,111,125,200,210,163,145,158,134,48,88,148,176,158,128,123,122,145,207,224,128,62,62,80,128,192,184,125,153,114,99,52,54,88,158,150,125,166,155,64,33,57,88,120,108,72,69,62,80,128,120,69,125,173,166,120,150,125,69,91,88,165,175,152,111,69,196,219,173,170,165,119,194,102,102,96,108,113,145,170,150,142,125,177,213,69,69,194,125,69,77,88,52,54,48,44,91,131,88,99,147,184,184,194,224,244,235,202,110,105,105,168,179,69,69,142,147,71,64,96,150,119,64,134,142,82,170,232,182,77
178,103,100,88,46,49,77,65,58,51,75,108,100,70,70,53,37,42,44,38,70,88,114,114,100,114,145,114,94,100,62,48,72,83,108,67,65,44,32,37,67,94,126,88,53,44,46,48,75,100,65,55,134,156,120,132,100,70,51,42,75,123,169,129,72,72,100,103,97,94,80,108,67,100,108,83,94,126,114,91,120,97,51,88,83,114,32,173,108,94,150,117,134,34,75,108,242,236,221,142,117,161,185,158,103,153,60,80,163,145,94,97,117,117,126,108,108,134,108,75,103,55,70,161,129,189,132,137,123,97,102,72,126,97,134,123,120,139,171,184,150,48,32,38,102,117,77,80,129,137,150,120,139,182,168,153,97,88,120,200,242,204,100,59,36,100,168,100,64,102,114,126,182,114,212,171,142,155,128,134,137,178,235,221,142,108,126,139,128,55,80,75,100,80,102,85,134,100,105,150,150,120,150,189,100,50,64,178,246,171,150,142,48,182,142,100,128,155,123,173,216,192,148,102,137,215,209,94,88,66,94,171,125,163,77,137,153,176,196,155,178,198,153,148,202,224,205,219,158,125,108,99,99,85,66,64,139,168,158,82,31,57,91,102,150,137,114,69,88,184,145,128,117,166,150,99,117,131,117,105,111,114,105,134,139,178,91,108,173,105,91,122,119,163,102,114,102,147,170,173,173,145,71,52,155,184,71,139,116,155,96,96,64,94,31,91,66,150,116,69,163,209,139,110,145,215,236,192,64,150,150,82,160,119,99,64,134,145,82,52,66,128,110,57,110,145,79,158,170,137,173
159,94,67,77,49,70,83,55,32,62,62,174,200,171,94,49,103,72,29,38,58,94,83,88,77,55,70,77,91,94,88,88,86,83,140,48,46,77,88,65,97,88,85,91,70,91,44,31,51,85,67,62,91,126,161,151,88,53,48,65,75,108,137,111,83,114,129,108,103,88,57,75,67,103,108,83,88,88,80,111,142,120,67,62,70,57,75,108,129,158,117,158,85,111,72,111,196,198,153,106,72,120,77,80,70,156,94,158,70,173,139,100,134,40,166,83,62,129,117,55,36,108,150,186,220,204,168,207,227,126,97,123,100,102,142,123,91,126,209,209,150,94,72,158,134,72,88,75,117,114,83,131,168,173,126,111,83,72,117,213,215,163,97,64,32,97,204,158,120,173,173,142,158,139,196,200,155,163,153,142,163,202,207,224,202,114,91,62,36,64,163,134,224,128,108,114,69,105,85,105,155,134,123,128,88,100,173,192,225,190,173,125,91,72,123,72,134,145,153,190,224,213,150,145,117,99,102,125,139,62,24,142,97,180,117,139,125,166,184,158,131,148,105,158,196,148,180,91,122,111,150,97,125,62,114,114,173,209,134,108,59,44,108,145,184,134,96,99,131,153,139,134,134,82,108,117,180,158,125,165,152,134,99,165,150,120,99,77,116,119,114,105,88,134,134,82,111,186,220,205,182,108,36,38,113,160,155,145,96,160,108,99,66,108,57,105,88,66,88,82,170,212,134,88,131,173,175,128,99,202,142,145,231,88,77,64,160,134,119,113,125,110,102,66,85,173,150,125,125,155,194
91,103,67,70,111,94,60,49,49,53,60,132,218,209,88,49,123,86,37,49,32,70,67,60,70,58,40,55,67,94,106,100,80,70,85,32,75,100,65,94,83,100,94,126,75,48,42,44,57,34,70,46,44,114,194,140,51,34,70,70,67,103,126,91,100,163,163,114,100,80,44,42,75,91,83,70,72,53,51,97,129,117,80,70,83,108,150,163,185,191,153,150,180,120,80,91,75,114,80,48,67,70,40,83,134,123,94,100,129,153,139,94,103,80,88,91,114,70,60,75,67,57,75,134,231,137,210,210,248,182,216,158,111,171,80,176,180,150,204,220,168,123,91,126,153,139,88,67,83,158,106,134,158,196,150,108,108,59,97,173,150,97,77,97,64,59,137,192,126,148,173,62,91,145,196,213,176,129,173,196,196,192,189,237,241,173,77,40,62,131,215,194,213,196,171,145,52,55,100,166,189,182,114,85,108,155,161,117,100,150,196,102,99,88,114,88,85,123,161,125,219,178,171,209,163,88,188,196,153,99,59,145,153,202,50,163,66,176,111,128,108,66,69,97,168,105,117,122,128,59,150,131,99,196,148,142,173,128,88,82,131,125,122,125,150,125,94,137,102,120,142,80,117,69,145,147,111,173,173,216,186,163,102,99,158,152,131,108,82,145,142,82,116,160,125,190,221,213,245,235,165,69,33,57,111,168,173,119,69,102,116,93,96,77,74,102,125,48,80,108,113,142,108,96,173,147,145,173,198,99,116,230,245,71,88,125,173,134,116,186,200,137,93,57,69,173,152,113,179,179,150
77,100,75,80,100,114,97,55,75,34,62,97,189,164,83,44,75,51,44,37,22,40,55,37,48,55,44,32,48,120,65,53,60,91,80,80,94,91,46,34,91,137,77,80,65,29,53,60,72,65,46,24,53,94,196,111,42,65,60,83,83,103,108,75,114,198,193,100,83,88,46,48,80,83,77,44,34,44,42,85,126,108,85,97,117,142,191,173,171,173,156,185,189,163,97,38,37,57,62,55,111,129,120,145,145,150,108,120,142,145,163,108,106,108,65,168,83,60,62,70,36,38,85,77,103,163,171,213,83,168,212,40,191,100,88,180,232,131,129,153,94,42,28,123,158,123,59,64,123,126,158,191,161,242,191,91,57,48,67,131,120,91,102,77,40,42,94,163,69,150,75,50,46,126,198,219,200,153,171,198,150,142,182,232,246,202,91,148,186,128,226,212,161,205,180,128,114,150,216,216,196,213,155,126,134,123,114,120,148,182,128,80,145,108,125,69,77,148,180,137,161,178,192,180,173,184,139,145,128,198,161,192,94,131,102,166,105,192,173,178,139,59,50,88,120,117,91,85,99,88,168,122,117,155,225,161,52,30,33,122,88,64,111,145,114,139,99,94,91,134,88,82,145,150,120,82,152,155,180,196,184,139,160,158,207,210,125,69,137,125,145,111,111,150,188,190,239,232,227,213,131,46,50,113,188,192,150,111,46,77,113,102,102,61,93,108,125,71,77,122,110,99,125,134,152,173,168,182,192,91,200,251,245,150,163,122,85,173,139,170,173,152,99,79,74,168,170,137,188,173,107
94,67,65,97,114,164,151,72,55,55,75,65,91,117,83,44,72,94,58,51,37,34,48,32,22,42,34,19,28,70,31,37,46,151,91,100,108,100,65,48,117,140,77,65,46,44,46,46,70,70,38,51,91,46,150,83,75,34,60,117,62,123,94,72,126,189,193,114,70,75,91,55,70,106,60,32,46,75,51,94,142,91,94,137,114,117,178,173,148,126,126,137,158,145,75,35,55,91,97,75,94,126,145,111,123,134,100,117,123,126,158,117,83,137,126,114,100,83,70,62,62,32,26,94,103,166,106,65,108,103,65,48,100,126,161,192,139,108,77,40,26,42,91,148,180,191,139,38,91,163,100,158,192,218,176,108,83,51,131,129,91,77,88,91,69,59,108,163,94,221,100,100,120,129,178,219,213,176,100,94,88,114,150,226,246,212,120,194,213,139,186,163,150,131,131,128,213,224,222,218,212,220,166,145,123,105,105,150,163,155,126,123,117,91,111,99,173,166,123,139,163,173,163,131,198,204,105,158,184,196,148,150,192,158,137,200,196,139,205,213,161,125,145,150,184,163,134,102,155,153,153,82,72,161,105,176,72,27,82,120,80,57,74,142,150,85,105,69,128,102,155,117,114,77,77,54,166,150,205,232,175,165,142,184,213,180,155,117,80,178,125,131,137,175,145,105,182,173,152,131,119,64,31,142,227,190,150,108,108,102,91,131,113,57,80,119,152,122,61,74,88,110,152,137,163,194,150,165,209,203,245,252,247,207,163,90,116,163,125,125,150,177,145,150,208,173,177,175,158,163,57
88,91,108,126,135,198,187,117,75,67,58,37,67,151,77,53,88,94,91,80,67,51,31,29,31,21,24,23,29,51,32,21,37,88,120,143,145,117,65,114,97,126,75,62,46,53,53,38,72,46,70,100,88,48,57,77,48,62,48,88,65,97,91,67,134,163,145,100,60,40,88,77,77,55,72,60,120,106,111,103,132,137,134,126,85,94,148,140,108,103,120,103,85,70,67,70,108,129,108,80,83,108,111,100,123,75,53,85,100,134,156,168,111,103,123,108,91,108,91,85,70,72,70,91,83,77,145,100,40,38,120,139,120,126,75,72,131,85,57,46,55,106,91,150,194,163,72,69,72,102,126,145,123,83,120,126,100,100,139,134,108,108,30,85,100,50,126,145,205,216,166,148,139,158,166,226,137,198,114,83,77,88,158,215,242,231,108,155,194,189,145,100,150,97,108,108,215,198,139,204,216,173,114,69,85,168,83,168,139,139,114,88,77,100,148,173,205,150,99,105,125,155,176,192,196,198,207,166,163,196,178,137,192,242,226,202,186,171,230,192,123,148,145,176,173,122,99,153,180,125,91,50,131,82,137,148,114,59,85,108,120,128,88,125,194,150,66,48,22,108,186,48,108,122,166,77,134,160,218,248,222,122,102,105,200,184,147,173,150,108,188,119,147,158,102,119,119,150,125,196,150,96,36,54,194,202,152,134,69,94,152,105,125,59,85,142,168,150,64,42,88,125,155,182,137,110,116,158,216,246,251,251,236,137,128,137,107,99,105,134,188,192,170,184,198,163,150,163,139,184,102
114,153,140,100,171,174,126,117,80,31,20,42,75,148,67,72,86,27,49,111,86,77,55,44,25,27,37,72,72,60,40,40,23,34,193,189,151,140,51,75,100,77,72,70,53,62,100,75,70,67,85,77,114,70,37,62,46,72,60,48,70,80,100,77,83,123,145,94,34,32,70,53,48,48,35,94,132,166,134,111,148,120,120,114,88,67,53,72,55,42,114,75,55,37,65,145,72,132,100,77,94,88,80,120,100,100,88,106,97,117,180,180,156,108,94,85,114,158,103,44,70,75,55,53,65,51,129,120,83,114,176,200,158,69,100,100,62,69,88,142,100,117,163,106,85,59,42,32,145,117,155,117,64,35,75,184,145,108,142,176,126,100,83,67,69,55,67,168,158,114,155,131,166,205,189,178,155,182,163,111,120,91,150,192,222,204,126,97,163,192,145,163,128,75,100,91,186,150,102,139,158,128,62,19,94,196,52,196,198,134,48,75,62,102,192,173,207,155,57,91,137,184,196,188,202,235,213,117,153,204,182,150,108,190,196,123,97,120,176,192,125,111,139,168,102,54,74,158,161,128,125,111,64,99,108,94,128,125,122,139,161,134,137,213,248,188,31,52,62,125,85,131,125,142,69,117,80,163,221,194,196,163,94,114,152,212,184,147,137,165,122,48,128,59,128,116,125,77,190,245,150,85,42,94,232,232,125,94,66,168,137,94,131,113,179,160,196,182,105,69,69,119,177,160,69,42,77,125,209,245,251,241,196,66,116,147,93,96,93,139,224,220,165,173,184,152,102,163,200,200,139
120,108,100,140,156,135,126,153,42,65,40,83,38,83,60,75,32,44,31,70,67,83,38,32,67,70,108,123,140,88,60,55,44,65,164,169,151,100,40,51,100,72,65,72,83,72,97,103,106,120,70,103,137,83,53,65,65,77,108,53,75,103,103,57,40,85,132,65,40,38,48,70,51,34,30,80,132,156,85,137,132,126,72,114,117,65,44,57,75,67,134,77,77,48,100,67,70,120,70,117,129,75,80,120,161,180,120,100,114,108,150,148,137,97,88,91,120,108,75,80,123,85,70,91,97,67,150,137,48,111,192,196,173,166,77,48,55,53,57,94,126,158,173,134,106,67,108,51,32,91,114,97,38,48,114,168,163,100,114,163,145,126,62,24,52,46,69,189,142,126,129,207,168,226,189,126,94,80,108,120,173,180,126,158,155,173,150,55,150,126,158,102,137,46,134,128,192,142,94,83,94,108,52,29,50,126,102,207,198,142,64,134,83,100,176,168,168,192,111,117,176,184,176,137,245,245,196,134,163,131,198,145,102,94,94,42,77,72,97,155,163,139,171,150,44,64,88,117,125,176,122,85,108,88,57,125,173,145,131,153,122,114,163,233,237,184,77,66,150,153,50,99,163,173,186,99,82,122,196,213,173,150,139,134,122,139,168,173,173,155,102,119,85,77,150,99,46,134,240,241,192,85,64,82,170,213,139,85,155,137,94,128,69,102,158,150,131,139,82,77,42,108,147,108,113,82,64,131,218,224,250,216,152,52,99,139,125,122,90,145,203,168,165,179,158,116,99,203,230,190,160
103,132,171,169,151,220,178,53,46,75,38,22,58,51,40,60,34,67,28,72,49,53,70,38,55,67,106,132,176,94,174,58,117,135,205,180,166,100,106,58,67,70,51,70,114,103,77,94,106,83,67,120,132,77,72,83,53,62,91,67,46,88,106,88,46,55,65,60,57,65,62,72,55,51,46,80,103,120,123,91,97,75,83,100,134,67,48,67,94,114,176,153,117,85,94,97,114,100,114,145,185,117,88,148,185,186,139,117,139,94,106,48,139,65,88,114,106,88,85,94,129,134,153,161,88,70,65,114,55,106,173,176,100,120,94,48,33,51,51,69,106,134,166,123,100,163,166,153,100,75,139,67,28,72,123,126,139,85,64,131,173,153,106,46,59,75,102,171,171,145,145,210,248,246,189,105,33,32,97,161,212,226,182,161,148,171,209,139,148,155,150,126,120,85,153,200,212,166,128,100,57,59,69,57,30,102,219,207,176,186,102,176,161,83,69,131,150,176,188,148,182,180,142,196,250,248,173,131,150,83,171,137,196,97,40,21,55,44,134,213,210,200,148,102,82,36,82,122,99,117,66,102,52,69,125,168,142,153,148,108,77,94,108,131,155,105,77,125,128,99,69,50,125,180,196,142,105,99,125,166,182,192,150,96,94,137,163,108,119,150,108,134,147,184,108,74,145,192,226,190,212,207,147,85,62,99,150,139,147,128,94,31,36,30,91,27,108,59,42,64,29,110,179,128,150,168,155,184,207,224,209,212,113,93,152,155,134,93,113,107,82,93,150,165,88,93,152,240,177,179,110
106,193,205,171,229,236,117,103,91,32,72,75,55,65,44,31,40,51,34,27,25,49,80,88,77,100,108,111,100,108,151,91,132,156,200,171,145,72,103,85,111,91,91,94,88,140,137,77,48,67,83,100,42,88,62,72,40,40,48,55,53,85,126,108,44,37,65,67,83,80,94,83,88,67,72,103,94,108,83,46,51,83,126,103,108,100,75,75,60,120,212,215,150,72,103,158,158,171,182,156,168,108,100,145,126,126,178,158,111,70,38,29,139,53,106,117,88,94,80,103,148,184,182,120,35,30,40,40,83,59,139,142,120,111,80,48,35,51,46,83,153,83,123,142,97,173,150,158,176,111,114,97,33,64,196,102,148,153,64,80,153,120,111,48,51,114,117,126,213,213,126,114,234,246,191,166,105,48,108,192,202,205,166,117,153,196,236,216,182,189,126,126,102,100,150,237,236,229,189,114,102,69,80,111,128,142,213,224,212,207,150,180,150,69,29,91,145,145,171,155,192,212,161,224,238,235,137,134,123,120,125,173,186,150,69,20,24,66,145,234,225,180,125,111,150,111,125,82,69,50,80,91,114,94,97,117,120,180,150,125,88,82,125,80,66,85,111,120,142,94,69,33,139,202,145,137,125,152,147,209,196,145,91,57,82,155,152,96,99,108,105,145,137,139,192,139,173,158,99,71,203,240,202,111,40,54,131,163,125,48,88,94,31,22,30,40,108,82,48,59,74,119,196,216,216,216,213,173,212,224,168,215,122,155,182,99,150,52,42,74,35,79,74,93,125,99,165,188,107,110,27
100,126,248,252,209,148,86,114,58,80,58,75,67,86,75,38,44,34,49,27,25,46,94,114,62,29,40,42,32,37,77,37,120,140,65,91,100,72,140,111,114,100,117,140,129,106,106,120,77,57,77,60,53,67,48,65,72,62,32,51,80,97,108,80,44,37,88,117,70,123,163,123,94,70,85,91,100,65,85,55,60,106,137,97,72,108,94,65,65,120,171,173,153,120,111,153,161,163,153,120,91,65,80,91,77,77,100,83,70,48,65,111,108,168,134,60,65,77,77,72,131,216,120,94,34,22,51,72,94,69,102,100,102,100,126,111,65,32,36,77,117,69,100,153,153,123,176,196,139,91,126,114,59,88,202,173,145,102,40,80,148,150,176,155,83,129,100,142,180,69,72,184,182,148,126,97,126,166,196,212,196,145,137,114,128,173,205,230,189,191,168,153,105,97,150,219,250,235,192,168,150,173,150,168,153,155,173,204,249,235,178,139,128,148,16,23,100,150,123,155,198,212,155,173,209,145,142,80,80,173,150,186,166,173,139,22,32,85,196,236,178,74,134,163,153,188,105,55,22,88,131,85,125,99,153,97,122,150,155,137,77,99,176,145,99,99,120,62,180,192,36,69,62,88,137,184,77,163,209,184,186,188,186,165,120,94,147,192,131,134,175,99,96,142,150,125,119,59,42,38,99,239,250,170,102,145,150,44,40,66,57,91,42,25,64,122,91,139,64,69,113,122,190,240,224,194,184,196,147,125,200,237,192,139,139,160,113,64,26,54,50,77,88,125,177,173,125,71,52,20,22
117,178,240,236,100,26,49,80,151,164,164,135,97,100,126,31,44,42,51,37,18,23,32,34,34,42,31,19,22,55,94,70,40,91,55,32,60,34,48,62,106,75,70,72,97,126,151,123,80,77,62,91,72,106,32,72,108,44,70,60,62,83,85,103,80,57,75,77,85,85,173,134,126,70,80,75,100,100,126,91,48,117,126,94,38,60,100,70,97,142,126,158,100,123,134,100,100,57,70,65,53,51,62,62,60,48,44,65,75,120,194,186,134,88,97,72,51,57,77,53,100,221,198,88,29,33,88,108,94,88,69,114,148,191,155,126,69,48,48,62,72,69,72,126,137,126,186,182,137,117,120,129,85,80,166,180,126,153,123,85,176,153,158,91,72,83,111,105,196,158,123,150,166,88,123,153,158,120,173,239,235,189,163,168,150,134,158,218,221,221,210,128,80,91,139,163,148,184,150,131,224,237,207,198,184,166,153,190,236,192,111,207,218,163,32,22,77,123,148,150,163,166,131,150,182,111,99,67,134,196,188,216,188,176,161,77,77,108,212,212,120,99,145,117,114,196,180,54,26,176,180,80,99,153,173,142,114,114,125,64,102,150,190,158,105,122,96,150,229,209,82,46,30,122,229,173,66,134,160,139,212,229,212,216,186,125,178,131,155,152,72,108,108,57,205,192,114,59,38,94,105,134,236,244,177,150,94,44,74,36,102,134,88,91,113,110,160,168,69,69,88,131,173,232,239,184,119,99,93,116,150,182,196,173,186,150,150,119,26,29,102,116,150,179,179,192,125,36,19,21,48
100,153,193,108,34,34,72,164,193,180,123,108,120,126,86,88,70,27,27,46,27,27,29,16,23,40,29,32,49,32,34,67,65,65,83,62,48,111,77,46,65,48,62,108,91,70,117,100,114,185,83,120,42,153,44,91,62,123,42,35,77,100,83,85,80,72,67,53,57,42,173,161,126,38,100,60,180,169,126,70,60,129,150,57,30,37,114,126,142,134,111,129,70,134,126,67,35,40,23,37,70,51,48,51,51,51,111,173,204,224,225,139,72,36,40,83,83,51,67,72,53,126,194,80,22,40,88,100,100,100,100,158,212,215,139,83,100,129,134,94,53,48,88,139,150,180,194,158,129,134,158,153,97,75,131,173,134,173,189,77,105,171,126,126,158,148,158,168,196,123,134,126,97,137,173,205,150,155,180,218,222,192,205,196,69,148,128,126,192,171,97,212,77,75,77,105,80,38,33,80,225,241,218,237,236,126,55,139,161,126,148,240,205,158,102,97,114,102,148,168,137,105,99,139,184,125,59,139,210,178,192,232,212,184,145,97,139,166,148,114,85,125,150,85,91,161,178,148,66,155,184,158,153,134,173,150,82,82,166,108,88,171,198,158,62,105,153,150,237,188,150,88,125,158,180,102,120,122,178,219,245,216,182,205,196,182,160,202,209,198,94,139,158,80,99,165,99,85,50,119,139,99,152,196,188,160,125,26,29,85,94,125,74,108,158,192,125,137,69,77,102,142,179,147,173,119,48,59,79,77,105,150,179,188,221,202,119,125,82,66,125,99,128,212,221,175,77,19,19,40,69
88,164,159,72,32,62,120,197,166,103,135,97,137,117,97,77,27,35,46,40,28,18,37,83,32,29,49,51,42,46,75,75,60,100,77,75,117,166,140,94,72,85,140,129,103,51,42,88,106,151,75,55,70,97,42,85,100,100,88,57,62,77,70,60,51,85,85,31,75,103,134,137,140,180,94,126,185,163,156,48,83,126,158,53,40,57,75,150,51,100,57,126,100,126,62,106,30,51,32,55,51,70,42,65,62,85,176,240,246,245,205,126,85,51,65,106,111,75,142,65,32,51,60,42,28,60,161,180,97,80,148,173,182,126,88,108,158,168,180,102,46,55,131,173,182,220,191,80,88,145,148,150,100,91,129,180,189,176,178,150,123,126,91,108,137,163,184,241,145,123,173,150,91,91,137,178,182,210,202,192,213,168,69,77,148,91,105,83,166,126,191,234,102,85,102,108,50,72,72,57,100,202,248,250,215,72,48,62,126,184,194,148,186,196,148,155,196,128,163,176,111,83,77,137,194,163,83,171,205,150,128,212,221,134,52,64,158,153,74,46,40,62,120,131,145,139,155,168,99,150,202,142,102,125,117,96,120,111,134,125,91,142,150,114,69,82,175,163,155,158,150,153,134,150,166,137,168,134,212,240,196,134,125,168,155,150,207,202,210,160,108,111,85,88,158,102,99,108,102,62,62,69,102,111,142,165,137,85,42,88,142,48,77,105,198,196,202,150,116,59,71,134,147,93,91,50,42,71,69,46,110,150,137,218,231,219,194,125,113,134,155,184,234,234,194,74,26,22,29,31,69
135,129,65,27,75,91,159,145,169,148,91,94,97,86,91,37,60,46,103,108,49,44,51,48,38,48,46,32,77,148,60,100,83,70,60,80,111,164,156,100,117,164,164,114,91,85,57,91,94,67,132,156,70,72,80,126,111,145,117,106,88,77,57,30,48,70,67,51,88,114,75,198,193,158,108,100,123,148,123,77,108,94,129,100,60,70,60,60,30,65,25,134,103,129,70,153,77,55,120,83,103,134,83,70,67,85,178,212,216,209,139,94,111,134,182,173,173,132,202,83,23,19,19,44,117,184,231,224,186,88,77,80,77,88,94,69,139,196,171,97,85,126,158,178,202,207,117,42,72,139,117,139,139,100,134,202,202,173,173,158,94,67,83,126,155,182,182,158,123,168,184,129,126,102,148,221,202,192,192,192,134,97,139,145,100,123,128,108,111,128,212,173,173,48,88,126,168,108,94,69,88,176,245,224,88,102,25,30,153,134,108,100,126,209,176,184,188,205,184,125,114,148,114,180,205,198,158,128,166,190,142,204,243,234,111,64,102,74,46,21,11,32,180,194,166,202,120,94,77,150,176,97,99,96,94,114,134,99,74,122,120,134,134,117,108,125,145,108,96,122,153,158,134,88,131,137,175,152,210,198,147,91,94,150,145,88,196,212,108,125,91,122,91,125,113,62,145,139,125,116,33,44,82,99,82,111,163,175,125,236,94,17,59,61,202,216,212,215,168,99,116,122,82,99,91,71,50,96,79,119,69,182,173,235,243,150,137,147,139,125,163,225,243,212,125,96,46,48,54,96,90
106,75,65,42,108,140,83,42,88,103,65,88,49,86,24,37,49,77,91,108,70,51,32,35,55,34,34,27,100,135,60,108,67,70,48,70,72,72,120,106,148,198,140,70,114,161,132,151,106,100,44,55,97,94,108,114,145,143,100,83,129,108,65,51,48,46,40,70,62,94,123,158,117,148,103,65,72,123,150,126,83,77,114,120,70,62,48,48,30,22,20,80,173,171,150,134,91,65,100,150,196,173,75,46,51,48,77,91,77,94,70,48,150,180,153,212,180,88,120,139,48,16,20,100,207,231,245,248,216,120,62,51,62,83,131,111,129,166,108,88,111,65,106,145,163,134,67,72,85,97,117,137,153,94,102,196,145,173,198,114,75,88,100,114,161,171,142,126,126,173,161,139,161,137,180,221,196,158,173,150,123,126,80,108,168,166,137,128,205,186,131,178,168,64,80,142,184,145,168,158,128,128,137,139,134,83,80,67,91,108,46,108,117,131,229,221,142,186,204,194,205,204,168,150,216,215,213,131,168,236,178,166,244,213,212,196,139,94,59,32,16,64,218,202,171,173,125,23,59,120,139,128,168,99,188,120,128,111,105,108,134,163,155,134,111,111,99,122,128,131,131,111,102,62,125,139,137,168,170,163,145,142,188,173,99,72,114,105,125,139,128,122,125,160,72,50,168,160,139,91,85,94,91,88,91,122,213,155,116,160,102,25,99,99,224,173,226,209,163,150,125,79,48,54,105,186,165,105,177,170,241,205,212,188,177,155,134,116,128,122,131,224,241,184,113,102,82,57,110,194,147
126,49,34,65,91,72,21,40,46,42,62,72,27,55,29,88,75,58,83,72,34,42,75,40,29,49,29,22,70,100,88,114,77,120,80,48,70,111,72,132,198,158,70,111,166,106,103,129,108,57,40,158,120,60,126,126,150,161,143,106,108,132,100,80,77,57,77,80,48,83,48,77,111,100,48,19,22,129,108,55,62,72,83,100,88,94,55,29,32,24,32,42,114,139,137,100,97,70,85,153,153,100,62,94,60,30,51,72,51,55,65,40,129,142,153,148,150,72,83,88,129,46,57,196,222,210,237,247,231,173,150,69,126,48,108,171,173,137,62,75,38,53,42,117,139,100,53,102,131,145,129,111,155,75,94,48,44,51,158,129,178,145,100,94,145,180,145,163,209,209,184,200,191,126,173,205,163,139,153,153,123,148,111,67,126,191,168,194,212,184,150,120,126,139,128,148,139,150,163,168,134,108,59,91,114,139,189,128,69,100,105,21,72,88,220,180,123,117,173,238,233,188,173,142,218,173,173,131,168,216,134,88,202,155,207,252,231,182,173,80,99,145,158,210,196,184,102,80,35,155,134,125,210,102,202,102,190,155,145,102,125,147,108,158,99,99,122,139,122,117,105,139,117,72,111,120,139,150,152,147,184,215,194,134,99,88,99,69,91,155,116,80,99,94,114,102,134,202,190,94,59,64,74,102,69,82,182,186,91,125,108,74,186,152,205,196,188,147,173,142,91,99,79,69,93,190,225,173,188,245,227,196,196,113,108,42,69,99,85,165,198,122,107,168,139,85,88,82,203,170,179
103,38,27,40,46,31,24,46,44,83,60,37,32,40,49,65,72,67,91,70,31,29,70,60,38,49,31,51,100,62,120,83,129,80,77,48,134,55,42,126,176,151,126,83,67,148,117,88,108,94,40,19,72,77,85,91,132,123,103,103,129,140,134,111,100,94,42,70,103,70,85,48,20,91,21,16,32,65,53,46,32,34,57,108,100,77,91,40,42,53,65,34,80,65,77,97,150,139,114,80,48,55,77,106,100,117,142,94,77,108,83,51,137,158,221,91,171,114,40,44,123,111,114,148,168,176,242,243,192,173,150,145,134,117,117,192,200,129,97,91,36,48,69,97,117,67,102,145,120,108,155,145,196,108,64,51,28,35,158,224,224,192,126,100,142,210,212,212,232,202,221,209,180,102,126,176,166,126,153,198,191,142,94,69,126,192,180,186,204,213,142,123,182,186,161,117,88,155,194,153,114,145,111,52,148,186,190,200,178,59,52,32,26,194,213,190,120,158,202,184,180,178,134,99,173,212,94,94,139,128,108,29,111,202,246,240,234,200,171,176,192,188,155,196,188,139,117,111,66,213,128,212,94,153,108,125,212,145,128,94,105,176,99,134,134,168,142,153,168,69,125,147,114,120,99,117,145,128,125,131,158,150,99,108,173,158,122,59,80,150,99,88,131,85,94,96,147,230,196,64,48,69,66,74,64,31,142,203,131,62,44,69,155,209,227,186,113,152,205,145,69,64,54,71,79,108,173,131,82,184,182,150,184,145,96,108,105,145,168,173,170,184,125,57,77,61,46,105,144,128,54
132,108,42,18,29,37,51,100,108,70,83,94,77,49,53,49,60,80,97,91,53,24,27,75,70,72,114,151,103,189,80,100,70,55,67,100,114,106,53,58,67,132,129,83,80,120,91,62,77,31,171,28,108,40,35,44,126,53,40,77,103,134,126,114,85,65,65,103,117,108,132,70,126,94,42,21,28,60,91,70,48,42,60,67,100,77,103,72,72,48,94,55,40,44,38,72,134,180,158,111,120,108,83,114,173,198,153,100,171,192,100,57,166,218,173,83,111,123,60,44,51,70,60,60,77,114,158,153,126,131,88,126,129,209,153,131,182,126,126,91,137,126,129,102,77,77,114,97,102,205,213,191,176,150,106,102,42,148,153,171,182,227,210,153,189,237,247,226,220,221,186,134,117,88,105,139,192,114,202,204,194,128,75,102,142,163,139,108,148,168,161,126,158,168,163,100,77,150,173,150,128,72,114,184,161,202,224,192,158,120,28,24,85,205,230,209,196,134,131,171,142,180,188,176,120,105,173,85,158,188,105,114,139,218,161,97,137,108,142,178,198,203,173,139,74,46,158,57,77,166,148,139,173,105,94,128,150,80,91,111,139,180,134,111,196,192,186,171,173,99,147,105,128,134,150,168,184,150,122,102,77,44,59,147,213,175,128,94,99,125,131,125,105,74,69,82,119,207,221,102,66,77,54,57,62,50,119,173,152,54,35,59,182,221,190,196,147,137,194,198,152,40,27,59,116,79,48,69,79,110,205,152,147,99,33,54,139,182,142,139,177,173,128,69,59,61,74,150,116,93,122
148,117,46,20,32,70,100,126,83,100,126,97,77,72,65,80,91,58,94,111,75,46,40,108,180,171,140,145,158,137,111,126,51,55,60,91,120,108,40,34,38,83,111,70,48,72,65,85,106,88,94,57,94,51,27,55,38,44,25,27,57,94,129,94,72,83,67,51,106,120,60,46,103,88,37,38,30,67,120,65,40,117,91,88,140,129,126,65,120,67,70,40,60,65,97,48,145,227,196,163,205,168,100,150,191,137,60,114,213,192,88,48,134,178,103,65,100,150,103,32,32,25,25,36,44,38,32,85,134,94,72,85,83,150,123,100,139,102,102,126,182,153,126,100,48,77,102,75,145,244,210,153,173,215,210,134,131,139,123,108,227,213,222,196,235,235,231,205,168,163,91,83,114,102,100,67,102,192,184,209,158,131,72,131,150,139,168,117,102,128,131,123,131,163,173,120,120,180,194,150,111,64,62,148,176,227,231,196,158,55,32,48,111,173,212,173,134,163,134,134,139,158,213,212,194,200,222,198,168,184,178,168,142,158,77,48,108,99,88,171,184,168,150,99,38,33,94,46,29,111,69,80,178,168,66,120,114,88,105,128,161,192,188,175,173,180,160,137,163,173,160,120,69,102,108,196,186,166,145,111,77,35,31,137,205,150,82,69,139,150,150,155,125,139,69,48,46,186,218,152,128,111,91,64,52,116,111,150,145,105,52,59,119,207,216,170,150,99,163,213,177,93,88,125,152,74,48,24,66,88,173,188,82,54,69,90,147,150,168,175,209,184,107,59,99,93,54,79,137,150,102
58,46,49,46,35,100,159,129,100,120,72,60,60,108,72,77,97,65,72,103,80,106,143,200,234,225,137,94,103,83,83,83,75,62,58,55,70,62,35,38,48,48,83,94,65,48,70,114,106,88,126,114,120,57,70,37,48,28,48,29,32,44,83,85,32,42,72,114,62,94,28,171,16,70,77,51,19,75,100,126,117,106,77,46,97,60,100,44,67,60,62,91,65,53,65,70,210,158,185,237,245,209,94,120,168,120,72,108,222,221,75,77,55,65,67,65,108,75,65,44,35,55,35,30,30,30,34,75,100,77,77,91,69,51,91,120,77,139,173,142,189,196,123,72,114,145,114,97,153,196,180,145,200,236,213,196,163,97,145,148,139,196,168,150,224,216,163,173,150,153,129,148,139,120,88,88,202,142,212,212,158,158,52,88,180,180,168,166,97,114,94,182,105,176,176,173,150,178,196,148,102,100,83,77,142,220,205,173,148,77,38,25,94,145,153,120,137,196,212,204,139,117,161,210,212,227,225,220,125,134,205,213,180,134,66,62,74,114,111,134,108,94,108,108,77,59,62,42,82,176,59,72,216,202,94,99,99,111,94,145,178,178,196,163,69,145,205,72,88,158,196,94,69,88,59,137,122,125,125,137,99,48,30,80,205,150,46,105,137,99,131,173,168,188,99,77,91,168,190,155,186,168,152,134,69,128,85,125,152,175,59,91,93,196,173,160,57,93,150,152,125,142,184,173,150,88,54,71,69,108,198,139,175,110,79,139,224,210,194,175,184,160,105,69,69,82,48,57,79,93,102
24,32,46,65,60,72,143,117,108,75,58,91,65,83,65,70,70,67,55,62,62,77,159,169,197,197,164,100,60,49,58,77,108,80,46,77,55,40,44,72,94,60,53,67,70,57,100,126,126,129,117,94,88,70,91,60,91,114,75,57,40,55,85,120,100,48,60,94,34,65,91,51,111,51,65,40,37,129,126,80,48,62,62,44,42,70,32,57,37,83,70,88,129,32,38,60,185,221,251,250,163,148,126,94,150,158,103,185,250,252,189,57,44,60,46,100,60,70,48,77,51,114,126,108,46,33,25,70,114,65,102,108,94,53,131,126,91,168,186,173,216,231,171,100,126,148,102,123,117,114,148,150,176,198,171,168,150,111,145,120,91,155,108,69,126,196,150,97,145,176,158,142,117,114,105,155,161,155,240,210,224,126,100,120,176,196,178,204,178,62,163,88,114,114,161,171,180,134,204,168,158,123,100,80,105,168,163,168,134,91,42,69,114,139,131,102,145,173,180,178,83,48,75,168,200,244,227,184,75,158,205,209,123,163,88,114,99,171,212,148,120,72,52,122,122,99,180,158,120,190,196,173,216,200,139,94,102,114,102,125,148,166,168,125,139,155,150,82,50,96,171,153,166,142,88,50,88,120,150,166,152,105,88,111,215,194,163,158,94,77,131,134,145,155,179,179,165,91,131,111,128,179,212,192,74,105,96,108,134,229,91,94,113,173,88,177,96,125,113,91,108,145,142,142,139,119,142,179,96,168,196,142,210,155,128,152,241,235,175,139,179,170,99,71,69,79,90,54,59,71,69
18,32,51,49,70,22,19,40,60,83,37,88,62,62,88,137,46,38,60,44,49,38,40,42,60,83,83,106,77,32,70,106,120,58,70,60,65,65,85,100,111,94,72,65,70,85,134,106,85,108,94,57,91,83,72,129,145,137,103,80,91,70,80,106,120,51,40,46,32,44,77,70,55,72,55,75,70,126,111,72,38,75,72,51,53,80,60,21,42,94,94,94,35,46,34,60,153,209,252,250,169,120,185,158,103,91,55,189,253,253,253,196,29,70,55,55,51,88,91,163,142,103,198,196,65,44,91,42,102,42,166,55,100,77,134,155,158,139,186,209,213,231,216,114,85,129,85,91,114,91,64,80,102,150,139,126,69,120,120,114,64,69,69,36,75,178,173,111,131,150,150,120,100,77,85,57,100,196,243,216,216,158,123,178,194,202,224,207,102,69,139,69,50,33,145,102,139,171,150,189,166,126,148,85,67,100,123,161,148,94,77,91,120,139,163,145,176,173,137,80,33,24,36,69,150,243,200,134,134,220,192,202,194,145,117,88,173,184,142,176,173,111,139,150,145,190,150,142,134,192,85,139,180,212,207,163,64,99,158,122,125,161,182,105,131,131,50,42,69,77,153,139,186,225,88,44,102,182,216,182,147,163,173,173,224,234,198,152,152,160,111,82,105,119,205,219,119,71,105,102,46,160,244,221,102,74,88,71,122,219,165,96,131,139,150,213,220,139,93,88,91,113,108,88,99,155,247,213,235,192,192,145,155,142,113,155,221,243,163,107,142,150,79,99,116,110,175,102,96,69,48
19,31,70,83,21,10,7,19,49,27,67,77,103,75,91,151,35,49,70,40,40,38,20,32,22,62,58,126,88,51,72,106,94,38,70,48,111,140,108,91,114,134,114,75,48,91,137,72,70,88,140,51,80,67,70,123,111,126,100,88,97,57,80,137,70,35,53,23,26,38,70,60,46,53,94,134,114,129,103,70,65,108,129,100,62,35,32,40,72,100,91,126,117,72,40,60,100,83,75,123,120,145,168,156,80,62,173,196,238,253,251,139,48,94,62,57,67,77,173,166,44,77,108,111,62,48,85,100,91,62,117,88,106,48,168,42,148,131,207,192,218,218,205,163,108,100,85,100,100,120,114,94,97,158,153,129,64,117,88,77,69,48,62,85,114,173,191,182,163,137,134,123,114,80,48,30,100,209,216,196,194,155,126,142,161,210,234,216,100,52,83,64,32,50,134,102,150,123,150,212,168,173,176,88,36,88,148,182,173,105,100,62,80,173,166,168,184,137,85,88,59,50,62,91,182,231,186,91,91,150,184,219,173,88,125,155,125,153,173,178,205,190,184,190,198,150,153,52,209,173,27,57,200,253,253,205,69,74,99,82,128,150,171,166,88,114,105,62,102,111,134,171,188,212,131,66,85,178,243,226,170,158,147,158,188,177,188,218,232,205,125,54,74,165,200,192,160,163,139,85,44,119,247,243,119,50,69,82,110,196,210,160,147,155,229,222,235,173,134,74,71,116,125,71,69,175,242,248,224,165,145,190,145,131,150,139,170,213,210,179,179,158,150,99,71,125,207,163,134,96,69
49,60,65,46,11,8,10,15,75,38,83,75,65,58,106,123,75,83,72,51,70,67,55,72,60,108,114,151,100,103,70,72,53,72,60,137,216,164,70,58,77,97,80,72,67,91,174,106,70,120,158,88,48,57,40,83,150,140,65,67,83,75,65,35,77,77,31,26,22,19,60,24,55,55,67,75,80,94,91,83,65,77,129,94,46,60,34,38,65,132,180,153,126,126,77,46,53,40,60,53,48,137,150,67,91,51,51,156,192,216,103,94,173,173,75,70,88,75,209,158,65,46,67,70,77,75,120,142,117,69,120,145,176,44,150,51,150,161,196,212,219,180,220,204,134,106,131,148,129,139,205,126,117,163,150,153,131,123,100,72,100,91,114,134,161,204,196,126,139,129,111,126,139,105,108,59,163,192,180,196,173,145,153,126,126,202,224,196,114,97,145,123,120,117,166,114,83,153,171,189,189,158,148,85,75,105,168,190,200,171,55,33,114,184,153,178,171,111,158,163,192,173,184,196,210,196,168,88,38,52,139,180,173,125,134,148,125,158,184,182,202,200,173,194,203,216,163,99,196,117,48,82,207,253,253,142,50,27,38,155,213,142,102,150,99,117,207,88,122,105,125,120,196,155,134,69,131,212,229,212,128,48,59,125,108,150,221,227,200,99,114,108,125,220,209,168,232,242,150,54,59,111,212,229,108,71,150,110,116,188,216,173,147,200,213,216,229,192,150,93,99,139,142,99,59,134,221,212,155,170,160,205,134,113,119,102,152,163,231,212,212,194,152,77,42,150,212,205,99,113,69
42,49,49,28,11,11,58,65,88,137,72,70,60,67,123,126,100,67,38,70,123,111,88,117,126,151,156,194,161,91,62,70,97,129,97,189,246,137,42,53,48,51,94,91,83,108,132,148,103,132,114,108,40,46,48,88,100,129,94,60,80,75,70,97,111,77,35,37,13,14,28,67,32,48,24,46,67,72,53,24,32,42,70,94,48,42,55,30,80,139,153,150,126,120,85,70,46,57,29,51,94,111,103,44,38,48,30,72,158,148,72,70,48,57,103,114,120,100,134,60,44,88,75,100,158,123,44,100,171,120,161,191,189,155,94,145,69,171,180,226,219,191,209,219,142,120,102,102,161,178,161,139,150,150,158,161,178,173,142,91,100,180,134,150,182,163,111,62,148,213,192,80,182,102,196,178,184,171,173,196,192,128,131,117,111,145,176,145,111,180,219,196,163,128,198,117,69,80,163,155,163,150,142,134,69,67,161,205,180,100,48,67,145,163,163,145,88,186,240,244,243,240,235,225,198,153,145,97,26,35,120,150,173,150,153,150,150,148,153,166,192,180,128,150,145,114,150,142,122,117,46,168,240,212,161,99,48,74,114,153,173,147,125,99,153,85,202,128,120,64,131,105,160,150,108,82,207,224,194,125,74,66,54,88,74,139,180,192,134,137,99,134,96,224,233,192,246,251,207,102,113,192,192,170,128,134,235,212,137,168,196,198,168,165,186,196,212,188,152,137,119,139,192,194,137,145,137,139,173,186,165,119,85,64,57,61,116,163,208,212,192,125,54,77,99,139,200,218,79,50,57
42,35,42,44,18,49,80,65,94,129,111,126,72,100,97,88,100,34,46,100,106,67,67,135,100,88,151,164,148,83,70,108,94,108,129,106,205,137,37,34,38,48,83,85,67,100,80,123,70,91,72,97,132,70,70,60,75,97,97,83,51,60,103,129,65,77,111,55,40,29,19,70,42,46,37,40,40,32,55,35,29,46,44,91,65,42,24,60,77,83,114,108,100,108,88,57,57,53,65,132,145,88,77,70,38,32,60,77,166,150,70,20,55,77,97,83,139,129,137,120,67,60,137,200,202,145,106,102,114,114,129,196,205,180,145,83,142,186,192,173,182,184,184,176,106,69,114,114,97,111,106,117,148,207,91,131,126,180,106,114,148,204,226,171,120,72,80,176,240,245,173,97,196,83,189,215,153,176,202,166,153,111,105,126,88,40,50,120,126,102,180,189,97,163,153,163,80,100,102,137,148,131,153,100,102,139,173,196,137,125,50,30,150,188,171,150,125,249,252,236,251,251,205,134,180,176,176,150,69,72,114,128,111,131,184,176,123,114,131,142,155,134,62,48,108,97,64,66,50,48,77,202,198,102,69,94,80,120,117,74,99,168,120,52,82,114,108,166,102,69,114,77,173,152,105,175,184,178,120,120,88,105,139,108,99,117,160,116,119,152,54,168,137,155,200,222,212,248,244,227,139,155,233,184,184,203,221,231,192,155,131,221,175,150,182,158,192,196,145,139,113,122,221,231,182,108,113,150,160,158,74,44,31,23,24,31,122,173,160,152,105,59,50,77,90,131,205,216,152,48,66
38,26,65,65,31,58,80,55,123,94,129,70,67,126,132,145,108,60,62,86,120,120,70,65,80,65,91,126,114,86,88,100,53,55,62,55,75,58,60,60,53,60,70,80,75,75,72,53,37,48,70,171,216,100,70,51,70,55,83,94,32,51,85,75,100,108,140,80,75,70,38,28,100,48,72,46,51,28,28,70,44,37,60,55,83,55,19,83,88,103,51,158,88,126,108,57,42,48,65,142,198,145,72,72,72,55,48,60,213,129,38,65,57,29,137,65,158,166,126,100,75,48,126,221,189,145,88,69,100,142,158,123,209,192,163,139,139,168,192,155,173,173,100,94,97,75,94,106,67,97,153,126,150,219,171,102,94,94,126,120,161,231,221,178,129,108,150,232,245,168,105,126,176,158,150,158,168,173,194,150,114,102,123,114,72,23,40,139,128,48,94,196,83,166,150,100,100,168,97,150,126,108,117,111,126,148,94,102,94,30,72,44,111,117,145,150,163,196,246,227,245,235,163,80,166,209,205,220,202,153,85,80,48,83,173,153,123,128,139,94,145,178,91,38,105,120,69,88,66,27,69,203,221,161,111,148,142,139,105,94,111,131,91,50,125,178,161,142,122,125,122,137,102,155,96,131,160,173,105,125,198,152,117,173,173,150,94,152,57,77,125,190,74,128,122,184,108,250,253,212,168,200,221,224,202,224,137,150,221,145,186,119,184,168,113,150,179,173,102,113,177,175,184,175,134,134,152,99,134,177,40,19,26,16,24,61,119,139,93,59,96,122,88,71,77,88,207,207,198,142,128
49,49,83,55,28,37,38,34,100,94,135,27,120,185,126,91,88,77,100,126,117,70,70,58,53,51,91,103,100,117,72,53,72,35,23,28,38,51,85,83,70,100,97,83,75,44,37,40,32,35,114,196,189,150,126,53,40,48,70,53,34,32,40,44,75,77,67,114,91,83,91,53,80,77,80,120,46,24,30,44,42,48,83,65,19,23,37,37,80,70,57,145,114,91,55,67,48,114,60,106,153,150,91,106,75,100,100,77,191,139,100,55,153,70,67,134,134,173,158,72,80,80,114,192,182,91,111,108,72,163,163,126,148,207,207,184,126,114,153,150,129,129,126,88,83,67,64,94,83,88,126,142,196,220,178,114,77,198,184,153,180,155,163,192,184,168,205,242,226,137,102,148,205,204,180,150,163,142,189,126,111,128,161,173,142,120,111,120,105,100,131,224,202,230,173,100,148,189,213,190,139,131,57,83,64,48,48,36,21,15,57,75,50,88,64,91,69,137,173,137,145,128,102,131,209,235,242,250,239,196,134,142,83,114,125,148,212,105,148,145,173,218,82,64,153,173,186,196,74,17,72,231,234,205,171,178,171,161,125,105,122,137,120,125,134,134,120,134,168,145,120,155,166,139,114,134,134,134,120,125,139,163,196,227,216,74,108,158,48,46,142,117,168,186,184,163,139,244,253,242,119,88,194,218,209,131,190,122,82,152,168,82,147,131,69,150,163,125,91,122,205,203,163,145,145,170,102,91,142,173,131,27,69,44,85,69,88,64,52,57,150,173,105,99,74,71,173,125,198,198,163
143,169,60,35,49,29,32,40,49,198,103,83,108,197,153,38,88,94,158,158,129,72,40,46,65,111,114,103,120,114,97,51,75,51,32,62,100,58,62,100,94,85,100,77,46,46,53,60,25,40,129,169,153,163,156,62,48,32,38,51,42,40,32,24,37,57,53,83,85,108,100,51,40,70,123,103,30,67,38,26,30,51,70,46,19,22,32,25,55,44,48,77,80,70,37,26,91,114,75,65,77,70,114,126,123,40,106,91,108,114,176,44,111,103,111,114,108,100,129,48,123,114,100,117,114,126,158,178,126,97,204,150,148,232,176,198,155,102,72,62,94,94,94,94,69,77,97,155,139,182,173,202,150,229,168,139,150,202,210,163,123,83,80,163,196,191,204,222,224,182,137,150,207,229,196,148,150,168,176,108,126,186,224,196,176,178,171,126,123,176,198,231,249,245,150,126,150,213,230,207,148,108,69,72,40,24,32,26,22,29,55,57,85,69,33,26,42,57,67,102,134,99,148,205,188,220,251,251,224,180,178,131,125,114,142,180,171,188,120,173,224,198,168,123,194,221,230,218,54,12,105,252,213,224,171,166,186,173,148,108,117,145,128,120,125,108,102,145,150,125,125,175,194,158,120,145,77,72,96,99,125,158,165,178,186,105,99,131,57,59,168,184,198,242,230,175,158,213,252,240,27,23,134,196,213,196,147,71,179,99,160,173,163,139,190,179,155,128,99,170,212,207,192,177,145,99,122,192,137,163,219,113,170,152,175,79,125,48,69,125,163,168,119,88,116,147,107,77,122,165,110
226,193,153,137,123,55,60,108,83,108,166,145,70,197,205,31,100,148,75,94,129,70,37,44,108,193,123,123,103,100,88,72,72,65,58,134,137,100,75,120,97,72,97,88,80,48,140,117,19,55,60,148,44,80,111,103,75,75,108,123,100,100,57,40,44,108,91,77,94,72,60,51,46,83,108,53,53,77,30,24,42,57,62,67,60,34,26,51,57,70,60,44,42,40,44,32,44,72,62,67,34,28,106,180,139,100,55,44,48,70,111,57,77,142,120,51,85,35,120,100,55,70,62,77,132,198,126,148,83,173,207,111,176,182,252,219,168,88,53,137,100,59,94,77,67,67,100,134,186,226,226,184,111,150,171,126,192,131,194,155,46,77,137,126,171,220,235,198,100,192,131,134,224,240,224,204,178,126,102,189,213,207,196,150,161,178,173,171,180,176,196,204,216,182,67,64,148,218,212,221,153,139,171,139,59,32,64,83,94,83,77,64,150,100,59,19,36,40,99,139,205,212,231,235,212,212,240,231,166,123,173,155,134,125,186,180,99,131,99,192,233,194,184,66,32,102,215,221,42,13,221,252,244,155,105,171,209,120,182,59,80,122,120,99,77,82,150,142,131,150,128,186,219,131,91,108,88,88,117,111,102,108,102,150,224,192,170,134,54,77,170,205,209,247,226,125,145,225,235,175,31,13,69,163,210,184,150,205,182,150,122,131,168,179,203,160,173,196,200,212,168,152,196,160,128,93,150,163,125,128,196,198,240,219,198,158,158,107,122,188,165,152,165,152,128,150,93,42,40,110,150
164,176,132,111,126,123,120,137,159,123,108,70,153,218,143,94,75,123,83,60,83,75,55,67,108,148,132,97,60,70,62,100,77,97,72,106,103,117,145,134,120,75,88,94,70,70,185,129,70,18,51,100,37,72,57,120,173,193,198,153,153,173,123,70,94,142,161,156,106,51,60,70,108,111,100,106,117,80,62,72,94,106,111,111,103,70,55,70,108,108,70,80,88,48,55,42,28,48,48,67,51,44,85,196,232,150,38,57,67,51,38,42,57,97,108,85,91,51,100,65,38,55,55,91,173,184,171,163,70,117,88,123,100,246,150,235,148,100,72,48,42,77,77,67,85,129,120,51,182,219,218,161,111,102,75,150,97,59,137,117,114,180,142,97,166,242,250,209,129,117,102,178,234,252,219,173,186,105,137,163,221,212,158,97,108,153,173,178,128,168,163,137,100,55,33,64,150,182,204,221,215,202,196,180,171,173,192,180,150,105,50,69,173,148,105,50,40,64,80,77,224,245,236,207,212,176,148,168,158,145,161,163,120,134,213,153,145,48,120,218,155,161,102,137,55,38,108,184,88,23,91,249,205,178,85,212,145,114,99,96,77,94,145,99,44,94,173,122,150,215,182,190,218,166,99,91,96,117,150,131,91,102,163,202,221,147,147,122,62,96,170,224,216,179,134,69,99,179,165,102,91,31,31,71,190,237,150,77,150,173,113,88,74,128,94,137,186,221,232,229,196,150,182,179,131,116,150,105,137,96,175,226,240,202,192,155,113,233,215,188,155,152,192,173,145,137,99,36,36,107,243
100,72,77,53,70,100,70,60,83,49,70,83,164,234,120,100,67,126,135,58,70,70,51,86,114,77,83,65,32,29,60,77,126,75,72,80,91,140,174,164,100,70,77,120,126,117,173,156,94,38,94,129,126,103,70,145,185,207,185,173,163,173,117,60,153,180,196,182,145,62,44,35,123,120,191,161,161,132,142,137,108,134,150,145,106,106,57,72,108,106,129,153,140,70,72,70,40,32,35,75,108,88,94,176,207,178,97,77,70,32,29,46,72,67,85,123,103,106,103,53,48,70,67,80,163,222,202,134,70,30,94,126,134,117,207,205,131,75,57,67,44,44,126,150,153,153,102,117,123,212,134,180,108,85,209,83,120,80,114,64,173,204,100,59,150,210,241,202,105,105,120,218,209,252,251,145,158,148,180,126,38,102,114,91,114,163,178,148,111,117,150,102,69,48,69,48,123,180,226,209,222,182,126,168,227,249,248,221,134,57,28,55,168,180,139,139,97,80,48,44,190,231,142,64,99,125,67,72,123,102,150,176,105,158,196,139,163,77,150,213,85,99,134,168,97,35,31,145,194,31,19,125,207,125,108,224,134,50,173,173,128,96,166,77,69,69,163,168,142,212,209,168,203,182,99,72,105,147,182,158,134,150,180,209,230,188,134,105,77,122,131,173,184,119,99,111,145,108,131,145,69,48,62,59,69,158,205,71,91,105,80,52,31,48,46,44,165,224,235,235,192,182,168,150,142,170,179,184,145,134,198,226,200,188,207,150,179,231,232,184,142,107,145,175,190,168,77,69,71,160,248
65,55,67,94,100,77,60,42,70,46,70,55,35,114,88,88,145,83,94,117,103,97,75,40,114,120,65,70,44,22,34,120,120,65,75,91,129,100,135,143,75,72,100,111,143,161,191,205,111,67,134,153,178,126,123,180,163,108,88,145,111,70,120,100,106,108,123,88,103,77,75,60,123,196,215,169,111,120,126,134,142,129,126,150,126,114,55,80,83,129,150,94,103,88,100,94,60,51,38,85,106,70,55,53,120,132,85,60,55,62,55,77,60,97,106,114,123,103,85,103,94,57,60,117,207,220,191,148,108,38,67,120,67,75,153,148,100,67,62,59,72,77,100,166,158,176,145,69,139,139,142,114,148,94,117,131,102,69,150,126,64,91,100,85,137,194,221,226,57,126,196,231,212,252,194,163,120,198,155,178,91,102,134,126,131,134,173,111,158,83,145,102,182,48,55,94,102,182,221,196,171,126,126,94,155,227,236,198,91,40,38,67,150,210,163,168,158,75,38,62,145,171,105,59,94,99,42,38,94,102,114,166,131,150,178,188,188,102,142,192,108,99,153,178,80,44,69,145,213,139,36,99,207,158,137,213,120,131,180,173,182,134,102,88,99,150,120,155,160,145,184,178,158,145,139,80,147,168,202,128,202,128,168,168,170,202,163,131,111,111,125,175,198,128,125,170,213,184,145,96,88,122,147,71,46,165,125,145,91,66,46,40,82,44,31,21,139,219,241,245,196,139,82,88,168,221,221,134,102,125,160,137,173,175,170,184,160,196,232,186,74,66,88,150,225,221,128,110,147,179,90
80,49,100,103,70,70,53,29,23,21,31,49,37,40,103,60,135,103,126,153,126,80,100,83,106,126,55,65,88,120,83,103,117,88,88,106,114,94,137,145,62,72,103,51,103,178,210,219,140,83,137,191,180,80,108,176,150,83,67,111,72,44,67,65,57,77,32,35,94,150,70,126,163,242,231,196,117,83,132,158,137,137,120,103,123,106,75,117,97,139,55,29,100,126,65,72,77,94,48,75,88,34,34,48,65,75,48,51,88,83,51,55,108,156,139,100,134,85,62,80,70,67,103,120,123,196,205,171,145,62,28,114,117,69,94,91,67,111,139,102,100,123,100,137,196,168,120,88,114,126,114,91,176,97,142,106,117,100,163,173,100,134,139,80,100,161,205,204,126,182,148,200,204,207,222,100,204,171,161,168,235,186,207,191,163,145,168,150,168,161,102,171,192,42,69,114,142,134,153,207,131,126,145,80,77,148,100,100,48,55,40,123,80,218,196,182,111,69,40,29,69,139,196,180,91,59,69,99,123,128,114,171,190,184,215,184,192,131,91,145,91,148,176,120,64,44,97,176,227,205,18,50,238,215,180,182,125,148,153,158,150,125,74,120,125,171,178,168,180,150,158,160,213,131,152,155,150,178,171,194,114,85,125,122,114,196,180,173,122,77,182,163,155,147,152,184,221,179,134,102,134,196,209,170,88,105,111,147,82,59,66,54,139,150,80,50,125,213,237,215,91,50,74,77,158,131,88,69,40,192,71,116,150,225,125,57,90,184,221,155,79,102,128,173,240,244,212,196,158,79,57
83,65,34,40,42,51,34,46,37,23,16,55,29,49,37,91,91,77,123,42,88,158,129,83,117,143,80,114,151,88,80,151,151,70,51,132,120,129,143,151,53,35,100,129,111,134,173,198,126,70,171,212,140,44,108,200,117,83,132,94,70,48,51,62,91,80,31,65,132,140,129,123,176,224,238,202,156,126,117,163,189,176,173,126,114,120,75,150,123,94,29,37,100,65,77,48,46,72,48,51,48,44,70,100,150,126,65,62,77,57,77,103,103,176,134,126,91,72,65,100,75,94,106,77,80,153,237,204,142,91,83,102,85,88,69,69,97,100,126,100,91,106,120,145,153,139,117,148,148,142,148,126,75,97,134,184,171,106,94,161,131,105,180,142,114,158,148,153,207,202,158,145,126,229,173,182,85,100,108,88,186,236,194,150,192,178,128,171,221,163,126,150,120,108,100,150,142,126,173,126,153,148,142,178,180,94,52,72,59,55,94,100,83,125,229,155,52,117,42,30,69,190,213,176,114,120,171,212,91,123,180,168,221,224,213,216,227,150,80,77,94,188,176,122,69,32,99,194,215,168,22,31,232,242,150,145,96,69,96,122,114,158,114,99,145,168,192,173,188,171,134,150,196,155,150,184,134,147,158,102,85,91,131,99,91,125,170,105,48,77,170,139,85,142,131,186,196,188,134,119,147,186,216,194,74,82,105,150,128,125,134,125,150,163,119,96,122,196,232,150,42,40,48,74,116,150,74,66,116,108,108,145,139,64,85,69,93,170,186,158,99,128,175,198,242,224,219,145,107,64,105
94,35,37,35,62,51,70,40,67,77,75,28,55,49,67,123,53,123,51,24,60,151,151,145,161,198,137,120,123,158,164,100,148,28,58,94,221,85,126,140,53,72,132,140,108,83,70,72,94,164,120,129,94,32,134,189,114,176,143,80,97,70,57,108,148,126,106,134,153,129,97,83,85,120,225,216,114,132,169,173,216,219,224,200,65,70,134,114,94,57,48,51,139,85,83,44,37,65,60,40,34,85,168,182,207,132,129,67,97,158,168,100,67,150,88,132,53,75,120,106,72,72,108,108,100,120,191,182,182,150,184,114,85,94,65,97,100,100,100,100,57,100,150,168,148,114,178,196,102,196,178,163,137,150,83,123,134,69,59,120,153,129,150,123,137,182,184,173,171,155,137,145,171,209,173,108,59,52,72,67,97,145,173,189,212,186,191,221,153,150,184,155,153,150,111,168,163,77,128,105,182,224,215,155,158,158,108,126,48,40,94,85,105,69,142,145,94,88,59,102,117,221,212,184,190,205,244,246,108,75,131,148,207,213,192,224,212,176,91,85,176,190,182,153,62,46,102,176,153,117,69,40,137,247,114,102,102,62,59,128,150,175,131,74,88,128,166,180,166,99,91,88,178,175,184,196,200,166,182,182,114,134,139,114,150,150,160,145,48,77,117,139,88,72,170,175,200,192,125,182,69,170,150,102,40,44,57,108,160,170,131,145,131,150,173,139,116,155,170,110,57,54,71,99,85,155,82,155,240,150,177,170,208,122,46,79,134,182,145,82,99,150,207,225,230,205,150,99,38,93,116
58,37,37,62,67,62,53,114,123,197,42,65,38,91,103,20,120,100,44,49,77,132,145,117,140,153,140,108,135,126,151,158,169,70,151,58,94,97,161,123,148,148,156,148,126,60,37,48,88,129,134,46,48,77,75,120,173,153,129,132,100,70,94,150,166,171,169,158,185,140,62,38,24,67,205,225,126,103,163,213,231,236,225,185,126,77,85,75,62,53,94,158,176,169,117,100,65,70,72,77,55,85,176,166,142,123,88,97,180,219,163,83,117,80,100,106,111,103,108,75,88,108,134,142,106,145,103,148,153,192,123,150,85,69,48,94,75,88,106,106,72,69,114,134,153,114,126,155,85,108,194,168,142,77,75,108,106,75,88,97,80,111,145,114,117,153,137,166,168,129,129,111,150,158,168,100,55,69,94,108,163,171,153,178,171,184,155,191,182,108,128,184,173,150,166,150,88,55,75,120,153,249,240,145,139,196,153,111,134,102,128,150,91,123,150,102,62,69,128,139,99,139,205,171,83,198,251,249,158,59,88,184,205,202,150,150,184,111,85,128,148,192,184,145,94,74,128,131,102,122,66,94,62,227,190,131,117,168,125,168,131,131,82,69,94,117,158,168,145,96,105,82,202,212,207,150,152,209,231,196,125,155,175,165,175,125,134,182,122,69,125,125,105,125,216,232,212,173,88,142,111,85,108,99,69,50,33,99,165,160,125,125,125,158,212,177,128,125,119,94,119,102,125,128,82,134,160,233,251,224,177,243,250,182,152,152,190,177,150,66,42,82,125,202,198,203,212,182,31,50,125
100,40,32,65,72,77,83,88,137,80,70,53,49,44,58,70,40,60,60,32,117,75,86,108,103,100,108,100,94,75,129,134,176,191,97,166,126,143,151,134,213,176,129,173,126,75,60,83,58,97,103,65,67,67,32,134,205,129,163,126,83,48,94,145,156,145,126,161,196,189,48,29,34,75,137,212,150,85,150,236,222,194,178,132,114,111,85,62,46,51,94,126,166,196,173,108,70,60,65,85,37,70,137,129,126,126,97,117,173,192,180,153,72,70,120,108,103,88,100,100,114,129,97,117,155,134,75,83,94,209,126,173,148,94,42,65,102,94,97,100,106,53,69,126,108,94,88,55,123,57,168,126,102,51,94,100,67,106,108,97,88,100,150,180,139,52,180,150,213,108,108,100,173,114,224,145,131,111,88,91,173,212,222,225,173,114,148,77,48,69,148,166,173,88,46,94,128,94,57,94,198,236,184,145,186,173,139,91,88,148,233,233,123,134,158,114,26,94,128,150,83,67,94,137,108,180,251,246,123,55,139,150,139,180,150,155,153,23,128,88,64,139,213,134,108,82,117,166,88,111,99,158,50,96,232,166,111,235,178,163,134,88,94,134,145,163,150,173,192,153,158,150,198,200,186,74,128,219,218,221,145,139,178,163,207,213,150,168,168,125,137,198,168,155,236,252,212,163,158,99,77,82,145,184,205,150,88,128,150,168,139,102,119,165,227,192,137,150,147,125,134,116,105,128,119,150,170,179,240,232,202,208,234,182,122,150,205,196,190,145,48,31,71,184,208,179,144,38,173,134,125
120,80,51,55,58,55,60,80,91,70,40,22,49,40,38,49,67,65,40,58,100,132,135,140,97,91,91,108,77,83,132,111,193,185,129,32,27,100,88,174,158,137,151,198,156,103,100,40,85,103,103,106,134,85,108,100,85,126,117,103,77,46,60,60,57,65,48,120,150,140,94,34,60,42,97,180,171,140,134,221,126,94,114,83,114,134,85,72,57,51,117,196,212,196,186,150,80,70,70,57,32,65,126,94,91,77,62,126,120,180,192,139,80,53,94,65,51,85,150,126,94,103,85,100,153,134,106,83,85,205,196,230,222,100,55,97,114,80,120,120,117,88,83,100,77,91,137,126,108,94,137,120,55,48,139,75,83,114,111,131,134,100,126,163,163,120,142,102,134,126,100,150,161,111,205,180,131,184,88,120,216,213,191,184,139,77,46,91,64,94,145,176,91,64,123,72,40,77,59,83,171,182,117,114,161,163,155,153,139,126,186,180,150,131,123,139,108,36,64,117,83,97,125,155,131,194,252,218,36,94,168,120,134,150,168,158,158,139,139,128,105,128,171,88,57,62,131,180,102,128,158,99,99,108,207,139,102,198,134,205,125,125,153,166,186,196,182,171,192,131,184,192,160,166,145,105,99,202,192,150,150,99,145,142,184,205,150,125,175,205,198,119,177,224,209,234,188,175,194,184,94,119,222,230,186,173,158,194,239,213,152,77,139,150,186,163,128,145,158,160,147,108,88,125,125,66,110,182,202,216,196,196,224,173,119,150,196,213,218,179,48,26,66,155,192,69,40,90,158,139,64
151,159,164,159,108,97,77,49,60,55,58,32,49,34,70,80,70,55,40,77,83,91,120,100,103,88,67,80,86,70,143,70,148,158,70,29,20,44,100,205,205,126,164,200,151,72,153,143,120,106,100,132,176,176,134,70,126,189,51,97,62,55,25,32,51,40,51,57,126,163,83,24,75,28,137,53,169,132,166,153,44,28,70,88,129,150,91,106,57,51,129,230,219,178,178,169,97,77,75,57,44,75,83,70,91,91,106,142,88,163,150,80,123,67,48,55,108,145,173,150,80,97,111,77,108,148,163,100,100,161,213,235,202,137,106,100,72,88,173,114,83,106,120,94,62,108,194,178,83,64,139,94,51,77,123,153,158,108,139,180,161,168,137,102,173,227,184,72,120,120,97,168,137,236,182,226,184,216,111,94,173,186,196,176,123,126,55,50,114,67,168,166,102,117,97,153,40,91,42,80,155,114,102,120,114,148,231,215,150,102,100,150,163,134,100,91,36,38,29,55,88,137,184,148,139,192,248,166,17,72,148,123,158,163,188,234,192,148,150,192,221,122,26,48,59,80,142,128,102,114,108,139,230,207,131,134,80,153,184,219,184,215,196,160,205,224,171,125,105,108,168,170,152,128,150,168,80,128,142,44,122,94,139,163,125,145,108,102,173,219,212,134,220,227,165,158,114,145,235,177,102,165,244,233,196,182,188,236,245,220,150,147,155,179,158,139,163,80,177,168,173,173,137,116,99,40,79,145,128,155,177,134,207,220,177,122,102,150,200,184,116,48,40,93,145,110,54,54,102,77,40
166,198,204,174,120,126,171,86,83,80,140,58,80,70,103,108,100,49,53,100,129,72,83,135,100,100,88,77,156,161,72,55,200,241,97,44,37,44,161,219,205,145,100,166,182,77,140,166,65,67,91,126,129,150,88,85,150,132,77,83,72,70,48,27,51,70,77,80,169,224,70,25,106,40,62,44,53,156,142,153,65,51,83,77,126,224,153,103,51,40,100,185,173,178,161,123,70,100,117,70,75,134,103,126,173,137,123,111,94,94,150,62,88,75,60,72,132,163,145,108,80,106,126,100,117,137,111,108,120,145,150,148,191,192,114,62,55,106,166,94,83,129,129,75,65,111,171,153,88,69,75,46,88,64,108,158,163,139,139,126,171,161,114,111,198,224,215,150,57,102,134,200,227,202,166,184,215,196,129,145,198,178,88,142,155,108,48,88,57,123,163,205,158,202,209,163,85,50,35,83,94,36,77,134,108,182,241,184,145,142,212,100,145,150,94,72,83,29,38,75,114,99,125,125,102,198,239,171,44,33,88,148,194,161,234,234,173,105,69,158,240,134,18,29,82,114,145,114,69,50,139,194,209,202,150,173,166,196,207,218,209,224,200,150,150,175,125,105,145,158,155,134,150,155,194,137,114,150,139,52,114,120,160,168,134,102,64,99,202,205,212,215,158,221,150,147,46,94,212,184,108,173,224,216,173,209,220,205,194,158,147,82,165,198,64,152,163,175,147,213,205,196,175,93,99,96,38,29,69,170,192,93,196,247,218,50,27,64,212,202,139,74,52,88,134,131,102,48,69,74,24
137,135,126,114,117,148,151,83,145,140,135,94,126,174,143,86,67,55,42,100,94,86,108,86,67,123,94,94,106,174,158,169,218,218,108,48,70,88,205,215,173,83,51,114,178,111,140,180,97,48,77,182,148,83,114,97,134,161,97,72,72,40,22,38,51,51,67,114,153,137,75,53,25,83,51,34,80,100,150,163,117,70,94,126,156,192,161,123,70,34,108,150,137,156,137,100,83,134,114,132,126,191,97,111,189,150,75,75,114,28,150,42,100,77,67,57,120,168,132,70,94,103,114,106,108,100,180,150,120,108,85,67,161,163,142,88,97,108,114,88,100,123,108,106,108,108,150,129,158,97,75,88,102,83,83,88,139,155,126,117,139,108,83,114,166,212,220,166,126,108,145,227,229,176,163,180,155,134,117,198,226,196,137,126,134,97,142,120,126,145,192,200,161,224,205,184,100,44,44,57,72,67,57,105,153,207,215,94,126,123,153,100,125,48,123,131,33,97,128,123,69,139,163,125,120,205,244,212,55,13,80,166,215,207,250,173,55,44,59,99,221,210,64,26,23,36,80,128,97,69,192,203,216,180,184,182,178,180,194,209,182,175,175,163,85,72,142,196,178,160,150,137,147,173,150,128,173,175,163,122,122,173,182,150,163,120,69,125,224,215,147,163,192,202,116,150,46,173,210,125,125,108,134,179,152,186,168,152,173,122,85,40,74,116,168,119,125,168,212,236,188,198,173,168,82,42,24,40,113,125,102,82,163,244,230,69,48,88,236,182,144,128,77,116,150,179,150,74,113,107,48
91,70,65,94,100,83,88,106,114,100,60,83,94,151,126,67,86,38,44,49,135,129,164,117,100,135,62,67,135,174,153,137,129,180,80,32,58,88,212,212,153,88,22,48,158,143,140,158,85,70,129,196,173,97,65,126,134,117,88,88,70,88,77,53,67,37,46,83,72,65,48,48,35,65,42,70,100,106,106,126,132,100,173,191,100,111,150,126,106,70,137,153,123,145,134,161,137,171,129,142,156,185,88,62,83,77,94,83,103,42,111,72,100,42,62,44,114,139,117,88,108,108,75,103,103,100,129,153,100,83,106,57,126,180,145,111,134,83,94,69,62,117,139,126,91,97,129,163,142,114,114,126,102,72,94,126,129,114,94,145,182,137,57,51,139,233,191,145,168,150,161,227,186,126,150,134,100,142,134,189,237,218,158,128,102,150,166,145,194,196,180,131,178,150,161,105,180,46,64,69,67,94,91,120,137,163,207,150,83,67,102,155,94,48,117,108,150,139,131,64,123,137,178,168,134,198,246,230,38,52,123,224,102,231,194,194,21,11,33,82,173,237,163,52,21,16,66,125,108,145,209,207,203,184,186,99,188,171,163,182,163,158,147,108,134,158,196,205,150,142,155,155,160,145,105,184,150,114,173,152,128,184,212,170,152,125,102,150,224,222,122,125,186,173,134,160,145,194,194,74,52,77,108,116,131,173,150,122,158,105,69,82,88,105,173,108,91,116,249,241,173,182,194,150,96,54,29,25,88,88,99,160,173,236,145,134,131,150,219,240,152,119,113,125,142,147,150,163,160,147,155
42,42,55,44,38,58,88,86,100,49,42,70,126,55,58,77,58,34,75,55,156,161,140,164,158,151,49,100,65,148,103,58,174,65,114,72,72,94,200,233,114,40,29,103,178,117,129,123,129,83,202,193,171,94,48,42,185,163,186,196,196,196,150,48,38,40,42,53,28,51,88,67,48,57,51,48,111,161,100,65,145,198,166,173,161,137,85,65,80,140,123,158,220,168,166,196,153,134,114,163,171,196,145,77,26,42,161,145,123,72,91,163,94,72,100,70,117,117,139,100,114,91,70,80,72,108,108,120,80,75,72,102,114,142,72,137,158,123,100,44,53,123,153,69,51,106,148,148,75,163,57,134,91,64,120,114,80,69,69,111,180,173,69,42,100,191,209,207,184,184,142,204,91,105,148,139,189,212,150,139,196,168,163,196,191,198,196,173,204,198,153,168,134,67,134,173,150,91,72,52,52,100,69,88,158,166,231,155,36,85,108,120,111,57,128,161,85,153,111,120,194,202,178,173,137,196,226,202,134,225,184,125,131,94,55,161,105,85,137,173,205,252,243,125,42,46,128,122,148,158,155,213,224,186,188,166,137,122,125,161,125,148,158,120,137,175,145,120,163,175,175,85,158,155,145,200,125,125,168,188,125,152,209,196,168,117,122,158,139,163,145,105,158,170,192,209,190,163,196,137,72,99,71,80,150,158,179,125,94,116,139,128,134,122,158,139,128,203,251,252,192,188,145,69,77,50,61,50,50,119,125,131,79,179,110,152,173,173,249,251,170,152,96,99,163,128,186,236,221,182,125
49,51,51,40,35,49,80,75,55,49,62,65,75,49,38,83,53,40,65,62,86,174,145,151,174,148,77,53,106,120,94,114,53,60,55,85,106,117,153,151,134,85,32,77,180,120,120,75,123,108,176,151,134,62,100,31,126,178,198,185,185,196,145,77,55,48,57,108,60,85,176,72,72,94,126,148,145,140,129,83,120,210,196,132,150,142,62,34,72,150,180,186,240,191,163,185,168,139,108,142,186,204,134,48,67,100,111,150,117,85,145,148,200,139,108,106,108,132,150,88,100,77,91,100,88,108,108,100,88,60,77,126,100,88,100,150,134,91,100,77,59,75,106,77,48,94,100,88,83,192,100,77,126,59,38,75,46,69,94,120,139,150,120,51,62,100,191,221,163,100,108,148,85,97,134,148,224,191,163,158,163,139,150,231,237,196,171,163,166,196,126,145,139,120,163,150,178,180,83,44,91,120,105,108,168,180,204,155,67,134,102,57,80,83,77,120,85,128,153,178,212,235,231,163,125,200,219,221,247,229,173,171,80,55,142,173,231,188,153,173,207,207,120,88,99,122,148,120,198,198,168,224,176,184,224,168,168,180,155,158,108,77,131,128,120,82,77,66,128,180,99,163,131,184,152,99,152,120,165,220,139,134,150,203,155,99,134,173,111,152,125,119,192,152,198,216,209,179,203,182,99,96,94,142,170,150,173,137,74,99,150,128,142,170,170,152,222,249,251,246,202,134,82,66,59,64,54,69,113,125,54,69,102,125,139,125,173,188,213,227,210,79,105,158,179,173,177,221,210,99,48
70,72,53,38,31,49,97,70,49,67,70,70,67,62,51,49,62,51,51,44,72,151,180,143,145,108,75,88,97,114,114,135,23,49,38,91,129,111,100,100,94,91,72,114,176,137,94,97,123,189,238,150,25,51,72,67,205,163,100,70,83,134,70,29,27,57,156,185,67,171,193,198,134,169,83,148,169,106,142,185,178,176,196,83,37,108,85,40,97,148,189,120,103,126,80,83,134,126,145,209,182,180,137,145,106,126,198,200,139,126,196,222,232,194,153,142,77,80,100,94,111,88,100,126,100,106,111,111,114,69,80,114,69,67,142,120,129,129,94,100,80,65,91,97,67,91,108,120,106,168,186,108,55,75,55,134,69,100,163,150,150,153,153,83,44,88,83,153,145,83,85,137,134,77,126,145,191,173,191,189,150,126,128,194,212,176,131,158,105,173,100,126,155,111,173,182,205,205,134,97,123,120,97,128,182,190,150,85,105,100,69,57,67,100,108,117,111,105,163,178,207,212,190,150,153,180,221,202,225,245,196,168,99,62,94,218,218,213,173,178,163,128,25,55,134,105,131,111,117,122,198,134,212,215,192,188,213,117,145,178,108,69,150,145,96,180,145,77,145,194,57,111,145,125,69,108,152,152,145,216,158,131,128,210,182,108,108,111,192,209,212,99,212,173,186,224,225,221,182,139,131,137,134,163,160,125,150,150,108,96,113,155,150,158,168,139,250,252,246,212,113,42,38,82,105,61,71,119,150,116,69,102,122,150,173,155,170,64,77,152,182,113,137,139,113,116,207,244,220,93,48
55,72,70,49,67,83,83,97,88,67,94,135,100,62,42,46,67,72,60,42,75,132,176,169,126,106,83,58,106,164,97,75,51,58,58,80,129,111,72,86,94,80,70,140,173,132,97,108,178,193,189,94,32,14,42,132,158,171,85,48,114,123,60,28,46,100,171,126,158,150,180,230,120,156,132,62,100,111,158,173,142,129,100,111,126,148,126,65,140,173,185,129,48,72,70,51,132,210,196,189,176,196,145,91,168,139,166,205,191,192,176,205,145,184,205,156,108,70,117,100,83,100,111,134,129,126,91,126,126,72,65,69,91,77,72,120,150,131,114,111,91,108,139,120,65,83,148,134,131,123,163,88,83,80,83,129,75,131,168,139,102,134,166,148,91,117,62,139,209,150,88,155,212,117,145,168,158,163,173,161,123,111,102,134,192,182,178,150,126,168,182,126,158,97,145,171,240,230,209,153,126,126,114,108,168,196,126,108,75,97,108,85,42,48,102,131,134,142,150,150,153,196,221,224,243,244,248,227,202,248,251,173,88,69,94,137,173,186,196,188,134,105,66,36,105,163,134,108,59,114,192,168,134,188,173,200,209,163,134,128,192,173,134,180,160,166,173,125,155,122,69,102,85,66,96,186,173,150,160,150,168,163,168,182,163,125,99,125,200,200,192,145,188,99,168,235,219,190,155,186,224,111,150,145,145,145,158,137,131,150,113,131,128,125,134,207,251,250,239,163,74,29,24,125,170,88,59,108,139,122,102,99,116,139,184,221,170,25,77,163,139,131,142,116,119,125,207,234,175,110,96
111,75,126,174,164,151,129,151,111,123,123,148,58,42,65,86,103,86,72,60,60,108,164,151,106,103,77,86,137,137,67,58,94,55,70,91,126,126,48,60,123,97,88,151,158,100,114,91,120,120,150,77,57,46,108,108,97,137,186,88,72,108,80,88,114,120,129,132,77,106,145,145,72,80,106,77,129,126,70,53,70,129,91,77,140,178,158,88,192,220,148,34,83,38,132,114,106,233,236,91,145,126,126,106,145,205,161,132,202,205,171,123,126,150,150,156,108,100,57,57,77,126,131,139,108,94,91,94,70,72,83,108,97,94,69,126,150,158,148,100,114,173,168,108,91,91,131,123,100,72,97,123,100,94,108,102,55,100,114,114,88,108,173,216,209,180,134,142,216,173,108,158,234,150,128,139,114,102,153,158,120,64,69,139,220,224,191,168,161,196,220,108,91,88,100,196,239,222,224,212,142,150,100,59,100,150,153,161,120,215,196,83,69,100,83,64,173,145,100,125,168,184,212,245,252,252,243,224,212,251,252,198,72,66,120,105,108,161,173,173,192,188,150,42,32,128,184,168,150,209,173,148,178,155,186,205,202,207,150,153,213,173,184,209,205,122,96,125,125,82,105,125,99,128,173,218,230,137,57,125,173,155,91,108,114,150,170,150,168,145,186,96,139,182,177,170,119,147,232,235,184,147,186,152,190,184,145,165,173,168,119,88,131,150,113,247,243,224,196,160,145,82,52,155,163,79,42,99,155,122,96,71,150,64,200,215,160,27,46,113,173,116,96,139,158,134,173,210,177,110,119
88,159,212,227,218,224,212,210,186,215,58,159,32,49,72,103,75,106,86,100,120,137,135,114,123,72,111,77,108,91,67,35,108,151,97,100,100,53,51,94,134,103,80,153,151,145,80,48,65,51,77,75,48,60,108,108,100,140,156,80,44,48,132,173,198,178,145,67,29,103,126,100,60,31,67,171,213,191,114,83,120,140,108,148,237,227,145,103,192,196,196,111,72,46,51,91,213,215,150,161,94,97,103,163,225,213,126,97,163,180,176,145,88,111,129,180,120,53,111,94,94,111,100,114,103,57,123,77,55,80,91,134,85,114,153,145,163,139,134,145,148,111,91,100,114,85,100,88,69,59,94,114,100,111,155,126,44,59,142,134,105,131,184,215,205,163,150,176,215,213,171,163,205,173,100,126,117,123,168,153,126,126,114,148,221,227,155,180,171,196,148,67,57,97,69,204,182,186,186,220,150,128,100,72,100,91,100,100,237,239,221,137,158,100,108,123,100,100,125,150,139,150,212,225,234,241,224,202,218,192,250,148,36,48,94,145,190,108,131,180,142,173,194,94,38,114,202,150,173,161,231,166,188,196,168,216,168,163,173,182,196,220,213,178,163,182,91,69,96,122,168,125,114,175,210,218,196,122,82,194,147,80,31,94,184,173,152,150,158,168,173,160,102,125,173,105,102,203,212,175,145,207,196,175,216,202,139,175,198,150,119,125,168,173,184,246,207,210,230,227,160,142,66,99,108,113,85,108,177,142,150,108,165,77,207,168,177,61,93,102,147,155,165,139,173,131,128,192,163,77,122
148,111,209,227,238,213,222,251,225,204,72,126,37,55,58,72,77,100,120,174,191,140,117,97,126,70,100,53,86,77,40,49,219,240,185,86,35,40,72,49,55,108,151,161,196,180,44,32,51,48,34,70,44,60,103,132,145,137,123,88,32,29,65,163,215,212,150,97,62,150,196,80,60,53,161,212,205,169,191,215,169,106,77,194,213,196,150,88,132,156,150,123,139,67,80,137,200,224,189,83,72,158,196,189,173,153,111,139,123,196,137,209,70,114,83,220,88,186,29,70,158,91,100,97,150,202,150,108,94,114,134,126,75,83,210,171,126,163,202,134,80,65,51,65,65,85,85,117,97,97,88,88,120,139,184,161,67,51,120,134,137,158,142,150,168,142,163,176,225,227,184,163,173,137,102,126,126,128,131,91,108,168,191,196,216,219,186,192,191,142,35,44,72,72,72,202,184,168,134,155,139,114,171,158,105,64,67,168,243,224,178,145,173,150,163,111,57,145,139,153,176,173,150,145,202,221,219,210,204,145,137,64,46,50,99,194,173,125,105,171,142,188,188,44,28,105,178,131,131,233,215,213,190,200,173,230,194,178,188,192,158,188,190,134,122,111,105,82,105,125,196,213,168,117,142,105,145,163,111,120,147,108,77,160,221,213,186,175,137,150,173,150,128,142,150,158,102,134,122,155,205,194,182,147,213,221,188,128,137,150,134,142,155,175,233,243,177,244,248,245,173,152,50,93,116,142,139,173,209,184,222,175,163,160,192,170,208,134,116,137,170,190,179,142,158,150,144,152,122,125,175
132,159,145,145,178,180,198,240,242,75,159,49,40,94,29,106,62,94,151,180,120,106,151,114,67,86,88,88,40,97,34,174,224,204,193,60,29,60,72,29,44,123,185,193,196,182,77,83,72,123,83,88,48,120,91,182,191,176,129,67,46,32,38,94,161,219,156,83,178,202,166,106,100,94,196,207,145,85,120,173,100,106,111,111,176,216,216,153,108,137,148,129,148,126,153,166,139,163,129,65,103,166,200,200,216,161,150,134,117,126,192,230,196,108,80,230,150,88,142,176,114,40,94,158,137,153,129,158,173,134,173,65,216,145,111,134,150,150,202,161,131,114,80,69,77,85,126,97,158,173,55,108,64,148,173,166,114,44,64,131,134,108,48,67,142,178,191,150,218,210,163,145,102,91,114,131,153,117,64,59,108,158,192,200,209,196,209,198,123,77,50,50,75,105,176,191,150,126,108,100,88,148,224,194,100,67,100,196,210,196,94,67,173,163,171,125,91,150,108,142,180,178,142,125,196,240,227,210,155,153,145,46,62,91,150,155,180,59,64,142,178,69,50,69,33,85,158,82,209,153,203,210,215,158,194,212,194,166,175,163,44,77,139,145,105,80,85,145,150,117,184,171,158,120,111,99,180,131,158,139,145,182,175,139,122,155,165,125,111,134,134,137,184,179,155,173,113,111,173,158,175,184,155,69,99,203,227,160,128,184,131,122,173,216,220,235,173,219,224,192,196,194,59,93,125,147,192,225,235,192,190,165,163,155,230,139,194,107,105,196,208,173,163,186,177,182,158,128,150,202,220
205,156,108,97,114,117,151,226,205,103,108,49,58,65,55,58,91,88,114,126,103,126,97,80,88,70,51,70,75,62,143,166,137,97,37,97,53,48,103,97,114,85,108,180,186,196,153,137,153,158,185,158,100,148,72,209,219,171,103,83,72,88,51,55,150,209,178,126,173,212,129,70,103,65,186,173,46,44,51,77,77,117,114,103,198,216,212,176,70,94,153,173,196,224,173,145,180,150,85,120,150,161,235,209,137,161,191,173,97,189,205,198,126,150,192,182,126,163,204,171,153,57,88,163,180,145,131,196,200,120,114,108,163,184,88,77,102,173,134,158,194,139,114,94,102,108,69,46,150,153,48,85,51,69,227,178,75,97,48,94,106,97,67,26,100,210,189,100,189,231,120,150,55,67,134,155,161,120,69,55,97,148,168,139,137,176,191,168,120,114,114,126,173,163,158,168,108,75,94,108,117,171,198,163,126,150,173,168,178,150,80,102,134,131,173,120,155,128,102,128,176,184,148,137,188,224,212,188,213,212,139,64,85,120,168,192,48,40,88,203,168,111,69,36,46,91,77,57,111,200,200,209,221,205,122,82,200,175,153,108,18,82,168,125,200,150,48,131,163,128,69,99,42,178,142,54,131,194,196,134,125,137,145,111,108,150,152,128,119,134,173,205,173,125,131,177,196,131,207,158,150,134,173,194,163,150,209,213,194,188,139,139,179,200,209,192,175,168,165,219,186,160,46,44,155,182,182,226,240,190,85,128,158,158,208,79,93,69,198,163,220,182,192,192,190,192,208,184,137,179,224
176,189,161,135,75,161,216,219,225,164,65,65,77,53,91,120,117,114,97,103,103,117,100,83,70,53,58,53,151,111,132,145,126,88,49,72,97,85,169,174,148,88,58,88,126,156,85,72,176,148,194,196,94,108,100,176,224,143,108,85,83,85,53,51,163,198,176,103,126,166,134,48,94,97,200,163,94,75,88,140,142,108,126,126,180,178,134,137,37,88,200,178,123,205,173,150,192,161,94,120,173,185,205,171,94,126,176,173,94,108,173,100,137,186,184,142,106,100,192,216,148,85,75,153,186,148,137,173,145,67,70,123,171,180,150,75,123,126,180,166,180,139,69,55,100,57,42,83,77,94,57,30,108,114,161,192,126,114,83,48,126,142,97,22,42,191,145,126,210,227,126,150,48,64,163,182,91,134,150,94,145,166,123,94,94,153,171,173,100,158,150,194,153,91,161,168,77,52,97,137,150,150,168,142,148,178,205,137,137,137,142,117,97,148,111,125,200,173,114,99,173,205,192,150,139,131,203,202,163,196,148,108,142,155,207,178,108,150,168,184,114,85,57,29,35,64,54,94,163,134,215,205,203,145,42,163,198,142,158,52,20,29,180,244,220,137,94,72,196,173,111,59,111,188,122,142,235,168,173,192,139,111,170,173,134,94,114,158,128,91,99,74,202,196,145,125,105,139,158,203,177,163,202,240,218,165,128,209,222,134,119,184,209,209,137,173,196,215,128,175,227,152,82,134,175,170,173,239,233,152,54,71,131,119,139,122,64,128,213,134,184,175,218,220,207,205,198,168,125,134,205
213,235,210,174,126,164,200,227,209,108,97,94,83,44,94,159,117,111,88,49,38,70,86,49,32,77,137,156,153,164,196,212,169,83,75,120,153,169,176,151,153,108,58,40,62,77,34,51,106,145,196,145,80,100,77,173,222,173,108,83,55,46,42,72,182,205,134,38,100,88,123,75,134,204,129,108,108,163,207,178,205,120,123,182,137,140,100,123,55,158,132,139,32,161,126,221,153,166,156,94,173,222,212,163,111,134,148,83,129,150,139,182,171,137,182,161,94,62,189,232,145,46,40,106,120,129,186,173,85,69,38,173,235,200,114,48,62,111,142,182,212,120,102,126,142,131,120,117,59,57,100,108,102,171,131,230,158,51,57,51,55,126,85,38,53,100,129,182,220,189,100,46,83,85,134,117,105,111,196,173,180,205,114,91,97,139,155,120,150,173,153,168,111,108,137,134,72,88,80,126,184,163,108,108,100,145,173,131,111,123,139,173,80,75,91,125,196,210,180,134,173,220,224,194,142,137,192,145,83,158,184,155,221,198,178,196,234,242,142,82,99,57,32,29,46,99,145,145,128,99,125,102,180,108,91,145,240,253,252,184,52,19,80,224,222,145,158,163,145,212,184,236,205,215,155,227,218,168,209,122,175,173,221,212,173,188,147,182,224,119,122,192,82,225,202,139,188,173,219,66,213,202,173,198,213,179,196,225,230,196,179,125,237,168,186,202,209,233,232,210,224,131,168,215,194,152,128,179,216,150,48,46,74,134,125,99,93,152,190,160,93,184,237,226,203,177,128,125,186,188,188
209,231,151,111,103,94,183,153,143,151,88,103,38,100,72,108,111,67,70,32,32,70,72,44,26,75,156,174,204,231,235,242,194,120,70,94,193,209,185,158,137,88,29,24,51,70,51,67,106,150,173,114,91,65,83,200,215,186,100,70,34,22,46,108,173,176,72,32,35,62,72,120,161,194,117,20,42,166,215,173,180,145,134,185,150,153,150,169,180,142,65,108,46,137,80,213,123,108,202,150,173,202,200,196,97,153,185,60,163,212,126,182,150,91,180,150,97,134,202,180,142,70,34,106,180,163,192,189,100,111,108,80,205,194,123,48,44,191,212,158,139,126,178,180,106,134,158,139,123,117,134,100,59,80,182,202,126,36,38,80,100,83,57,32,40,51,97,192,213,196,69,48,137,108,97,131,126,108,178,163,150,207,158,150,150,126,100,69,198,168,161,126,120,161,100,111,85,137,69,94,150,145,83,57,83,139,123,128,97,102,171,198,40,91,91,114,153,226,212,196,209,224,215,224,173,125,150,125,139,155,218,203,182,94,123,176,227,203,91,48,55,28,17,32,77,173,248,202,66,59,57,64,155,171,69,25,221,253,253,253,251,62,57,168,194,168,188,173,125,194,152,173,220,212,241,226,215,145,96,102,125,182,163,155,163,134,114,205,224,137,190,122,219,207,236,224,224,200,202,196,198,218,128,158,219,231,222,218,192,192,179,222,231,202,225,173,207,230,216,179,163,150,173,192,155,119,91,137,216,163,116,77,64,93,79,96,116,221,158,152,173,182,205,213,188,198,203,147,182,226,152
135,197,53,37,94,94,83,62,218,171,77,42,72,49,51,14,32,51,42,42,21,60,111,75,60,77,153,161,231,185,202,248,180,134,120,83,164,224,171,158,169,114,51,40,55,72,80,83,97,151,202,150,77,83,91,103,182,216,129,57,37,28,48,91,148,103,38,40,24,51,40,75,137,150,77,27,48,103,198,166,153,148,114,173,192,180,171,126,224,85,65,111,117,137,158,111,108,108,194,198,139,161,150,150,173,158,198,114,180,196,161,198,180,106,150,180,180,153,173,200,173,111,103,134,202,213,178,207,163,65,142,158,250,168,126,117,166,207,186,184,178,102,137,134,150,210,247,216,168,150,120,75,114,137,153,150,123,69,69,75,100,120,69,59,40,44,15,19,198,242,161,91,150,200,198,218,166,108,139,166,176,168,207,209,189,148,134,114,153,139,139,145,155,166,77,108,85,139,67,102,108,97,69,72,120,128,137,137,75,123,188,142,131,125,134,99,117,209,202,186,224,241,225,186,150,120,173,105,196,188,182,192,62,55,108,137,145,108,57,30,22,21,17,42,99,203,252,221,77,66,88,102,196,188,48,15,82,50,125,253,253,205,64,96,230,230,137,102,114,114,142,150,205,234,248,240,220,178,184,147,114,173,160,50,35,69,85,139,108,170,188,235,207,186,203,212,150,188,196,139,163,216,168,194,245,212,147,213,205,186,145,128,209,242,147,155,125,119,230,173,184,125,170,160,71,99,224,232,194,160,150,74,36,108,165,99,173,200,190,198,150,188,215,208,208,224,241,215,213,192,163
38,126,166,103,100,65,51,164,148,129,106,40,126,32,32,55,19,77,44,28,62,70,100,72,123,77,91,189,137,148,169,207,174,143,114,114,180,213,151,117,176,117,32,34,48,46,77,100,83,158,204,148,100,85,40,51,161,220,129,48,70,51,38,57,117,70,38,62,53,100,100,72,97,106,94,120,132,134,173,169,158,140,103,140,191,173,186,192,173,142,103,137,176,168,132,97,94,117,156,182,120,85,132,182,212,180,145,150,83,158,158,120,176,161,139,191,158,72,129,234,235,131,100,123,145,180,227,215,180,83,178,242,196,189,69,134,213,231,250,176,77,91,117,180,155,126,180,212,224,189,114,139,97,158,180,91,88,131,129,106,108,129,145,131,75,30,33,13,129,242,246,230,231,230,240,216,126,57,150,230,225,182,163,192,212,182,163,184,176,105,94,145,158,155,114,150,88,100,97,139,111,69,100,123,120,111,117,142,102,102,145,102,173,111,137,120,139,153,166,145,213,246,239,198,125,111,137,99,166,219,50,173,36,99,125,82,120,105,30,24,66,105,80,88,148,168,207,184,111,134,97,155,192,182,128,125,145,19,10,99,202,153,139,168,226,202,108,59,77,120,160,168,139,218,240,236,248,253,245,134,163,203,182,96,36,69,150,125,99,152,212,203,160,163,150,168,182,216,119,99,182,226,215,202,188,160,134,192,237,194,170,175,173,155,88,85,150,182,196,215,165,134,134,192,163,69,186,237,163,142,134,99,108,107,179,163,190,175,182,177,202,212,246,203,213,232,225,244,238,203,150
29,108,238,232,135,120,72,100,166,65,40,65,38,86,75,60,32,51,140,103,62,60,70,51,42,72,67,72,80,176,106,108,103,135,60,51,120,117,148,176,193,120,37,46,60,48,40,83,46,148,153,148,70,58,48,60,129,158,132,55,48,53,48,57,70,55,62,126,191,227,224,161,65,153,194,182,194,156,108,129,145,106,72,83,145,111,192,237,180,148,137,163,202,156,129,150,120,114,163,173,114,103,134,142,158,178,145,134,117,142,137,132,132,168,114,139,176,77,207,205,232,161,120,137,108,145,207,173,200,123,155,168,139,88,100,178,249,242,225,155,126,145,139,120,153,150,65,139,239,240,236,173,69,202,108,131,168,184,108,161,207,163,131,117,126,111,28,40,173,240,253,227,108,173,173,117,72,85,108,117,150,145,102,153,180,148,126,153,117,88,88,83,128,171,161,137,72,85,137,173,148,145,126,102,91,125,108,120,111,75,80,75,117,100,108,166,117,120,131,158,219,249,245,190,150,139,139,137,153,209,67,125,33,102,108,40,88,64,35,59,207,215,178,168,155,142,99,161,108,134,72,155,88,198,150,207,252,253,221,82,50,26,69,166,158,128,120,131,142,207,210,150,117,173,188,180,219,250,241,150,178,196,170,173,155,114,142,111,69,160,190,179,152,160,137,105,155,150,105,94,137,194,188,158,150,145,145,168,198,207,139,152,179,131,105,155,235,219,245,239,243,194,173,163,160,99,188,232,119,125,108,74,155,113,208,168,102,212,208,192,165,219,184,184,203,248,237,203,226,205,175
44,108,233,240,185,135,58,103,114,60,38,23,40,77,145,120,97,103,158,135,58,94,100,46,32,44,32,55,40,111,70,75,44,40,44,51,77,51,58,137,176,158,80,46,60,80,44,51,67,70,148,126,70,35,51,40,75,94,114,75,70,83,67,91,97,100,83,148,235,246,231,194,83,173,198,224,150,111,83,80,129,108,72,72,70,37,142,227,180,120,137,139,176,166,204,204,126,88,100,103,117,178,186,145,111,158,153,103,150,158,111,97,100,103,100,189,220,224,212,184,221,229,196,173,100,83,145,137,120,168,200,134,126,100,126,202,210,142,142,102,168,158,114,161,150,80,126,108,176,213,244,153,192,69,134,126,126,158,158,139,194,114,126,137,150,163,158,191,224,204,163,117,85,59,97,166,46,85,48,57,100,126,131,173,186,145,155,134,55,77,97,94,97,94,150,137,94,85,176,196,176,166,123,77,72,114,111,62,120,123,100,62,85,120,114,145,148,166,150,180,239,251,229,182,184,173,150,131,150,150,91,67,38,55,35,21,25,38,66,97,194,194,114,117,148,148,82,114,82,80,55,99,55,142,77,194,246,253,253,238,145,80,36,91,163,120,72,125,219,232,190,134,145,114,173,202,212,194,203,173,178,168,180,209,188,190,145,96,64,99,173,142,212,203,147,102,179,175,147,113,57,96,177,202,192,142,131,147,125,173,221,170,182,221,173,147,221,220,222,224,182,196,184,105,99,192,202,190,182,155,155,150,192,208,224,160,173,243,232,203,168,173,160,179,194,196,226,221,198,165,224
62,108,174,205,156,80,38,70,108,62,27,23,70,194,213,174,129,180,237,210,94,72,111,100,60,49,34,27,70,51,72,70,26,32,31,21,40,38,60,100,123,100,83,65,60,44,42,77,48,103,140,145,51,42,85,80,46,88,94,77,88,97,129,120,148,106,83,108,169,230,218,117,132,126,158,193,123,120,132,120,134,150,103,51,26,32,111,156,153,108,91,94,97,148,196,173,100,55,35,67,153,212,213,186,145,120,100,132,168,148,100,129,150,108,150,182,191,202,196,192,219,243,231,158,55,53,106,100,94,189,212,161,126,123,114,155,126,189,114,134,100,145,134,161,196,131,75,88,100,97,131,150,88,28,64,108,171,182,171,85,150,94,126,166,126,182,198,150,150,126,85,158,57,191,198,194,48,102,69,114,128,48,88,198,182,137,111,111,57,100,36,80,57,134,83,148,108,64,126,131,166,163,105,75,67,72,153,150,83,108,125,131,85,168,137,131,171,188,184,194,245,245,192,137,155,173,150,91,64,85,94,52,40,36,69,32,52,83,125,99,97,108,64,52,99,114,36,42,44,66,33,42,88,94,108,114,114,253,253,246,235,238,150,99,184,163,31,64,238,194,108,168,122,168,190,212,190,111,150,173,158,192,179,175,236,231,158,99,99,158,165,200,198,173,170,173,203,175,119,119,145,155,155,134,150,200,160,139,155,173,207,207,192,230,192,108,139,209,198,182,163,137,93,69,134,163,216,225,175,125,150,225,221,231,236,222,231,207,184,110,79,122,139,184,160,165,88,61,158,188,198
62,72,108,151,129,65,44,75,106,65,31,51,67,204,246,193,72,185,251,197,53,49,75,94,58,29,23,31,32,29,46,86,38,38,40,32,31,49,83,60,97,120,58,53,38,42,46,37,77,137,140,108,62,70,85,65,100,83,88,77,108,126,111,185,200,156,62,46,163,239,117,132,114,150,126,117,123,88,114,106,83,106,83,44,48,70,108,85,129,53,108,108,70,117,117,166,137,103,51,70,185,212,178,150,156,97,134,150,168,192,163,184,209,189,184,198,126,176,158,166,205,231,236,161,55,67,108,97,75,155,212,200,168,129,137,114,148,168,131,189,145,155,142,142,129,129,108,94,72,53,102,97,80,51,36,168,153,158,168,114,114,155,139,189,215,202,189,111,123,204,150,209,139,204,196,219,59,46,173,77,126,173,168,131,64,88,212,163,52,62,64,67,105,114,117,166,69,69,120,69,128,150,145,83,69,126,150,153,161,131,139,131,91,128,180,94,196,153,166,166,173,188,125,85,128,168,120,32,33,67,155,108,62,117,102,77,128,150,142,69,57,77,48,44,62,91,44,21,38,80,48,27,69,111,120,111,155,235,209,163,190,229,202,150,168,158,52,42,178,145,94,160,175,222,184,216,134,111,131,145,147,196,220,232,247,216,165,196,99,165,160,184,194,155,192,188,227,252,209,173,215,184,173,188,142,108,177,147,150,147,173,222,128,139,150,99,184,160,184,145,163,152,48,21,57,168,212,238,209,102,155,212,231,216,196,216,196,128,99,110,93,61,113,182,131,122,142,128,184,192,168
60,51,75,108,86,65,65,100,100,100,46,44,75,233,250,164,49,210,243,153,40,27,37,53,58,75,22,31,37,22,44,88,72,55,70,83,94,88,151,158,51,23,44,72,62,46,72,29,48,51,72,53,51,32,88,88,34,70,88,67,40,53,88,103,117,75,20,60,117,163,148,108,185,166,83,70,48,77,25,32,40,77,62,72,169,100,83,48,100,44,194,186,161,173,200,222,225,83,62,88,158,161,117,142,142,100,129,134,176,226,231,173,186,215,166,215,168,142,126,155,171,153,194,176,97,91,126,126,88,163,227,222,213,207,126,168,184,168,173,180,158,182,173,153,171,184,158,83,108,129,155,194,150,94,134,163,176,178,163,142,105,131,194,212,233,194,69,88,205,224,150,150,220,213,168,222,88,94,134,94,163,224,204,57,40,114,94,59,40,36,111,142,158,171,244,48,178,69,131,32,94,168,77,67,131,150,192,194,100,150,155,97,100,105,59,182,230,178,108,125,50,83,62,150,200,168,125,80,91,142,221,108,85,184,137,99,128,131,128,80,72,99,102,59,74,97,48,32,52,102,131,82,99,173,163,117,74,94,94,137,145,150,158,142,125,131,69,48,125,96,99,175,245,248,196,207,108,105,125,117,186,196,200,207,202,186,198,224,99,179,168,147,209,200,163,139,253,253,249,205,186,209,232,212,105,125,200,192,131,152,230,82,94,113,116,182,207,227,196,216,182,173,69,35,119,177,215,237,210,179,232,243,232,227,194,179,194,179,208,224,231,216,184,155,125,99,125,128,113,175,170
83,60,86,120,103,88,77,108,106,100,38,70,65,239,240,126,60,164,220,135,29,27,40,60,72,94,40,40,65,51,72,100,100,114,153,185,191,171,194,180,108,65,100,103,103,42,60,94,29,34,48,60,40,60,60,72,75,70,70,37,44,83,40,35,55,27,18,34,180,178,150,123,212,150,100,24,14,31,70,44,30,51,153,189,185,108,57,85,100,156,212,209,163,186,224,200,189,65,134,103,108,75,123,196,150,106,80,161,148,219,234,134,126,176,182,212,192,139,106,161,158,126,114,139,114,120,100,220,168,100,222,244,224,204,129,161,205,182,126,129,139,145,198,207,209,196,158,134,176,204,200,176,102,176,198,192,134,142,153,97,102,194,225,198,168,158,129,126,176,163,150,212,148,198,237,191,126,134,150,155,196,216,173,48,40,139,192,134,97,100,120,150,227,190,205,200,190,100,114,131,210,128,114,173,178,137,145,210,173,134,94,190,173,231,145,213,240,196,105,123,111,158,224,153,192,204,213,171,88,205,178,48,88,139,163,77,105,74,108,137,97,114,158,111,128,153,77,48,80,161,210,194,184,209,150,120,88,80,148,202,196,150,102,105,122,99,74,212,236,74,72,155,224,227,200,184,128,125,108,108,177,184,131,99,117,168,203,198,173,173,131,145,210,192,139,128,252,253,219,186,205,238,236,192,155,182,212,170,137,139,238,216,163,128,145,203,182,196,203,198,158,168,179,137,192,202,175,213,179,232,226,246,233,216,205,227,230,224,150,216,245,247,230,152,122,163,160,194,196,212,221
108,88,114,166,148,62,49,129,77,65,75,72,53,229,202,108,88,100,114,75,38,62,70,65,88,86,91,77,94,97,106,100,120,174,161,145,182,191,180,182,117,60,134,171,83,85,72,106,75,83,55,100,126,60,55,103,180,100,55,94,51,77,114,53,48,51,51,72,91,129,142,85,158,202,88,44,100,180,212,153,103,88,153,236,235,150,88,70,139,185,97,150,80,94,132,70,32,57,91,85,88,132,148,148,134,153,108,184,202,216,189,123,150,168,222,198,182,194,100,173,176,134,57,44,120,85,134,225,186,91,182,209,180,224,192,139,145,80,123,173,182,134,198,237,189,145,196,213,168,168,189,139,83,200,171,120,51,48,75,88,120,202,192,102,91,150,222,158,161,163,139,145,142,224,226,189,158,100,163,231,196,155,196,120,69,196,244,225,128,75,163,220,180,192,242,225,108,163,155,126,196,205,166,158,163,158,207,205,153,83,88,251,236,212,229,105,57,210,218,198,232,198,184,83,94,230,194,184,114,102,150,40,125,120,99,137,125,66,142,139,134,117,178,171,134,161,148,91,148,200,209,202,203,161,120,128,120,131,125,182,155,158,137,99,99,91,180,253,253,158,46,57,74,128,175,188,213,165,139,114,105,173,142,96,114,170,194,221,152,62,102,182,184,165,158,125,131,145,150,170,226,243,230,179,145,209,230,145,152,175,215,246,233,155,150,175,190,213,186,184,165,175,213,200,152,119,108,152,152,213,192,177,131,230,163,213,235,216,213,137,250,244,224,196,128,134,221,251,236,225,227
60,106,161,166,143,114,114,88,86,100,123,55,129,126,194,126,77,72,46,58,80,103,70,62,106,86,114,123,135,120,158,108,197,153,185,106,151,151,161,180,166,100,94,196,129,80,94,85,156,48,75,126,173,77,72,70,145,120,48,57,72,91,158,97,46,97,70,40,67,51,51,70,153,150,161,163,192,212,230,186,114,114,189,232,240,186,103,65,106,173,91,83,70,48,77,75,94,88,83,117,139,176,142,145,168,171,205,209,224,220,97,163,156,212,191,221,178,224,209,196,173,75,37,35,100,91,139,194,224,163,102,108,196,250,186,182,69,94,180,176,194,180,173,221,176,139,182,173,161,150,145,191,168,120,77,48,59,48,46,75,139,161,180,168,153,184,178,137,182,178,184,180,180,158,216,212,126,69,105,224,210,148,196,111,22,114,242,227,100,69,173,198,168,155,213,225,148,134,142,171,150,212,236,176,188,213,178,158,125,117,230,253,252,227,105,88,72,236,209,188,200,131,77,69,99,212,216,99,94,150,131,75,117,150,150,196,139,128,182,125,184,148,180,173,120,137,173,158,168,171,111,117,192,125,153,122,117,125,91,125,114,163,147,94,99,145,207,250,244,227,120,74,72,62,125,175,205,194,170,125,122,184,175,188,200,192,209,210,128,54,173,182,125,152,184,163,131,108,111,173,233,232,210,203,190,186,165,128,168,200,222,219,190,179,165,125,182,222,152,218,209,175,150,184,150,54,64,152,170,177,134,177,113,128,150,173,225,119,182,128,113,212,190,198,160,144,210,212,216,205,152
51,114,197,166,145,145,123,111,100,120,126,117,97,129,202,106,51,44,44,86,86,94,65,75,111,97,123,183,164,126,197,151,169,193,148,97,83,100,153,212,196,88,51,185,189,91,91,94,176,55,108,191,193,134,51,65,137,88,37,35,70,55,72,140,65,100,97,48,17,57,37,80,123,77,126,196,156,142,189,180,120,100,153,196,204,153,137,202,150,176,196,216,210,168,153,145,126,103,137,189,163,171,173,100,114,205,213,209,196,158,134,150,198,173,153,216,166,225,229,229,173,55,28,60,91,129,155,192,225,163,80,126,189,229,209,212,153,180,145,126,173,184,155,186,166,100,102,150,163,189,100,176,106,91,64,88,111,51,57,150,137,148,194,196,192,150,131,153,171,192,196,145,131,131,178,205,139,62,80,178,117,158,180,100,50,117,158,137,102,100,128,161,137,184,178,205,111,123,150,173,196,139,150,173,131,142,176,188,202,233,251,252,245,176,38,69,155,102,91,117,150,196,114,57,94,178,202,188,105,145,173,139,213,186,188,173,163,173,168,180,139,105,123,128,97,111,145,148,173,134,94,120,134,176,190,166,125,111,131,99,161,188,161,128,147,125,85,111,192,245,196,188,139,27,46,134,150,168,200,173,163,198,200,207,184,190,200,192,202,173,145,179,125,152,207,163,173,182,125,163,196,212,222,232,196,102,113,139,207,227,203,150,134,179,139,99,160,192,196,230,224,186,105,96,99,125,131,168,200,210,196,220,243,177,150,200,192,107,177,152,175,202,207,163,150,99,102,186,218,173,186
80,114,132,145,140,140,164,169,108,97,100,111,114,143,156,120,46,27,28,70,60,51,77,88,97,108,120,153,153,148,176,164,111,196,88,83,38,80,151,205,205,143,114,161,212,158,120,140,178,108,108,212,232,108,32,114,126,70,31,40,67,106,114,150,140,114,40,51,29,32,25,173,169,65,150,148,91,145,198,158,94,83,94,111,137,191,178,103,163,161,169,232,244,204,158,163,202,173,168,178,150,139,120,176,196,207,173,184,168,148,114,103,148,191,196,210,168,168,219,235,182,88,48,67,72,94,166,192,178,139,102,123,153,224,240,191,207,168,100,139,198,178,139,180,171,129,142,145,163,186,114,106,91,145,126,163,85,48,158,180,106,123,180,145,139,196,182,145,182,173,173,212,236,166,196,202,163,64,77,94,77,180,202,171,163,100,171,236,148,163,168,192,153,173,192,176,102,148,173,173,117,108,108,148,126,114,189,184,145,173,224,216,196,64,85,102,88,55,48,99,186,108,94,145,163,173,194,240,237,207,198,178,221,163,99,142,134,150,150,128,99,72,97,102,99,155,178,125,139,210,173,184,108,196,218,213,200,105,192,150,224,237,175,150,153,80,30,44,147,196,237,230,99,31,38,139,52,105,202,209,150,196,237,215,152,196,202,179,200,222,175,137,177,125,198,139,125,207,152,125,160,221,246,216,150,145,125,119,227,224,142,150,150,125,102,179,215,219,225,194,216,188,131,99,93,108,150,179,224,225,216,242,246,196,175,218,240,208,188,188,150,184,226,218,173,168,190,229,213,122,110
100,75,49,100,94,100,143,176,153,126,83,123,120,151,212,153,65,34,34,77,94,65,80,83,49,83,108,86,91,88,114,129,80,86,100,51,46,103,143,164,224,231,173,171,191,137,129,185,176,126,100,221,229,114,37,55,123,75,48,67,94,100,108,129,156,75,40,100,88,100,85,232,189,83,85,94,150,120,198,191,117,111,120,94,180,205,192,126,150,67,55,94,196,129,180,237,249,153,51,65,103,139,168,94,168,173,137,171,126,129,184,186,184,222,215,166,161,131,194,224,173,120,108,100,97,117,114,134,126,126,120,126,180,212,219,180,196,189,163,158,150,100,117,161,189,186,204,142,150,184,117,94,72,117,148,198,97,142,189,182,114,126,145,102,91,129,163,126,180,161,180,192,237,226,173,182,137,196,69,57,137,224,224,207,196,221,250,224,158,233,236,128,168,134,150,161,150,100,168,161,168,158,126,131,150,100,97,100,153,202,184,188,163,88,77,161,148,155,52,64,186,226,226,205,196,212,236,236,221,192,153,153,131,83,55,67,85,117,168,122,128,122,82,82,114,145,161,122,125,188,224,212,153,198,210,221,202,198,188,212,224,224,216,192,137,105,57,44,94,173,240,166,72,82,64,105,59,69,114,170,173,192,227,207,152,200,205,139,145,209,192,147,147,114,165,139,168,190,155,158,160,194,221,188,168,177,125,99,186,221,82,163,116,99,150,230,246,221,152,99,160,152,131,196,150,113,150,203,213,232,232,210,218,216,218,207,251,246,179,182,163,147,233,242,175,196,232,213,165,113,105
55,60,65,62,42,49,65,114,185,164,135,91,129,164,221,183,80,65,77,100,143,137,117,151,111,111,46,53,86,60,86,72,72,72,60,83,100,111,83,123,236,242,204,169,94,70,123,180,158,103,126,202,166,120,44,40,80,70,62,88,97,103,97,106,111,48,67,176,163,126,145,224,182,120,129,65,126,158,178,200,148,88,123,180,137,108,129,106,106,134,48,94,142,57,202,212,221,126,26,48,139,191,163,178,117,207,156,186,161,129,184,168,198,230,235,233,198,189,196,219,173,129,80,100,134,100,108,114,117,123,186,173,173,163,131,200,186,221,202,108,72,91,150,139,120,153,194,163,145,180,117,69,69,100,194,224,148,176,180,161,168,168,120,91,80,97,100,94,150,168,126,150,243,212,150,192,196,134,117,150,163,220,238,213,234,250,189,32,123,176,196,209,166,240,158,202,171,85,184,155,120,173,171,155,145,94,142,97,125,168,202,178,125,125,192,150,207,125,50,91,188,212,227,173,105,205,224,188,161,202,108,145,99,50,72,69,114,139,173,180,139,178,125,72,94,69,108,173,125,131,234,220,173,198,194,212,230,202,186,198,202,212,190,192,168,105,57,57,145,209,173,166,125,122,125,145,196,69,54,82,205,188,150,203,168,170,179,119,116,175,192,147,94,173,210,170,173,163,207,202,173,158,163,139,111,134,158,125,152,196,105,177,152,175,202,198,235,173,93,69,102,152,179,209,219,213,184,170,158,235,235,212,182,227,220,212,248,249,158,155,142,142,210,226,186,165,216,173,158,122,82
55,86,120,51,42,24,51,67,126,111,111,67,111,108,189,123,114,108,140,174,221,221,205,235,215,83,27,51,83,49,40,49,53,42,72,103,148,97,60,126,209,200,209,176,48,32,94,132,106,123,126,126,134,97,51,32,29,65,72,72,148,148,85,65,67,72,114,166,163,153,178,196,145,103,129,134,137,198,194,166,142,178,200,120,65,100,83,150,103,62,150,94,77,77,150,185,180,156,91,88,129,196,232,202,219,178,194,163,123,32,91,150,210,251,245,253,200,100,156,189,198,150,129,114,129,91,161,91,114,184,224,184,161,102,168,224,182,139,150,126,129,145,171,153,163,180,168,126,142,163,100,120,153,180,221,215,161,139,153,153,192,192,142,153,171,129,100,83,137,192,186,171,148,166,176,153,173,139,205,182,163,166,205,150,50,88,83,11,38,178,221,202,161,242,219,218,171,150,102,108,100,134,173,150,161,198,196,137,180,155,192,102,192,137,196,102,158,125,123,83,105,77,158,176,77,150,221,198,97,128,69,182,48,131,150,69,163,99,150,188,171,125,137,145,125,74,91,94,131,94,182,238,171,180,155,198,192,184,158,176,160,180,171,142,158,142,145,209,238,202,152,184,147,180,196,196,205,111,85,117,200,210,134,147,158,139,150,122,117,175,200,182,142,165,212,186,179,147,210,192,158,150,142,137,113,158,218,182,155,175,175,196,213,213,209,190,210,122,125,119,122,152,215,231,230,236,213,122,142,184,243,237,194,212,203,234,208,220,96,57,147,147,125,188,207,122,119,93,113,99,71
62,108,135,108,72,27,53,44,55,44,126,65,94,117,135,83,120,120,151,191,174,158,194,194,126,49,40,51,49,65,42,49,70,85,91,85,140,100,72,65,94,137,178,186,88,48,60,100,100,126,83,100,150,85,38,18,32,51,48,100,191,193,70,67,140,111,106,150,163,173,173,173,114,97,171,196,150,176,196,161,163,198,194,100,70,134,97,126,180,161,108,145,97,111,106,106,158,158,137,145,163,178,200,186,150,196,209,150,100,72,77,180,205,219,243,237,134,111,91,106,209,192,108,148,51,53,178,145,134,189,168,186,202,196,216,196,155,117,158,161,137,168,192,230,180,189,153,134,168,117,163,166,213,212,171,145,150,94,134,168,163,192,178,198,192,180,142,108,207,205,145,88,126,204,176,100,134,219,216,131,94,69,69,57,50,111,148,69,75,194,216,163,209,235,236,196,153,173,94,55,80,134,131,94,155,212,176,190,148,142,88,75,145,120,209,125,94,125,137,131,64,62,158,188,125,194,236,184,97,38,125,139,173,158,120,108,74,120,150,184,120,180,203,178,120,134,88,32,94,139,150,168,188,142,235,209,196,145,158,163,216,142,137,142,160,216,242,241,196,153,202,192,163,178,192,131,145,190,200,158,184,213,134,59,142,173,147,150,170,212,209,190,163,99,173,196,134,150,163,152,173,173,173,168,160,190,227,190,170,173,173,173,224,198,219,236,202,119,88,122,147,139,203,221,202,231,224,102,102,200,248,240,212,182,219,240,170,150,122,50,150,160,102,142,200,131,77,107,90,99,105
60,70,126,153,176,169,65,58,42,49,117,67,108,100,100,103,137,148,140,88,37,27,49,42,32,77,49,88,46,120,103,94,143,86,94,83,134,72,83,62,70,91,94,103,94,70,67,88,94,72,48,80,80,94,77,70,51,38,70,134,207,186,193,219,196,148,123,126,158,134,145,114,83,140,153,126,120,150,176,156,132,158,189,161,117,158,134,169,156,106,180,221,169,100,88,108,94,126,153,182,161,126,88,75,123,150,161,186,94,103,123,142,178,150,221,205,120,100,173,180,213,180,70,85,129,150,150,205,145,120,108,158,148,212,173,161,139,198,202,182,150,194,205,139,230,100,100,218,161,158,145,227,212,102,114,108,100,158,189,200,126,120,166,180,219,182,123,173,243,126,94,111,178,221,173,114,137,182,145,80,55,36,72,158,213,234,249,224,139,120,168,150,202,209,225,233,171,123,85,126,94,75,100,97,105,137,125,139,120,88,123,85,83,67,173,137,148,114,158,83,192,204,207,173,205,238,212,91,42,57,128,153,240,153,182,128,94,173,97,161,142,99,190,238,190,150,128,69,155,48,114,125,243,198,221,221,182,173,203,184,212,234,221,207,192,216,232,238,218,205,105,205,200,173,213,114,194,190,152,158,173,175,82,38,72,158,165,188,192,155,125,91,150,119,150,192,116,150,165,179,188,173,200,241,239,224,190,160,163,168,158,163,202,175,221,232,190,102,74,125,188,182,173,150,188,224,182,99,147,240,248,236,177,212,229,234,175,152,194,99,122,168,165,158,175,173,150,170,144,163,173
30,34,86,143,176,194,140,94,70,60,83,140,114,58,58,72,161,161,135,49,38,26,23,31,34,46,46,86,77,106,114,135,123,77,70,103,83,60,97,91,60,65,49,49,103,72,48,75,80,70,44,94,85,150,35,88,70,62,91,111,200,241,243,244,216,205,137,150,166,207,42,53,48,126,77,44,103,123,178,150,120,120,196,222,180,171,145,169,192,150,173,220,185,103,123,150,108,126,148,192,196,153,166,123,123,134,134,161,120,148,173,129,117,163,148,198,85,91,126,215,180,150,139,97,65,111,166,198,91,102,131,158,155,196,153,77,139,163,163,145,202,178,194,204,134,180,139,198,126,153,196,212,145,23,80,139,67,236,222,212,148,91,108,153,155,100,139,221,163,142,163,62,142,184,137,173,139,117,83,91,100,85,148,209,202,237,252,180,168,69,108,155,192,221,227,231,219,150,100,126,128,114,108,114,102,117,117,105,131,139,161,85,111,168,176,176,196,198,186,163,171,188,212,212,215,202,114,57,69,153,173,232,173,139,131,99,69,97,111,150,72,125,190,176,166,122,125,125,57,72,80,145,224,158,239,137,231,166,216,242,245,230,231,190,152,173,225,250,246,184,88,202,196,224,198,190,184,168,196,186,150,165,155,64,31,102,182,177,152,99,139,69,163,194,168,182,105,139,150,198,188,175,238,253,253,241,175,173,163,158,175,182,175,119,177,213,163,108,110,173,207,212,188,150,158,192,168,150,203,243,241,219,212,220,221,237,222,158,173,184,145,99,179,188,158,198,210,184,192,232,219
23,31,62,103,129,212,204,148,100,75,77,108,94,44,53,65,114,145,151,97,55,55,53,37,14,14,31,32,70,77,94,120,94,114,100,103,80,77,62,91,58,49,67,80,83,75,77,44,83,83,80,140,70,70,16,51,70,88,100,117,212,225,216,213,196,163,158,189,224,198,24,24,48,40,53,70,126,114,171,145,77,100,209,249,231,150,142,163,196,213,171,189,163,108,108,194,209,189,153,171,222,202,221,233,207,189,132,153,148,148,137,120,123,166,150,134,150,142,150,158,148,114,163,202,142,134,163,161,150,161,173,134,176,202,100,67,48,65,100,145,153,196,182,178,150,173,184,126,168,171,180,158,100,69,59,153,202,227,231,191,155,80,57,40,72,194,224,196,69,226,145,44,176,163,198,205,123,142,150,91,176,204,192,163,117,189,205,126,161,59,100,168,212,216,204,184,200,142,128,163,209,173,131,148,114,114,131,163,194,158,158,114,205,236,231,207,215,198,196,200,161,131,171,213,184,102,67,99,142,188,231,247,168,64,97,163,94,102,131,102,111,153,139,94,88,120,122,150,125,102,64,77,203,237,166,209,102,128,88,207,230,186,233,221,69,147,219,212,225,125,114,145,194,242,230,209,194,198,192,203,150,99,155,210,105,91,152,150,163,134,99,80,165,158,175,94,128,116,182,235,216,221,251,253,253,246,212,170,160,155,150,137,125,69,108,142,131,152,165,186,229,240,221,207,198,173,145,168,208,230,224,205,173,160,205,249,236,192,192,196,173,93,125,182,163,170,208,202,196,235,233
97,80,58,97,106,120,166,153,103,108,70,70,83,80,40,60,58,75,120,100,58,88,103,34,10,10,16,19,49,94,114,97,86,129,117,80,103,83,58,100,72,75,111,120,91,85,75,48,126,106,108,114,37,27,34,48,60,106,108,85,103,150,161,143,120,114,186,248,231,132,32,29,132,48,88,106,173,120,126,114,70,114,224,248,227,150,134,137,198,244,176,145,139,126,70,182,218,198,150,156,207,224,231,248,225,189,134,205,171,166,103,91,161,120,150,168,139,148,173,126,117,131,166,227,192,97,88,102,189,163,173,196,137,221,184,106,60,114,60,34,53,134,224,207,155,145,158,198,221,126,148,230,134,97,114,184,189,182,236,210,134,91,91,134,139,221,225,191,191,231,222,145,163,178,215,176,153,128,184,178,184,231,213,137,100,173,192,123,168,94,166,173,224,126,163,150,153,150,184,173,196,166,145,189,120,100,178,200,190,134,168,192,176,212,192,213,196,153,168,205,153,114,128,190,166,108,128,123,205,196,227,240,196,125,94,108,178,122,111,155,148,150,102,66,57,88,102,99,131,74,40,94,202,194,209,150,158,120,72,188,224,120,94,125,64,221,253,243,160,99,59,99,213,244,200,196,194,163,196,213,122,145,168,205,180,77,108,168,184,108,82,114,105,77,155,150,134,125,251,246,240,243,239,250,252,236,163,155,202,155,145,69,69,64,94,116,119,108,108,177,240,240,224,242,221,173,152,110,165,205,192,194,128,131,184,216,233,196,212,205,165,113,82,134,147,125,137,150,168,210,238
193,183,114,83,75,151,140,197,111,126,70,83,60,72,62,51,49,29,24,53,91,117,114,72,22,10,24,60,51,49,129,88,80,100,94,100,111,120,137,129,108,117,91,117,129,91,85,103,132,150,150,100,51,88,150,140,94,83,77,57,53,72,88,100,126,142,189,239,231,156,77,88,103,106,185,103,156,106,65,34,70,137,205,242,202,126,94,150,198,189,180,142,163,77,32,108,150,196,145,178,212,196,209,238,231,200,209,227,212,176,139,129,156,156,202,178,168,120,150,150,126,137,145,168,150,139,111,114,70,134,70,123,134,205,205,155,102,120,120,40,40,77,108,168,184,126,102,229,243,163,148,158,94,137,158,148,224,225,194,196,200,191,202,209,153,182,246,251,249,231,237,231,150,161,180,198,184,97,158,219,191,173,168,134,148,224,242,173,184,100,194,128,128,102,155,163,150,166,139,114,155,180,173,200,173,128,196,186,153,105,153,204,166,190,131,209,148,176,128,236,192,94,186,218,173,125,148,163,171,171,220,188,209,168,150,150,153,139,131,150,158,161,153,105,97,108,131,166,171,114,114,125,108,173,237,225,153,88,150,196,194,74,46,246,253,253,253,246,69,94,99,145,188,205,188,203,152,205,231,229,182,170,165,168,173,108,117,200,152,170,160,145,125,173,182,179,128,152,226,242,213,200,150,170,194,173,116,160,212,168,113,91,48,54,119,113,116,20,152,179,227,232,194,205,212,194,186,113,102,163,210,232,77,163,125,110,224,198,221,150,160,137,69,107,158,107,82,116,165,196,203
174,183,140,94,49,114,194,176,137,180,185,100,70,158,91,44,75,67,62,67,70,103,120,100,35,21,34,53,70,51,94,129,51,65,85,129,161,173,200,185,91,77,72,70,111,150,103,108,108,173,171,134,137,191,227,209,120,42,53,80,60,53,75,134,176,173,189,166,153,166,120,114,100,123,67,77,83,106,46,42,57,158,212,230,176,94,126,120,176,227,150,171,176,38,77,32,123,148,180,180,191,178,163,224,242,209,189,196,180,218,210,194,173,227,192,150,148,103,131,173,173,186,137,111,145,180,67,85,180,173,65,134,129,173,210,222,200,75,75,69,57,108,150,150,176,155,69,145,204,158,97,80,126,150,111,126,161,191,204,163,180,202,161,139,134,94,205,249,242,225,212,184,126,148,153,198,166,139,102,212,198,137,120,148,196,222,219,128,176,148,180,105,75,102,244,150,150,100,139,126,134,198,219,196,198,184,145,198,158,125,168,176,166,184,180,153,125,173,192,222,202,178,202,184,114,128,171,232,161,161,180,150,221,168,150,145,111,139,168,196,180,173,205,198,145,171,186,196,150,125,88,99,99,215,224,225,125,72,196,192,225,253,246,244,253,246,220,168,52,111,178,180,163,160,198,152,125,168,250,250,230,190,125,173,152,152,139,152,158,102,150,196,163,177,170,196,160,105,128,203,173,102,192,213,160,173,147,119,202,182,142,131,48,139,71,119,71,69,158,186,220,213,99,173,222,198,212,188,116,179,232,202,139,213,196,150,152,145,184,155,170,155,71,88,147,99,113,173,186,175,134
100,111,88,49,80,103,114,88,117,143,108,169,114,159,135,117,132,106,40,86,49,53,117,75,70,44,51,72,137,97,75,83,65,53,94,158,151,196,209,137,65,42,28,40,88,134,88,103,120,173,106,153,186,216,226,221,108,72,65,88,88,75,70,132,213,193,132,100,70,94,103,108,120,55,38,44,48,75,77,65,80,137,173,153,103,48,48,103,204,202,173,169,139,180,120,70,44,166,212,161,191,189,139,171,192,158,163,145,153,239,243,220,224,239,202,134,126,97,145,196,215,236,207,103,108,114,100,129,220,202,148,129,155,145,212,202,139,148,123,153,176,205,186,194,137,139,131,83,145,126,176,108,126,94,69,83,153,100,142,173,134,148,163,126,123,158,166,150,182,219,189,129,126,158,100,134,184,196,168,148,155,184,176,131,204,224,196,189,161,145,120,150,134,182,213,137,94,100,198,176,137,189,220,213,198,178,155,210,184,176,173,204,171,150,190,108,148,178,161,161,205,230,148,99,117,128,168,184,203,180,171,102,188,102,139,74,131,105,148,180,168,192,202,168,134,128,153,163,82,97,50,150,166,163,220,188,131,99,155,243,253,253,251,145,137,216,250,237,111,50,122,158,192,94,224,216,155,194,252,252,219,190,173,137,152,173,168,150,139,114,94,173,125,62,152,128,74,163,168,158,137,119,139,168,139,128,150,142,227,235,196,194,108,131,150,192,163,131,150,119,190,147,91,147,194,208,220,175,179,220,170,194,240,208,225,233,85,150,235,160,190,158,69,88,131,150,182,216,207,196,90
70,86,65,83,77,100,62,83,49,97,94,114,189,153,174,111,126,145,88,49,51,83,132,62,80,75,31,100,60,91,94,103,51,108,83,77,85,137,114,117,83,70,40,46,85,111,134,67,77,77,120,129,153,226,232,194,91,83,48,97,148,97,53,70,166,145,114,97,48,60,106,70,65,46,46,32,28,70,129,97,67,57,70,70,37,32,34,62,173,218,166,145,173,212,176,75,65,171,216,207,194,150,150,114,94,103,126,117,132,233,247,232,235,245,182,134,126,111,108,148,224,248,238,145,70,72,123,161,230,176,153,150,148,205,204,202,186,198,180,182,180,194,212,129,111,94,145,142,88,67,69,142,88,88,100,97,100,176,210,191,173,173,209,153,94,173,123,123,180,178,176,176,117,139,117,153,218,233,213,184,209,192,145,126,178,219,224,213,153,97,91,105,205,212,173,126,100,142,192,207,190,182,221,242,216,142,163,209,200,213,198,220,182,137,131,145,176,155,102,168,226,232,137,105,139,102,105,94,231,202,150,80,72,50,72,64,131,108,150,125,180,166,176,145,125,125,69,128,64,74,99,196,216,158,243,202,69,192,122,253,253,38,168,252,190,253,253,224,44,72,134,160,125,163,163,203,186,210,246,252,225,196,158,147,188,196,173,158,114,168,168,116,116,125,105,122,66,77,150,119,77,134,173,230,224,122,122,155,179,218,227,227,232,202,225,200,212,188,177,105,134,113,134,113,188,221,202,190,225,232,188,243,227,173,219,236,147,236,200,190,188,179,152,139,137,177,190,213,224,208,131
83,80,111,108,55,55,117,100,65,86,97,129,94,151,178,86,111,176,156,75,80,143,143,94,70,70,134,58,80,91,100,62,169,18,137,32,94,117,126,189,196,88,58,85,111,100,91,123,32,72,80,65,91,209,216,176,114,37,46,129,189,134,35,32,111,103,163,106,65,75,126,100,44,57,65,42,75,103,161,85,31,25,75,120,83,51,51,114,150,126,53,48,120,173,166,111,134,161,196,191,142,114,129,145,67,67,55,70,132,204,246,243,216,227,134,158,158,145,117,150,227,246,242,192,83,65,97,150,161,126,205,234,171,222,192,163,196,213,209,176,186,200,155,91,100,97,83,153,106,126,150,94,75,168,145,145,194,129,148,166,173,182,168,209,212,198,100,102,186,75,227,218,85,192,196,173,198,251,248,176,173,139,102,202,212,88,148,200,134,131,64,83,221,209,180,186,168,192,205,205,213,216,221,231,225,180,111,182,231,209,198,196,192,131,128,168,99,94,139,196,221,216,145,102,125,99,102,150,202,158,131,125,69,48,111,120,117,196,161,128,163,153,134,150,85,69,82,163,134,125,137,234,171,233,244,142,82,163,128,252,249,188,231,251,253,253,252,46,82,188,125,117,108,227,139,219,190,220,246,232,105,69,192,218,233,221,96,119,128,119,102,82,137,190,116,125,111,96,128,125,88,119,145,150,175,113,134,150,173,188,213,243,220,232,225,209,196,160,210,184,99,113,77,59,128,213,207,221,232,218,221,239,205,175,237,221,122,122,99,202,210,242,244,213,139,125,147,210,240,192,150
103,70,120,153,151,114,94,135,111,106,148,123,176,198,200,159,135,198,171,106,80,114,178,148,140,140,80,51,58,70,91,97,49,140,86,53,91,151,205,243,198,108,100,100,70,151,132,70,67,100,23,77,94,120,150,180,75,51,83,150,150,134,51,51,169,114,185,163,117,123,196,173,51,65,70,88,132,145,169,85,25,38,142,220,185,100,94,173,91,53,51,21,40,42,94,145,221,161,163,173,97,134,196,173,150,114,80,106,150,216,252,248,153,142,192,196,153,145,173,178,186,216,219,194,97,60,57,70,134,173,245,251,168,126,192,129,129,186,215,186,186,189,137,126,100,75,120,173,196,229,108,108,192,210,166,114,150,126,178,202,126,180,242,232,168,198,186,186,150,220,105,129,212,108,196,150,225,245,236,198,126,117,196,226,178,200,215,225,142,126,85,46,150,245,242,218,194,173,216,225,212,210,204,194,231,196,120,178,204,148,196,209,186,145,204,150,64,97,176,198,163,142,134,128,111,128,137,150,114,117,168,178,166,102,166,155,150,161,184,161,155,148,114,117,125,125,161,161,166,145,184,242,182,229,194,213,88,99,219,252,251,253,252,251,253,253,120,88,131,196,150,175,178,226,216,210,209,179,179,173,150,125,205,245,227,194,128,196,116,85,128,125,158,230,182,137,155,94,50,145,163,147,184,102,54,122,150,184,168,173,173,125,173,219,224,188,184,207,147,131,69,66,77,88,99,139,196,213,216,198,200,225,221,221,249,224,99,90,147,170,205,236,232,192,142,82,125,212,203,128,122
94,80,151,166,174,140,143,210,231,183,148,88,135,100,174,243,213,174,178,153,67,135,234,219,183,193,70,51,65,70,108,123,140,126,108,60,58,161,171,220,235,145,58,70,134,171,202,226,178,108,88,176,100,58,191,145,100,134,83,114,137,180,189,156,213,216,193,173,196,114,240,205,55,44,117,57,100,129,156,134,48,60,176,225,220,150,77,100,67,108,62,72,22,12,60,168,212,210,173,117,126,168,212,219,231,207,153,150,192,232,237,182,163,161,161,210,178,173,168,103,70,158,205,145,91,75,72,106,215,244,198,139,91,83,145,97,83,168,205,153,150,178,145,126,106,91,126,171,239,248,150,145,240,231,173,85,126,114,158,163,153,180,224,207,200,218,198,176,134,186,75,88,69,123,139,145,168,231,242,191,114,108,97,75,108,250,251,145,114,91,126,163,215,242,227,173,171,142,137,184,196,161,153,188,178,180,128,114,173,155,224,225,166,180,128,128,150,131,178,190,139,145,212,207,139,111,102,142,85,145,210,215,190,171,155,158,134,94,150,150,137,155,158,153,194,184,192,171,150,190,236,249,224,194,178,219,163,125,250,253,237,190,246,253,253,163,108,134,150,227,168,170,170,236,233,200,48,11,18,94,150,168,202,235,246,212,194,202,175,179,173,168,173,250,158,145,160,105,150,207,190,188,179,192,147,125,102,96,99,113,173,119,168,116,184,194,134,202,229,134,113,66,108,179,137,82,158,205,200,235,243,165,198,250,246,194,142,163,85,99,208,212,150,147,139,131,158,134,113,125,155
108,120,132,126,120,145,207,186,243,225,106,120,70,108,185,224,204,180,180,80,77,189,220,193,100,111,123,65,126,75,88,58,65,120,60,26,83,174,153,178,189,103,48,70,158,212,242,239,194,178,171,134,134,97,140,153,129,134,94,65,143,219,219,198,196,224,215,196,186,126,244,210,67,88,70,34,132,106,120,137,80,75,192,221,221,163,32,48,51,126,65,224,103,60,126,142,142,226,194,139,150,134,161,196,180,196,123,132,192,163,158,168,212,173,180,186,168,168,163,129,111,142,186,173,139,192,182,233,198,120,114,53,67,67,80,161,189,189,180,131,139,150,131,129,139,94,69,189,251,248,166,129,242,242,166,137,126,131,163,150,198,242,224,224,233,198,189,134,148,150,108,88,100,100,75,91,150,212,191,198,134,88,52,77,166,155,215,123,166,176,176,180,83,163,72,139,173,105,69,142,171,158,153,171,153,102,196,171,148,218,222,241,123,173,120,180,125,150,209,184,148,180,219,215,161,91,94,111,150,171,210,205,184,219,166,150,125,105,80,108,166,186,171,180,213,180,224,215,125,178,220,222,176,137,161,161,182,168,239,251,233,249,253,253,240,137,213,210,166,212,171,120,152,231,230,77,38,12,9,14,108,232,235,190,224,230,182,243,234,212,122,155,186,232,170,182,119,160,179,222,200,202,215,248,237,131,155,150,188,77,105,152,108,160,188,175,150,145,207,188,108,50,102,137,128,137,173,196,220,235,198,137,184,251,246,182,219,152,108,113,205,218,131,110,142,158,144,64,82,142,125
129,75,161,111,65,97,120,100,156,94,126,55,80,65,83,100,158,126,151,151,72,100,88,126,178,97,114,97,143,132,65,100,108,32,27,21,65,153,158,134,126,60,60,145,216,248,246,226,216,173,137,103,129,120,62,114,176,191,108,88,100,169,207,169,166,210,233,225,173,126,210,210,108,32,34,94,126,97,70,132,123,75,126,202,204,145,51,53,55,140,173,244,235,235,212,103,142,186,200,189,108,83,91,100,83,91,83,65,168,148,178,244,180,139,139,129,148,111,192,238,173,91,182,219,212,239,191,166,94,34,117,91,32,67,75,173,202,221,202,173,120,106,139,158,97,72,72,192,246,237,155,83,245,251,176,114,114,148,180,139,194,248,230,209,196,150,150,182,150,150,131,114,114,69,100,128,117,161,139,139,158,145,137,111,123,192,231,131,196,153,120,102,85,134,126,102,178,150,94,128,173,192,202,178,166,188,196,134,229,215,139,209,226,117,128,148,158,216,207,178,166,166,176,173,137,120,77,102,108,205,225,196,210,216,198,188,142,77,44,102,190,168,117,150,192,178,221,205,108,80,59,80,99,125,158,122,173,148,236,253,253,253,253,220,166,221,245,216,153,200,184,139,212,202,198,152,33,12,11,16,120,224,242,163,145,224,203,196,212,165,88,147,125,194,218,182,184,200,203,237,249,232,202,203,219,170,220,226,235,102,125,128,88,116,175,155,200,170,175,152,108,48,74,125,142,155,202,196,194,226,173,198,150,249,245,253,252,102,221,113,158,160,160,150,230,234,150,79,96,150,173
106,80,145,103,86,58,67,51,53,70,75,72,88,40,65,67,77,164,145,132,145,53,51,114,145,49,100,151,198,185,70,77,49,49,94,75,77,153,103,88,88,51,111,224,234,145,191,163,145,148,88,123,126,158,97,134,191,230,205,111,103,91,137,191,218,246,238,200,126,126,210,219,80,70,48,111,180,108,97,161,140,72,103,185,221,186,70,51,100,142,209,245,251,250,222,173,180,171,148,171,117,100,91,94,100,100,100,70,148,196,191,233,171,131,129,75,94,111,224,246,213,196,224,227,180,168,171,163,134,48,131,114,46,55,163,100,213,235,186,161,126,145,196,182,153,137,85,139,178,196,134,97,231,240,150,134,114,139,166,126,163,230,219,168,145,139,173,221,200,155,158,145,105,105,126,94,83,114,137,131,131,163,148,163,216,243,235,111,117,153,166,102,114,126,105,148,153,212,221,210,243,231,210,205,202,150,83,180,202,204,173,216,198,158,155,75,230,244,125,94,173,163,161,173,99,83,77,85,120,200,227,231,240,224,237,196,180,64,46,114,148,125,102,102,128,176,180,134,171,20,40,44,102,139,122,105,184,153,210,253,253,246,221,153,196,236,219,220,166,184,196,180,216,198,207,173,54,22,42,69,158,237,234,160,145,188,163,184,173,175,155,125,80,105,173,203,155,119,165,222,245,218,168,150,192,202,209,222,196,150,147,99,69,52,105,105,160,198,128,150,150,85,91,82,57,69,137,192,198,219,196,192,190,235,243,253,245,203,105,122,196,125,142,219,202,225,198,160,142,173,125
106,159,120,72,108,65,58,58,49,65,153,135,108,70,94,40,65,120,126,94,132,108,67,88,126,77,94,212,252,200,100,100,70,137,129,120,114,94,75,83,77,70,182,173,178,156,42,108,108,114,166,134,100,182,94,103,111,196,224,148,85,123,134,224,249,246,219,142,129,103,150,196,88,55,44,126,202,156,129,182,163,123,163,186,216,194,83,57,120,91,120,245,252,244,246,224,166,185,176,158,185,161,106,148,205,186,163,156,150,156,106,186,204,207,184,114,173,227,242,236,235,224,180,126,150,137,189,196,150,134,168,137,108,17,126,69,198,202,173,173,150,178,196,213,163,108,80,69,83,163,69,69,134,108,153,161,94,117,129,161,137,158,178,123,134,194,221,215,182,168,205,198,202,171,150,57,69,166,184,148,100,114,139,194,232,236,218,128,108,134,145,134,102,142,182,205,178,200,194,213,239,205,198,200,176,200,120,204,236,224,234,125,77,72,85,161,231,219,232,184,161,192,196,168,139,80,102,67,94,198,221,242,166,246,235,209,155,64,74,134,150,105,99,88,82,142,153,163,99,99,23,77,125,117,91,94,182,173,125,150,171,85,105,139,163,184,173,229,180,145,186,188,150,219,224,200,190,108,158,168,182,209,219,221,184,122,117,212,218,241,229,119,96,94,131,152,128,64,88,150,105,35,69,74,96,168,188,173,125,94,108,64,119,77,40,147,196,116,182,155,163,150,105,61,46,48,69,147,220,203,165,145,134,220,250,252,247,134,212,186,168,188,93,137,220,165,125,184,173,99,137
132,164,148,137,108,117,126,72,40,67,123,151,158,108,83,70,75,83,135,140,108,106,77,114,94,83,140,212,244,198,100,49,100,166,134,117,80,94,67,123,134,94,132,117,123,80,163,83,166,153,117,72,173,205,83,77,126,173,171,200,120,55,173,235,235,202,150,108,150,106,100,100,51,37,77,129,189,171,169,148,202,235,189,126,189,161,72,100,117,88,176,231,253,252,240,212,216,225,216,176,171,163,163,171,186,192,150,186,150,72,100,209,227,236,215,186,241,246,236,225,224,134,91,158,202,186,189,184,120,184,189,212,129,30,77,77,142,189,182,182,126,184,186,158,137,91,97,48,94,59,77,48,62,65,148,123,126,212,210,198,100,91,150,145,198,236,196,198,126,168,209,215,240,196,150,150,158,184,209,163,120,126,123,158,213,222,226,191,190,166,198,171,148,163,189,134,168,173,148,155,190,198,202,221,194,194,126,137,216,153,150,163,145,166,198,233,221,180,188,188,188,176,150,153,153,158,158,114,139,173,198,168,173,207,128,150,202,125,139,192,137,122,158,131,108,158,155,142,128,142,20,120,148,148,155,114,180,194,171,137,150,145,122,131,125,150,184,220,190,150,145,120,150,210,207,207,221,226,225,212,198,212,222,234,219,175,198,237,252,252,251,188,175,102,139,131,116,82,102,119,88,46,44,48,48,96,158,125,158,125,142,108,99,142,113,139,188,170,119,165,208,165,145,131,116,69,52,93,150,99,105,119,116,173,245,252,231,168,99,165,194,179,150,155,155,125,102,139,186,110,142
185,169,106,106,216,221,135,94,75,75,137,166,132,114,120,106,72,91,156,135,60,72,148,151,72,91,120,126,174,166,32,94,53,58,91,148,72,100,123,108,161,150,114,129,202,239,209,153,163,126,106,132,180,106,137,60,103,173,189,117,126,178,173,198,189,205,108,161,123,106,77,83,38,60,60,132,161,140,158,180,204,221,163,106,186,198,173,129,163,205,161,185,245,202,218,173,239,222,176,173,158,161,145,108,139,114,46,117,108,126,182,229,219,221,224,189,189,178,224,232,182,75,103,171,189,202,215,168,106,166,204,230,120,80,51,75,100,186,212,213,182,155,142,148,180,173,126,94,62,59,62,67,94,194,166,173,246,237,246,205,100,123,153,142,176,207,204,173,55,100,102,182,216,225,221,204,189,186,222,126,202,192,105,142,207,220,239,230,227,213,189,209,216,153,100,102,178,196,210,142,105,202,209,237,198,75,120,186,145,123,100,139,153,184,219,202,182,163,180,184,168,158,168,163,173,180,173,188,184,150,173,176,210,225,207,72,139,196,212,216,222,202,186,188,150,128,139,168,229,202,74,99,161,180,173,99,230,212,186,196,188,180,202,155,111,128,158,173,142,186,158,114,196,168,158,192,178,227,218,196,203,212,194,190,234,243,243,245,251,251,251,242,200,116,188,179,173,165,173,152,179,188,194,173,125,99,85,88,145,196,158,170,152,155,175,188,190,163,137,200,230,182,139,105,74,52,69,96,139,102,50,108,85,82,184,152,175,150,190,210,170,131,122,165,196,177,119,116,202,221,203
178,189,120,88,239,222,135,108,148,72,108,164,94,117,111,77,114,108,120,114,72,75,156,205,189,94,51,97,77,88,38,24,49,60,70,134,103,62,83,126,191,182,100,140,216,216,171,173,123,80,129,65,100,171,106,48,85,91,150,198,169,140,117,126,176,173,137,126,180,70,70,108,100,77,123,153,129,70,91,185,219,196,173,163,142,209,148,123,233,186,212,176,150,186,142,148,204,163,168,123,103,100,108,120,126,67,53,91,153,213,227,222,158,184,213,202,97,120,231,231,163,123,94,150,163,180,198,142,83,148,226,198,117,77,55,69,145,189,192,219,198,158,168,221,246,243,194,129,62,62,114,80,117,213,158,207,202,231,207,161,134,100,67,59,126,200,226,171,67,28,44,72,120,225,233,150,150,178,148,161,171,171,134,158,196,225,245,224,204,215,210,240,236,158,102,117,186,205,202,145,111,209,240,227,176,69,94,139,114,148,142,139,134,202,219,188,182,173,150,168,176,176,155,134,75,114,216,220,205,178,198,168,190,212,180,148,83,190,246,235,234,230,196,192,125,88,226,249,209,153,88,99,158,131,192,196,216,219,142,145,190,202,198,186,145,128,134,114,137,212,221,158,170,180,142,198,160,152,205,216,202,210,212,182,200,224,168,198,158,194,212,202,150,163,192,179,150,194,196,128,188,218,245,241,192,125,59,88,91,116,113,205,139,110,150,182,205,175,152,203,212,173,128,128,102,99,88,91,116,88,71,113,99,69,102,44,48,155,150,131,119,142,147,131,222,232,144,150,207,237,221
145,202,97,94,205,230,164,132,120,55,100,148,108,123,126,70,126,120,117,185,111,60,135,242,230,67,26,75,49,37,19,16,49,53,70,103,126,126,126,134,193,198,111,100,173,216,198,219,143,65,80,91,132,108,117,100,97,126,173,189,161,150,108,97,156,153,227,212,117,150,106,145,108,126,137,166,100,48,100,196,178,134,163,205,126,126,129,200,123,231,169,150,150,108,156,137,134,126,173,94,100,139,163,189,142,189,207,180,158,242,196,189,114,180,137,234,106,134,184,150,153,176,168,192,173,97,53,67,100,158,242,163,100,94,83,100,198,173,148,168,168,153,196,235,240,235,196,100,77,100,83,83,100,117,120,106,102,108,69,64,100,75,46,88,202,212,216,219,158,97,105,134,126,150,184,123,153,126,153,148,178,184,142,134,182,227,196,142,176,216,247,247,235,180,202,75,155,196,168,126,171,236,246,216,173,150,196,173,105,125,100,134,190,190,153,173,188,163,182,204,188,171,171,150,128,153,213,186,150,153,238,225,180,233,196,139,137,153,239,242,196,125,105,139,128,188,221,249,186,102,72,125,161,134,88,102,173,158,128,134,137,175,175,173,160,173,163,139,160,215,230,198,175,219,196,216,158,173,227,225,184,220,237,213,163,131,77,52,72,57,94,94,117,210,205,131,134,186,173,99,155,232,242,227,168,96,48,94,50,42,88,96,125,110,74,248,184,134,212,175,137,194,200,213,222,147,69,54,71,119,142,108,79,79,50,125,54,107,170,113,150,139,137,168,186,184,158,158,215,237,196
148,145,44,114,191,224,189,151,70,77,108,153,151,114,156,145,86,100,158,178,111,65,108,243,233,106,22,62,70,21,21,24,34,49,100,97,134,169,129,129,204,216,123,111,143,202,204,180,114,70,106,123,134,153,209,173,111,126,193,222,143,97,126,126,169,180,132,182,180,180,169,126,156,150,163,173,85,70,70,161,178,126,150,173,142,163,129,48,161,153,100,106,100,196,80,94,148,134,117,139,173,205,205,220,166,176,83,158,150,158,137,184,129,108,173,202,150,120,88,126,173,173,168,192,186,70,24,100,209,72,213,153,117,94,134,108,184,200,176,163,148,131,114,126,108,102,57,48,83,80,29,88,59,62,57,77,51,48,42,48,69,83,85,100,176,202,200,224,227,215,212,205,161,134,150,123,173,224,182,180,186,176,137,131,173,192,142,97,145,222,251,239,204,244,213,100,189,173,111,131,212,240,209,190,210,196,212,196,120,137,62,153,196,155,128,202,166,128,188,207,168,153,184,153,114,190,220,117,75,207,250,233,120,150,131,180,234,243,232,225,131,82,69,46,102,224,244,203,128,77,120,142,205,153,99,153,160,147,153,173,94,82,163,184,168,168,108,168,194,182,184,219,213,209,233,196,178,215,210,196,150,117,184,209,175,155,94,57,111,94,94,85,184,224,177,134,207,168,113,82,134,236,244,205,155,128,88,91,57,69,85,110,94,150,152,205,163,108,175,186,125,212,227,246,251,163,31,29,26,96,152,99,88,137,64,107,125,66,165,173,150,145,134,179,177,134,125,168,173,131,192
159,114,67,94,164,231,145,161,55,70,117,174,164,103,148,164,137,126,145,151,137,94,70,194,213,114,46,103,88,20,32,44,60,156,173,156,126,153,173,171,191,210,156,111,120,94,140,77,148,140,117,117,153,171,148,163,145,117,145,153,91,100,111,173,180,173,221,137,129,134,150,100,67,129,150,171,158,103,132,150,153,161,150,132,150,169,91,67,150,106,176,91,108,158,139,145,180,185,189,220,209,176,194,219,150,40,97,100,204,94,173,207,168,103,189,148,173,180,158,126,126,100,166,198,131,91,97,176,209,126,150,131,53,62,120,83,161,194,205,194,158,62,28,34,24,10,9,16,48,69,34,59,48,102,69,62,44,51,94,83,100,91,62,28,80,218,210,194,219,231,225,202,226,218,178,153,204,205,171,173,153,155,168,153,196,227,158,91,145,207,224,221,192,207,204,196,215,180,120,184,184,200,150,155,204,178,173,204,205,186,125,225,196,176,114,173,134,173,184,178,180,142,145,148,166,212,232,148,125,245,229,200,196,190,226,248,252,249,150,108,173,139,64,24,97,224,235,114,163,59,137,99,225,213,128,142,168,171,160,137,145,117,152,209,184,117,99,142,150,168,139,242,245,209,173,142,178,210,173,173,163,96,74,137,200,158,94,99,173,207,168,158,218,188,158,207,215,163,91,80,105,213,248,196,173,184,150,102,52,69,182,225,194,245,230,190,71,80,128,184,163,173,203,243,250,205,46,33,66,15,163,116,88,147,125,150,119,93,90,160,145,139,158,150,69,54,125,113,142,208,150
126,117,94,65,114,227,151,164,60,77,123,126,86,97,114,178,191,153,117,164,164,65,34,65,117,80,100,83,55,34,32,62,182,244,239,200,103,120,171,173,191,196,173,103,100,48,97,77,176,194,72,114,94,100,83,140,166,111,85,123,120,100,100,150,215,193,193,166,91,70,83,106,120,88,126,182,209,140,85,145,158,153,103,108,106,108,100,114,158,94,100,100,117,186,227,232,231,224,209,150,123,100,91,166,173,132,166,106,142,192,134,231,224,103,42,129,219,216,184,137,108,189,200,184,150,139,176,83,205,210,148,168,94,80,94,38,230,191,221,180,168,46,26,34,19,10,14,15,59,32,69,72,114,155,117,69,57,102,117,114,166,111,40,36,72,168,171,137,158,194,150,166,225,233,226,161,182,216,192,163,150,153,83,55,180,227,173,150,142,163,221,227,227,196,153,196,230,245,224,178,139,145,150,128,125,150,134,176,196,188,213,239,209,209,64,77,210,198,163,158,196,158,105,153,184,180,202,168,178,227,237,224,168,182,233,249,253,236,150,184,180,137,66,48,77,184,229,184,145,153,102,213,221,248,232,173,168,128,142,180,203,196,128,163,205,152,188,131,171,160,216,224,247,207,196,186,99,114,198,213,196,152,137,168,182,150,108,165,209,230,184,218,213,196,212,218,220,221,163,122,116,142,209,177,147,168,173,134,77,99,179,246,251,244,196,142,88,125,150,177,145,152,160,200,233,233,137,38,50,50,85,88,88,142,150,160,152,54,69,142,147,119,113,163,150,82,82,71,125,205,184
86,114,100,88,151,176,176,145,94,83,77,53,53,86,123,148,148,151,137,132,108,23,18,27,65,60,72,67,42,53,75,106,243,250,244,198,100,100,173,171,145,143,123,88,111,108,100,161,143,153,65,108,80,140,120,134,176,173,129,137,185,148,161,178,169,215,224,145,120,108,67,48,148,75,106,180,192,150,182,163,85,156,216,186,145,97,97,126,142,126,97,180,221,229,240,251,248,173,120,126,103,108,65,108,209,182,173,156,103,158,189,209,171,153,94,100,180,192,192,219,163,129,85,53,100,153,163,145,221,248,219,180,150,100,53,70,205,219,150,163,171,72,32,91,69,38,123,72,69,65,88,102,102,186,166,88,83,129,91,137,207,126,33,67,111,100,166,126,100,100,155,108,161,226,235,153,173,180,166,137,150,150,80,59,161,224,168,180,189,209,168,219,226,196,150,190,216,236,237,180,111,128,173,213,173,111,150,166,186,218,227,209,212,182,57,72,213,215,188,163,221,163,125,148,176,176,163,173,194,231,238,188,91,108,120,194,244,221,142,192,203,120,94,77,62,85,131,125,111,111,145,190,196,202,240,233,224,137,147,171,128,108,150,145,202,231,205,175,184,188,128,224,230,207,139,180,128,155,234,244,173,163,158,173,200,155,177,163,210,224,160,230,150,194,145,175,224,234,229,190,160,116,150,168,111,139,158,182,145,152,147,175,230,168,110,128,142,155,137,163,142,137,113,163,236,233,188,108,64,99,79,88,116,128,145,203,173,52,88,107,125,134,163,152,155,155,122,96,175,202,184
111,94,77,94,126,153,178,123,80,86,88,49,49,86,145,129,151,135,174,174,53,19,29,51,60,70,60,97,51,123,161,176,227,240,222,166,103,94,176,178,97,106,134,103,94,151,150,132,117,153,156,83,108,176,161,120,132,169,182,176,169,169,142,140,150,169,193,129,126,126,77,106,100,94,142,153,97,100,145,129,53,140,229,196,173,145,88,221,212,148,178,158,213,198,219,244,244,139,70,158,185,106,88,129,202,173,106,171,186,213,212,150,148,129,126,120,150,192,192,155,67,77,57,23,77,176,163,222,250,220,231,134,108,123,94,80,117,212,205,168,123,108,91,100,114,120,184,126,97,161,55,134,77,176,137,62,51,69,91,120,145,120,53,75,191,180,173,129,94,102,198,105,180,205,192,150,182,137,184,150,150,168,111,108,216,231,153,145,142,200,158,207,210,192,184,184,237,198,173,139,105,131,142,224,224,150,153,158,236,227,194,173,242,237,131,105,182,226,242,209,196,196,153,139,155,155,148,184,198,202,215,97,30,42,69,139,180,163,173,218,203,145,131,111,66,125,163,180,125,59,148,99,225,213,207,224,230,168,173,163,192,117,96,205,171,212,227,237,102,139,215,205,125,230,221,128,202,179,196,239,184,134,158,168,207,145,155,99,237,182,234,125,128,94,80,108,238,216,235,213,155,196,188,145,131,160,165,179,102,210,139,125,105,96,99,122,150,125,119,163,165,128,128,194,227,205,227,202,108,113,99,74,88,96,125,168,194,163,99,82,107,150,179,134,175,196,134,113,152,150,125
161,140,62,70,103,153,169,106,120,72,88,114,108,106,140,151,143,174,197,148,83,88,106,126,108,145,123,126,135,194,194,193,200,222,202,148,91,86,173,196,148,108,132,180,158,163,126,80,145,169,143,83,126,148,198,150,171,150,178,173,163,134,83,91,145,150,145,97,120,123,123,126,65,100,142,123,72,75,120,70,163,210,182,204,213,163,178,198,185,88,148,114,192,108,168,176,202,158,114,145,132,120,142,171,137,134,114,166,168,173,145,150,97,153,196,178,184,191,189,150,72,80,173,142,180,173,182,200,231,230,216,148,100,120,114,163,139,158,202,150,129,134,126,77,114,163,150,139,150,75,106,106,106,94,80,19,28,65,100,59,59,108,123,100,161,191,148,137,158,166,163,150,207,168,153,120,166,186,198,166,150,145,145,186,236,216,120,126,102,220,218,250,220,131,186,178,205,168,111,100,91,108,91,161,224,134,100,188,251,231,196,125,216,242,212,196,173,221,173,212,222,178,142,148,120,134,194,114,72,120,125,80,32,50,134,134,176,210,210,219,196,155,163,192,173,173,190,161,99,69,108,163,235,145,117,166,196,145,94,137,163,180,139,145,155,188,231,173,175,139,205,105,117,170,200,175,125,160,142,220,168,69,108,114,114,152,96,170,173,194,168,128,213,74,108,91,213,225,243,224,165,236,245,198,196,196,233,139,128,147,205,158,113,77,99,105,96,99,134,163,142,110,150,179,210,219,207,216,213,188,82,59,52,59,99,122,160,184,122,125,139,139,203,192,88,71,82,96,144,150,96
169,151,70,49,114,161,164,143,156,145,70,70,91,117,148,174,185,176,180,151,137,185,194,216,209,174,151,140,196,216,196,183,209,202,171,158,148,143,158,180,180,164,169,221,204,126,114,94,114,108,100,134,173,150,156,180,182,166,180,171,163,148,120,117,150,148,106,70,150,97,148,148,114,94,150,163,163,111,173,218,196,210,166,171,161,163,153,126,166,129,126,156,111,232,153,106,137,168,150,106,150,137,153,161,94,100,161,88,103,108,57,148,117,198,114,120,163,207,192,184,166,117,134,229,180,171,184,184,221,194,192,173,102,100,139,231,244,161,102,111,161,137,94,148,158,94,123,137,69,88,131,88,85,64,77,44,77,94,69,36,75,106,102,117,148,126,100,155,209,198,120,105,220,176,158,166,155,212,171,137,148,150,200,239,230,173,85,158,207,219,252,250,189,120,173,126,145,171,126,126,126,148,180,163,184,163,173,232,244,212,196,180,186,235,249,184,192,192,205,196,237,180,125,153,192,173,111,55,69,52,36,173,212,145,150,178,212,227,225,205,192,158,158,229,213,153,168,186,196,102,74,173,234,212,158,120,139,111,108,150,173,184,111,96,182,210,221,235,209,160,134,69,57,150,186,137,128,114,125,173,202,160,108,102,114,125,125,117,114,231,122,210,200,175,139,150,190,205,213,170,218,240,212,190,244,247,244,145,139,125,198,184,94,96,184,31,54,155,125,147,122,116,134,150,200,216,205,227,224,215,88,79,69,48,66,116,122,165,125,102,107,137,231,186,29,22,66,99,137,175,150
126,103,117,75,132,153,174,193,140,153,51,44,67,140,186,145,169,191,169,153,153,205,186,169,158,137,103,88,174,166,220,161,151,185,151,169,169,134,169,176,189,180,185,191,150,134,134,91,100,106,108,176,198,129,106,156,166,150,161,150,150,171,176,150,100,108,126,117,150,161,196,196,176,163,173,169,212,212,163,185,150,103,120,111,145,145,163,158,94,161,123,173,158,198,111,103,91,134,191,111,111,185,111,163,126,142,77,191,70,72,62,129,207,100,180,55,134,123,114,126,191,196,192,236,207,184,198,168,240,224,123,70,70,111,102,248,248,198,97,120,150,129,126,148,150,100,102,88,51,48,85,75,69,69,59,35,148,123,69,55,67,64,67,111,163,158,100,126,224,209,139,176,205,158,209,231,196,226,176,123,150,189,229,240,227,171,148,209,238,192,242,173,131,161,111,145,221,176,150,158,213,235,210,166,209,220,212,219,142,180,227,232,225,224,227,137,134,182,192,134,176,182,163,176,158,176,123,99,97,67,35,203,224,240,202,219,196,205,222,198,142,148,161,202,202,111,137,222,248,120,59,134,247,239,216,147,125,120,137,163,184,186,120,99,170,202,232,239,245,244,190,108,114,120,150,216,184,102,125,196,196,102,134,177,145,158,150,177,173,137,242,233,179,111,137,170,205,179,134,192,221,224,236,238,235,245,212,184,125,150,182,108,125,179,91,102,57,152,232,190,170,150,203,212,152,158,236,232,205,212,203,99,85,50,57,90,96,170,61,48,66,119,208,210,74,31,79,96,99,184,192
108,100,94,135,80,178,143,140,126,83,72,51,123,137,174,171,189,213,186,145,137,140,108,151,75,100,103,70,108,114,205,189,153,153,151,151,189,163,163,178,117,151,169,145,123,134,161,97,153,108,85,176,150,153,145,137,142,123,140,156,140,148,193,209,171,142,205,212,176,209,221,210,185,142,120,120,192,213,123,100,148,140,120,142,140,153,204,137,117,196,129,171,161,150,173,120,67,120,163,129,103,168,148,150,192,178,192,145,134,30,108,209,231,232,196,192,72,70,72,103,100,212,233,207,215,173,194,198,207,222,148,65,70,173,202,227,221,196,100,108,148,126,120,106,126,88,51,32,22,55,100,75,48,88,53,94,192,163,111,85,48,44,67,158,150,153,114,150,205,194,176,100,168,196,218,212,202,202,184,166,161,189,216,222,218,196,224,235,221,158,123,114,128,148,131,188,237,220,105,145,235,218,126,137,235,230,155,153,120,180,236,238,231,224,134,163,111,150,188,131,123,192,209,210,216,173,131,173,91,155,153,218,203,240,226,180,180,91,203,210,168,198,155,97,125,82,88,180,222,161,94,99,238,229,240,196,153,145,155,186,202,194,142,122,142,196,224,252,251,251,218,155,166,142,145,203,179,177,173,125,173,190,184,205,192,203,203,170,198,125,198,232,150,168,170,170,209,179,175,215,188,177,219,216,152,165,198,145,139,125,186,91,147,108,152,208,137,212,242,213,168,194,236,248,175,139,177,232,236,215,232,102,69,57,31,57,69,116,69,77,69,66,150,184,137,88,79,50,66,179,184
120,86,55,91,153,103,100,77,180,94,44,77,132,158,198,226,220,215,197,140,103,70,103,161,83,91,148,94,103,114,156,205,186,166,185,202,212,180,151,180,100,182,151,108,166,200,182,148,83,75,94,108,148,145,173,126,137,150,156,150,163,182,226,239,221,212,212,225,134,120,169,173,111,77,62,100,137,163,180,150,129,148,134,173,176,150,166,158,153,207,153,103,134,186,156,150,156,139,108,120,171,194,173,120,145,161,106,150,88,60,100,220,250,251,176,150,91,57,38,80,186,196,153,131,173,161,148,100,65,145,196,111,108,173,251,224,189,196,158,108,111,106,85,69,114,60,80,102,114,83,46,65,126,59,153,126,64,158,153,178,137,106,108,134,182,163,198,205,168,202,150,196,150,194,139,148,166,196,145,97,128,148,163,192,158,161,227,238,205,134,128,205,155,131,215,215,239,243,114,128,224,145,100,196,239,209,125,125,139,202,221,220,220,184,173,155,117,99,171,145,123,176,209,196,184,192,139,117,182,212,215,125,173,75,205,139,153,131,173,202,233,205,173,50,64,72,26,72,69,91,69,125,82,237,166,212,150,184,158,194,196,205,182,150,150,230,246,250,245,242,182,160,166,150,192,213,212,246,224,145,184,196,163,190,226,226,137,137,125,108,122,190,175,182,99,173,196,119,131,186,173,111,160,198,125,150,186,139,131,213,173,88,108,163,188,203,145,150,224,240,203,208,208,207,179,108,99,168,224,163,213,168,96,82,31,50,52,35,64,69,90,88,69,107,173,155,82,52,93,188,192
97,46,106,111,126,120,111,123,132,126,100,86,143,169,193,204,205,202,193,197,143,103,174,180,183,117,161,185,97,161,180,216,209,178,200,212,173,176,173,186,178,173,173,221,216,169,150,166,26,85,75,67,134,150,166,193,196,216,193,198,212,198,193,209,194,231,189,70,126,80,137,100,85,123,75,108,150,142,156,150,134,120,145,185,173,137,108,117,123,185,150,108,168,163,139,134,142,150,137,156,191,205,163,88,62,145,100,88,103,85,100,204,240,213,148,139,126,72,67,100,161,108,65,100,83,94,163,60,67,51,202,158,198,252,251,194,182,210,196,126,28,51,134,153,155,137,196,191,123,134,114,69,148,55,216,80,150,111,207,230,192,134,176,222,243,216,202,155,166,126,220,233,161,97,88,171,198,150,102,117,123,180,184,182,191,153,180,196,150,126,213,245,205,190,210,212,231,209,126,105,190,173,150,212,196,163,153,166,155,168,213,224,168,196,227,168,134,94,125,184,178,155,173,131,139,184,163,105,198,205,150,105,131,114,155,176,163,158,120,158,215,203,158,40,13,24,21,18,12,14,32,69,153,168,125,233,105,178,150,128,153,205,200,153,158,225,244,218,224,142,173,125,137,99,111,194,249,248,212,114,173,222,192,188,230,234,142,152,105,125,122,190,205,192,165,134,198,116,88,122,150,152,168,155,173,196,134,125,105,128,173,142,173,196,173,94,88,163,219,236,222,212,200,102,62,91,99,99,200,213,188,196,205,125,93,96,52,27,48,82,131,116,99,128,177,175,110,96,142,160,232
126,77,46,94,83,88,108,117,108,83,49,72,100,108,145,198,229,244,244,234,207,185,200,209,189,196,186,220,153,218,224,207,198,174,196,182,171,186,171,180,218,176,193,240,233,137,150,150,85,97,126,126,182,209,200,215,202,209,220,220,171,91,111,166,169,189,158,44,100,148,114,88,123,106,108,132,180,145,91,111,156,111,106,106,94,111,163,70,126,176,180,148,134,142,139,126,103,173,182,184,194,173,153,142,117,88,88,91,137,103,106,168,173,134,114,126,108,91,100,150,150,88,44,88,129,194,182,60,38,111,145,161,235,253,251,158,153,212,196,145,69,51,150,236,226,150,220,173,178,126,88,111,142,142,83,126,139,148,105,163,142,198,240,240,236,212,153,155,158,215,241,189,166,126,148,158,196,142,145,176,148,216,225,150,182,161,189,176,142,100,209,245,221,139,150,161,194,150,108,85,180,192,166,180,163,148,171,200,150,155,222,196,190,220,238,196,150,123,166,207,212,196,139,117,145,150,153,137,168,163,69,77,173,188,134,173,216,178,150,218,209,131,69,20,13,19,46,38,10,9,30,55,122,212,202,161,62,77,72,128,111,142,180,178,160,128,153,198,163,145,94,105,102,80,82,188,252,194,192,111,99,215,233,200,231,236,216,231,139,128,99,147,160,139,194,150,179,170,108,175,196,145,150,186,150,175,111,150,116,88,139,170,221,179,96,64,94,196,196,165,218,207,102,71,69,46,69,145,173,192,168,186,213,194,192,226,163,64,36,66,147,134,142,147,144,173,139,102,158,179,248
132,49,65,77,100,120,83,129,55,32,55,114,126,126,189,236,250,252,241,209,225,224,229,235,240,242,216,222,196,185,196,218,215,166,134,158,193,202,126,123,215,202,173,226,237,186,150,191,163,148,234,193,145,178,212,158,143,185,182,163,142,108,97,140,191,145,158,106,70,114,103,123,103,129,137,145,169,176,145,129,120,126,75,94,83,108,205,123,153,224,189,205,150,139,91,139,111,126,173,180,150,139,191,158,132,97,129,111,108,145,182,156,77,120,46,70,117,123,189,229,153,53,57,171,178,220,176,51,30,88,100,137,230,250,236,145,163,194,205,129,94,131,219,205,129,117,106,97,145,126,148,158,192,209,216,192,158,145,105,80,88,150,216,182,176,198,166,120,200,212,209,205,142,145,158,205,236,173,114,150,191,231,216,171,230,198,192,182,142,212,190,173,230,158,150,114,114,163,158,126,134,200,198,163,158,209,166,102,91,216,205,173,188,125,231,192,196,192,178,203,239,227,150,114,134,117,125,196,192,125,40,94,190,209,176,178,180,182,216,249,252,216,62,19,25,33,50,36,20,11,16,46,42,105,82,64,74,94,153,111,128,153,207,224,205,150,145,175,111,66,80,137,173,173,131,155,212,190,192,99,122,202,235,210,212,233,227,210,188,173,108,102,150,186,216,175,168,182,163,158,158,142,177,173,134,147,221,99,110,190,173,205,160,150,96,105,213,212,147,116,160,179,190,152,48,50,110,122,165,239,108,82,91,190,250,245,184,152,107,57,119,150,134,99,99,160,139,93,144,215,226
88,83,32,37,58,60,41,108,80,75,153,103,140,135,171,222,219,180,158,166,204,231,245,237,215,210,207,180,182,137,129,161,224,212,153,174,186,164,126,126,205,212,153,178,221,196,173,185,180,219,227,158,94,153,185,94,70,158,182,156,145,140,108,156,169,140,148,100,72,70,140,145,114,108,150,134,134,194,150,117,153,94,108,123,153,111,117,182,202,242,192,209,153,106,100,148,108,106,166,182,166,142,161,126,106,153,156,103,75,213,207,139,126,70,35,126,139,202,241,243,198,80,48,150,166,220,108,67,22,55,60,77,204,238,219,163,196,207,205,180,102,69,120,233,126,83,69,102,120,85,194,234,237,240,226,218,126,72,94,69,48,88,108,97,166,182,155,123,155,231,209,163,88,126,226,202,158,216,196,126,163,236,248,240,233,219,182,166,155,219,241,173,173,226,123,94,150,194,216,161,180,224,219,126,83,161,161,69,94,178,142,233,59,67,168,173,205,204,194,225,245,239,173,105,145,188,173,203,184,108,29,125,250,252,221,198,123,139,216,251,253,252,137,57,46,69,88,66,55,48,33,40,48,80,48,30,145,209,226,218,184,155,166,212,196,153,150,166,142,69,111,212,233,203,158,175,212,196,147,147,233,173,196,227,203,227,233,192,213,215,145,80,150,192,209,218,194,229,194,147,145,99,108,173,150,163,216,160,99,165,150,158,213,198,177,179,213,207,192,182,160,198,236,168,54,102,145,134,82,182,44,44,59,150,212,242,179,213,122,61,69,102,107,93,74,66,134,128,125,150,131
86,70,37,24,46,14,58,103,169,174,164,126,123,103,169,197,120,88,86,108,145,189,213,231,196,129,62,169,200,140,151,158,213,215,161,163,209,198,173,173,171,173,134,153,106,180,150,88,173,173,70,85,145,163,171,126,70,142,196,169,134,156,161,182,161,129,134,91,80,77,100,161,156,158,163,108,129,205,180,85,100,100,150,156,163,150,100,163,196,218,196,117,161,168,176,150,94,100,168,205,209,145,139,126,150,117,129,65,161,202,182,137,168,51,100,137,139,222,248,231,194,72,29,46,189,240,75,94,26,34,60,55,196,245,176,178,184,198,202,168,72,55,117,239,150,102,40,91,100,126,131,213,220,209,196,168,148,114,148,137,77,64,123,88,88,150,163,153,117,153,194,108,184,205,196,173,163,196,209,192,94,150,184,226,240,190,173,182,155,233,246,244,213,236,178,196,173,145,182,176,236,202,145,148,139,161,142,134,117,80,209,220,91,94,128,180,150,200,251,219,212,210,145,123,178,220,218,196,180,114,48,125,249,253,182,139,114,125,225,236,250,243,190,150,85,80,128,125,102,102,99,114,117,153,66,64,224,244,222,196,150,105,111,184,196,175,188,184,134,91,142,196,210,200,210,178,165,170,182,175,150,163,163,196,218,235,242,205,139,198,188,142,190,175,196,242,218,251,202,190,105,91,122,139,168,184,210,203,137,137,173,163,234,224,227,196,190,190,212,213,208,213,184,122,71,99,102,137,119,122,108,54,69,203,224,184,213,99,107,59,71,69,99,107,85,93,122,150,110,170,165
38,27,46,123,67,123,145,100,169,126,108,120,140,129,178,200,174,143,83,94,103,108,83,209,114,70,77,161,178,209,174,143,145,213,204,189,171,196,219,193,140,145,80,103,51,88,42,108,132,123,126,137,111,120,171,178,123,117,166,150,142,196,196,171,153,166,126,70,67,72,108,134,171,178,129,132,196,207,185,150,153,142,163,163,132,171,100,171,166,189,161,103,189,216,194,139,108,100,161,182,156,153,134,75,129,97,88,88,111,134,134,163,145,150,108,120,168,191,240,236,163,34,12,60,233,242,70,40,46,48,88,102,247,236,205,102,137,153,153,117,80,100,158,205,142,94,42,88,48,48,102,139,189,224,222,196,186,192,176,142,77,83,100,134,120,129,155,83,202,158,168,212,184,186,213,212,166,168,198,202,120,105,168,207,215,158,83,128,176,213,192,210,230,212,220,184,178,168,131,245,250,171,100,186,196,196,155,158,114,125,233,241,150,150,166,231,186,202,231,233,125,120,94,111,158,166,233,221,190,145,128,77,137,237,134,102,125,150,213,178,168,196,209,192,120,69,48,85,180,212,176,188,171,227,178,158,242,192,117,114,131,145,125,125,150,166,212,173,74,46,137,178,219,227,192,163,117,170,184,158,62,69,173,192,200,196,134,173,203,168,192,209,200,173,170,236,242,238,229,212,128,184,134,142,186,207,192,192,190,163,163,155,212,235,182,168,212,150,190,208,175,150,113,71,48,88,168,113,66,96,99,52,91,163,227,208,235,234,93,59,66,110,66,71,93,113,125,177,221,250,82
42,62,88,94,80,164,151,126,100,135,140,193,183,169,156,219,226,189,100,65,103,80,103,70,180,140,111,189,246,77,204,196,216,205,158,129,153,145,145,161,156,108,97,117,114,77,55,114,100,100,161,83,114,169,171,137,137,142,145,180,134,150,166,123,163,226,132,77,72,117,106,114,185,192,153,192,212,222,243,209,180,196,173,148,142,158,134,171,186,178,145,126,176,176,191,156,114,114,134,114,117,148,129,80,114,85,70,80,60,100,134,191,182,161,88,106,184,163,209,212,126,34,17,106,209,231,42,38,40,100,108,204,252,231,210,108,108,102,48,67,69,129,209,173,117,59,126,32,126,100,139,173,229,231,204,227,176,191,204,180,126,59,150,192,173,153,168,108,85,212,234,182,153,173,153,142,205,176,220,244,182,83,97,191,182,150,91,184,180,153,213,233,216,182,163,153,153,153,242,250,215,126,100,134,148,125,173,198,163,173,188,209,196,200,186,231,247,209,108,153,153,161,88,64,171,213,173,178,176,158,196,105,77,186,225,171,145,150,171,150,178,180,186,150,102,82,36,77,231,240,158,192,212,230,231,180,175,82,120,150,196,205,125,94,91,150,212,152,99,77,198,244,213,205,178,170,134,165,192,99,35,69,184,168,99,125,125,99,215,186,165,186,163,186,150,160,216,240,229,188,241,230,209,200,150,196,198,192,198,152,82,173,196,168,175,170,198,188,210,200,134,74,48,40,64,102,134,105,69,66,99,99,108,71,91,232,224,235,202,74,93,99,99,102,107,99,165,160,239,213,221
111,83,38,123,137,103,137,143,129,129,180,176,197,183,209,239,216,108,100,88,94,151,176,189,185,198,231,209,164,252,215,120,114,134,83,77,100,137,189,193,140,150,173,62,153,140,123,153,153,186,169,153,150,234,163,97,176,219,171,169,148,97,103,145,129,158,176,132,111,150,94,169,192,204,205,182,202,242,250,222,222,243,198,156,161,148,185,185,196,148,158,185,205,189,173,168,129,80,88,139,158,173,191,196,139,72,51,103,103,70,100,198,216,150,106,114,196,148,123,134,108,67,42,129,212,184,40,44,26,94,163,196,240,230,189,145,70,72,62,94,126,129,153,97,117,126,134,158,134,145,231,205,231,114,108,88,176,235,235,227,166,102,134,180,243,158,191,139,202,249,248,184,163,91,111,155,243,202,198,240,205,186,239,204,77,209,221,235,137,108,180,209,190,166,184,173,184,219,207,204,126,94,105,94,128,161,196,205,153,153,105,83,176,225,227,216,209,163,150,134,212,242,190,128,168,176,137,153,168,158,207,134,59,212,249,190,137,180,180,153,202,139,173,148,125,168,134,161,226,215,153,175,209,196,188,161,125,166,232,243,235,186,120,145,134,125,190,173,166,155,232,215,186,158,180,170,192,125,170,137,108,111,137,158,88,96,139,147,210,192,163,186,139,91,82,59,165,238,212,202,252,253,235,192,184,205,218,170,99,69,54,131,102,105,163,173,205,242,220,221,207,102,40,30,42,91,139,125,69,69,108,128,125,119,131,188,196,207,198,66,52,137,158,134,96,105,110,131,165,227,221
148,60,72,70,108,120,106,140,212,191,145,156,191,183,185,135,132,148,183,176,143,189,231,235,174,135,145,126,135,185,196,137,70,114,111,140,137,134,161,186,173,173,126,153,97,204,219,202,176,108,171,196,205,145,132,161,198,205,216,120,173,134,114,166,100,94,196,189,158,129,126,198,196,156,180,178,186,244,242,235,251,239,235,202,176,173,224,176,192,142,134,192,202,163,161,173,137,111,142,168,178,173,227,220,150,106,83,75,77,106,55,134,220,163,126,142,145,97,126,192,178,161,161,221,215,145,77,65,60,75,153,150,189,200,189,139,53,60,83,100,150,142,91,77,117,196,213,224,150,212,155,196,212,72,32,62,209,251,251,247,189,75,142,212,232,191,202,226,236,251,246,245,100,88,168,231,222,189,139,180,216,212,215,198,148,150,224,219,72,198,166,200,148,196,148,111,205,243,200,77,134,166,150,117,150,190,182,176,205,148,114,72,221,227,242,216,186,131,171,173,216,251,251,205,108,134,137,134,173,171,150,161,178,134,153,137,128,176,163,142,178,192,182,180,171,196,192,202,205,188,145,72,173,186,117,139,210,234,230,238,205,150,153,175,142,131,212,188,192,150,190,137,192,114,173,163,190,125,180,163,150,173,198,158,102,125,192,150,173,188,213,186,88,122,64,102,165,170,150,246,252,253,243,198,226,213,150,158,125,91,48,88,71,85,80,219,248,220,233,248,226,145,69,30,42,88,152,163,147,128,108,165,188,165,150,131,173,188,150,82,82,125,116,93,102,125,113,125,134,188,236
126,65,30,32,44,88,94,120,143,132,126,153,153,129,114,153,174,174,135,151,148,145,120,164,151,100,60,108,129,123,158,117,129,117,120,145,156,156,185,202,182,134,94,100,202,191,198,129,91,178,210,126,126,148,161,198,173,114,129,148,173,142,100,150,153,88,207,176,185,156,129,196,142,180,156,212,216,221,250,250,239,224,234,231,173,212,209,204,196,103,103,163,173,139,173,150,106,150,200,182,205,207,207,209,176,126,91,67,120,148,51,114,192,145,145,150,111,103,194,240,212,231,248,248,221,150,163,148,168,108,111,161,168,161,150,108,60,57,75,94,134,134,111,80,100,191,235,239,216,173,85,176,129,77,33,40,227,251,253,251,196,126,111,153,227,222,209,182,212,176,249,246,182,139,212,224,216,196,184,171,212,204,204,239,161,83,88,120,168,83,150,184,189,117,126,234,237,137,91,100,120,161,142,222,236,196,150,192,250,231,209,77,188,200,226,226,236,125,145,134,155,224,231,218,114,77,145,128,145,180,196,212,215,123,28,62,111,139,173,163,142,182,163,150,173,184,212,198,178,184,102,69,153,108,120,145,198,194,150,196,207,153,142,134,147,158,188,205,184,114,94,137,178,82,196,196,190,194,184,147,158,173,216,152,114,158,177,179,147,158,186,152,91,105,190,111,113,54,150,235,252,253,251,230,227,232,182,142,150,160,168,122,44,99,142,216,196,224,243,245,207,173,110,46,88,139,150,205,212,165,113,139,196,198,165,71,113,198,188,152,152,119,88,113,122,105,134,163,125,150,210
100,70,13,65,49,55,88,80,103,129,176,143,169,171,183,145,148,129,94,148,80,75,49,161,218,140,55,86,145,151,143,70,132,158,148,198,209,164,117,158,166,153,194,166,171,230,173,120,173,140,140,185,132,156,123,114,114,117,145,142,132,171,153,193,142,132,182,233,163,137,150,186,202,148,185,213,232,216,216,231,176,182,202,224,178,142,209,216,163,83,120,126,150,137,153,126,103,129,148,182,216,215,120,180,163,129,88,88,210,191,142,108,131,131,111,85,120,168,196,213,198,209,243,240,234,148,173,184,221,158,150,161,180,126,100,102,83,70,72,75,88,100,137,139,120,168,202,212,204,158,126,150,117,106,51,72,196,248,252,248,153,148,202,191,233,240,235,134,57,191,245,251,231,198,202,173,173,235,220,173,163,153,153,212,158,64,64,168,111,230,77,153,148,69,200,250,231,194,139,168,128,88,184,231,229,176,196,111,250,253,161,145,186,173,224,194,186,123,97,125,128,111,105,142,117,102,150,102,114,210,233,232,243,192,80,69,145,139,153,166,163,139,111,111,180,205,219,196,150,134,158,88,64,69,97,102,74,99,148,235,244,158,102,122,125,94,114,192,153,72,99,150,147,105,194,240,221,186,102,128,177,173,190,163,139,155,202,230,158,150,137,99,33,82,125,150,113,134,125,155,240,250,240,224,220,227,196,158,163,218,241,202,108,205,99,198,128,219,177,226,173,200,134,160,158,116,134,225,221,173,69,74,219,198,128,36,110,225,233,190,173,196,155,102,105,125,113,150,119,122,221
100,126,88,77,86,108,103,135,135,114,126,164,200,178,180,148,100,153,126,153,103,94,67,161,210,123,65,123,176,114,49,126,91,106,120,156,204,145,97,126,193,185,180,193,156,210,150,140,194,215,173,120,77,62,83,108,70,65,83,123,129,180,196,224,171,126,219,189,108,97,100,126,194,189,178,224,230,219,196,192,134,140,178,150,173,142,173,192,180,114,123,106,126,180,126,161,161,65,65,166,205,176,77,83,83,94,114,153,236,243,205,51,57,88,44,60,103,173,219,222,202,139,209,226,233,166,139,155,171,180,150,142,168,117,120,123,114,108,111,100,67,111,191,178,173,161,163,209,219,180,102,196,189,155,108,88,145,218,231,192,150,168,231,226,213,235,221,97,32,114,216,204,216,212,153,145,158,220,205,184,196,142,134,224,209,134,194,186,192,213,150,150,189,173,231,224,245,248,204,176,166,128,128,205,173,190,150,125,221,252,163,108,204,102,207,158,184,188,114,52,94,117,142,150,134,131,125,241,225,245,234,249,246,212,128,99,182,125,131,171,122,125,145,139,128,188,224,213,173,131,131,59,62,62,150,77,59,125,224,245,245,196,108,99,59,44,36,99,125,94,150,147,122,99,152,245,216,108,64,131,188,150,142,170,152,150,192,236,213,150,88,80,48,31,77,125,175,186,102,74,137,173,147,150,188,203,207,219,212,235,252,252,235,236,216,182,125,173,119,207,207,173,232,224,116,93,202,230,202,113,125,64,179,158,64,99,150,210,212,145,210,246,202,102,122,152,113,119,105,152,224
189,230,197,103,164,120,94,75,153,60,49,140,183,169,120,176,171,111,151,132,229,132,60,189,210,161,91,126,129,86,53,28,44,70,145,117,108,169,180,126,158,94,185,137,158,151,126,123,185,193,185,129,53,65,137,137,120,75,97,126,111,163,193,176,163,173,140,156,145,100,85,148,169,198,192,218,240,225,140,132,153,173,169,142,169,114,120,194,182,106,85,117,158,173,171,209,191,85,100,186,205,161,32,48,57,72,108,148,224,226,117,57,42,67,44,77,108,155,231,231,202,196,207,178,209,205,222,126,205,106,163,163,145,150,129,163,111,129,134,106,102,155,200,202,196,196,192,191,221,196,114,207,222,209,100,59,108,180,202,171,163,153,210,215,209,220,196,114,32,100,142,142,213,213,148,186,218,212,171,192,163,100,158,224,236,212,198,186,173,153,196,219,205,229,207,173,176,227,210,161,145,158,100,114,180,176,173,196,176,231,216,91,171,102,139,150,182,166,168,180,161,148,137,150,166,99,85,240,233,246,251,252,235,227,128,85,125,128,114,158,148,184,184,131,134,192,218,209,209,163,125,131,215,158,176,203,178,233,242,225,216,212,150,150,108,32,36,69,142,150,190,188,102,91,152,221,163,120,145,170,173,125,147,196,137,102,170,239,230,134,122,139,85,54,99,209,196,184,192,119,88,64,85,119,152,196,212,205,173,212,251,252,246,236,232,203,142,179,116,188,165,196,213,218,160,158,224,208,125,179,168,77,113,184,207,173,208,168,175,144,234,238,188,205,150,116,131,105,136,184,212
236,242,216,197,135,42,49,72,100,32,37,111,174,132,70,97,180,108,88,166,229,180,174,120,252,224,148,70,178,151,18,20,49,97,134,185,193,156,150,140,173,120,129,150,202,108,200,134,126,91,180,132,137,158,169,173,193,231,100,67,117,193,219,106,117,126,161,123,169,145,48,34,178,219,180,176,196,169,134,173,129,171,200,148,97,142,150,168,168,80,70,158,156,120,137,192,196,150,129,158,209,192,77,65,80,100,70,158,219,166,88,70,55,100,108,126,126,145,198,210,224,225,176,137,200,218,229,166,153,150,126,166,114,120,114,123,123,150,85,55,131,155,176,231,186,180,142,129,171,212,131,204,225,242,163,35,67,189,236,212,129,189,231,210,219,219,202,108,40,105,120,163,194,204,161,234,243,194,184,178,150,100,139,236,231,176,150,221,163,145,176,204,224,222,202,229,189,173,180,166,142,137,126,117,205,209,180,171,188,188,196,125,134,117,128,186,182,235,231,218,192,125,108,117,114,117,99,145,171,222,248,251,243,137,99,69,69,94,131,188,158,184,190,158,215,222,209,231,150,153,134,163,250,244,252,253,226,216,173,155,180,196,210,224,209,166,147,139,158,180,207,158,128,180,160,188,125,139,207,202,139,131,196,209,99,102,150,221,209,196,179,213,209,182,179,221,229,213,220,190,142,82,88,119,147,184,194,173,105,94,202,229,213,234,244,175,184,155,142,122,134,212,233,216,205,231,224,215,188,194,125,102,122,218,239,168,243,147,192,198,225,242,239,150,77,125,152,125,144,136,216
213,218,189,148,106,55,49,58,80,46,51,100,123,75,70,80,97,100,94,185,186,176,180,161,250,251,191,137,151,126,55,28,62,126,176,189,210,158,126,178,194,194,185,198,120,193,205,145,103,173,120,132,150,171,173,207,245,230,210,103,176,196,216,142,126,126,114,196,108,94,83,57,207,212,120,134,161,173,182,171,156,173,209,140,209,123,70,123,148,129,114,100,158,106,88,156,176,168,168,145,202,216,126,67,70,114,148,114,209,191,120,65,77,142,171,142,126,126,126,196,222,155,126,126,173,226,224,178,129,180,75,142,145,134,83,83,123,129,65,51,126,173,182,231,178,117,102,108,158,173,196,186,233,246,209,35,48,178,236,216,117,178,243,192,231,212,173,126,59,120,161,168,153,202,224,219,178,173,173,111,139,176,153,205,215,178,102,186,100,131,100,220,236,202,196,244,236,200,184,180,145,111,168,155,153,168,188,153,190,192,180,173,120,150,145,125,158,171,226,216,153,114,105,120,94,83,139,99,85,150,168,168,145,134,80,134,125,180,139,178,173,125,180,194,182,184,180,173,117,173,190,173,186,226,252,245,173,125,153,147,158,182,224,239,231,226,196,226,184,216,150,152,139,209,220,175,134,125,196,196,139,99,200,215,139,111,131,111,179,196,222,252,245,192,137,173,234,234,240,188,177,158,145,182,219,222,188,177,91,66,142,150,190,188,165,173,165,110,134,134,179,232,216,192,202,236,227,212,216,150,122,175,208,173,216,227,188,205,196,179,221,224,216,170,93,99,137,128,203,186,105
159,151,86,140,108,103,72,83,67,53,62,108,135,100,62,97,83,53,65,129,148,97,123,183,231,250,189,169,140,202,129,91,83,100,185,202,186,158,120,178,212,193,166,220,169,137,137,129,140,145,132,97,129,143,158,180,244,245,173,200,238,251,230,185,150,46,202,178,111,173,72,153,196,169,117,150,204,191,191,186,148,171,215,186,100,196,57,163,80,150,163,120,129,150,150,173,178,189,205,180,134,182,163,120,94,114,85,150,129,186,200,205,189,192,192,129,97,114,129,142,134,88,150,134,120,205,196,145,80,108,72,114,155,148,88,60,72,72,72,65,62,150,207,205,178,137,94,38,150,189,191,173,227,216,176,65,48,150,215,202,153,134,209,209,242,182,168,134,108,161,207,205,142,196,232,171,163,210,148,94,145,184,153,166,213,213,105,94,155,216,221,233,173,202,182,231,225,202,186,142,120,114,150,204,158,168,209,166,220,219,207,205,128,153,139,80,150,186,163,168,161,134,125,94,108,120,139,123,105,139,83,148,171,176,180,190,168,148,145,184,196,166,158,180,184,221,221,150,108,97,194,200,46,120,207,216,125,175,80,62,168,198,210,235,234,219,202,194,236,212,184,186,158,139,173,128,158,120,150,165,105,150,175,188,158,125,105,69,179,218,246,251,240,108,108,94,212,247,236,202,212,242,235,245,252,252,232,186,119,128,110,80,147,88,134,131,91,91,125,179,218,208,177,158,93,139,190,128,155,168,212,230,226,173,142,198,212,188,147,150,170,192,186,139,99,122,158,155,158,173,150
137,55,94,140,100,94,70,83,62,100,151,171,169,80,60,100,72,32,38,83,114,77,80,174,232,231,194,126,114,174,151,120,91,70,151,169,137,173,178,158,182,176,158,193,186,94,100,145,134,51,97,132,209,132,100,173,231,189,114,189,231,252,224,88,72,171,94,196,219,142,94,111,126,173,129,134,192,192,182,202,186,173,219,231,148,97,123,55,94,156,207,156,77,88,156,158,173,194,176,192,189,161,182,126,137,70,111,100,137,196,244,236,238,224,184,153,111,88,80,134,145,106,102,102,117,150,153,77,51,94,77,108,155,163,134,48,29,48,88,60,55,131,200,173,129,142,134,60,111,216,189,182,194,218,209,97,72,158,210,202,173,148,216,238,213,196,148,126,131,176,173,227,186,213,221,246,251,227,155,150,153,150,190,239,216,202,134,126,210,241,231,148,134,194,150,207,224,224,178,142,126,142,134,150,173,209,137,153,190,247,166,190,186,158,134,99,163,158,168,173,125,94,59,125,163,198,134,145,120,105,125,145,120,168,226,168,64,83,117,231,251,222,99,99,196,196,196,173,114,163,163,131,153,145,180,175,134,139,120,77,173,180,170,227,252,245,168,150,128,207,231,173,94,108,145,134,152,74,99,155,108,99,137,145,170,128,122,150,184,188,224,229,231,152,163,46,198,225,200,229,232,242,246,245,252,252,232,158,173,145,80,48,69,116,175,145,69,82,99,182,213,200,168,82,40,74,119,77,110,150,190,192,212,230,165,186,177,145,152,165,170,125,122,150,150,196,212,196,173,168,150
106,62,72,49,126,65,46,70,77,164,221,219,117,32,37,83,55,34,34,40,114,83,70,145,226,202,207,108,86,70,51,67,77,72,123,156,182,212,180,117,94,176,173,145,189,140,108,158,126,108,156,182,185,169,143,134,126,100,72,108,191,219,200,103,48,97,106,194,196,111,80,126,134,142,153,150,202,196,123,106,166,148,219,161,57,139,100,70,100,173,224,148,117,148,129,108,148,189,194,126,150,180,108,129,114,205,156,88,216,198,250,198,205,231,191,137,100,60,114,88,97,67,168,114,161,126,57,65,70,108,80,108,191,204,134,65,57,94,85,77,60,106,161,148,131,173,129,65,106,232,189,176,198,196,204,145,129,191,213,209,198,182,216,215,161,210,166,150,129,126,184,202,176,192,212,252,251,198,150,205,191,178,213,235,202,171,155,221,184,233,102,150,131,155,180,219,251,239,192,188,142,111,150,134,128,188,97,163,176,184,178,145,196,155,192,171,168,161,198,184,108,125,155,94,134,198,171,158,131,139,108,134,83,134,213,128,114,150,161,168,235,220,122,120,171,205,207,163,180,128,150,142,117,114,122,145,192,160,99,74,142,198,192,209,203,209,152,94,85,168,152,137,190,207,175,152,72,72,131,184,165,125,85,134,192,188,155,170,188,114,188,218,210,179,212,128,173,147,194,190,150,173,219,179,227,244,184,179,177,134,85,88,27,134,203,212,108,96,139,155,213,213,152,102,59,61,77,61,61,113,99,165,236,239,248,155,113,134,184,150,158,182,150,163,205,224,216,203,158,144,173
70,103,75,83,65,80,70,100,55,126,231,221,106,23,37,86,51,20,27,32,60,72,77,126,222,198,161,88,134,51,42,60,100,77,114,173,186,212,114,108,126,145,114,151,193,173,126,176,106,94,137,145,163,169,123,91,91,106,106,94,173,185,97,129,166,100,108,173,166,163,150,106,123,171,156,161,173,192,198,169,156,148,150,163,123,88,83,91,123,196,210,168,189,114,120,108,156,191,189,182,85,120,100,77,100,231,180,83,148,200,225,218,242,222,158,91,70,55,103,155,51,139,153,186,142,102,120,51,94,100,80,108,155,202,153,108,102,106,91,100,40,120,106,153,114,158,77,69,94,220,198,176,194,168,173,192,216,212,189,212,232,207,205,191,158,163,189,194,176,150,163,139,102,150,148,184,184,123,131,204,212,209,200,176,230,234,207,224,194,173,108,186,114,150,190,216,240,234,207,215,150,91,131,134,108,125,139,142,180,150,171,131,205,150,148,192,173,203,226,196,171,148,139,186,186,176,184,171,158,148,128,91,114,180,173,137,150,111,131,94,148,239,192,153,173,150,196,209,192,176,196,186,200,150,105,108,160,163,145,91,82,160,219,192,134,196,173,196,163,74,82,173,221,227,205,163,54,59,125,175,205,186,114,120,168,158,184,179,125,150,179,192,216,150,200,182,122,125,179,64,139,128,160,122,175,224,175,182,122,113,96,82,26,125,152,184,173,150,173,170,165,198,145,147,96,59,85,52,79,66,163,163,207,212,252,205,145,196,202,196,213,219,200,186,188,194,158,170,216,158,136
75,106,70,32,77,94,70,111,35,132,231,248,193,67,38,40,30,40,27,40,60,70,120,103,164,140,100,100,161,80,151,151,153,137,148,191,134,151,120,134,148,77,148,163,173,153,153,150,145,88,91,126,169,150,94,120,134,114,137,88,132,209,200,173,163,150,150,132,114,145,150,140,132,161,171,176,220,215,182,186,134,153,156,173,123,48,88,123,139,153,178,207,171,189,180,142,150,205,196,139,120,126,134,100,120,212,213,161,70,150,194,244,245,216,67,35,77,85,114,191,173,123,137,142,139,106,67,117,85,120,106,139,139,126,117,69,46,60,88,80,102,65,120,158,139,59,62,34,88,207,207,173,114,100,126,209,236,227,218,226,246,224,212,176,137,88,163,196,192,155,139,105,88,153,180,128,117,148,161,161,204,234,239,238,222,245,241,230,209,173,139,148,139,139,155,158,176,207,196,196,180,123,94,126,114,69,139,94,145,176,150,142,188,137,131,188,202,209,194,192,173,139,114,180,194,163,184,186,173,180,108,158,153,198,173,180,117,173,128,111,145,178,139,142,150,139,188,207,220,234,215,134,212,178,99,48,150,166,205,150,88,175,222,180,163,180,175,194,182,99,168,168,212,184,160,117,80,105,205,232,250,232,139,94,91,184,173,184,186,170,179,131,155,179,230,213,77,50,102,62,72,122,139,137,177,186,119,88,57,69,33,64,99,85,59,93,203,188,158,155,110,145,110,122,128,82,93,69,116,96,210,163,139,200,248,245,119,215,202,218,227,224,216,184,158,134,147,125,128,184,142
88,72,60,46,38,60,70,108,70,111,250,250,215,108,32,35,46,49,97,135,100,60,148,94,129,153,126,140,132,126,183,207,166,176,180,161,145,123,151,176,100,108,194,151,200,97,178,178,161,120,97,161,166,114,97,142,153,97,171,126,140,176,231,137,180,198,185,117,145,126,180,213,186,153,180,196,173,189,198,189,148,153,180,185,106,70,108,91,106,142,150,196,198,168,186,145,120,134,196,176,134,153,148,126,51,145,226,126,37,100,132,189,236,221,70,28,83,171,198,213,123,57,163,150,166,150,123,108,153,126,131,139,100,94,55,57,36,36,67,75,62,134,60,137,153,36,35,51,40,182,184,139,53,100,134,150,235,247,238,220,237,227,235,126,120,64,145,191,182,161,111,100,120,150,163,134,114,173,192,137,212,252,236,231,155,226,248,224,236,212,155,166,158,145,137,128,128,163,155,168,205,182,134,102,85,57,67,48,64,134,139,137,180,205,178,180,196,184,168,123,145,153,134,148,163,173,178,148,163,166,171,150,153,150,178,202,173,207,158,80,128,128,114,145,117,117,182,171,239,212,158,202,163,150,108,55,142,194,194,190,150,182,212,184,190,210,173,188,200,137,212,74,222,158,152,94,120,170,205,243,243,221,122,64,52,145,184,190,212,192,152,108,131,210,245,205,19,23,88,125,99,99,145,173,168,163,137,125,31,22,48,128,165,94,77,88,145,205,134,108,119,82,99,99,110,74,64,91,113,179,216,196,139,177,212,175,99,207,216,216,198,221,216,177,155,134,131,90,69,184,105
100,94,41,32,49,75,62,38,35,91,220,249,239,176,42,35,80,46,100,174,114,145,174,209,222,180,189,185,137,164,182,186,169,169,145,100,156,171,126,158,70,193,180,180,173,85,202,221,163,140,108,169,169,150,114,140,169,120,80,180,176,163,194,140,106,180,212,180,145,72,120,173,145,123,176,185,173,196,182,196,91,100,140,150,137,134,91,176,114,57,129,178,198,186,139,106,129,173,233,230,137,120,173,132,34,67,239,173,67,100,70,80,178,163,55,51,134,204,226,173,134,120,108,137,85,163,153,163,171,106,163,123,117,120,117,48,51,67,42,60,85,57,72,94,69,94,48,53,100,173,189,153,102,65,100,163,220,230,205,189,189,231,155,153,139,123,163,192,131,148,126,117,194,180,158,161,161,173,220,194,186,236,224,210,163,216,219,198,221,213,148,166,171,126,117,94,120,161,150,173,218,216,161,42,59,40,24,25,24,46,94,139,216,241,198,158,163,153,145,83,114,180,163,142,168,148,150,134,148,137,161,173,173,163,153,155,173,182,123,102,114,153,161,150,85,69,153,153,180,175,209,188,145,122,85,74,205,221,241,231,216,212,213,212,235,173,163,186,198,147,122,200,117,150,96,102,96,196,238,242,251,225,114,64,122,99,192,237,242,207,113,69,137,184,235,216,82,85,99,54,35,44,64,134,188,163,134,96,44,36,85,139,173,119,77,82,152,208,192,137,77,50,59,99,85,57,62,125,152,188,222,198,134,137,99,105,150,205,212,179,119,177,212,173,150,170,128,90,134,134,105
49,137,94,62,126,126,65,44,27,60,191,241,240,176,32,26,91,169,126,151,169,198,229,244,235,205,204,178,185,135,169,129,120,140,106,88,132,171,126,60,72,219,132,140,77,75,173,182,143,117,166,156,186,173,103,100,163,145,65,158,207,185,173,103,103,103,210,176,158,70,83,97,163,166,169,176,158,173,196,186,67,80,94,185,173,205,103,163,55,48,100,212,153,137,134,85,91,222,238,198,184,72,153,180,35,28,205,227,134,80,25,55,173,139,70,48,117,173,207,221,129,120,106,114,129,83,139,145,142,139,139,88,94,77,100,106,72,46,30,48,57,51,40,53,53,62,100,145,153,182,220,176,97,67,42,83,189,224,166,153,220,205,120,182,168,194,168,191,173,114,180,168,222,171,173,163,178,189,212,186,100,213,224,182,221,196,139,134,148,192,196,134,131,150,64,72,158,204,219,219,207,190,102,32,24,23,19,19,16,42,88,158,210,215,166,148,139,114,148,139,142,207,173,150,176,145,153,134,123,117,102,173,196,190,139,120,105,123,114,139,105,125,137,120,137,125,74,85,173,198,207,158,111,114,153,158,207,212,166,155,180,184,192,216,209,182,114,182,173,178,188,114,219,108,139,82,105,139,229,212,175,225,209,125,69,145,188,234,231,202,44,33,77,175,188,249,173,64,36,31,38,69,72,62,137,158,122,82,88,82,69,139,96,122,64,69,102,196,188,116,48,59,113,131,122,113,99,128,188,205,227,184,99,116,108,150,192,173,142,150,110,119,160,165,177,210,173,99,139,152,139
171,72,83,106,129,135,97,41,21,28,106,224,225,153,51,72,215,205,106,80,103,235,204,219,220,216,194,209,174,88,70,106,114,88,83,70,117,148,106,49,80,143,85,100,53,67,94,91,100,150,193,194,166,123,140,185,137,140,191,169,205,169,182,150,132,51,173,156,173,150,106,97,134,153,158,156,145,166,227,212,100,51,97,123,200,168,72,37,100,34,53,126,70,70,88,65,137,236,248,212,106,77,94,137,57,42,37,196,200,150,57,25,224,232,88,44,70,186,225,163,192,150,111,123,88,148,139,100,139,150,148,111,83,100,67,60,55,32,38,51,40,26,30,72,55,48,134,202,226,194,202,213,142,48,34,123,153,161,176,163,180,91,72,100,166,182,184,224,196,176,202,235,178,150,205,168,128,180,153,91,64,196,184,178,227,69,148,75,75,166,200,100,117,215,163,126,114,230,241,202,171,142,77,32,12,15,19,19,44,83,142,155,166,158,150,108,120,134,137,142,168,205,190,163,161,163,120,114,97,120,125,142,158,171,145,155,105,105,145,161,128,97,137,158,120,80,59,88,137,158,134,108,102,155,212,212,196,117,125,114,117,142,147,163,120,72,66,155,196,186,139,139,145,137,145,139,173,142,173,182,202,202,216,192,134,69,155,192,235,108,22,40,72,139,236,247,113,69,30,50,85,62,59,66,94,134,105,57,155,134,134,99,142,160,128,29,99,116,128,82,54,119,229,235,208,200,147,108,224,232,175,168,99,147,158,163,152,90,50,150,150,69,61,173,225,222,192,113,119,158,152
111,153,145,70,72,100,126,62,38,30,88,185,183,70,97,174,221,235,151,51,123,222,164,156,83,174,174,148,123,114,126,148,137,58,70,108,94,70,94,80,70,60,80,103,103,88,60,65,103,173,194,186,153,100,140,186,150,148,235,235,176,120,180,153,114,94,153,145,166,156,100,132,97,145,171,150,145,166,218,225,97,70,65,70,123,145,114,60,192,65,34,40,191,180,145,88,100,227,245,180,126,51,67,67,150,16,77,163,239,212,51,40,145,150,91,123,108,103,178,196,85,173,57,150,40,120,97,75,134,117,150,83,75,70,100,67,48,51,70,70,60,37,60,65,38,36,173,123,142,209,219,212,114,100,77,59,131,131,131,85,72,123,88,64,150,176,150,173,202,194,216,205,114,148,194,196,163,126,100,77,55,77,126,182,200,83,194,59,114,171,150,142,184,235,227,173,137,218,232,150,155,134,100,42,10,23,38,29,108,102,163,173,134,125,134,125,128,139,80,94,166,178,168,171,111,153,105,128,111,123,134,137,128,122,158,153,134,122,161,168,150,105,114,111,82,55,94,105,97,120,125,82,158,117,175,209,150,122,114,85,59,85,105,66,57,80,99,122,173,180,117,91,196,152,72,165,165,158,173,120,66,117,165,182,122,119,48,74,173,64,38,77,77,102,150,188,173,119,38,36,52,94,69,71,108,99,113,119,150,205,190,165,190,113,152,105,108,50,108,91,105,150,237,249,221,188,179,184,192,196,105,173,212,196,186,198,93,59,66,71,64,79,74,142,213,202,170,90,105,107,160
156,129,30,41,49,120,117,169,42,19,77,132,132,145,67,114,185,171,164,51,126,202,186,161,83,126,151,117,182,180,202,164,132,126,117,148,218,180,58,51,51,65,173,150,100,108,100,85,143,171,189,194,150,108,72,126,207,196,205,221,169,126,134,148,129,153,137,120,129,123,145,178,117,106,132,111,97,142,239,240,137,70,48,123,88,180,238,215,243,196,163,185,250,239,145,72,65,189,231,150,91,42,67,150,158,65,126,178,235,205,70,48,150,120,88,123,108,51,145,106,108,120,65,129,106,94,48,171,75,129,145,108,106,131,142,106,57,77,67,97,88,51,67,29,46,36,48,88,126,192,224,178,153,129,134,126,163,186,91,100,163,114,120,106,153,158,148,227,178,171,182,91,77,137,180,189,168,100,100,150,100,126,190,153,213,222,209,148,180,139,173,231,225,205,213,227,235,188,171,126,91,126,108,36,15,59,88,67,153,186,166,166,137,128,134,184,137,105,108,117,163,150,117,171,125,150,150,128,171,99,97,142,125,94,125,94,99,94,139,166,148,145,88,88,64,69,97,137,158,120,134,131,173,82,111,186,125,114,131,94,32,55,102,96,122,134,117,145,192,137,114,145,142,147,139,184,210,192,145,128,125,122,184,196,147,69,72,85,125,116,74,31,33,64,158,188,190,94,82,57,108,102,74,77,108,122,145,131,150,119,165,165,134,113,152,66,139,110,134,113,128,168,188,207,200,216,244,175,110,77,175,182,232,245,173,88,77,64,77,42,57,102,116,125,155,170,173,122,113,82,155
91,97,88,35,44,100,148,189,94,38,91,143,140,145,77,49,196,143,91,94,169,233,186,148,191,151,148,196,158,176,209,185,189,185,189,239,169,129,173,80,70,100,171,103,100,120,178,185,166,132,171,196,158,132,132,145,186,148,129,191,150,117,129,186,145,111,150,153,140,169,205,163,100,88,85,100,103,150,243,245,153,53,57,100,91,192,252,252,248,245,243,236,243,215,75,51,91,114,150,137,70,123,150,230,189,213,204,219,194,166,75,77,114,75,48,67,134,129,134,180,117,53,62,103,123,70,102,117,139,148,145,129,94,126,180,153,57,100,145,77,106,48,40,51,65,29,80,80,220,173,102,94,72,114,131,108,102,153,145,126,173,176,155,180,126,213,153,137,142,111,80,77,85,100,137,137,148,148,134,153,184,209,198,168,182,190,186,192,184,212,247,246,218,150,150,227,246,182,105,105,64,100,97,59,72,72,117,163,166,218,176,184,186,163,150,161,158,173,171,145,148,163,148,161,150,134,150,131,158,134,142,94,99,69,88,88,69,64,105,139,120,142,105,74,108,128,82,161,180,125,128,194,168,158,105,137,163,196,180,102,42,77,158,147,145,114,218,203,221,139,147,170,134,170,150,125,192,186,173,145,173,212,212,203,165,125,108,125,139,116,69,57,82,102,134,152,215,184,113,102,72,48,82,105,145,150,108,105,110,134,150,125,145,163,170,173,93,152,163,182,108,77,125,184,225,233,179,194,186,208,196,170,208,250,168,99,107,99,64,137,147,46,90,175,155,144,188,177,179,134,102
140,103,32,32,34,91,183,148,135,44,70,164,171,106,65,111,100,70,106,183,250,251,212,178,207,169,180,176,171,221,169,176,193,189,158,129,91,169,205,238,161,49,140,143,178,97,236,212,153,163,123,150,150,129,169,182,153,129,134,126,123,103,150,215,173,91,129,132,140,185,171,108,132,103,67,126,150,132,212,245,140,83,72,62,97,173,251,251,231,230,209,176,182,150,35,38,94,91,114,139,150,219,212,216,198,210,205,189,168,158,158,168,100,40,42,108,212,220,176,126,67,97,77,145,111,106,70,100,102,166,117,148,106,155,163,153,114,126,150,48,134,46,60,91,94,65,77,120,204,77,57,77,38,25,59,77,75,69,80,69,153,194,196,227,202,243,123,126,51,46,57,102,100,64,126,161,176,224,153,108,202,231,215,213,91,100,148,114,216,240,233,237,205,137,163,196,171,117,85,94,72,62,100,108,137,150,186,212,168,194,202,188,204,182,153,145,180,198,186,150,153,173,150,155,176,153,150,163,142,137,148,97,108,83,91,105,64,88,128,120,80,99,137,163,176,176,139,158,131,131,94,184,180,111,150,148,213,242,220,120,80,120,142,74,72,99,175,180,224,150,88,139,184,125,99,72,168,184,168,200,192,207,207,192,139,108,152,168,142,150,147,74,105,96,119,163,226,235,139,54,52,59,80,102,139,175,113,108,139,160,173,184,192,220,142,163,215,182,173,182,196,122,131,200,227,224,194,177,196,192,150,134,219,196,139,160,137,99,71,150,163,110,96,184,182,119,202,221,116,175,134
137,77,35,42,58,140,151,117,94,51,88,151,120,114,108,70,94,70,108,212,252,246,210,235,123,158,151,169,194,151,173,70,77,123,111,120,169,140,216,244,191,194,140,134,134,171,204,114,67,134,129,97,88,156,200,163,158,196,100,150,163,126,207,145,150,156,117,106,132,196,134,173,140,132,103,120,129,163,209,233,134,176,117,94,97,120,148,194,182,126,55,62,88,70,40,35,83,148,134,111,166,202,145,163,145,94,83,106,173,200,202,218,180,57,60,131,191,176,131,142,80,91,120,111,137,80,108,106,103,114,97,126,111,126,137,158,194,139,139,117,94,114,62,60,114,100,186,106,80,94,102,48,40,28,35,80,120,97,69,131,100,225,224,232,234,218,168,137,108,62,48,94,85,105,105,100,205,246,221,166,231,215,213,218,158,173,148,134,231,196,198,209,182,210,231,184,105,108,88,64,69,83,139,155,163,227,231,216,171,173,166,145,198,192,153,190,202,173,173,184,163,158,163,158,161,163,137,163,145,117,158,139,125,125,88,83,134,198,207,148,77,85,173,210,171,173,163,91,125,153,111,120,122,77,182,178,215,235,216,139,99,125,94,62,54,77,69,105,192,94,108,105,128,122,77,170,210,168,147,182,175,163,188,168,125,99,114,142,170,196,163,69,125,102,196,221,231,231,179,77,44,52,119,145,184,194,202,168,224,184,198,216,192,188,203,224,246,213,194,216,194,168,145,205,220,179,194,168,179,163,77,99,203,208,165,165,125,99,150,168,170,173,131,160,196,160,173,194,196,158,212
88,60,60,67,65,88,129,108,103,58,94,143,97,72,164,129,67,91,108,207,225,219,227,100,49,106,106,100,80,32,53,67,55,114,151,143,153,151,166,202,213,173,158,194,213,182,158,145,94,137,120,145,150,150,193,126,161,235,193,176,207,191,150,97,148,148,126,100,129,173,196,191,140,85,114,103,176,137,182,200,224,169,166,137,106,67,40,88,85,48,16,31,62,67,72,70,70,108,117,100,111,134,163,139,72,46,34,75,198,248,250,248,225,139,72,83,103,91,83,123,117,85,123,114,129,145,126,126,100,91,117,75,91,114,100,150,173,150,134,178,163,83,85,100,100,102,65,67,88,94,62,44,60,38,57,91,139,134,100,129,134,145,139,137,150,222,180,166,88,108,100,75,94,145,168,126,184,244,224,178,166,126,102,161,192,134,139,155,215,212,184,180,186,235,252,241,120,62,59,64,72,55,108,153,153,225,200,194,184,117,176,173,192,200,194,198,196,158,128,163,161,139,137,131,125,134,91,123,131,114,150,161,153,122,77,114,220,244,209,134,80,102,158,176,155,128,128,74,150,171,99,62,94,168,186,198,192,198,196,145,122,168,128,82,108,69,46,64,105,64,131,158,184,111,66,243,207,150,200,207,158,102,102,134,150,99,158,150,205,165,119,139,96,216,244,239,212,196,196,128,119,139,142,173,200,150,227,237,215,219,194,202,246,222,221,230,240,238,221,196,147,184,207,221,224,139,125,168,119,122,99,71,145,184,168,134,102,105,155,134,128,175,170,160,194,200,168,125,102,160,139
70,53,70,58,62,58,100,129,106,60,72,123,75,65,153,117,58,114,108,132,243,227,126,55,51,65,100,106,83,67,49,77,100,114,173,114,108,140,158,191,189,151,194,171,189,186,158,212,156,153,145,143,108,94,132,220,234,224,221,176,202,221,209,55,114,194,100,134,120,202,209,185,140,70,108,180,166,182,158,171,205,114,224,161,114,67,80,38,75,60,37,48,120,114,88,111,70,34,117,145,111,161,173,100,156,83,108,139,209,252,253,244,186,150,97,51,62,65,91,120,158,91,120,153,207,235,163,70,123,102,139,123,72,75,94,117,153,163,158,117,153,126,94,88,40,38,57,57,51,72,75,69,80,80,69,88,91,69,69,97,108,97,48,69,77,145,123,171,91,88,100,91,114,139,120,145,168,198,196,117,142,100,150,180,139,51,168,173,189,155,220,161,126,184,210,205,123,50,69,97,88,128,163,145,173,180,134,196,190,182,176,173,163,200,213,194,196,168,128,145,171,117,69,99,88,102,62,105,139,155,123,171,180,125,69,148,229,220,168,111,99,122,158,153,150,120,105,125,161,128,66,91,161,203,212,200,178,173,205,180,173,196,190,173,139,59,57,72,74,69,82,198,240,69,77,222,182,179,196,170,150,114,77,119,145,200,194,152,213,179,177,155,184,179,234,192,125,125,184,192,119,175,203,184,209,231,218,202,192,220,198,222,250,230,236,213,236,216,196,210,216,173,173,232,237,219,212,150,150,125,142,99,205,184,155,119,88,139,128,105,125,125,102,107,134,163,128,158,188,158,165
70,67,86,38,70,80,75,83,108,88,70,80,51,62,153,145,106,91,100,103,231,215,91,65,72,65,65,111,120,97,77,108,193,193,151,169,126,117,70,83,189,198,173,204,193,196,198,171,129,161,212,77,38,108,173,226,230,169,166,145,132,207,202,85,80,182,140,180,173,178,204,185,120,70,140,213,189,173,134,117,100,163,140,137,126,75,97,48,88,48,120,106,70,100,108,114,108,48,173,186,150,129,97,129,153,134,213,221,235,252,252,236,171,103,83,60,46,75,120,123,150,94,91,148,240,236,108,67,142,145,161,126,83,100,75,77,145,192,126,142,108,126,134,85,72,102,65,51,38,51,97,108,100,94,88,108,100,62,65,69,77,111,100,51,51,80,53,42,77,100,126,137,120,137,166,126,176,212,191,192,148,59,91,194,145,91,163,192,134,231,235,196,55,111,224,158,114,105,97,134,131,184,100,226,153,173,188,218,219,202,209,168,184,184,196,196,188,111,120,173,182,99,108,123,80,75,108,158,173,180,155,219,224,139,72,134,176,137,134,108,91,114,148,145,180,131,131,125,161,105,77,120,196,224,209,200,194,188,203,196,188,188,222,213,85,54,91,88,85,94,69,152,192,82,85,150,134,168,190,188,175,173,137,119,150,213,212,173,184,194,160,184,212,128,137,88,52,80,119,134,173,192,212,213,186,170,203,194,198,202,203,213,225,225,225,190,226,173,190,212,205,177,188,221,235,179,74,125,116,160,142,184,225,225,218,125,82,155,134,52,85,102,54,66,74,79,119,134,113,150,119
106,94,137,51,67,126,88,51,100,80,70,37,42,108,174,158,103,67,126,106,135,161,148,86,86,77,77,137,117,134,161,196,227,225,207,173,114,148,37,103,194,163,196,173,221,196,191,129,153,185,161,126,62,117,158,207,202,83,31,28,83,171,173,142,103,126,178,191,176,173,209,192,108,53,120,225,207,145,126,150,108,103,114,173,168,120,55,70,48,108,117,85,103,117,123,114,123,139,178,182,156,88,134,108,72,150,218,205,242,251,252,243,163,88,55,80,103,65,103,139,75,91,32,72,134,139,102,123,111,176,111,153,129,77,100,80,91,150,126,134,83,97,158,129,108,102,97,97,94,65,126,126,97,67,55,83,102,102,100,114,102,77,120,57,36,67,51,94,85,62,120,166,168,153,150,178,205,220,196,153,102,117,100,100,198,171,123,100,108,230,245,158,108,142,229,231,145,131,150,158,166,198,182,150,173,198,190,212,213,198,210,158,196,137,190,163,173,205,125,145,182,69,148,117,186,137,108,198,194,176,134,237,184,128,102,94,120,117,69,114,120,117,131,198,196,150,117,114,134,77,125,158,216,220,194,173,188,198,194,171,178,168,180,134,69,74,120,117,111,134,108,64,69,91,114,139,122,147,212,224,179,198,182,119,152,177,170,134,125,192,196,222,196,173,145,88,59,99,125,125,220,220,198,219,196,175,175,188,192,168,210,216,125,232,173,173,173,207,203,142,105,145,202,225,232,216,165,102,119,147,139,196,215,251,152,69,128,116,99,59,71,69,79,88,90,90,99,102,182,128,158
97,88,174,86,145,153,164,88,58,49,72,49,75,88,171,151,83,77,114,62,77,158,185,100,100,117,108,80,123,166,196,215,212,178,114,94,83,123,75,134,134,230,186,156,191,137,166,180,150,173,163,173,150,114,148,120,62,77,70,114,158,205,196,153,67,137,192,200,202,134,180,204,75,37,88,220,234,132,77,85,126,129,158,176,168,219,166,60,62,94,55,51,120,139,114,108,126,156,189,191,163,137,153,111,83,126,158,150,196,244,244,227,180,137,88,100,139,91,100,75,48,60,40,29,67,65,94,139,148,161,117,120,120,72,100,85,55,102,94,117,80,114,117,153,72,100,139,102,126,114,131,100,80,65,46,46,88,153,123,88,77,94,59,57,48,100,46,42,102,85,102,189,173,207,200,196,219,209,182,173,139,126,173,184,194,198,148,64,105,224,184,137,139,180,219,204,178,142,161,153,176,202,178,207,150,212,209,230,222,194,163,209,200,210,196,210,194,139,108,125,173,182,188,209,150,155,145,218,194,108,158,155,155,158,105,74,69,105,85,80,145,168,153,198,163,148,111,158,102,120,180,192,203,200,186,168,175,190,155,134,131,122,91,102,105,105,114,122,155,139,88,72,35,66,120,142,120,150,188,202,205,198,179,96,125,116,94,69,114,224,237,222,231,212,179,163,111,102,150,188,200,210,203,198,192,179,170,150,110,163,212,168,131,147,188,110,125,184,134,52,74,158,192,213,224,190,155,102,137,116,142,190,237,194,163,74,50,102,110,82,79,107,131,88,82,142,54,152,88,105,150
103,114,132,193,180,132,153,100,32,27,51,80,77,18,65,224,198,126,88,62,100,143,180,83,72,161,94,103,111,166,189,186,164,108,77,77,70,126,111,129,150,186,180,189,169,150,143,137,120,111,123,185,153,91,80,103,108,53,173,204,212,198,231,120,126,126,169,156,173,189,108,70,53,51,106,185,173,153,77,51,150,156,134,132,204,231,168,91,80,48,46,94,108,114,129,91,62,132,202,173,126,142,120,114,132,106,70,83,129,168,196,202,168,137,117,148,150,126,65,32,60,60,57,53,123,46,80,180,209,145,111,62,80,88,70,53,44,77,70,97,126,117,94,134,106,153,91,129,72,158,163,62,51,69,59,51,111,180,120,108,97,64,108,44,44,85,53,38,40,85,108,215,230,139,176,221,191,176,173,205,161,158,168,168,192,180,184,142,102,233,245,194,173,213,242,216,150,139,145,171,205,224,171,148,188,213,231,212,204,205,125,196,224,230,219,192,123,139,168,173,184,212,176,142,125,173,202,220,194,168,111,117,120,125,80,88,125,137,131,72,131,184,166,125,184,125,150,134,192,180,192,207,213,212,182,188,188,186,171,99,131,128,128,108,168,111,128,122,163,91,120,69,48,50,152,145,96,128,179,202,216,192,173,117,82,150,163,64,173,232,236,222,196,173,188,196,168,125,188,219,207,212,207,190,198,184,163,168,150,163,192,142,102,192,188,105,125,160,128,85,80,110,196,208,212,212,131,105,173,137,142,184,219,119,102,91,38,69,88,36,90,150,99,71,57,85,93,85,99,134,213
151,126,132,180,174,176,114,49,53,49,55,49,41,49,70,176,205,137,91,117,106,91,151,49,70,100,75,137,80,161,140,126,129,129,88,65,70,103,114,151,148,173,196,180,193,209,189,212,148,72,80,158,114,60,126,91,100,153,196,150,196,246,166,189,173,134,150,205,108,126,67,100,80,70,140,169,158,106,80,62,123,137,100,192,166,235,194,108,97,60,53,103,132,148,153,70,70,145,182,176,134,150,129,129,150,126,53,60,123,129,142,126,103,108,134,168,120,42,37,70,120,131,57,70,117,100,120,194,166,108,85,75,88,70,65,62,48,62,60,83,148,106,77,77,129,158,94,106,91,126,150,57,46,75,59,83,145,137,126,94,117,85,67,51,36,67,64,62,30,51,131,231,216,150,216,249,250,235,221,196,108,148,117,180,155,69,215,145,186,213,218,221,200,236,243,204,145,163,163,134,128,220,196,142,168,184,231,235,194,186,186,168,203,216,188,168,178,150,150,139,148,128,131,142,125,131,173,180,166,200,128,125,105,91,142,128,125,128,128,125,125,139,158,161,153,190,108,125,210,158,213,235,200,231,184,168,209,237,203,111,194,166,182,147,196,99,131,125,102,85,128,82,42,94,198,142,99,152,160,165,194,192,173,145,155,196,200,145,230,196,221,163,66,173,163,175,170,170,221,239,230,224,213,203,212,200,168,207,202,168,147,131,125,147,207,179,177,184,137,113,160,165,173,196,158,134,131,150,170,173,119,131,196,152,88,88,48,29,77,102,102,158,150,85,31,44,134,61,64,173,196
108,145,129,126,145,143,77,114,70,70,49,27,32,49,55,161,210,158,114,108,103,88,97,67,94,75,91,111,83,111,171,196,169,145,88,70,65,70,106,153,176,178,209,198,213,221,220,216,153,108,108,140,145,97,114,114,80,173,166,189,193,191,169,117,219,150,134,173,169,126,158,75,65,106,178,134,114,126,100,100,137,153,198,111,156,137,196,176,85,117,44,32,153,218,126,46,129,186,186,212,176,72,106,139,163,100,48,51,77,114,171,163,126,111,103,83,67,72,32,51,123,114,91,137,139,100,129,158,108,120,100,80,75,55,60,77,40,32,60,46,77,137,85,55,102,131,94,69,114,102,94,94,65,69,80,83,117,100,97,150,139,137,102,97,53,64,108,75,35,29,166,237,219,225,246,250,252,251,216,194,83,114,196,180,123,155,173,100,126,114,137,210,205,240,243,207,173,105,158,171,150,153,244,145,166,155,194,224,212,180,188,150,161,188,161,125,128,150,161,131,145,166,163,131,158,117,125,168,163,125,97,120,148,131,153,137,122,125,150,153,148,171,173,153,173,155,99,125,137,222,212,230,207,180,145,108,196,238,202,173,202,178,168,170,196,139,91,94,111,99,96,142,54,221,218,122,131,163,120,128,168,173,188,152,196,209,237,209,229,190,196,128,99,179,125,145,186,232,238,224,213,221,209,173,179,216,212,186,205,122,137,179,134,131,190,203,194,152,170,192,202,192,160,142,139,179,152,152,207,163,137,99,131,179,122,48,26,30,50,46,88,175,134,79,52,82,107,110,93,122,177
108,117,91,94,72,111,126,114,83,60,55,35,35,21,16,91,219,189,91,80,108,140,161,126,129,100,62,67,106,123,174,225,189,106,67,70,70,85,103,143,161,173,198,209,185,137,171,150,134,108,94,111,145,126,108,123,148,171,161,176,156,163,129,173,180,132,145,153,161,134,126,88,77,153,163,126,100,62,100,88,161,234,198,213,120,129,198,156,67,42,42,103,129,137,117,88,212,196,171,219,150,34,114,94,108,100,108,97,80,158,220,246,236,163,75,37,62,77,94,51,85,94,189,231,126,75,77,97,139,150,129,65,70,72,65,57,35,37,83,65,77,142,83,48,69,83,106,120,102,100,69,145,108,72,100,111,111,131,126,150,176,180,191,139,150,102,150,131,62,64,171,226,246,248,244,239,242,226,150,142,158,163,163,145,210,126,88,216,224,102,91,213,219,245,225,224,131,123,196,184,153,213,188,216,145,155,204,216,230,163,137,153,163,180,128,125,155,117,161,173,128,190,173,168,131,207,142,105,150,192,125,128,158,173,178,173,188,150,128,150,122,142,178,150,173,134,114,142,150,196,205,186,148,108,62,28,28,122,150,139,196,190,178,125,180,150,74,165,158,96,155,198,227,249,221,128,150,134,77,80,145,155,182,177,207,231,242,239,212,165,168,186,184,131,165,194,230,234,210,147,177,173,128,110,168,175,202,219,184,99,152,184,192,145,134,202,212,188,150,200,200,168,139,150,175,202,168,145,218,142,134,116,74,110,158,71,27,35,64,82,93,150,142,99,125,116,119,90,96,125,163
117,108,91,62,38,49,117,83,80,70,70,35,16,18,20,67,209,178,100,103,166,196,135,198,137,103,32,34,65,140,174,198,158,114,88,85,83,91,111,91,123,120,129,106,94,134,117,103,126,88,83,70,123,140,120,114,158,202,166,156,178,158,150,134,150,137,153,169,137,108,80,103,120,117,150,111,106,77,88,108,156,249,249,142,132,150,142,117,77,40,88,100,120,163,182,108,134,244,168,91,94,88,77,150,103,153,158,161,196,189,243,251,248,148,42,57,100,85,126,60,126,163,212,212,83,88,77,114,163,114,65,70,70,65,83,72,65,88,150,131,67,97,72,48,65,83,150,126,57,65,120,178,139,83,83,120,108,123,139,173,180,166,173,129,158,186,176,126,123,134,123,202,250,239,241,232,161,111,100,139,189,190,83,178,198,83,131,222,196,142,148,176,180,226,188,150,131,114,196,173,202,155,192,171,188,198,207,150,196,88,173,114,158,171,196,166,150,155,158,184,182,186,182,188,173,166,173,134,111,161,173,139,176,196,190,182,173,153,158,158,148,99,205,117,102,102,125,114,184,168,178,212,196,122,38,15,29,85,153,175,180,192,182,152,168,147,196,231,205,218,234,249,252,235,182,125,125,142,64,42,108,150,192,212,212,235,216,242,155,145,184,220,216,145,231,242,227,186,179,134,125,128,96,179,202,125,190,241,196,152,145,205,179,142,139,202,200,186,131,188,220,139,102,155,208,202,160,139,158,125,142,125,113,77,194,107,48,57,105,107,99,147,150,116,155,134,119,136,110,77,90
169,129,166,67,21,28,111,94,51,88,35,26,23,26,49,67,123,153,117,189,198,169,108,209,202,75,49,31,49,143,145,151,156,151,100,75,83,83,91,70,88,83,108,70,145,171,114,103,140,123,70,80,117,166,142,120,193,202,193,194,158,132,148,129,161,148,158,176,158,132,117,106,120,126,148,161,137,88,83,134,158,222,229,180,150,129,117,148,85,67,60,94,108,153,180,137,166,230,142,34,103,139,32,75,126,94,209,222,184,168,205,240,189,100,70,94,88,97,234,145,120,198,196,150,171,44,114,111,139,114,46,57,97,97,106,94,72,150,120,97,114,65,142,67,60,72,91,57,57,55,178,176,126,108,91,117,114,100,114,153,134,145,145,139,209,212,189,173,150,114,126,182,229,239,243,218,85,38,64,117,153,134,128,190,158,91,102,126,158,163,182,163,163,192,196,173,168,153,192,196,186,168,161,209,207,163,194,148,150,163,161,155,100,163,180,168,125,125,105,123,168,168,131,180,194,173,176,158,108,102,150,173,202,188,155,117,128,148,139,153,188,148,196,190,163,69,145,139,134,122,166,163,175,108,72,114,182,213,184,175,180,200,188,200,237,236,225,225,231,245,239,220,180,134,131,150,173,158,77,64,102,160,212,221,216,224,224,213,134,173,186,203,222,210,220,179,108,82,125,139,99,125,122,218,235,208,227,247,212,173,190,165,119,145,145,170,163,188,205,208,216,179,99,139,194,194,150,122,113,137,150,125,145,74,194,163,113,139,99,125,74,119,175,128,155,179,150,160,158,38,31
174,111,174,129,27,44,108,100,77,32,42,46,41,38,77,75,75,129,171,221,209,106,209,178,196,91,44,49,94,164,145,137,166,145,91,77,86,72,100,106,114,100,126,49,180,145,129,108,123,120,103,143,150,169,218,210,158,185,193,140,106,117,137,137,163,132,163,134,166,196,173,148,140,145,137,134,108,103,83,94,126,150,186,150,126,126,142,173,185,111,67,80,75,100,137,150,207,194,70,62,72,80,83,72,106,230,213,204,139,182,173,120,126,94,70,65,100,139,184,145,184,145,173,145,163,91,126,166,123,106,91,72,100,106,94,83,83,108,153,158,126,106,148,108,32,29,46,25,51,88,148,139,108,155,184,158,85,72,100,145,111,168,155,168,198,196,198,184,150,126,117,168,212,219,221,200,100,55,100,100,117,173,139,114,153,150,137,100,123,123,168,184,180,216,233,215,209,220,213,173,168,168,117,202,213,161,190,188,194,202,145,163,117,148,150,148,205,108,57,139,155,125,125,205,148,227,139,176,145,145,114,192,128,125,139,131,99,120,150,148,205,224,224,196,205,120,173,192,171,150,114,200,196,94,142,203,242,202,175,198,168,209,166,175,194,175,134,114,139,155,94,42,72,105,163,202,175,88,52,74,134,168,173,200,221,224,205,192,186,175,190,205,205,192,96,31,24,52,88,102,139,155,139,207,249,240,235,245,186,163,205,125,91,119,125,145,165,213,224,182,142,125,96,125,150,152,165,122,173,137,163,152,122,128,210,215,190,165,54,48,61,74,142,142,150,131,110,202,90,59,33
171,159,164,161,44,31,100,140,94,27,83,70,97,94,100,88,91,140,174,213,216,140,196,180,161,151,46,70,80,137,178,202,196,137,94,134,148,111,70,100,77,67,108,88,166,97,143,85,114,132,83,129,161,186,207,191,180,158,100,48,100,100,158,120,108,134,111,88,200,198,207,161,169,120,60,85,111,100,72,77,108,103,85,100,123,126,169,169,196,163,88,100,85,70,83,80,176,218,173,62,55,65,51,100,153,202,198,192,168,111,65,123,126,62,48,70,153,221,129,42,134,114,80,131,134,114,178,182,134,72,77,100,131,126,57,51,67,126,210,204,168,153,114,100,35,17,29,21,38,108,72,102,176,184,210,155,53,83,131,176,69,192,114,117,102,142,129,153,191,163,100,173,189,171,196,196,142,77,126,134,148,171,150,59,189,224,219,163,100,134,184,188,222,244,231,210,192,198,226,180,150,205,163,114,139,150,150,158,196,192,163,173,158,123,171,234,212,148,123,161,190,209,163,102,148,178,155,139,150,94,178,125,139,161,188,153,150,163,142,171,194,173,198,215,212,209,229,210,196,163,216,186,194,178,125,122,175,216,184,209,96,96,131,96,99,190,48,57,77,99,82,102,66,117,139,120,94,125,125,96,102,152,163,196,231,230,196,212,168,165,203,205,134,50,29,24,21,48,64,91,145,158,150,194,239,229,248,240,165,134,163,147,80,94,99,102,158,205,216,150,96,113,113,113,108,131,186,186,188,147,170,190,155,202,234,225,219,173,110,102,125,88,96,182,186,99,155,184,134,71,69
166,198,186,159,32,18,83,108,126,65,65,100,129,103,100,100,100,126,117,156,193,151,148,200,202,183,70,70,88,100,173,219,161,161,137,156,176,103,49,60,51,72,108,148,108,126,123,91,114,150,83,83,182,185,145,145,163,148,67,37,103,114,150,129,111,100,40,97,158,153,180,185,182,117,57,94,103,70,94,100,72,85,120,103,114,114,156,163,176,150,106,97,88,67,60,88,185,191,163,48,142,106,40,94,168,139,156,198,163,108,85,108,106,85,75,106,161,176,106,70,117,111,103,182,168,139,142,120,108,48,57,97,100,100,70,48,75,100,225,245,100,123,108,80,53,20,19,21,35,120,48,88,173,117,106,168,114,102,134,153,129,77,32,20,26,30,69,173,158,168,180,196,158,171,213,207,142,75,126,184,139,168,184,51,238,227,235,173,171,202,222,213,205,207,192,171,202,218,231,184,192,222,139,85,88,100,137,139,184,203,148,158,158,155,202,202,182,155,139,171,210,202,173,190,184,166,184,168,125,131,134,139,173,184,150,139,182,212,188,184,196,178,230,210,215,180,210,196,241,158,175,213,173,205,94,139,188,175,231,178,57,99,102,55,125,131,88,77,74,85,99,57,82,145,128,117,108,99,120,74,142,173,218,209,198,209,194,184,134,207,186,224,155,48,26,35,36,40,48,88,163,119,99,163,125,202,249,224,205,168,142,196,102,69,66,52,110,196,210,155,105,150,125,96,99,142,194,200,179,150,165,175,192,243,247,235,198,165,192,213,192,147,144,205,215,196,205,173,198,69,107
114,111,209,197,19,12,88,72,75,103,75,94,97,83,72,103,100,83,91,62,129,176,161,191,207,186,123,88,88,88,140,132,100,140,132,106,132,137,117,97,65,67,94,120,123,163,134,91,108,108,85,85,193,163,100,103,137,173,120,106,161,153,132,126,108,53,20,55,126,94,150,237,194,156,126,70,70,108,123,145,75,126,161,139,114,120,120,192,97,132,65,60,94,80,65,83,161,185,126,80,158,120,94,88,100,83,129,153,150,111,100,62,97,137,108,100,196,192,48,62,114,139,184,196,176,108,155,120,88,77,65,72,102,62,57,65,100,171,202,163,67,51,53,102,60,85,60,40,75,72,80,59,100,145,209,192,106,111,137,150,114,15,18,14,14,15,57,108,173,137,220,163,94,145,212,213,176,131,137,168,150,180,150,150,233,163,171,180,209,202,245,220,161,120,114,190,242,250,246,190,196,182,125,128,83,94,182,188,173,161,131,148,171,155,184,210,180,142,190,213,192,196,128,85,166,173,142,131,142,97,155,178,145,150,161,190,198,188,212,203,215,212,207,209,168,188,203,237,235,209,142,114,125,125,147,147,230,243,234,215,108,50,28,102,94,170,114,82,122,99,105,66,139,173,205,190,122,96,150,137,196,216,212,235,209,192,155,134,198,150,209,190,96,91,19,15,26,31,46,99,173,163,50,26,29,46,224,216,233,200,152,213,142,74,71,46,69,155,190,198,208,184,122,99,131,155,198,216,188,147,125,168,212,241,243,235,190,163,184,219,226,205,213,224,213,196,188,182,177,134,142
126,174,222,156,27,23,16,83,65,65,106,114,80,70,72,91,91,83,108,91,120,178,183,129,140,182,202,123,40,46,72,60,62,103,129,126,134,156,186,143,58,58,91,111,134,106,150,114,120,140,94,140,205,185,77,77,148,196,158,158,145,150,140,108,171,67,32,65,97,145,194,239,213,150,126,75,103,140,156,137,75,120,145,134,163,94,150,178,53,158,20,75,85,77,126,129,150,180,114,123,111,114,111,114,80,88,106,120,114,77,51,77,114,139,100,134,161,114,100,75,88,150,194,126,168,150,114,126,55,32,51,88,100,100,100,108,114,148,123,88,62,38,40,123,150,100,60,102,126,97,123,67,97,196,213,158,83,123,171,153,72,65,35,69,32,51,145,176,145,145,207,126,75,69,158,213,196,190,150,126,184,150,196,176,209,126,72,205,108,184,244,209,148,153,108,117,241,253,250,171,190,97,171,128,94,176,238,204,137,128,139,163,148,150,198,203,148,173,221,198,161,145,67,134,120,97,188,145,190,171,128,155,137,163,188,168,168,139,145,190,173,182,196,218,196,202,224,209,196,203,196,148,99,99,137,188,221,236,221,237,213,99,69,117,134,152,120,120,152,173,178,165,163,213,220,203,125,114,198,220,202,203,202,192,165,231,216,170,134,147,160,237,152,94,24,15,22,69,202,184,145,196,69,9,24,31,125,227,152,165,207,198,165,110,88,77,102,122,125,186,235,202,125,113,163,145,160,230,192,152,93,184,192,227,226,235,219,196,196,215,224,203,207,205,150,139,175,170,158,139,150
198,117,205,169,32,18,15,30,72,100,111,135,60,51,75,77,137,120,169,169,103,145,129,65,88,194,233,120,14,21,42,32,38,108,171,193,156,143,182,140,53,111,111,120,140,106,103,106,134,163,150,153,185,202,103,88,161,202,169,100,111,161,176,191,204,176,94,55,103,150,216,238,212,137,88,108,111,103,132,150,62,57,185,150,108,163,156,126,150,62,126,57,88,85,156,126,132,166,139,145,106,70,145,120,117,77,111,117,103,114,77,100,126,100,100,108,80,83,142,67,100,114,83,131,111,126,117,62,29,26,102,134,102,126,131,129,114,77,85,26,48,88,80,137,150,91,83,59,150,163,108,111,155,150,148,161,94,100,102,171,117,62,100,145,126,168,173,178,166,173,168,134,94,108,158,227,233,219,168,126,189,142,173,139,213,184,114,145,100,134,216,192,190,161,126,85,218,250,216,163,148,105,153,77,168,247,250,221,91,145,114,173,155,192,158,155,176,161,182,166,120,111,99,128,105,108,168,173,128,150,155,184,153,150,192,161,72,72,59,99,128,137,215,163,198,224,205,202,192,173,175,180,134,99,99,184,198,160,155,230,234,188,147,77,145,233,220,168,168,225,226,192,192,212,215,243,224,99,74,150,194,182,196,202,224,247,221,177,111,203,186,152,102,94,128,99,139,213,246,246,190,194,152,27,31,46,77,108,116,137,196,205,150,64,82,168,131,82,116,175,212,226,170,163,93,134,158,208,184,173,125,139,145,205,186,224,239,212,186,173,190,184,147,173,107,122,198,125,90,93,119
191,97,207,180,51,26,11,30,100,103,120,100,67,51,94,137,186,151,148,67,117,49,126,46,72,212,205,49,72,49,37,18,24,75,161,176,158,166,158,108,77,134,114,129,134,114,94,150,129,180,150,100,134,191,153,88,126,161,153,97,169,156,132,196,198,176,123,70,120,161,225,239,196,126,77,103,123,106,129,189,163,100,83,94,173,173,142,126,126,142,57,46,75,126,150,126,123,173,132,134,148,94,126,120,150,70,150,70,131,158,100,70,97,97,85,53,46,60,103,100,83,70,88,94,100,106,51,40,48,32,72,178,184,153,97,75,75,75,62,46,34,69,108,120,117,42,34,150,163,120,139,126,91,108,163,161,72,123,171,158,67,59,88,150,131,137,173,166,173,171,184,145,80,128,212,219,221,210,168,97,150,209,111,145,215,212,111,128,148,158,188,227,224,139,139,150,134,196,163,168,134,186,111,97,168,247,245,216,137,178,145,163,198,161,100,128,184,158,114,120,128,120,125,88,134,173,173,131,163,142,142,190,163,148,153,137,108,50,40,52,145,150,122,224,173,215,188,210,155,194,137,148,114,117,148,145,114,91,108,184,224,202,131,96,180,178,198,173,137,213,240,190,168,134,182,251,248,96,52,125,175,216,202,207,235,239,213,125,116,190,220,188,99,57,131,196,184,198,215,203,192,230,221,175,72,50,99,59,69,116,182,184,108,88,91,110,125,96,119,165,216,173,196,200,54,150,184,208,177,177,179,69,147,163,128,219,240,208,134,144,184,215,186,179,82,125,205,66,54,48,122
140,126,135,171,176,32,49,94,123,126,88,83,88,145,164,212,240,169,51,26,67,41,70,88,94,153,239,94,65,40,46,42,40,70,126,148,209,221,134,91,100,88,156,72,117,163,213,230,239,236,156,114,137,216,180,72,123,108,132,126,140,100,91,111,100,114,142,97,126,196,221,204,150,100,77,88,120,120,145,222,222,163,120,123,173,168,120,108,153,114,77,70,117,142,145,129,120,145,173,163,184,129,67,168,145,106,150,100,153,168,106,55,83,120,77,65,72,48,75,91,65,60,120,70,106,97,91,70,94,37,25,88,137,137,126,91,40,77,72,46,65,69,108,75,65,53,44,69,120,111,139,123,80,139,131,94,131,134,186,212,148,102,142,131,150,100,137,134,178,168,192,166,111,131,196,192,182,189,168,158,198,173,97,114,213,221,158,134,163,192,218,231,232,222,153,108,139,180,192,176,180,182,153,163,148,221,202,168,184,220,200,176,182,97,114,153,161,186,131,123,155,105,173,102,184,192,158,148,163,145,184,180,190,161,184,180,67,35,69,91,139,114,166,161,192,161,184,239,147,202,158,77,122,99,128,145,120,102,160,209,242,212,125,50,131,184,205,137,131,202,139,139,131,139,125,194,225,131,72,134,213,207,209,179,221,216,209,77,147,250,252,231,69,40,69,125,165,179,203,210,196,230,243,225,198,150,99,125,113,173,196,152,165,69,54,94,179,173,108,108,158,202,192,196,134,147,192,192,208,190,198,113,105,182,160,196,179,116,119,152,213,246,240,196,82,173,190,93,64,48,125
67,83,135,200,219,153,103,151,123,77,32,49,91,58,135,235,240,151,28,46,49,58,86,51,153,137,198,158,126,134,86,86,100,100,108,129,209,196,156,108,88,180,70,70,120,173,244,252,252,251,207,158,202,224,163,70,150,100,111,161,91,120,114,75,77,129,108,173,134,189,212,173,106,85,108,123,91,108,163,235,234,196,137,85,132,173,139,103,111,120,100,114,137,137,108,72,103,126,158,194,184,139,80,108,173,134,88,126,139,145,117,83,108,100,88,80,67,48,57,70,103,77,94,100,129,209,180,97,106,55,32,32,48,85,129,131,75,72,53,48,142,88,80,40,29,69,51,44,91,134,129,114,67,53,108,102,148,205,251,248,233,196,180,108,176,191,108,192,173,134,134,117,134,161,166,155,139,196,163,150,80,150,209,108,221,226,173,186,184,213,230,209,196,184,182,192,155,210,221,188,198,180,171,188,171,161,150,148,182,218,186,163,125,128,134,153,166,198,173,139,145,123,150,145,184,137,171,102,134,163,202,203,209,196,182,166,85,69,134,117,94,125,173,196,139,158,200,213,205,205,91,66,97,108,142,198,139,158,203,178,173,108,125,196,166,236,230,152,173,94,150,69,216,139,91,54,108,128,155,221,147,150,163,163,221,182,168,150,128,253,253,244,99,64,77,72,188,190,125,165,212,222,247,231,168,170,182,102,131,150,198,139,94,128,94,110,212,182,99,158,213,202,173,175,173,155,188,194,207,184,155,163,142,150,160,105,82,69,144,212,225,246,249,216,131,168,184,152,102,99,142
53,26,100,166,221,159,100,166,176,72,23,38,77,86,100,224,242,126,30,24,70,111,88,106,135,55,97,183,173,176,180,108,140,97,106,145,151,189,156,137,163,129,91,67,100,163,240,252,251,252,145,169,215,220,148,67,132,94,103,182,178,100,180,156,106,163,132,173,182,207,213,137,117,126,117,126,100,94,145,236,216,180,100,114,180,171,173,139,111,111,108,129,150,142,120,70,77,126,148,186,150,103,117,148,192,180,103,108,150,97,139,134,94,103,108,75,48,72,91,75,108,97,70,126,192,243,180,65,62,108,70,48,32,44,120,158,120,67,88,102,153,161,114,60,75,83,72,48,94,114,80,123,114,59,75,114,131,244,249,252,251,222,173,102,204,171,163,191,120,97,126,120,64,94,153,148,137,148,111,100,44,88,235,134,94,166,230,249,244,184,176,184,114,100,161,166,171,248,243,194,178,150,126,184,168,123,180,188,158,180,123,125,139,158,139,137,184,173,145,125,134,108,117,117,77,120,150,102,131,188,212,224,235,198,190,188,150,85,120,145,105,145,182,184,161,221,210,212,221,213,145,122,105,171,178,196,184,147,213,198,85,108,170,238,220,222,220,158,145,192,137,66,173,91,125,99,128,200,170,125,59,184,155,202,212,202,192,134,54,226,251,182,142,99,108,137,165,200,175,155,235,245,246,235,243,182,190,155,212,210,142,173,150,122,108,99,182,196,170,145,128,160,147,142,155,152,99,99,186,173,150,182,108,125,168,134,128,125,179,226,216,238,249,230,144,125,186,182,131,192,155
51,49,86,103,207,220,120,185,151,70,70,65,46,94,120,158,225,135,31,60,108,70,100,137,70,51,111,180,221,173,134,80,88,150,150,126,150,156,100,111,185,173,100,80,70,166,209,249,253,235,156,150,220,225,145,44,60,108,123,150,205,129,145,161,126,153,163,148,249,236,207,106,108,103,117,145,111,108,171,232,161,153,158,145,192,205,194,207,117,100,161,150,111,94,120,139,106,142,150,114,120,75,158,145,126,150,103,108,150,114,145,166,72,77,100,57,40,55,129,88,65,60,37,166,213,134,142,70,70,126,153,148,32,42,148,163,131,145,150,150,196,184,163,91,55,94,114,94,72,100,88,158,180,102,83,163,210,222,251,250,251,196,200,202,212,241,219,171,182,134,111,148,180,184,186,194,148,72,161,40,111,171,237,85,64,102,194,230,173,184,184,184,72,67,196,161,145,232,237,209,150,190,105,114,192,173,209,148,128,134,131,150,139,148,171,139,171,173,145,150,150,111,128,80,62,99,125,182,205,222,209,222,240,200,190,180,150,91,80,122,139,111,139,198,207,209,196,230,182,196,243,237,155,145,178,192,202,203,227,212,85,125,233,231,247,142,173,155,155,74,200,111,111,128,163,182,158,175,145,145,184,209,207,152,155,234,207,69,54,99,224,202,173,125,134,198,168,122,184,218,229,226,188,212,215,251,221,175,231,212,99,69,198,125,69,85,131,142,99,82,128,105,66,85,105,99,122,91,116,194,128,116,128,82,122,150,158,184,160,134,147,173,208,186,125,150,190,131,152,213,158
72,44,75,94,174,194,148,62,51,106,197,198,120,46,65,126,166,111,34,35,72,94,80,129,108,60,120,126,67,65,58,86,106,91,126,94,108,140,120,88,145,194,134,106,70,140,202,180,196,196,163,169,202,207,137,37,40,126,153,126,150,176,103,156,161,132,142,182,248,238,200,94,70,114,161,153,80,169,178,191,191,202,132,120,194,216,213,235,120,108,156,132,70,114,114,150,145,94,120,145,91,132,156,111,97,117,70,114,75,126,108,70,62,94,72,26,44,83,117,94,70,83,75,114,231,163,94,60,55,114,194,184,97,55,97,153,182,186,168,209,189,182,168,114,123,173,200,158,106,106,129,204,240,191,145,227,251,249,246,212,173,173,220,215,220,196,241,173,204,202,145,173,202,238,243,212,205,166,102,137,173,180,196,100,224,163,77,80,163,218,196,150,189,209,202,161,137,148,168,153,102,200,142,204,235,182,128,186,69,108,128,125,161,186,192,186,178,186,213,163,182,166,128,80,117,125,142,244,251,236,205,224,231,203,186,184,171,125,85,137,158,117,139,205,188,192,182,184,114,168,253,253,203,178,202,188,190,226,231,207,142,139,198,218,209,102,94,80,50,122,150,137,142,168,192,207,182,139,196,231,236,225,168,99,190,198,186,72,29,145,72,192,188,207,142,150,134,128,179,142,188,145,128,82,232,192,215,137,177,182,150,150,150,203,150,93,113,99,62,108,57,64,82,40,134,139,139,102,79,158,158,110,137,99,50,139,158,122,110,69,122,150,90,61,82,150,125,144,205,192,224
114,106,41,91,145,180,65,35,72,191,236,202,126,55,26,77,70,35,49,26,120,94,120,123,126,67,53,94,83,46,108,106,83,75,86,143,114,114,114,70,103,219,161,77,70,70,94,117,111,91,108,150,173,182,180,80,60,191,185,117,148,137,120,145,150,161,137,150,192,224,180,70,72,114,134,142,126,114,169,192,213,180,83,153,210,198,235,226,94,126,70,88,75,120,111,114,150,117,129,163,117,184,103,108,57,106,97,80,67,97,77,65,75,75,60,46,70,88,88,85,100,192,153,145,142,75,51,44,51,62,213,196,51,25,67,171,192,161,192,161,180,204,200,155,171,227,218,212,129,189,221,231,242,233,204,239,251,250,232,158,102,142,196,207,221,205,204,155,166,148,108,163,235,231,204,198,222,215,184,145,171,221,221,239,245,176,184,192,139,158,198,163,213,215,196,205,190,182,91,111,117,173,209,248,236,203,161,148,128,91,94,171,194,182,194,205,173,192,224,186,227,150,125,176,158,203,200,247,250,250,207,173,213,198,213,203,105,102,128,158,161,161,139,184,198,180,148,137,94,173,253,253,212,209,192,158,184,209,227,209,180,163,158,188,128,77,62,48,46,66,128,128,131,175,207,184,213,218,202,224,241,235,142,125,188,173,155,137,88,64,82,194,233,239,147,105,119,69,42,116,175,134,134,192,188,190,116,105,208,242,213,215,200,222,175,91,88,125,119,93,139,80,125,82,113,99,160,77,88,155,134,96,147,131,102,99,163,110,77,110,99,31,66,35,85,125,163,236,200,226,232
137,94,49,65,94,123,31,44,97,216,246,193,55,65,86,49,49,132,35,77,32,46,94,153,126,126,65,80,103,123,164,212,185,134,100,94,120,134,100,77,150,200,173,77,134,91,100,80,114,94,85,108,173,221,117,65,120,212,158,145,117,91,103,100,111,153,156,117,185,238,153,72,46,83,134,178,178,111,126,153,150,140,117,140,173,216,227,219,83,53,72,75,51,51,57,114,173,180,126,80,126,120,80,75,80,72,114,103,80,65,70,83,65,60,108,100,60,168,114,32,139,227,242,178,108,55,53,32,72,114,176,67,62,65,108,158,194,220,196,148,161,196,226,196,189,176,191,192,142,221,232,216,240,244,194,161,231,243,189,100,102,129,194,215,200,139,155,139,91,85,100,176,232,207,137,161,178,173,192,190,184,196,216,245,245,180,168,207,168,123,190,196,182,224,227,210,219,226,128,155,114,202,219,251,247,240,186,212,97,97,139,161,142,123,153,125,145,180,202,233,245,234,224,233,178,230,194,235,230,213,209,161,180,215,200,158,69,102,158,114,158,120,188,139,200,80,163,91,88,173,227,216,168,192,182,145,131,188,212,203,205,182,117,114,94,120,94,82,99,125,120,150,122,170,222,202,145,175,224,213,229,213,134,114,134,194,179,139,69,50,119,158,168,196,158,94,64,52,27,99,177,150,196,170,179,111,125,116,246,251,251,205,210,155,122,125,108,91,88,131,158,145,110,131,66,128,122,160,116,158,48,145,145,150,91,66,150,224,158,77,59,77,57,36,116,113,173,227,222,188,212
135,72,65,37,72,103,55,41,83,198,237,205,117,65,51,60,106,106,75,103,103,55,140,174,135,180,49,51,103,193,231,233,173,88,114,153,140,75,65,49,150,156,153,108,123,100,129,140,103,94,117,114,169,212,158,83,108,215,186,126,134,126,100,55,108,169,156,169,176,173,120,126,72,72,123,129,150,142,100,85,129,150,120,100,94,210,240,212,77,27,57,80,29,12,24,111,168,145,97,53,88,100,111,100,108,94,126,117,88,51,57,108,70,91,163,150,114,137,153,83,150,200,250,196,150,97,108,55,129,129,70,77,94,126,176,182,222,244,202,189,102,171,182,196,129,153,83,137,173,186,213,229,226,192,102,108,182,202,148,100,134,150,204,158,168,69,105,102,126,150,128,163,234,182,105,126,134,161,192,216,173,189,198,215,229,163,139,161,150,100,128,173,171,182,176,182,178,155,158,190,161,207,194,196,244,248,198,100,100,120,166,153,153,145,158,142,117,131,163,235,251,236,230,210,196,220,158,163,212,225,196,155,125,212,190,105,123,117,77,99,190,128,186,182,161,137,117,48,77,139,184,145,117,168,188,137,128,196,188,213,173,180,158,91,155,150,134,102,137,212,186,212,152,145,225,202,134,134,221,230,229,221,179,114,170,175,158,108,69,72,108,94,113,145,125,96,77,62,26,48,147,196,215,177,158,116,116,182,238,237,232,155,158,150,125,99,71,82,182,155,99,165,145,177,134,175,184,196,91,122,91,139,125,198,96,77,194,224,179,125,93,50,119,119,144,134,113,194,194,177,190
106,103,44,32,70,86,70,70,62,145,166,108,94,100,86,151,126,46,91,158,126,120,83,171,151,103,117,49,88,209,250,220,60,42,83,58,62,34,58,100,67,169,137,91,103,106,182,153,117,123,140,178,194,213,150,88,100,163,142,114,176,55,65,180,198,196,134,158,34,83,196,182,126,103,137,176,150,67,62,75,111,108,70,53,80,180,236,194,70,24,29,94,72,12,12,62,108,57,48,88,108,129,150,126,123,161,123,94,91,53,100,120,94,126,163,163,180,150,126,176,142,131,212,213,178,163,123,123,103,83,85,100,131,150,210,216,224,251,245,131,139,126,148,100,100,106,65,142,171,166,184,161,150,126,111,123,134,168,186,182,75,102,153,150,126,55,131,137,248,173,212,202,224,209,153,142,139,219,213,184,212,163,168,158,194,150,80,117,128,102,100,134,139,102,100,134,111,153,188,196,150,67,75,100,155,233,239,200,85,88,163,173,168,158,114,85,88,176,213,222,233,252,240,198,221,203,180,227,212,120,145,161,134,176,198,173,131,91,105,186,210,158,184,212,99,166,48,85,153,224,209,150,120,158,173,171,192,173,163,194,196,219,186,192,182,163,205,163,175,212,221,207,186,150,179,147,94,152,220,218,209,210,192,190,165,190,150,108,94,108,105,119,119,80,96,139,99,77,44,24,94,221,196,150,131,139,208,184,207,220,179,212,160,131,91,64,119,94,77,108,108,119,128,99,147,108,125,177,150,145,99,145,168,163,212,179,175,205,192,177,90,79,194,196,173,52,113,110,203,173,182
126,91,49,43,77,88,86,70,62,100,126,103,60,94,97,88,83,77,108,86,60,62,70,83,51,100,103,100,114,186,248,231,67,18,23,42,49,83,62,53,140,72,100,67,111,140,123,148,126,126,142,185,212,194,215,132,145,198,196,163,114,72,83,227,196,173,40,58,46,83,163,192,150,140,150,178,173,51,62,51,85,80,65,91,137,196,200,185,40,25,70,129,114,38,28,75,70,53,77,100,139,139,120,145,100,106,97,60,55,85,117,108,123,153,129,163,230,182,77,126,161,145,126,173,173,184,114,117,88,85,88,72,129,150,180,168,161,222,236,186,158,85,72,123,69,75,111,153,186,126,142,139,129,180,184,114,100,168,196,129,75,91,129,155,59,108,196,242,237,224,236,182,224,231,184,184,224,238,224,182,155,196,142,163,189,134,100,67,102,120,108,150,176,126,59,75,139,128,182,196,158,69,32,50,69,205,238,196,111,163,150,166,186,139,88,111,192,221,221,224,243,235,205,192,229,173,166,171,153,142,148,173,182,153,161,153,150,203,230,218,196,221,173,178,120,120,46,111,212,250,226,128,134,196,196,192,160,120,175,196,196,194,196,224,168,173,205,188,203,184,196,173,203,194,125,114,145,165,186,196,184,160,194,165,186,198,139,125,177,213,150,134,125,69,125,173,108,94,72,50,122,184,184,91,88,213,196,150,168,179,139,152,88,105,131,71,96,105,69,62,110,99,64,48,128,150,165,150,142,165,137,122,188,233,224,173,125,184,192,152,158,107,116,173,179,131,77,150,163,194,192
117,65,37,24,70,126,120,120,94,70,94,83,77,114,80,80,174,151,67,55,49,65,77,46,67,132,151,100,103,185,246,238,103,49,94,88,88,108,145,151,114,103,72,46,103,129,178,137,193,134,145,140,220,246,205,207,209,196,204,207,153,185,80,150,145,137,103,75,37,103,150,150,142,111,180,192,75,94,80,51,106,100,161,55,83,91,97,126,126,94,114,111,114,83,83,94,60,48,120,150,108,97,60,103,94,94,44,60,72,94,106,120,145,139,106,137,212,176,65,48,129,150,120,129,173,189,103,108,120,67,48,53,102,126,108,114,126,134,212,212,114,100,85,94,114,166,219,192,158,148,108,145,150,224,148,94,161,226,235,213,126,163,163,137,150,243,220,250,232,236,189,209,196,226,194,173,221,226,225,186,102,236,128,153,196,150,142,145,158,120,171,220,190,117,88,100,111,77,145,194,111,88,57,48,125,184,207,235,240,226,202,168,182,150,134,168,212,180,168,215,224,226,213,134,218,202,220,236,182,184,196,188,171,155,131,194,250,250,246,234,180,158,196,196,148,125,82,150,233,224,235,184,190,220,209,188,120,94,178,150,147,105,220,173,147,120,178,173,122,168,202,196,196,202,142,150,173,152,177,179,160,152,142,111,177,131,134,163,244,231,212,137,125,77,134,184,188,205,202,160,147,163,147,134,152,235,192,182,82,165,163,91,88,177,198,113,108,116,94,96,96,113,99,69,110,119,155,150,158,139,163,170,177,196,160,150,145,168,170,125,44,69,142,177,175,163,150,190,150,150,182
186,44,21,20,108,186,151,94,62,94,94,83,94,100,143,161,200,174,91,80,151,111,106,120,120,151,132,70,86,173,221,215,156,120,126,156,166,153,126,100,75,72,51,75,108,88,178,163,129,173,137,134,196,216,227,219,200,189,158,209,176,171,196,156,120,137,103,132,67,53,178,176,100,132,129,126,117,83,60,100,126,100,137,70,38,32,62,100,85,75,100,117,123,100,72,94,85,106,126,132,70,75,57,60,100,83,38,106,83,97,111,158,150,114,106,139,192,180,72,32,75,142,142,163,180,189,163,117,126,62,40,62,77,91,102,102,123,111,153,168,100,145,148,139,129,198,241,216,153,161,150,134,142,171,120,88,191,239,242,229,194,184,155,192,213,114,155,240,247,221,161,180,212,202,161,105,126,192,213,231,192,88,139,153,207,173,200,224,176,102,213,237,163,97,97,100,108,123,173,212,102,153,97,59,137,158,212,196,244,215,219,192,139,150,163,148,163,111,142,212,180,209,111,105,188,212,196,252,250,186,196,229,198,158,188,227,240,245,243,240,184,134,196,224,158,99,99,111,99,150,190,142,182,212,205,175,139,99,134,150,173,117,158,128,150,102,99,99,82,147,202,188,168,177,186,168,99,142,190,137,170,150,142,119,111,74,91,194,212,219,173,125,108,80,170,221,242,250,229,182,99,196,105,186,179,212,177,145,72,173,139,145,152,212,205,113,82,94,108,125,145,119,142,91,131,77,170,147,188,142,179,125,79,116,131,160,139,74,119,128,107,158,173,173,219,192,102,107,168,165,177
231,46,34,27,209,194,164,53,51,140,143,80,94,135,151,143,140,174,158,120,137,135,86,153,100,135,174,117,77,94,129,140,140,137,153,132,198,182,94,145,108,97,34,55,100,126,137,129,173,142,85,111,205,244,247,226,163,142,117,140,192,150,140,166,180,150,180,166,126,126,145,148,70,70,173,224,204,111,85,77,108,108,70,120,44,32,32,77,70,37,38,55,97,100,57,94,137,60,48,72,85,103,38,72,94,97,88,100,60,83,97,129,100,120,111,158,184,186,67,35,77,51,148,166,215,196,212,106,100,83,51,88,83,60,102,97,100,85,100,126,137,198,225,194,114,184,236,245,178,155,150,102,158,171,88,46,126,224,215,215,220,171,117,120,85,83,180,212,189,128,120,235,213,150,108,102,105,139,200,212,166,145,142,126,215,215,192,171,207,192,219,230,126,131,88,114,166,176,215,246,240,176,108,123,91,171,192,184,173,188,212,186,176,173,184,178,134,123,213,203,192,182,128,155,173,202,215,250,239,188,216,216,203,212,235,219,150,209,225,203,150,194,180,196,173,150,142,155,168,142,117,120,180,212,175,99,108,64,99,182,202,166,117,88,108,85,46,74,85,82,125,147,173,192,190,173,111,88,122,139,158,173,160,131,77,69,99,192,182,179,66,64,150,175,170,202,213,207,163,139,119,179,150,208,150,170,128,96,94,163,192,155,216,216,165,102,96,125,131,147,175,96,116,184,142,186,125,128,160,205,128,102,173,122,139,99,96,69,139,173,110,144,116,173,186,142,175,150,131,116,113
198,103,91,94,213,205,194,58,49,129,166,117,97,129,126,126,111,178,171,77,97,88,75,86,111,178,174,117,97,88,88,117,140,158,209,218,202,189,161,117,180,94,55,40,111,140,97,120,114,91,72,120,224,249,252,245,180,100,153,142,134,182,189,145,180,117,120,180,176,148,129,114,100,129,169,185,158,88,97,106,129,53,129,126,70,37,38,57,77,44,60,83,94,75,83,94,83,100,72,106,70,80,77,48,72,44,108,91,70,106,108,103,100,100,94,103,171,77,48,26,83,48,153,205,247,216,224,65,117,83,102,88,80,51,80,114,75,94,55,94,184,235,192,189,77,166,221,210,108,153,173,150,192,178,72,55,108,168,161,150,192,180,126,80,97,100,173,131,77,62,139,241,245,163,80,114,111,153,216,186,139,123,134,163,192,180,168,158,173,215,184,224,166,126,134,137,190,190,243,253,252,137,139,176,102,186,171,150,158,200,186,180,216,236,236,209,150,163,178,203,178,188,220,145,194,196,216,212,180,137,180,173,202,242,209,186,176,150,184,150,196,108,213,190,196,182,122,72,155,139,120,153,147,120,134,94,40,50,111,152,134,88,88,94,134,125,94,120,94,57,125,196,203,216,205,147,91,59,91,152,158,179,188,152,142,128,111,207,175,91,52,64,205,202,99,91,134,145,152,198,196,163,212,224,203,182,128,111,113,213,218,196,184,198,116,137,147,158,163,158,128,69,155,168,163,152,173,173,125,158,88,196,142,122,137,91,64,110,139,192,113,128,77,131,107,184,150,88,122,69,122
126,164,164,197,174,221,185,43,39,129,166,143,103,114,126,145,178,148,120,77,55,58,72,83,180,103,111,151,174,166,117,180,193,156,185,185,161,151,196,126,173,91,83,40,137,163,120,91,100,108,114,161,241,251,250,236,126,49,108,70,123,70,186,148,202,140,191,185,94,150,148,100,97,111,192,213,153,142,77,70,77,65,123,129,153,145,114,139,120,88,114,139,120,70,72,83,100,75,40,88,108,60,51,108,150,80,103,75,103,129,142,88,53,60,51,53,25,32,77,53,83,97,184,236,236,212,192,123,158,120,123,97,88,100,94,117,145,158,83,100,150,196,85,155,69,120,137,117,88,150,166,189,182,191,148,111,129,126,106,108,139,126,131,123,88,150,168,100,94,42,137,237,238,184,145,145,120,155,240,196,94,163,153,192,212,139,51,158,210,196,155,178,155,117,134,145,126,166,239,249,198,131,145,148,142,180,173,196,210,198,150,176,212,207,184,184,186,178,142,158,173,198,236,178,224,243,171,168,139,145,153,188,225,251,242,145,173,173,182,168,117,188,134,205,166,122,117,108,111,88,102,105,147,139,94,48,48,80,117,88,99,108,152,108,131,210,209,184,150,91,173,213,209,218,188,99,50,62,117,117,128,147,190,220,239,218,147,170,170,91,88,128,173,158,102,99,163,184,220,232,236,227,242,232,222,208,137,128,155,218,192,163,158,158,94,96,163,179,179,134,88,62,150,168,137,122,125,125,145,116,96,125,110,213,175,137,108,82,131,179,96,74,113,74,59,173,77,64,163,113,102
151,194,169,129,164,169,143,51,55,123,153,145,153,111,103,151,189,129,123,106,67,94,106,114,140,94,129,158,161,185,173,196,163,108,126,100,148,150,231,209,120,126,85,42,158,126,88,108,143,150,150,182,235,244,231,210,94,51,97,91,114,185,137,243,227,173,204,158,100,123,140,97,100,114,204,180,75,142,114,40,62,57,139,176,176,158,126,150,106,67,83,108,126,77,70,57,62,88,60,65,94,77,88,134,132,126,111,100,72,145,184,120,60,40,29,32,67,65,53,67,97,83,235,240,237,189,204,166,178,158,123,134,102,148,137,120,198,204,189,148,67,126,94,117,120,80,123,155,168,126,173,176,134,158,219,216,194,145,94,108,126,77,83,168,69,196,114,120,94,46,209,225,210,192,161,161,123,155,230,205,145,163,108,220,180,83,126,114,168,204,150,128,126,88,69,85,72,108,186,213,150,114,213,205,178,171,209,250,213,150,161,182,186,131,117,166,213,184,117,123,178,215,236,233,245,251,221,125,176,150,163,212,230,236,209,163,150,176,203,153,137,168,153,230,155,173,117,59,48,77,102,114,173,173,102,82,66,69,139,128,178,74,131,160,137,216,234,216,139,96,184,125,145,147,85,77,82,44,150,77,91,48,194,247,250,239,128,145,198,125,102,145,113,150,184,128,165,224,246,235,243,250,227,196,221,196,150,165,208,194,99,168,188,122,88,69,119,152,139,108,82,91,145,139,119,102,108,91,173,160,122,69,168,221,200,139,102,113,139,125,91,74,96,77,77,69,85,105,184,134,48
180,180,103,49,100,114,94,91,103,108,137,132,126,86,100,151,126,145,158,126,135,171,156,145,145,153,145,145,134,169,198,164,120,67,70,140,140,196,235,163,137,132,42,40,83,103,126,145,153,176,148,148,213,226,193,140,134,72,62,117,100,234,248,240,224,246,205,156,88,65,126,120,83,123,185,198,77,106,88,40,48,38,220,219,163,120,75,126,111,83,100,67,67,100,94,94,75,75,88,60,46,77,83,38,134,150,166,100,103,153,139,97,77,70,108,126,117,100,55,70,70,48,166,192,200,180,145,139,222,216,171,173,191,182,158,126,153,158,137,126,83,123,126,111,142,173,173,173,163,114,204,180,108,150,222,243,220,129,94,94,153,111,65,148,106,202,97,148,150,148,212,219,230,212,176,173,139,150,234,215,168,158,139,221,189,155,83,85,150,184,190,158,171,123,80,117,114,126,207,221,173,126,200,220,148,212,244,241,213,176,153,155,186,212,215,173,105,131,134,150,213,226,239,245,246,236,242,192,145,148,168,213,224,196,150,134,173,161,184,184,210,186,173,222,188,175,66,72,32,108,173,160,137,120,97,105,134,158,188,234,230,221,96,134,111,179,150,173,170,102,212,178,117,111,72,99,82,96,160,99,108,72,82,244,248,184,116,198,196,158,145,125,150,168,168,125,173,218,212,179,219,235,173,173,182,200,175,242,230,196,128,182,168,69,71,119,165,177,137,122,139,160,179,128,131,119,119,139,155,170,99,96,147,177,210,190,150,134,102,90,99,96,93,85,50,54,74,144,163,113,77
161,108,34,65,60,80,148,166,143,106,114,100,135,151,114,151,156,145,100,100,156,151,169,186,166,117,140,153,145,151,151,126,111,88,62,111,129,196,193,178,180,120,106,70,77,111,163,158,145,148,140,120,166,178,132,129,140,114,88,158,213,243,251,237,251,244,219,77,55,26,108,129,85,100,140,166,62,65,32,44,18,51,148,220,103,80,70,83,88,111,103,70,46,97,120,32,67,94,85,60,83,60,48,126,120,126,158,88,111,158,182,150,108,94,100,94,97,60,55,70,46,38,150,189,155,148,114,134,205,212,178,216,243,216,134,106,120,126,108,106,83,126,131,129,129,134,163,168,150,184,196,194,178,131,173,232,198,108,108,114,137,120,88,69,139,216,150,128,192,173,176,245,249,239,202,150,148,158,209,231,163,142,142,190,192,120,91,120,102,173,168,139,163,150,102,173,142,102,234,245,176,153,171,158,171,173,212,240,243,168,153,173,166,190,194,173,142,158,188,205,234,216,225,246,225,242,251,196,134,196,155,182,180,94,59,91,166,166,182,221,205,196,200,182,180,148,57,46,59,117,160,178,158,122,99,145,212,196,184,222,202,184,166,62,99,145,142,196,184,188,190,152,179,128,66,57,82,142,205,182,150,120,168,229,202,173,150,175,182,165,96,119,152,134,114,111,91,113,77,69,160,158,125,111,165,142,218,236,194,202,125,128,142,77,91,163,188,208,173,155,175,173,196,150,158,196,158,186,155,175,119,99,108,142,175,179,165,125,88,102,122,99,57,33,59,77,74,119,119,99,96
77,49,19,62,94,88,153,158,151,126,117,151,194,224,198,207,198,94,65,158,148,117,156,189,137,75,91,120,117,126,120,94,86,103,49,44,100,153,185,205,193,176,161,140,143,173,193,171,126,108,117,137,106,120,150,126,150,192,134,163,198,198,186,239,233,202,150,70,60,44,97,137,77,70,42,40,21,62,77,32,14,12,48,44,42,55,85,85,103,77,48,111,75,44,67,51,60,100,91,48,88,62,75,34,158,94,126,131,134,126,158,142,134,114,62,111,62,38,70,67,42,67,88,83,100,126,108,91,100,139,180,245,249,210,108,108,120,97,180,117,100,126,148,134,158,120,126,196,205,226,215,218,202,117,126,153,131,158,173,126,131,139,131,83,196,235,148,126,150,148,171,247,250,236,218,192,198,205,205,212,150,142,161,198,142,171,148,80,88,196,145,126,180,150,83,126,158,114,188,198,184,134,142,186,184,102,182,224,236,239,207,117,153,198,224,233,200,192,227,235,221,229,171,225,221,250,225,232,207,213,200,180,142,50,48,69,173,231,216,213,216,200,188,194,184,139,105,137,150,153,142,168,190,148,117,150,178,182,182,173,212,150,82,137,166,160,224,190,173,190,198,96,158,160,72,82,158,216,209,213,173,147,184,221,188,125,142,147,145,96,102,57,82,69,42,69,77,26,22,54,31,85,30,145,116,158,184,175,160,80,125,94,145,150,110,145,128,165,224,179,173,196,188,216,163,238,173,231,190,165,99,88,125,116,119,113,152,122,90,137,144,88,46,69,107,155,119,46,99,110,93
34,51,39,44,86,80,123,120,153,161,202,226,191,224,207,205,169,174,126,135,114,80,178,171,126,117,77,62,123,106,70,94,67,70,30,32,60,126,145,176,153,132,161,173,153,166,176,182,148,108,111,126,106,106,158,163,153,161,153,129,106,108,83,140,140,91,100,111,103,72,100,142,62,37,27,18,21,37,111,70,20,21,12,19,51,46,53,108,94,70,60,65,67,57,120,65,83,51,114,38,72,88,85,48,103,83,137,134,173,150,126,150,111,108,114,91,173,108,51,103,53,103,91,83,111,129,97,114,139,204,250,241,205,189,111,44,111,186,163,145,120,94,100,153,153,163,189,150,191,226,245,237,204,148,123,97,85,192,189,155,198,198,176,192,225,209,168,150,94,148,202,220,235,220,205,209,202,198,202,173,173,155,171,194,123,222,190,72,114,194,182,128,196,196,120,83,145,166,150,184,194,168,173,233,178,139,188,200,176,242,200,142,111,190,225,235,215,173,216,242,230,150,178,196,196,231,251,207,251,231,218,190,180,137,134,120,194,245,224,212,230,196,192,233,99,176,178,186,168,153,163,180,188,150,145,168,166,182,190,188,188,145,128,170,152,180,230,198,120,105,158,139,117,147,125,99,117,173,212,202,205,111,170,184,182,105,190,173,145,145,94,40,59,52,44,77,57,33,29,26,30,48,44,57,125,142,168,198,134,108,147,150,137,125,99,119,125,160,226,184,194,232,188,186,182,184,216,232,188,147,131,93,116,99,69,108,137,150,145,158,173,105,69,152,150,168,137,69,142,150,69
153,46,100,26,58,77,111,123,174,196,219,212,153,158,143,140,166,166,106,103,106,108,207,174,169,209,200,103,103,80,31,86,83,51,60,34,46,88,72,140,70,134,117,176,123,106,150,196,150,108,75,70,120,129,185,189,108,108,100,100,97,58,72,150,161,126,140,185,140,80,80,117,126,70,34,19,19,40,153,163,51,20,16,35,48,53,48,53,88,88,80,53,70,134,137,145,132,126,72,70,120,103,106,80,132,126,114,148,126,117,150,131,72,57,134,111,108,134,29,70,40,51,46,220,213,180,139,142,131,224,209,202,173,126,85,70,88,148,150,108,69,85,139,186,145,161,153,100,180,212,224,231,222,224,166,153,145,131,178,196,155,196,198,231,192,173,150,126,97,108,168,173,186,182,155,173,189,168,182,202,213,173,168,192,173,215,213,105,145,168,209,196,196,246,196,100,163,205,153,178,209,196,213,224,238,182,171,114,77,173,186,145,108,139,207,209,188,192,213,235,203,176,173,166,180,246,176,222,244,200,221,242,231,244,198,134,182,221,210,227,220,250,224,192,163,186,182,173,120,166,188,209,147,163,194,168,150,175,196,194,184,178,192,178,173,150,150,80,120,137,131,145,102,80,120,131,158,184,209,160,173,125,170,182,122,165,209,219,122,105,145,69,44,64,85,80,94,66,77,85,80,48,48,48,134,150,155,182,192,110,168,152,168,125,94,131,158,160,155,170,179,186,184,113,173,150,186,99,179,200,177,74,99,85,59,79,93,119,186,179,150,77,102,107,128,144,144,152,102,116,99
153,78,83,49,67,70,169,97,151,185,143,129,120,100,129,117,143,120,55,83,77,145,173,212,198,200,148,178,88,53,44,70,108,85,70,53,85,94,106,58,88,94,91,156,129,108,137,114,111,77,55,53,91,145,210,161,80,46,88,83,148,166,150,213,180,185,182,158,100,40,44,100,180,134,77,72,46,77,134,148,100,27,22,48,83,51,48,57,80,80,70,83,117,156,196,194,129,94,108,142,132,108,168,168,120,108,94,132,153,114,142,60,40,65,126,173,83,70,46,48,31,106,166,150,111,168,163,102,72,91,100,40,80,65,72,123,155,173,108,65,114,55,137,106,230,111,88,108,100,129,186,226,240,216,173,145,153,91,114,155,53,182,213,202,176,134,176,129,97,53,105,108,131,163,163,145,142,142,163,186,212,178,180,180,216,196,205,190,150,171,216,180,150,231,192,126,150,176,173,196,171,196,240,212,219,224,173,94,94,128,125,131,158,178,192,150,131,192,215,173,168,218,155,155,190,194,196,153,213,224,168,235,234,190,171,122,114,186,207,212,230,246,221,166,137,171,148,114,117,173,230,186,158,173,202,173,134,178,213,216,225,218,178,173,137,69,72,82,122,147,111,88,99,122,145,145,120,150,150,147,147,152,139,165,102,152,225,213,192,139,111,134,99,64,158,125,125,190,88,108,145,96,113,99,139,184,150,147,207,205,158,173,122,163,137,105,128,119,155,160,150,125,160,142,125,48,113,40,150,196,125,150,96,79,74,69,64,77,144,184,52,74,125,77,125,155,150,134,69,116,116
180,156,123,77,72,145,164,114,126,126,75,67,62,53,103,123,123,97,44,49,49,97,108,182,166,164,103,204,97,70,103,86,156,114,70,67,108,72,132,46,100,77,120,108,150,143,58,85,123,94,70,91,94,158,176,166,65,37,67,120,221,233,180,192,202,114,100,53,27,16,28,91,173,200,176,129,72,67,114,140,153,55,46,72,117,85,48,72,100,106,108,126,142,153,166,180,184,139,150,173,173,163,153,145,126,106,106,134,145,100,51,75,100,129,100,70,46,60,100,134,150,145,70,150,180,194,150,94,32,22,55,57,55,85,108,184,163,158,62,94,88,75,145,196,173,100,148,72,114,94,191,186,224,219,145,153,120,117,148,131,158,173,198,205,180,145,145,150,108,72,72,67,67,105,158,123,29,18,88,176,134,210,196,148,196,131,237,196,120,173,196,148,134,153,126,100,100,150,204,192,168,222,230,196,212,233,205,168,166,145,145,226,251,240,184,99,120,163,178,194,171,131,155,202,200,224,158,166,180,194,155,209,198,166,99,99,148,182,210,192,232,248,117,168,137,158,59,99,150,209,198,173,192,134,150,196,125,158,227,222,235,212,147,139,69,59,91,72,165,158,142,94,108,155,152,145,163,142,128,165,137,152,145,173,165,173,227,150,119,163,177,152,80,64,134,216,147,165,160,139,165,128,128,160,184,182,168,139,163,182,198,128,80,122,139,91,128,173,152,134,163,150,168,190,77,74,40,48,66,74,85,152,134,91,102,88,69,66,113,131,105,116,173,134,150,155,113,122,85,134,85
143,176,126,77,114,100,143,132,100,67,55,41,46,72,106,126,97,70,67,42,70,70,70,108,145,180,108,158,164,100,120,148,156,106,77,91,137,114,148,88,143,97,166,134,180,123,72,106,126,106,103,108,158,150,163,137,88,67,51,173,182,148,156,114,156,26,29,19,11,14,44,108,173,204,156,120,62,72,134,148,108,100,72,94,83,94,55,91,114,94,129,148,120,137,173,180,126,106,142,156,139,132,150,120,126,106,97,139,176,150,57,70,126,129,108,67,51,55,117,198,225,134,80,168,150,163,150,100,88,126,94,97,139,178,166,196,213,108,94,126,85,108,161,123,150,219,173,123,134,161,131,196,213,176,137,126,166,192,180,134,184,186,186,205,142,150,184,166,59,67,100,139,94,97,142,126,32,9,16,120,189,229,137,77,77,182,166,173,128,105,192,186,182,158,148,102,105,173,176,196,171,220,182,180,215,205,200,205,212,198,196,244,253,247,176,150,163,150,150,188,205,155,209,235,202,210,186,194,190,148,153,205,178,180,155,173,176,168,184,203,207,205,150,134,125,50,158,91,175,202,188,209,194,219,227,196,200,190,175,202,192,184,111,152,131,55,82,111,210,145,222,105,128,80,114,155,145,145,152,182,99,131,150,137,150,158,177,155,69,142,182,142,80,99,119,179,237,196,139,188,145,205,215,179,142,113,173,168,173,137,150,158,69,50,116,182,168,150,139,202,158,168,205,221,142,88,77,59,48,44,69,139,125,85,88,96,96,102,134,125,137,144,170,150,152,102,119,93,102,136,99
164,135,77,32,205,230,111,97,72,41,46,55,55,58,77,94,70,60,62,44,62,83,83,135,174,117,126,137,161,132,117,166,158,126,164,176,161,148,148,161,173,161,231,226,204,150,94,77,108,134,117,111,150,163,156,134,120,100,67,72,111,111,91,62,35,23,12,18,16,28,100,153,185,161,150,153,48,114,106,83,77,114,103,100,83,42,88,72,94,108,120,134,117,126,145,108,111,126,97,85,126,129,108,134,126,137,145,153,120,88,100,83,53,88,150,75,25,32,100,220,247,221,111,77,111,120,153,158,126,100,145,204,171,176,163,139,155,139,108,83,77,70,100,153,192,212,139,137,145,123,180,205,182,123,131,196,180,204,196,148,150,204,176,196,126,100,83,64,48,126,180,163,114,94,158,194,100,20,42,145,180,212,126,33,150,155,114,142,108,77,168,163,210,168,163,150,131,205,192,196,139,202,168,117,102,192,192,209,218,225,196,173,231,231,229,230,155,198,231,239,209,161,222,240,212,145,145,178,153,145,128,180,205,192,188,178,163,173,220,215,212,186,166,153,134,158,175,155,163,190,190,205,243,245,248,239,224,188,137,150,150,139,175,170,196,125,62,155,131,198,139,102,120,66,145,120,120,152,192,173,72,150,108,134,91,99,80,64,59,142,175,179,119,77,94,158,175,152,150,175,196,207,160,198,147,91,158,125,134,155,155,147,147,88,102,173,131,198,219,158,128,150,152,119,110,69,99,85,91,57,40,96,99,66,113,102,125,131,85,125,93,52,105,113,57,48,79,57,105,116,93
106,145,70,51,151,219,135,83,91,62,62,108,156,196,100,94,135,94,62,35,49,94,103,114,123,140,156,145,143,180,145,129,129,161,180,176,173,132,134,158,196,224,235,236,185,145,108,72,132,145,129,123,145,171,166,120,142,145,72,70,97,100,72,53,27,31,19,13,24,70,156,171,185,200,171,142,72,65,65,70,114,106,132,70,94,57,88,62,83,70,65,88,103,100,108,111,134,100,103,67,145,88,111,139,120,176,161,103,100,88,80,70,51,70,134,44,17,16,120,218,245,212,145,155,77,123,134,102,100,176,150,126,126,94,91,131,85,114,120,139,111,126,102,163,150,150,97,72,168,173,178,198,173,100,108,182,213,168,126,120,108,148,126,91,139,191,120,163,155,182,111,134,168,153,161,198,139,69,100,80,139,190,180,128,194,114,200,64,153,85,137,163,188,190,128,126,173,234,215,148,188,97,198,40,83,190,202,213,188,205,128,94,120,203,229,215,158,215,245,222,166,158,209,245,210,161,155,186,134,184,205,203,205,178,180,161,163,202,231,227,198,194,148,155,161,105,184,200,216,205,173,182,229,249,239,215,200,175,150,131,131,142,155,221,224,155,57,74,192,190,188,170,102,99,158,96,125,170,125,134,150,137,125,142,44,48,40,48,82,145,165,209,125,94,77,150,192,150,179,188,190,165,175,188,134,94,125,137,182,155,177,168,150,128,74,122,202,196,150,80,131,99,64,102,30,113,69,145,93,59,66,93,119,134,77,54,50,137,96,79,69,44,66,66,71,85,64,71,85,110,102
103,153,51,108,108,202,169,140,126,120,140,207,224,174,111,83,106,145,55,65,35,72,91,103,137,166,164,186,173,194,180,137,180,153,114,151,140,120,100,132,186,215,166,169,140,117,150,126,114,114,114,132,134,150,173,100,163,156,60,83,72,53,44,42,23,19,19,12,37,134,176,178,192,192,132,65,83,70,85,129,114,145,55,103,111,126,51,32,51,55,32,40,70,80,100,80,103,55,126,97,106,158,108,163,94,108,120,126,129,72,100,80,57,57,57,120,67,37,72,126,142,129,145,80,117,148,77,48,94,85,111,129,88,67,120,168,117,106,137,168,126,153,134,91,60,145,145,173,222,207,189,209,210,137,88,150,205,180,60,51,83,139,75,131,184,180,215,230,215,224,207,150,161,224,221,216,180,111,120,67,97,213,225,192,219,251,221,222,161,108,128,150,161,176,128,91,198,235,204,128,139,166,178,102,150,91,194,168,148,142,125,173,134,186,176,186,196,196,186,117,194,210,190,237,173,225,231,192,178,209,235,221,220,184,163,161,196,241,225,209,198,91,80,91,97,32,173,226,225,213,173,158,218,220,173,125,131,155,97,69,85,202,224,160,165,182,147,108,105,170,173,160,102,74,142,150,128,142,94,108,179,150,213,137,30,46,64,72,139,139,196,168,150,139,99,192,222,165,202,190,108,184,145,184,139,128,145,168,196,158,177,142,188,165,105,128,179,165,147,48,59,88,46,113,96,74,66,147,77,64,48,77,108,105,54,59,134,77,99,91,82,64,48,82,90,93,48,69,93,147,48
117,114,55,77,151,164,123,171,143,126,153,97,77,126,132,94,70,106,120,55,53,53,88,129,185,180,176,205,169,161,185,151,163,108,108,134,46,80,75,70,70,126,97,103,140,156,126,114,88,88,111,126,120,132,158,108,70,150,80,70,34,26,29,32,27,23,28,28,60,137,129,114,150,142,120,77,94,108,88,108,132,114,46,126,126,100,31,23,77,111,40,24,31,38,72,83,88,65,126,126,117,161,126,158,117,48,40,80,150,100,100,80,44,55,83,194,150,51,72,65,70,77,103,46,120,106,53,28,85,97,97,145,126,106,102,83,240,198,173,163,218,178,173,221,186,134,106,184,221,178,155,194,207,180,145,200,184,139,42,44,75,117,55,105,184,212,212,202,213,213,166,163,212,226,239,241,231,192,91,142,190,182,189,173,232,245,253,249,117,88,114,131,139,105,117,128,202,238,219,139,108,207,198,192,111,150,94,105,97,178,182,171,153,163,163,176,190,188,200,123,176,212,202,205,212,210,219,163,202,184,196,213,168,180,153,190,229,236,220,202,180,48,114,108,67,72,150,194,234,222,114,111,147,158,188,163,155,173,64,40,108,131,198,196,196,235,128,145,152,158,184,145,120,88,96,137,125,125,117,85,142,182,216,173,94,108,125,66,168,168,99,113,158,177,179,215,241,224,192,179,137,168,134,168,158,150,128,91,152,173,177,163,182,190,160,205,177,134,137,69,54,93,64,57,80,80,82,105,145,59,54,64,119,116,85,85,99,108,54,93,82,50,79,77,54,57,93,85,155,147,74
126,114,70,83,100,197,151,123,126,120,151,123,83,111,80,65,49,70,51,28,28,65,83,173,234,210,226,178,185,137,148,126,108,126,114,83,70,80,143,185,97,148,150,156,150,117,70,108,111,114,132,120,106,120,145,83,37,148,114,65,19,29,29,29,70,77,70,51,67,77,58,75,123,88,120,75,88,88,55,85,126,114,85,145,108,57,51,75,106,134,83,34,34,51,106,134,103,132,153,134,111,97,100,134,150,25,14,57,132,106,55,72,53,55,111,163,184,126,123,40,100,77,94,70,145,123,55,42,75,131,163,150,137,106,94,148,227,227,184,207,252,243,245,189,200,102,35,100,219,219,171,209,244,222,168,123,212,126,67,30,32,75,198,209,216,225,205,178,182,215,252,248,150,111,189,244,246,207,205,180,224,134,126,168,102,173,236,232,126,69,67,36,91,171,120,88,209,236,134,97,168,192,192,176,131,111,108,80,155,207,186,150,205,171,173,220,184,158,218,145,117,173,224,198,216,99,134,196,196,148,158,150,128,120,153,166,218,196,213,209,221,131,192,196,88,163,139,216,237,175,120,82,69,128,178,147,125,117,114,190,220,150,202,216,224,227,179,163,163,179,108,120,74,69,120,102,59,59,91,105,202,212,213,192,182,215,184,173,168,236,237,198,215,194,173,196,196,179,175,158,131,125,119,122,179,110,102,145,163,170,179,188,139,168,194,235,229,108,82,147,147,74,71,119,108,119,82,119,80,54,59,80,99,116,91,119,131,96,88,64,119,64,40,74,99,105,105,69,134,90,136
151,108,55,65,91,91,156,117,94,123,94,86,114,123,80,42,42,24,46,26,53,60,49,174,202,220,158,166,151,134,100,145,67,83,103,134,180,158,161,150,198,100,169,126,44,72,134,77,75,120,132,129,83,88,137,97,83,80,153,97,49,53,49,51,111,169,100,77,65,48,48,55,70,88,100,70,72,62,55,80,117,126,126,142,88,100,100,108,142,168,129,72,77,100,100,126,117,132,153,126,108,100,62,75,94,40,37,67,75,57,51,51,57,77,155,178,184,148,106,75,85,129,62,150,178,158,88,106,117,111,114,111,126,123,131,148,123,173,220,244,251,250,252,176,221,88,30,69,163,215,176,202,212,148,150,192,161,212,57,34,16,100,239,246,226,137,219,166,123,168,236,251,186,97,171,224,249,212,150,194,158,196,91,231,161,126,231,231,150,120,128,123,137,108,120,137,196,205,155,72,80,163,180,204,184,85,202,196,203,188,196,142,120,184,196,202,196,158,182,182,158,176,225,190,186,153,150,205,194,150,150,161,168,108,158,139,205,216,212,231,231,200,194,221,160,139,188,232,202,178,122,97,114,128,147,150,122,105,215,251,247,219,153,224,200,160,213,186,182,170,94,88,108,125,134,168,150,88,102,150,192,245,230,216,216,212,188,179,134,222,212,232,230,224,188,175,188,165,122,125,125,119,175,111,108,155,163,205,179,139,158,196,142,137,200,244,240,110,99,221,158,108,152,145,110,71,88,113,66,64,64,93,93,77,90,110,125,74,61,125,134,102,40,48,82,74,99,85,105,128,99
180,77,62,62,94,143,156,164,103,132,108,62,100,126,83,65,83,49,30,126,126,100,83,213,219,173,126,158,156,145,86,51,88,55,67,156,185,198,94,140,111,123,83,51,72,49,77,114,111,140,150,145,88,60,153,129,94,62,103,108,77,103,67,88,145,202,194,88,67,75,57,38,67,91,67,88,46,53,80,77,129,163,142,150,83,120,75,132,182,196,184,123,117,100,80,139,117,83,106,134,134,129,35,23,42,70,75,53,38,46,40,32,60,100,163,178,123,85,106,137,100,91,114,150,134,155,150,148,129,120,139,173,166,134,120,75,40,70,213,207,205,243,218,219,225,202,51,40,150,184,196,134,77,77,168,222,192,184,100,32,14,176,252,230,194,131,236,191,100,88,178,102,150,163,120,202,247,235,173,142,176,190,176,224,83,120,150,205,158,148,166,100,88,168,194,225,233,153,125,125,190,131,200,220,221,161,145,209,196,125,125,153,111,114,131,168,205,153,207,244,163,163,192,176,196,202,123,153,213,202,171,163,196,153,161,190,224,216,205,219,213,196,180,227,203,150,188,224,180,186,155,128,122,155,182,168,99,125,213,250,246,238,145,198,178,108,216,212,177,155,99,85,142,91,150,216,213,196,198,168,125,216,145,170,186,137,184,80,150,158,218,190,242,246,203,150,173,184,165,142,150,134,131,196,160,194,152,163,196,202,173,105,168,198,205,216,233,230,177,186,198,158,134,150,91,40,88,155,69,36,74,108,113,102,99,125,150,158,99,57,119,125,46,71,99,71,110,99,99,74,69
126,108,88,129,80,126,158,174,158,145,148,158,129,106,120,137,91,126,151,151,169,207,91,169,225,94,86,77,91,103,94,72,62,58,70,123,114,72,153,91,106,106,37,49,49,100,114,145,158,150,137,150,126,80,114,176,103,88,77,114,58,70,91,108,192,215,191,100,55,100,80,88,108,60,72,88,62,77,126,94,129,168,137,129,80,88,83,158,153,178,191,126,117,97,103,108,100,48,83,142,150,134,31,48,77,91,72,48,44,48,40,40,70,83,65,100,145,166,145,176,120,48,51,44,120,158,129,129,134,163,218,226,196,168,129,70,70,94,102,129,184,224,202,221,210,176,94,55,150,184,198,80,65,117,173,227,220,182,120,26,19,161,234,235,100,158,224,173,57,36,91,153,123,128,134,198,176,246,210,234,178,108,171,173,171,150,220,221,184,196,137,117,83,128,212,212,212,161,194,161,234,196,240,239,125,158,75,85,145,83,75,137,196,168,128,182,184,80,111,171,209,163,128,173,150,123,125,168,212,224,190,168,205,198,171,163,200,212,192,161,192,173,173,234,224,120,142,239,205,182,184,150,158,218,216,150,74,117,212,238,236,192,117,184,145,184,236,212,128,117,155,150,147,80,134,207,200,203,213,150,64,88,74,119,102,125,99,99,80,147,145,213,246,229,168,165,209,218,192,152,158,173,175,186,196,188,165,168,128,128,137,208,190,202,218,218,236,227,150,125,196,110,69,71,93,77,96,168,96,59,79,93,173,210,99,102,177,152,66,46,90,102,69,85,102,102,96,88,93,71,77
108,145,246,250,243,126,108,103,171,174,151,120,151,145,145,171,180,233,224,235,244,241,169,180,145,77,35,49,67,103,145,158,100,91,86,70,126,161,166,150,62,67,44,40,70,108,123,126,100,132,142,129,114,85,169,212,150,126,80,31,40,185,100,161,204,166,192,100,34,70,150,129,94,91,75,60,103,117,145,134,126,117,100,126,60,51,108,100,120,94,126,100,88,100,106,97,108,62,114,103,145,129,72,75,106,62,37,44,60,38,72,100,60,60,48,72,224,184,176,114,108,48,28,38,155,129,88,123,139,158,215,225,216,212,126,126,117,102,75,126,178,204,205,196,139,100,106,57,100,163,209,171,102,163,180,173,213,213,161,80,91,137,126,210,200,100,134,139,69,83,108,148,198,173,137,139,192,229,224,237,176,62,72,235,168,234,222,189,202,168,198,150,126,227,247,224,168,173,210,234,224,207,235,198,125,137,64,32,100,100,80,117,148,168,184,192,168,105,59,139,202,200,142,192,128,94,150,158,180,209,198,158,158,224,200,125,128,196,190,99,180,196,145,230,230,102,108,232,243,175,160,173,192,224,215,150,102,145,224,236,111,42,150,205,198,242,231,198,122,114,200,202,145,99,131,196,212,202,184,163,91,77,77,96,88,117,96,96,52,131,122,188,207,190,168,196,227,230,188,182,147,102,163,200,222,125,158,96,108,116,125,170,224,173,205,225,205,119,113,152,91,74,77,96,48,125,184,145,152,125,52,93,249,196,69,125,186,134,82,82,54,31,71,59,88,85,77,74,59,69,69
60,151,251,250,226,114,43,51,137,176,178,151,135,194,156,185,176,250,202,213,198,185,129,126,100,58,49,94,120,123,114,100,150,178,132,83,129,171,148,111,158,35,77,83,80,108,132,103,77,83,126,161,186,158,163,193,145,117,70,88,100,100,106,161,212,185,100,94,77,65,126,123,83,100,100,75,117,180,114,156,72,62,35,40,70,70,100,150,137,85,55,77,108,88,48,120,176,134,120,70,88,134,134,83,114,38,24,37,57,62,114,145,80,103,65,72,221,158,166,77,100,129,94,91,153,117,100,131,70,67,150,213,210,213,129,142,94,129,83,126,196,221,202,202,153,100,80,62,55,134,224,210,158,171,171,134,210,231,202,166,134,131,102,184,191,62,117,176,134,131,153,196,236,205,139,202,216,192,161,221,192,97,150,219,243,216,194,161,220,212,198,221,158,190,244,245,209,192,237,145,176,155,226,173,221,36,102,108,80,137,108,105,173,226,234,209,173,100,40,168,229,188,224,229,173,173,75,166,198,161,184,161,145,232,213,59,77,198,209,163,128,178,122,221,246,158,150,235,212,148,120,150,171,188,175,108,125,196,212,184,36,50,125,216,244,242,200,170,163,122,186,220,165,150,196,194,182,196,165,150,125,96,82,122,125,128,165,102,48,117,179,99,137,163,173,196,226,212,196,194,158,99,196,234,196,77,139,203,99,80,131,165,192,145,173,221,198,102,40,94,91,71,99,50,131,74,163,93,152,142,145,108,221,230,113,99,173,179,113,69,59,59,69,46,74,64,64,61,42,52,99
43,135,132,166,126,97,65,77,100,145,205,169,100,123,120,176,151,166,148,91,100,126,148,117,62,86,55,123,134,100,196,246,230,163,205,111,137,117,103,106,91,97,75,106,114,123,169,129,148,126,189,216,161,120,142,103,91,126,72,49,53,80,134,142,114,163,132,91,77,72,55,62,62,77,129,163,148,129,75,83,34,57,42,57,148,134,117,120,111,65,97,120,145,97,57,163,218,132,137,65,48,100,171,171,91,48,37,48,70,108,129,139,153,155,100,131,142,103,148,166,148,180,60,155,145,126,114,145,57,42,163,220,204,158,114,120,111,142,111,145,196,231,163,213,182,111,60,55,72,142,212,225,216,196,182,210,202,137,182,191,126,129,168,194,126,123,168,191,196,192,198,226,222,180,200,231,204,176,126,142,173,158,204,176,212,227,180,209,236,224,219,219,196,196,216,227,224,150,145,171,198,196,236,245,153,139,120,128,163,213,196,77,168,246,242,207,178,108,102,168,173,188,232,231,196,216,209,117,173,134,168,178,150,212,202,166,171,200,190,125,153,114,236,205,249,237,222,252,196,125,88,139,184,158,111,94,99,194,209,125,66,33,105,196,240,210,170,173,128,85,139,168,179,216,194,122,80,134,145,139,152,163,131,134,139,160,184,134,122,158,150,85,77,142,192,163,212,227,177,128,125,113,150,224,175,128,208,210,125,179,207,239,125,99,158,225,205,142,77,80,150,139,85,155,110,116,125,93,198,184,128,139,221,212,102,69,102,147,128,54,71,107,52,93,46,155,26,113,40,50,125
100,114,103,153,145,103,100,117,86,94,164,196,94,34,70,120,114,60,132,97,117,164,108,120,70,103,106,151,173,212,253,253,230,213,153,126,126,55,65,140,145,169,134,129,145,148,173,153,213,220,243,242,117,132,75,65,114,80,27,72,70,80,83,114,67,134,106,70,65,60,60,94,114,70,94,178,75,114,65,88,108,70,137,145,123,126,88,88,100,106,114,132,126,139,156,153,158,129,150,94,65,53,219,196,126,67,75,91,108,134,134,148,212,227,189,129,55,106,153,219,180,173,72,161,120,126,100,134,106,117,173,196,182,111,83,142,100,171,158,117,182,194,196,184,168,120,65,51,117,111,126,205,221,194,176,221,145,126,178,205,148,131,178,209,129,148,168,126,139,196,224,239,216,166,205,216,155,123,83,184,210,173,231,242,246,226,173,213,237,240,209,134,67,117,196,180,186,173,83,102,213,224,221,244,207,125,150,198,192,231,237,184,173,231,241,210,148,173,111,125,125,153,173,215,221,219,205,184,184,139,200,221,153,192,161,117,153,120,171,168,209,163,203,122,235,246,222,194,196,111,125,160,134,117,150,168,117,117,210,137,69,69,128,220,173,99,152,131,80,99,99,74,137,205,158,74,77,99,105,122,170,192,163,111,120,125,163,152,173,137,99,80,91,94,137,158,173,208,168,134,173,150,137,175,205,213,198,192,190,215,226,232,184,72,142,147,142,147,173,173,182,155,105,102,184,69,105,142,192,168,155,116,125,150,82,66,175,144,93,99,69,82,85,102,110,79,82,26,88,50,69
151,151,183,194,174,151,140,145,120,108,103,72,70,65,65,58,94,70,120,158,120,180,171,151,100,126,126,151,182,225,244,227,151,148,153,140,62,100,153,70,224,231,221,75,163,156,169,176,173,212,213,194,88,20,32,163,100,38,19,49,53,70,51,65,166,156,126,67,75,85,70,114,114,91,100,75,62,48,57,51,182,85,178,198,88,103,126,85,88,77,75,117,142,123,129,171,97,70,111,108,100,123,194,221,148,100,106,108,111,123,184,210,221,243,239,114,55,88,91,196,207,168,108,94,114,117,103,100,88,145,205,173,123,108,129,145,137,202,176,134,212,126,246,173,163,126,120,94,85,80,60,150,202,139,180,210,153,150,150,212,202,129,168,227,192,142,137,139,126,176,221,231,220,176,145,212,198,196,224,189,180,227,207,248,236,225,139,153,215,243,178,36,29,100,186,176,173,139,77,150,145,194,204,196,180,134,139,205,203,212,238,221,188,202,202,186,111,102,125,83,91,77,105,166,173,194,190,171,224,203,207,207,117,173,153,55,83,137,207,196,117,99,99,42,176,161,236,85,168,102,173,139,196,145,105,150,128,114,212,173,122,137,158,198,111,102,99,25,147,200,139,77,117,170,168,152,177,158,64,72,175,158,173,82,105,85,160,168,131,88,85,66,113,119,111,139,113,134,190,213,188,163,150,150,168,190,102,192,139,99,239,242,131,59,134,150,119,134,190,210,198,150,99,116,150,137,152,128,152,173,152,108,54,54,54,44,182,229,90,71,107,82,96,88,88,110,105,96,102,69,168
148,169,151,164,174,171,183,196,176,120,91,100,111,106,55,51,77,67,97,151,193,213,143,123,114,94,91,108,129,153,151,158,148,114,111,83,86,114,103,169,244,241,137,77,120,161,163,166,120,83,134,114,35,14,72,193,94,44,65,31,42,65,55,100,108,158,137,120,46,88,88,60,108,108,72,70,70,19,38,27,126,194,120,198,106,108,120,114,51,40,100,126,111,77,94,156,132,70,134,126,148,85,192,216,168,163,166,100,85,126,196,216,180,158,196,173,70,40,91,155,235,209,97,91,117,120,100,55,65,153,221,173,75,114,150,145,196,225,189,173,209,161,243,171,134,137,117,120,85,126,106,100,100,139,213,178,166,117,150,180,213,139,182,222,250,126,114,168,126,173,176,171,184,139,105,180,229,231,235,220,204,212,205,240,219,224,150,88,205,245,196,69,35,80,166,184,139,134,150,134,125,150,150,150,184,94,72,186,200,196,212,161,100,111,150,131,111,83,36,18,40,91,137,125,134,173,231,196,125,125,125,188,139,77,72,50,75,163,180,155,180,150,80,55,125,222,192,192,160,128,160,196,225,184,85,91,125,178,196,168,168,216,111,220,168,108,88,82,125,198,137,128,114,165,173,205,235,203,122,94,205,147,192,125,147,125,177,160,134,64,116,99,163,177,125,80,99,105,163,210,152,168,142,122,131,113,88,147,125,113,219,196,105,102,158,173,71,99,196,173,184,150,82,125,190,125,134,125,145,155,119,113,77,50,77,125,202,238,198,105,96,77,50,66,99,113,107,139,102,184,173
126,137,62,88,106,183,193,209,185,129,137,148,135,83,62,32,32,44,106,202,235,215,106,72,100,58,53,60,77,94,80,70,44,34,32,46,91,108,158,153,212,123,62,28,145,150,193,204,108,65,49,29,15,34,100,163,100,106,108,142,49,132,26,176,88,123,88,67,100,111,114,85,83,83,126,65,18,32,37,106,85,100,185,97,163,85,53,77,72,57,72,126,91,60,178,224,145,114,163,150,83,75,100,216,220,150,126,117,91,131,137,111,100,62,114,129,126,67,100,153,236,218,142,83,80,120,120,77,97,180,212,153,88,108,150,163,202,207,184,173,215,235,234,150,91,139,123,139,171,182,150,57,60,163,194,100,158,158,202,117,227,161,186,212,242,108,88,100,145,194,216,163,120,97,80,114,209,241,245,247,241,189,229,215,205,182,150,85,190,237,209,100,32,105,202,188,192,102,178,91,203,150,153,97,125,128,131,94,142,192,178,59,32,85,150,142,123,67,134,99,67,94,155,80,153,184,131,134,105,80,52,40,38,48,69,57,102,176,213,224,134,108,122,105,171,210,215,225,171,108,188,213,224,209,105,38,82,196,210,168,137,202,235,236,173,59,94,99,150,158,137,102,94,139,150,155,184,165,210,198,173,184,182,179,160,155,182,142,94,150,116,194,218,209,142,94,96,99,150,184,155,165,74,131,119,125,131,99,163,219,163,145,131,134,155,165,88,99,212,203,168,119,69,77,93,74,119,125,116,128,105,85,91,113,134,145,202,242,205,74,59,77,59,59,93,116,85,90,147,203,205
143,91,53,67,106,137,135,174,186,148,126,114,135,97,91,28,18,77,169,213,236,185,72,41,60,37,44,60,38,35,55,49,30,18,23,27,70,106,150,132,145,103,42,44,111,213,212,196,156,97,38,23,28,20,60,158,108,123,111,106,67,134,85,126,70,97,85,100,108,132,100,60,75,72,29,77,26,55,70,80,120,150,173,83,132,44,77,100,103,85,62,83,156,224,173,100,126,153,123,189,103,65,100,161,182,134,123,134,100,106,139,126,91,57,72,134,150,108,100,108,213,243,158,97,94,126,184,186,196,212,209,173,91,91,139,145,150,176,176,173,238,245,204,102,88,150,134,126,158,182,176,80,83,153,158,126,126,166,196,196,213,145,182,176,212,131,83,117,182,194,235,224,88,69,83,108,178,244,251,236,216,224,189,180,163,134,102,105,126,219,220,153,52,114,213,166,196,216,150,163,163,161,155,114,88,190,80,102,134,188,158,67,62,148,203,207,205,192,137,153,150,134,139,128,139,184,168,150,128,83,88,77,52,99,94,55,120,194,142,137,194,182,142,153,192,212,161,148,150,142,163,178,216,196,80,40,108,225,203,125,163,221,247,237,173,105,72,125,150,150,173,125,91,82,122,131,82,139,216,224,173,173,160,173,158,145,163,114,134,152,220,221,226,207,152,108,96,80,158,198,173,142,94,131,147,175,155,111,150,231,182,158,145,145,198,194,80,74,200,231,196,102,66,46,40,48,64,108,158,71,42,82,134,168,182,145,175,232,212,113,69,93,85,69,59,44,82,96,125,173,212
117,114,126,100,100,58,114,164,169,114,108,123,120,145,171,53,44,117,161,135,194,94,38,42,83,103,70,53,62,35,38,51,32,28,16,28,85,88,114,94,77,46,18,37,108,150,193,193,169,117,60,37,38,44,40,77,126,129,94,49,60,148,100,49,126,117,88,83,85,132,103,70,55,46,31,35,35,44,103,194,163,67,173,103,32,80,108,77,70,120,108,145,180,207,191,191,132,163,209,150,65,176,40,134,51,126,120,192,163,117,106,126,106,65,126,161,126,65,117,70,220,192,220,210,134,158,191,237,222,213,205,189,120,94,94,94,145,204,226,235,233,224,180,100,117,102,80,80,100,161,204,161,163,178,173,117,139,158,205,212,194,163,153,168,209,184,126,139,158,128,200,225,120,88,139,131,189,205,225,215,163,194,114,182,188,188,128,168,123,198,244,218,72,69,186,173,173,161,126,123,85,163,190,192,117,83,85,139,186,221,196,153,117,139,192,205,210,212,231,137,176,158,220,194,190,148,173,111,88,158,120,145,194,202,155,57,44,131,184,173,194,158,158,198,192,117,155,155,111,99,91,128,196,180,102,36,94,221,182,155,209,219,250,235,173,137,122,152,170,177,175,145,66,57,57,69,88,139,152,168,163,173,142,145,134,108,99,160,173,182,170,175,190,145,122,69,74,94,131,203,182,173,128,145,210,150,192,147,110,200,158,150,163,173,216,168,69,62,116,196,218,82,113,80,48,42,71,77,105,27,88,145,179,175,210,212,170,196,224,165,107,125,131,61,93,82,64,125,107,170,198
106,166,126,75,111,70,106,174,135,135,140,111,70,171,196,151,145,65,108,60,103,72,100,103,117,153,106,51,88,53,18,49,49,32,19,55,67,148,70,65,19,26,44,55,106,70,91,176,171,126,60,35,49,70,42,67,108,114,103,67,91,120,94,100,114,111,108,97,97,100,88,100,70,72,51,31,51,134,166,156,238,117,48,42,88,108,137,163,166,150,168,205,224,182,142,166,108,200,163,132,120,83,31,85,53,88,97,158,205,202,97,80,139,100,111,80,88,60,100,161,148,176,238,192,163,163,158,221,216,219,210,180,139,75,126,88,108,173,248,225,196,142,131,70,70,57,51,69,106,163,205,207,219,209,173,123,150,189,196,161,216,215,212,212,209,210,178,97,94,120,186,213,163,120,108,142,213,192,189,219,126,94,153,218,233,241,212,200,194,212,246,204,64,40,114,153,139,137,128,83,97,153,166,168,168,100,69,128,238,236,235,212,125,88,105,117,139,137,158,168,120,180,237,240,158,155,145,67,134,163,148,176,194,184,148,55,22,120,246,163,209,173,221,186,145,82,125,221,117,59,69,97,91,50,44,137,128,142,203,142,196,168,250,232,170,77,117,160,200,205,230,194,64,55,77,85,99,128,139,173,215,216,212,120,48,88,145,212,177,50,48,88,94,66,102,72,42,72,96,163,150,158,155,158,170,207,173,163,99,163,80,66,168,179,170,150,82,85,91,113,188,155,152,94,122,88,139,62,160,152,224,205,192,182,232,213,213,210,196,170,79,99,102,59,44,48,50,136,99,131,190
151,123,88,83,100,106,135,153,148,145,111,65,123,180,151,189,126,72,72,43,41,77,171,120,145,126,100,60,49,46,23,34,35,23,38,85,106,148,70,100,38,94,94,100,150,94,72,161,173,94,49,53,77,88,70,114,97,65,55,126,94,132,88,91,91,145,75,60,70,88,88,126,106,62,53,108,173,145,145,180,213,126,19,51,117,156,196,158,158,196,213,207,168,173,186,137,123,178,156,209,216,180,114,55,100,120,158,186,150,137,129,83,106,137,51,22,114,65,145,117,131,194,210,117,108,139,134,180,158,205,219,184,134,88,100,42,83,100,194,150,117,72,22,57,51,72,94,145,205,213,205,220,235,221,189,192,189,231,168,191,236,222,204,222,182,213,184,88,108,142,163,182,150,91,59,142,212,184,202,196,88,67,148,209,213,250,235,188,215,222,218,139,33,19,59,168,207,186,180,176,163,163,173,178,171,150,55,111,234,242,240,212,163,99,42,33,40,52,33,85,72,125,221,248,111,173,150,123,137,145,117,173,173,131,111,64,38,142,216,250,184,243,194,125,150,134,173,230,108,67,57,64,67,44,80,142,170,85,158,94,139,240,158,229,175,48,163,224,188,224,248,212,57,30,111,150,128,125,137,147,147,179,125,82,20,54,221,220,72,33,22,30,99,94,113,111,59,69,88,111,96,150,192,152,155,210,163,150,82,69,66,88,105,116,142,131,108,125,99,77,182,215,131,113,212,163,170,134,249,251,252,240,150,192,184,134,150,144,125,91,40,69,59,64,50,38,69,139,74,134,173
171,100,70,67,100,111,140,145,140,123,126,126,135,156,126,117,67,72,75,46,28,65,103,111,145,137,65,55,28,41,49,32,49,70,88,94,114,117,88,180,126,143,88,193,117,94,108,120,123,65,51,70,67,83,108,129,108,77,32,77,129,108,70,70,58,70,65,91,75,108,117,70,120,156,114,123,192,173,103,221,148,126,85,94,100,156,180,202,207,204,163,111,123,129,180,200,200,192,242,251,252,220,80,48,126,213,210,184,194,176,126,75,131,158,97,65,114,129,106,100,186,114,70,25,120,131,114,94,155,173,219,224,168,85,46,53,70,75,166,111,80,134,48,111,100,85,150,194,224,236,216,189,192,212,224,237,186,224,202,200,204,150,166,194,153,171,161,114,189,202,150,126,150,117,72,161,202,227,176,139,100,72,111,168,184,239,242,150,213,231,212,150,24,14,52,173,218,176,194,173,150,184,166,196,190,128,59,83,186,224,236,231,173,83,40,29,21,26,32,46,52,67,182,220,158,161,134,120,123,108,67,88,145,155,108,83,94,83,148,237,248,244,202,150,134,145,212,180,108,44,44,48,173,202,147,153,150,145,111,192,147,188,180,173,198,69,150,125,225,212,235,192,114,85,120,158,150,128,117,122,85,212,125,80,66,64,196,226,96,29,19,40,80,108,99,99,64,99,108,139,122,145,139,122,122,198,113,85,94,77,102,105,99,94,96,134,150,137,88,108,179,163,116,155,202,150,150,210,245,249,239,218,110,102,99,88,88,85,69,54,48,90,52,66,46,54,93,85,88,142,192
185,94,151,202,100,86,143,169,156,176,166,174,145,60,77,88,62,35,75,80,32,51,72,126,120,132,58,41,49,58,100,134,150,134,161,145,126,137,114,176,171,158,108,158,108,67,83,72,75,83,77,120,126,85,153,153,150,62,77,46,97,40,51,70,58,72,100,103,100,88,114,117,156,137,140,100,150,150,91,173,70,108,94,91,70,145,189,205,180,134,120,72,137,173,83,184,207,237,252,251,251,236,117,80,182,213,227,153,83,129,111,97,153,163,88,51,88,173,163,153,142,44,51,70,65,131,153,70,48,100,244,251,196,88,70,94,48,100,153,126,114,161,184,209,158,114,148,163,192,212,155,111,114,155,210,176,182,176,180,166,150,83,192,100,134,137,173,196,215,224,142,114,173,194,168,178,219,221,155,108,150,102,139,173,171,212,238,163,219,247,221,139,21,10,28,105,163,114,155,120,148,145,131,207,150,111,42,36,80,111,192,212,134,69,62,40,26,62,102,69,48,77,139,153,131,150,108,83,114,59,46,88,139,125,91,99,108,62,105,210,236,213,242,224,125,178,196,137,99,91,50,88,173,242,218,155,168,155,171,218,202,196,145,139,137,57,173,145,175,240,241,190,158,88,139,173,80,145,170,173,59,145,125,117,30,59,222,194,91,57,44,59,44,99,113,125,168,125,152,150,145,102,173,139,145,152,69,52,116,150,145,168,163,150,137,113,99,119,99,134,108,91,85,113,102,93,158,170,203,194,82,137,116,71,119,108,91,82,54,48,71,74,66,59,42,69,71,77,99,99,184
145,135,137,129,100,164,189,171,164,135,174,153,44,55,100,103,72,132,70,108,70,44,49,137,156,120,75,51,97,153,176,196,185,194,215,209,123,134,153,137,173,129,88,126,173,65,31,55,94,94,123,169,158,94,120,161,106,88,88,49,88,55,60,129,94,83,97,123,108,70,91,150,94,94,106,132,70,123,83,67,100,100,67,42,85,114,137,129,139,126,108,126,111,145,88,70,220,191,204,246,231,182,189,100,158,213,224,158,97,163,173,126,129,123,108,97,176,213,212,168,126,166,80,38,38,129,171,134,97,180,250,246,184,114,91,62,51,120,161,163,168,202,233,224,213,173,161,145,120,173,171,180,158,111,134,134,91,108,189,173,145,145,148,137,128,184,189,194,212,189,182,155,158,205,210,233,231,161,173,111,209,192,189,188,178,178,188,158,180,232,240,180,20,9,28,100,153,117,153,163,188,171,155,134,88,114,32,32,38,50,150,212,180,94,50,55,69,125,153,108,77,99,97,102,166,150,108,105,125,99,105,148,139,178,158,80,83,125,173,213,196,142,236,237,150,155,131,137,150,158,108,108,186,215,202,168,182,134,150,213,180,202,225,128,102,114,94,152,184,229,224,158,145,179,134,114,179,168,165,184,173,170,62,114,15,102,192,236,66,102,38,72,102,179,182,99,108,116,160,168,125,91,108,80,168,96,173,91,48,152,139,207,177,177,163,147,99,77,134,105,77,116,66,99,131,152,152,160,168,177,102,105,150,160,137,69,82,116,69,59,88,66,42,59,88,90,113,105,79,119,190
145,148,145,148,94,145,171,145,166,158,143,158,103,100,132,100,100,191,126,86,43,55,60,120,191,134,114,114,134,185,158,180,185,173,196,161,126,156,140,111,85,94,77,88,120,60,35,70,94,100,123,150,134,85,49,97,88,62,65,106,103,114,129,145,117,103,111,117,88,100,111,114,117,100,80,106,77,77,75,97,126,48,35,40,83,80,166,180,139,153,148,150,173,120,94,53,103,62,163,108,173,111,156,85,129,191,240,230,186,186,207,184,126,150,131,207,224,250,191,173,137,153,46,65,62,111,145,129,129,155,192,186,150,137,38,85,88,126,171,186,207,209,234,213,139,186,230,168,94,176,224,216,218,196,161,150,163,166,194,227,200,184,182,176,168,180,148,163,242,227,153,153,128,155,224,246,225,194,148,153,186,215,202,202,171,123,108,88,100,188,226,219,88,35,100,145,192,198,168,198,216,209,126,77,77,57,57,57,62,64,137,236,213,94,55,114,120,148,163,161,97,128,173,131,215,168,168,153,158,196,196,222,246,247,224,88,48,120,213,182,161,155,235,209,122,99,148,139,160,209,194,175,188,190,145,137,173,168,173,186,182,178,155,111,163,192,173,128,57,77,102,125,173,188,155,155,203,207,194,212,160,94,131,74,108,57,99,134,119,186,91,99,210,235,235,194,96,102,160,108,102,105,91,175,139,131,202,102,105,175,196,200,186,170,158,94,99,125,163,119,125,122,137,134,194,192,202,216,110,145,54,59,168,170,110,99,113,119,110,85,42,57,54,77,82,88,173,134,99,142,179
126,180,39,123,221,151,169,166,171,198,161,88,143,108,103,94,145,123,135,70,80,51,70,108,108,114,120,140,134,117,106,126,148,156,108,137,150,94,83,100,53,106,100,38,32,46,88,75,80,77,103,150,111,85,55,70,100,53,94,129,100,132,150,161,137,111,120,100,70,114,126,67,120,132,100,103,117,111,100,142,106,65,40,44,42,57,100,163,192,191,189,182,173,129,108,97,123,83,103,67,70,108,77,75,184,120,239,196,212,168,189,200,129,158,184,239,243,252,207,220,123,67,80,51,40,70,129,114,60,158,126,62,100,111,131,91,88,148,219,202,161,168,145,70,72,158,221,191,150,194,247,248,245,225,184,150,189,204,191,231,221,155,158,153,155,168,150,196,246,246,139,131,158,137,230,245,216,216,192,173,150,163,178,166,161,100,105,62,114,161,200,250,242,161,128,131,184,203,150,161,212,166,111,59,83,44,102,69,94,69,134,224,209,137,105,105,131,163,153,150,108,176,202,166,203,173,220,198,145,131,196,222,245,235,207,122,36,142,173,125,69,207,236,139,102,62,46,120,202,194,180,182,158,128,139,125,120,122,224,229,205,155,142,125,125,227,219,99,35,28,64,147,192,215,200,145,184,212,200,158,114,122,168,194,192,137,85,108,173,188,150,173,224,249,248,173,77,131,152,99,128,128,179,177,224,150,194,116,72,142,155,186,241,218,158,77,99,173,137,147,110,150,152,158,242,236,229,224,139,48,82,40,96,134,131,142,85,102,168,85,23,82,82,128,93,50,155,144,99,88,144
80,114,153,161,164,200,148,191,185,227,189,135,151,180,62,97,117,194,145,164,129,103,62,106,137,106,106,97,100,86,120,120,158,145,100,140,49,88,55,106,88,103,100,58,60,40,49,80,94,83,88,106,77,94,103,100,106,103,83,91,88,120,150,150,108,140,169,140,80,70,114,88,126,171,145,126,114,108,150,158,106,62,51,53,44,72,83,117,178,189,123,194,230,173,117,88,134,114,153,83,129,83,134,106,129,161,231,202,180,148,173,148,100,139,126,210,250,250,246,200,60,150,123,62,44,70,94,204,171,88,32,22,120,142,158,114,111,210,248,173,227,70,189,62,32,102,158,158,102,114,249,253,251,226,150,161,166,150,168,227,216,176,108,168,200,196,190,231,213,210,227,180,131,150,236,252,231,178,190,194,215,207,142,128,134,85,131,150,150,184,222,251,253,250,182,128,134,139,80,100,153,102,72,59,69,55,100,69,108,69,137,219,227,184,128,123,168,176,125,108,123,150,163,173,173,196,234,209,102,57,134,125,123,161,161,134,64,125,94,102,59,198,209,111,69,55,23,108,209,175,120,125,128,117,114,111,69,99,248,242,242,196,196,152,102,173,231,72,19,30,77,150,184,168,213,216,163,173,160,69,131,134,160,237,229,168,72,85,150,173,194,188,177,216,216,173,128,125,147,145,137,150,165,188,177,131,150,82,116,91,128,205,240,194,158,122,94,155,173,170,142,122,210,200,226,236,239,186,108,122,71,66,113,152,122,66,59,61,119,102,31,61,102,113,125,137,110,110,88,54,163
126,70,88,91,180,215,140,185,212,171,205,143,140,178,114,94,100,86,126,134,151,173,83,91,126,77,72,100,126,126,108,120,72,88,148,114,60,77,140,134,111,94,85,100,132,49,65,103,100,94,88,88,103,88,111,108,100,77,88,100,55,169,114,120,114,150,180,173,129,100,120,94,134,191,148,132,126,123,129,132,117,67,65,88,100,103,108,142,153,117,91,189,246,205,134,123,134,132,132,120,108,100,123,106,70,139,202,191,173,180,153,100,60,103,153,196,227,243,224,189,100,72,129,126,55,72,150,212,145,51,48,85,129,171,168,139,212,191,198,196,238,224,120,142,72,150,155,171,153,189,209,243,246,233,196,126,20,139,233,222,196,184,189,163,215,192,153,198,212,204,161,126,108,150,241,248,202,171,173,221,242,233,180,51,38,137,173,137,173,180,198,250,253,253,224,153,105,72,108,123,100,69,75,72,75,120,111,102,111,91,150,233,215,176,148,168,180,148,120,111,80,125,139,168,205,216,224,215,102,69,85,69,64,125,178,125,114,184,97,77,134,158,131,77,72,59,29,99,215,209,158,80,80,128,150,91,85,147,246,247,248,233,225,147,150,207,178,99,52,69,94,88,134,219,231,196,158,173,165,94,117,173,192,207,220,139,59,77,125,173,221,222,208,196,165,125,125,184,173,182,147,111,134,99,158,137,108,158,99,96,175,218,226,182,165,99,96,175,194,202,184,131,165,150,241,205,202,163,88,69,52,110,74,113,96,93,85,85,79,54,33,64,150,88,220,196,85,144,144,125,160
94,88,108,117,117,148,153,145,151,140,135,171,156,137,100,30,100,126,120,72,161,153,132,34,108,88,67,103,120,94,83,134,49,100,134,120,114,120,100,134,126,123,156,161,108,55,70,77,58,103,77,70,46,35,100,77,91,42,100,55,103,117,114,106,100,83,132,166,173,163,103,70,108,180,150,137,173,129,108,106,117,97,85,120,163,158,120,139,153,114,77,126,233,236,202,209,139,139,158,126,108,72,44,60,83,126,173,189,166,129,91,103,150,131,123,100,120,161,166,150,80,131,145,126,37,77,153,171,163,108,120,148,150,148,196,184,173,145,137,224,196,230,94,158,150,108,153,153,131,129,191,204,237,235,212,145,88,62,120,166,213,220,189,198,88,100,139,222,184,180,145,126,155,155,231,210,163,137,137,233,242,233,145,24,97,139,155,150,163,148,158,235,252,249,186,137,123,88,153,126,83,77,123,145,131,173,180,142,114,105,171,225,188,163,196,171,145,145,139,77,75,117,108,168,184,221,241,231,139,94,77,36,38,120,155,186,213,222,102,67,128,182,108,77,94,67,44,108,215,219,142,72,105,207,200,99,150,202,236,244,251,248,248,219,160,158,122,170,134,186,128,142,190,198,198,134,142,142,152,150,229,177,188,184,125,139,52,54,173,160,219,236,192,139,122,128,163,218,186,165,139,85,99,119,77,74,69,145,108,158,198,182,202,182,158,177,184,182,222,218,203,137,152,113,80,150,147,152,44,62,77,74,99,77,69,64,105,96,64,48,82,139,82,142,212,225,177,192,179,221,196
80,88,100,103,75,111,148,140,91,97,123,180,166,114,91,55,72,111,103,83,114,100,70,44,41,108,65,60,75,83,75,103,111,97,108,163,126,123,145,108,158,145,111,126,70,67,80,65,65,88,65,24,65,72,126,91,114,72,44,129,65,88,140,114,55,123,163,129,137,148,114,97,100,126,171,150,176,120,176,117,117,126,100,108,153,153,132,111,150,134,60,100,191,222,205,180,117,148,148,106,85,65,51,70,111,155,176,191,178,132,114,126,126,131,145,88,24,70,126,131,129,103,139,100,48,72,126,131,173,129,85,129,173,134,180,233,173,137,117,100,145,129,88,108,126,94,161,153,180,171,148,155,198,224,153,194,24,53,72,180,198,166,36,102,97,191,155,171,221,219,126,83,202,225,231,213,212,94,145,229,204,173,102,131,62,120,178,196,142,120,192,231,237,226,168,111,142,158,188,142,100,117,125,190,111,155,205,182,111,91,150,209,186,176,180,150,139,161,114,57,105,91,83,125,148,203,237,233,150,102,97,46,52,117,176,230,240,196,125,77,145,210,205,128,69,82,120,150,219,233,117,139,196,209,166,102,155,175,236,222,243,251,250,248,120,102,173,198,188,225,173,158,212,188,145,175,128,128,184,229,190,192,179,190,125,85,105,111,125,165,202,192,150,119,85,99,139,145,212,80,150,134,105,69,50,80,59,33,134,62,173,158,145,200,203,184,175,188,213,203,184,198,69,80,66,137,108,96,57,24,48,57,74,59,69,125,91,61,52,150,200,155,173,144,179,231,212,175,216,203,173
91,100,100,77,75,103,126,80,51,65,120,120,126,83,77,103,100,135,100,100,114,108,44,44,83,88,100,77,108,100,100,103,100,126,156,123,117,129,120,145,103,114,103,55,85,67,55,85,132,114,75,126,129,94,108,134,120,100,158,83,77,129,100,129,97,108,140,142,140,140,117,106,55,83,189,153,103,114,158,140,129,153,134,83,106,117,153,156,163,145,77,77,117,134,150,120,134,126,108,106,70,106,120,173,184,216,212,207,200,145,120,139,126,62,153,80,44,38,70,83,148,145,153,137,88,35,44,108,108,94,106,126,100,94,161,200,171,137,91,108,150,163,123,65,108,176,166,180,171,171,168,173,171,163,166,173,91,117,102,224,224,192,178,212,196,218,123,153,176,209,171,77,75,196,212,235,202,34,69,142,155,158,166,196,131,145,180,158,102,134,176,204,229,215,145,69,97,212,236,192,213,188,102,158,150,134,213,194,97,83,131,153,173,188,173,171,158,114,145,85,100,59,64,64,94,97,128,153,99,75,131,158,161,184,207,205,200,166,131,105,131,233,242,202,131,139,194,192,236,245,173,158,192,155,131,134,125,134,219,168,219,243,246,240,102,125,182,184,192,192,175,216,249,250,234,215,182,158,179,175,179,125,170,150,168,134,82,155,102,139,102,128,125,111,108,113,85,111,184,125,168,134,170,72,110,44,66,91,119,134,91,131,170,212,170,137,116,152,186,122,94,108,91,122,192,142,137,179,158,93,113,122,96,66,40,93,85,69,139,182,207,128,125,160,177,194,203,196,131,102,198
145,86,65,70,80,80,83,65,58,65,62,49,94,49,88,70,123,70,65,126,72,70,100,44,44,72,108,100,108,114,94,108,94,108,126,134,120,171,185,75,83,114,83,94,88,53,49,100,158,145,114,80,88,111,100,100,120,126,94,111,108,100,77,70,85,126,140,148,169,161,114,58,94,126,140,148,88,100,72,173,94,140,114,80,67,137,145,189,192,145,94,77,83,100,123,126,126,103,51,111,100,120,145,227,222,200,176,224,205,126,117,153,120,48,97,158,108,27,57,32,131,153,212,173,67,40,46,77,75,72,100,57,65,126,163,202,150,123,108,114,158,163,91,97,134,192,189,158,173,176,173,163,129,126,145,168,117,97,163,230,240,251,248,246,222,209,202,166,155,153,114,108,114,120,196,190,194,64,77,83,83,44,163,153,207,123,139,131,155,210,173,178,196,145,111,100,114,91,240,251,240,196,182,102,190,153,220,196,94,88,100,139,203,218,200,190,145,150,125,83,75,100,69,57,36,21,30,40,50,55,125,219,233,224,219,176,158,85,105,142,125,209,235,225,188,184,215,203,213,239,198,137,131,168,190,153,108,128,166,180,196,213,235,173,99,160,182,192,170,125,194,235,251,252,247,222,205,165,108,96,102,125,122,155,125,119,128,145,147,108,96,186,152,99,108,105,88,116,175,165,177,177,160,96,128,66,108,108,163,139,102,142,182,179,173,116,108,77,102,69,66,116,134,142,145,207,230,241,221,147,155,102,82,113,69,99,144,74,163,131,144,207,188,158,93,113,168,198,160,102,93
161,83,49,72,86,49,77,65,41,44,51,51,75,70,80,70,123,77,53,88,80,58,100,70,46,91,111,100,108,126,140,91,55,106,100,145,70,65,88,114,123,106,51,91,173,126,106,132,134,134,70,85,123,100,97,67,55,100,126,117,70,70,103,114,83,91,163,196,189,202,171,114,145,129,173,126,77,132,70,44,126,106,72,88,70,126,166,150,150,150,106,100,117,126,114,111,83,106,70,156,134,120,134,194,192,148,114,142,182,153,168,139,91,70,108,153,126,100,60,34,108,171,158,150,94,44,40,40,44,48,51,40,85,91,189,244,163,100,108,97,163,173,72,117,182,205,204,150,114,102,111,126,123,142,173,161,207,213,246,243,205,231,251,252,246,232,248,230,216,235,145,120,168,126,128,190,173,120,100,100,35,62,192,212,227,190,128,128,184,134,88,111,184,158,105,94,72,69,126,212,145,196,190,150,150,188,194,153,83,59,100,139,188,202,202,212,155,190,105,72,108,145,48,91,24,20,19,42,88,44,77,192,202,203,216,203,128,33,88,128,108,150,221,212,190,200,219,128,94,173,220,139,72,134,212,160,128,114,188,202,158,142,184,125,131,180,196,198,137,139,200,220,221,231,235,231,196,170,117,82,102,108,99,170,88,125,131,99,128,108,134,205,170,99,111,108,82,99,179,152,210,165,102,82,116,94,139,108,184,179,155,96,139,131,145,96,31,44,50,99,48,77,158,170,177,244,239,236,231,212,40,93,93,102,125,113,116,173,225,170,186,82,190,175,184,147,179,184,221,168,85
91,111,51,126,44,58,80,77,37,41,77,72,83,132,75,94,70,91,49,83,83,58,60,88,70,97,126,108,70,108,120,80,103,103,108,44,108,72,75,106,134,91,126,40,88,158,111,132,97,88,132,106,62,111,126,77,58,83,100,88,103,91,114,94,91,126,153,192,196,189,212,142,85,166,140,100,70,100,67,67,97,72,75,67,83,77,150,137,120,173,145,97,153,153,106,139,88,137,198,182,123,156,158,153,114,108,83,44,139,186,163,131,83,70,103,106,205,163,103,55,67,108,126,196,134,48,32,40,62,38,40,77,94,123,204,245,126,67,94,120,153,100,100,150,173,166,155,131,102,100,126,137,111,88,123,168,213,251,235,219,250,225,249,239,213,224,250,252,234,173,126,126,150,145,120,196,200,153,155,158,88,67,117,182,196,190,161,178,209,205,150,97,134,188,163,137,85,62,48,139,137,150,117,80,111,59,134,142,102,69,44,69,125,188,225,240,215,125,105,111,145,97,62,102,50,13,32,59,125,64,83,168,139,125,212,212,155,99,97,91,99,150,173,173,200,200,205,59,32,163,246,184,48,105,171,173,184,166,216,180,99,85,114,108,150,188,196,178,150,158,212,205,147,170,216,215,196,196,137,168,147,77,128,213,139,114,128,88,69,108,170,219,210,113,62,94,113,96,139,202,230,219,111,50,44,46,66,99,125,175,122,59,62,179,170,128,119,94,50,88,77,99,74,177,175,198,233,224,220,145,52,44,59,88,128,110,142,184,173,184,215,173,99,144,139,155,152,150,242,188,40
77,100,67,43,70,86,75,120,80,58,77,80,72,86,97,58,37,97,55,108,108,91,94,94,114,117,123,120,70,67,114,114,126,72,91,38,77,65,114,94,126,65,100,72,67,85,108,120,111,51,114,117,140,158,83,94,103,91,77,129,103,100,103,163,140,111,169,178,173,182,173,226,111,55,126,100,65,72,134,34,126,145,67,72,65,94,129,180,173,150,120,97,108,120,148,200,132,137,250,231,137,161,202,150,88,55,60,28,55,153,145,131,94,44,65,168,212,196,205,88,40,51,150,210,163,134,77,60,72,70,70,111,137,163,210,205,150,83,91,158,70,126,77,114,137,102,94,120,106,83,123,139,108,94,53,123,200,221,198,163,239,219,180,194,191,158,237,250,249,163,102,168,142,163,212,248,111,171,202,153,131,117,102,100,142,227,231,235,210,148,69,62,111,150,180,131,83,117,117,161,186,125,111,72,114,150,105,134,139,72,25,52,108,190,243,235,212,139,153,137,123,94,83,40,48,32,32,83,128,134,97,142,173,155,213,221,158,168,99,77,77,111,128,150,221,192,145,48,26,205,252,226,64,72,150,173,207,212,207,128,102,94,64,120,128,168,196,173,117,152,203,194,122,125,128,147,186,198,125,182,170,99,179,247,173,134,125,74,77,150,220,210,152,113,111,137,128,125,147,225,247,225,128,52,31,35,30,64,134,113,99,71,66,145,182,207,235,182,36,24,80,85,110,158,163,125,142,128,160,134,50,31,26,57,131,160,165,192,147,155,155,122,192,71,144,150,144,212,107,186,71
72,70,32,24,67,88,80,103,94,83,91,60,77,83,94,39,53,35,55,108,111,97,129,80,126,134,137,120,75,58,86,94,94,88,60,103,83,108,72,94,97,67,94,145,85,46,126,126,70,120,140,150,88,171,100,134,111,148,120,97,55,123,194,196,173,150,158,140,140,216,218,123,132,100,94,53,150,126,103,142,100,80,72,129,108,94,108,145,182,134,97,103,114,153,161,196,129,137,250,251,145,114,184,158,85,46,40,35,51,100,131,134,75,25,57,178,210,221,210,108,44,23,100,182,220,198,85,70,102,102,85,102,148,166,176,202,150,67,102,108,161,83,108,77,70,126,111,100,100,139,155,180,163,155,180,134,168,163,163,126,117,178,148,153,129,120,235,252,227,148,126,137,180,204,210,224,237,166,224,161,238,120,29,55,36,168,216,240,190,139,142,72,69,83,105,72,105,176,192,153,168,168,83,134,94,69,97,100,137,123,20,25,142,188,226,212,148,163,142,123,171,108,62,50,36,50,62,102,139,163,163,137,145,171,216,215,148,153,111,72,72,69,99,125,175,153,99,33,69,219,252,240,108,77,153,134,203,205,198,117,145,91,88,165,102,158,200,139,108,145,196,147,77,57,82,139,137,134,91,152,125,125,173,218,139,202,108,91,111,198,212,163,134,147,163,134,111,152,155,168,231,184,111,116,99,72,35,57,99,99,113,128,137,179,213,198,198,139,30,23,57,99,142,139,145,122,74,119,163,134,40,26,36,40,77,160,220,200,173,150,88,150,177,186,184,186,142,163,202,160,168
67,44,16,13,23,67,120,106,100,135,153,86,77,70,41,94,83,77,100,83,91,88,108,60,77,169,173,114,75,62,60,55,91,97,70,106,106,88,77,94,77,77,123,148,114,148,150,129,108,150,163,189,117,153,191,176,140,231,94,145,77,156,198,158,166,140,126,196,210,205,185,171,150,100,111,91,137,196,142,156,106,60,106,83,117,145,120,132,166,145,108,137,88,178,176,213,198,88,198,238,184,163,163,153,103,57,53,70,114,145,134,114,70,55,85,186,192,196,196,126,32,19,32,114,231,221,145,114,129,108,100,120,150,189,202,184,123,97,108,114,158,129,62,83,88,150,145,120,77,139,210,209,196,166,178,91,120,60,111,77,69,150,202,196,163,180,244,224,139,139,189,180,155,171,215,237,166,126,100,189,171,126,75,25,44,102,148,202,180,102,69,64,91,91,111,105,114,117,224,163,142,173,150,75,117,94,69,100,142,102,67,57,150,196,207,192,153,69,131,148,120,83,55,55,77,114,163,158,137,134,150,139,150,184,188,180,190,186,108,99,72,42,52,77,82,69,50,59,99,224,251,219,64,36,142,192,200,215,236,117,117,150,209,203,150,186,170,142,155,128,188,150,66,77,99,120,72,35,72,150,48,131,117,105,111,219,94,170,177,192,184,139,165,165,147,116,145,158,105,91,137,72,102,102,184,134,91,50,48,82,99,158,182,160,158,155,134,48,21,19,40,91,119,170,139,134,102,131,122,69,38,44,69,64,69,155,190,160,91,113,131,125,150,158,179,173,142,163,196,198,107
44,21,18,10,16,94,135,100,77,114,156,126,49,70,67,51,55,108,100,51,108,83,62,41,49,180,166,88,70,77,80,70,97,97,65,67,75,75,108,100,51,80,140,137,150,161,156,169,161,158,171,161,123,142,212,163,114,132,163,150,103,132,163,194,178,178,198,200,186,176,209,148,83,126,88,103,70,202,153,168,40,103,126,77,134,111,65,108,120,97,97,161,212,204,202,219,194,103,126,210,236,132,103,148,114,57,46,94,173,163,123,126,126,178,108,111,161,150,196,142,60,19,16,114,213,233,204,126,120,134,150,131,134,182,186,168,153,145,131,150,186,173,139,171,158,158,137,173,142,106,176,207,176,102,69,69,48,42,114,102,155,176,237,213,150,123,145,150,102,123,182,224,215,224,248,209,102,100,46,150,117,62,69,100,55,120,105,163,168,163,155,111,69,94,77,59,94,192,128,161,163,126,213,123,72,120,120,139,192,114,59,105,120,196,219,150,69,145,114,72,97,36,72,64,111,173,134,114,145,173,203,230,166,80,134,158,178,158,142,178,99,46,52,64,91,99,99,88,139,221,238,128,28,42,182,229,220,244,225,150,152,190,210,224,221,212,105,184,165,137,179,163,108,131,125,94,69,32,48,82,46,142,69,40,128,158,134,213,192,190,196,134,128,179,170,168,165,125,77,125,54,64,88,54,177,198,116,72,59,69,94,134,110,102,128,96,105,69,19,14,52,116,134,160,110,77,96,93,62,74,38,52,116,108,69,110,158,99,128,184,177,128,102,152,182,192,165,150,152,163,173
34,19,9,10,14,70,83,103,126,114,120,94,51,70,86,100,97,75,70,77,60,65,41,103,83,97,153,134,80,65,83,108,88,108,70,16,32,72,88,100,94,85,117,169,163,140,182,180,163,185,180,137,106,148,169,108,126,150,145,91,114,132,134,134,134,148,153,161,150,182,173,108,60,80,77,103,72,150,80,120,83,77,75,120,137,132,72,83,97,132,163,163,100,148,205,196,229,150,91,123,192,202,123,83,114,72,80,106,108,106,126,176,205,173,158,100,108,148,80,106,53,37,32,57,158,176,129,129,134,97,145,155,137,129,150,205,173,173,182,207,233,248,250,239,196,176,200,216,209,148,158,198,153,83,69,77,72,72,150,200,192,191,227,192,111,69,69,178,192,171,219,246,245,235,227,123,72,69,148,94,88,128,148,161,158,180,100,120,150,178,114,123,114,72,100,51,126,97,153,180,142,123,97,123,111,57,134,161,176,128,80,97,158,171,173,85,94,123,125,123,59,57,85,139,111,171,145,114,99,190,229,207,168,123,108,77,158,196,205,111,117,94,134,139,72,88,105,91,120,184,173,97,50,88,173,227,238,221,175,117,99,128,192,233,220,178,120,145,152,168,175,170,158,134,105,69,52,40,32,57,82,108,50,59,117,119,184,160,165,188,190,139,113,155,145,137,145,94,108,119,108,99,94,74,145,224,155,152,85,72,119,91,110,152,131,77,108,88,30,17,54,150,175,69,108,48,94,52,96,110,88,93,131,102,108,102,108,179,244,232,179,208,205,212,205,196,163,173,208,202,150
41,19,12,11,18,49,72,88,158,97,39,65,129,111,153,117,111,72,108,55,28,108,108,49,65,100,153,145,86,67,88,111,120,117,55,19,14,70,100,158,140,129,114,180,178,150,158,173,169,191,176,126,126,97,134,166,158,158,126,106,132,129,91,100,120,140,123,111,83,75,132,120,83,75,100,114,97,108,126,176,139,70,103,161,132,67,126,100,114,153,120,97,163,189,182,202,180,120,72,65,192,173,126,80,132,120,145,205,178,126,131,168,161,91,196,42,72,108,42,83,55,88,60,32,72,94,70,106,117,94,158,191,176,153,126,150,205,178,171,153,234,251,252,240,196,202,220,196,184,194,171,192,161,126,114,94,134,145,173,184,150,161,158,153,129,100,126,196,224,212,221,237,215,189,194,145,69,77,126,67,51,91,145,209,202,155,117,128,168,173,123,120,145,69,83,77,123,123,150,134,125,153,57,94,176,100,150,158,142,64,50,123,105,128,134,64,64,114,153,216,180,99,35,219,150,184,150,55,67,196,241,222,173,150,77,40,131,158,184,213,175,145,227,250,155,32,32,40,125,173,213,153,38,77,153,213,224,209,173,99,48,94,145,192,158,150,173,142,125,186,205,215,216,160,125,99,69,80,72,66,85,99,102,99,85,131,190,116,102,142,168,150,108,91,72,82,134,105,134,160,134,116,99,119,105,182,194,150,96,62,110,116,196,212,128,108,85,59,46,40,64,145,125,85,64,69,66,82,163,160,163,125,131,125,99,113,113,177,227,248,235,245,235,150,160,158,158,184,152,150,150
100,60,41,23,34,51,103,103,91,70,51,114,183,180,180,148,161,111,123,75,94,111,91,103,70,100,100,108,114,117,134,163,106,55,42,23,16,21,150,156,171,194,111,100,114,126,132,171,171,176,209,173,100,97,173,191,194,163,163,161,150,142,106,103,129,120,70,51,62,75,123,126,83,97,100,100,103,114,150,171,126,139,145,100,126,126,202,173,100,80,67,111,163,198,180,173,62,153,85,176,153,120,88,88,70,202,212,189,216,184,120,72,94,97,72,108,42,28,91,70,120,70,27,23,48,75,139,142,97,102,145,192,108,100,83,100,186,153,67,77,97,168,189,148,180,173,166,155,173,180,145,155,180,192,166,88,139,153,150,114,117,129,117,189,173,137,213,224,205,196,220,230,190,145,155,88,69,94,94,51,51,77,102,150,128,97,55,48,80,91,91,97,85,94,77,75,94,102,134,120,120,97,120,94,145,200,207,158,80,69,125,105,77,128,125,44,105,192,173,205,219,158,77,102,137,137,123,128,111,213,234,212,173,91,35,40,85,178,245,48,125,88,252,252,227,120,67,57,150,188,200,190,82,97,180,158,192,207,192,186,64,48,120,173,122,158,194,168,125,177,219,212,224,215,203,196,173,139,120,48,99,96,91,94,80,134,150,108,91,108,139,142,72,48,57,99,102,119,158,145,134,150,94,122,74,91,160,113,59,35,99,152,213,225,158,85,82,116,88,96,82,128,134,105,48,50,48,93,152,194,150,99,99,165,155,82,59,139,168,226,186,219,163,173,48,113,128,116,77,99,105
114,86,72,86,75,83,108,114,75,86,111,123,169,209,174,137,151,151,111,156,129,126,117,120,100,103,103,126,151,143,126,103,108,49,60,18,14,88,163,176,148,153,103,34,120,145,153,166,176,192,176,137,194,169,132,202,186,207,161,212,189,169,140,126,156,77,51,70,100,88,70,94,91,108,77,72,108,111,153,173,205,189,173,186,189,189,212,180,100,80,97,100,137,158,83,103,88,88,139,106,70,57,29,65,91,180,225,216,176,142,123,100,94,137,53,85,70,94,70,88,134,153,88,103,148,173,103,88,97,62,70,117,70,44,67,102,77,88,55,44,67,51,42,70,153,150,153,158,131,145,106,100,155,213,142,150,88,108,129,134,134,139,145,207,202,194,229,227,176,163,212,236,173,123,158,48,126,85,83,57,80,72,69,64,88,55,28,23,30,44,94,117,72,64,83,108,62,100,94,102,120,100,125,142,203,224,216,196,123,97,153,137,77,55,64,91,102,125,100,186,148,150,69,117,99,117,97,69,134,188,240,238,173,67,36,16,59,231,67,108,94,125,252,242,244,175,235,64,122,166,188,160,145,125,145,125,158,248,220,163,122,99,158,179,99,163,184,212,152,145,168,137,173,220,224,203,177,163,145,50,91,35,35,96,64,69,77,125,145,91,94,96,57,125,165,111,80,113,131,99,96,152,80,85,94,77,102,74,57,50,82,137,179,196,160,88,125,190,122,77,96,158,142,102,59,38,48,82,119,150,147,71,69,142,160,96,71,119,113,69,173,152,48,113,71,131,96,139,69,50,71
83,140,143,140,108,86,103,111,114,108,108,126,178,176,108,108,108,151,120,137,103,126,161,117,77,88,94,108,145,129,120,108,100,91,51,28,28,38,77,103,120,161,60,51,103,106,150,166,205,198,161,163,166,161,123,205,178,161,173,198,213,221,173,161,97,126,114,97,80,70,40,72,100,103,38,70,83,91,129,180,215,200,171,150,182,182,192,176,126,75,94,83,46,57,51,72,91,80,83,57,40,40,29,46,80,153,216,153,97,131,126,103,100,126,91,62,80,100,67,108,150,186,158,194,150,97,83,67,48,24,32,70,102,34,28,38,65,70,57,72,102,55,34,40,114,148,176,129,123,145,102,77,117,161,168,150,148,155,131,131,134,129,148,194,150,178,161,166,161,137,171,227,182,186,150,126,153,126,97,108,85,67,51,105,102,69,91,69,75,105,108,126,102,72,67,97,100,75,75,134,145,131,83,114,225,216,222,235,173,176,198,108,32,36,69,158,94,55,59,77,85,83,114,99,153,188,134,99,125,91,166,248,207,55,23,12,35,38,150,158,190,186,213,220,225,237,196,150,99,125,186,180,134,155,91,108,192,250,242,125,190,59,82,108,69,203,173,188,88,99,150,114,96,200,186,190,177,207,182,120,30,32,88,77,25,50,150,165,173,108,99,134,139,179,207,134,91,69,105,111,72,99,72,122,145,102,108,52,77,80,72,99,125,134,145,105,155,216,152,64,96,102,99,125,71,54,69,93,71,82,119,91,66,93,147,175,79,50,74,48,96,99,50,107,179,134,88,142,99,96,93
100,120,123,97,114,108,62,60,94,114,108,111,140,106,67,91,103,117,126,67,70,72,129,151,51,49,38,70,120,123,123,114,100,129,77,19,18,19,32,51,150,100,75,62,77,137,158,166,178,163,129,145,129,134,161,196,132,205,196,198,200,243,196,150,221,205,150,111,51,55,60,65,75,27,65,83,44,103,134,191,186,196,150,97,103,145,156,129,108,88,70,42,34,44,72,57,48,60,32,62,46,23,44,37,83,168,191,176,120,134,94,83,72,55,106,85,83,94,60,120,145,142,186,150,75,38,60,75,65,46,77,102,62,77,70,60,88,72,65,106,70,67,44,57,69,108,123,134,123,108,94,94,100,145,153,129,212,173,134,100,134,57,192,134,108,114,114,100,100,142,186,192,229,219,139,192,148,204,114,134,91,83,102,161,150,158,150,123,145,131,91,123,94,67,100,77,77,134,100,111,100,173,105,161,173,215,243,247,216,166,88,28,36,100,173,188,72,32,48,52,108,99,114,111,171,218,194,145,62,108,184,219,180,75,35,22,15,38,64,120,145,216,194,207,196,192,227,125,46,102,207,210,150,122,125,134,234,235,152,117,57,50,50,94,99,173,225,212,108,114,131,173,134,125,205,163,188,231,241,108,50,82,122,32,36,91,128,190,139,137,125,194,150,108,179,150,69,40,119,113,119,69,158,177,150,91,119,72,80,108,102,94,85,91,131,155,173,196,177,82,69,48,91,125,66,85,77,57,80,85,102,119,82,82,134,158,74,50,79,64,69,119,125,119,125,142,105,99,150,158,110
83,91,117,67,67,70,30,31,39,39,83,88,72,83,49,60,72,134,91,41,43,46,80,94,34,20,16,44,145,166,126,145,137,145,120,30,16,40,70,88,117,72,100,55,114,173,193,180,173,140,91,88,145,150,158,153,180,178,198,150,182,213,198,192,158,219,178,132,88,53,65,49,85,88,67,80,75,148,215,182,226,178,100,72,35,88,91,70,70,48,42,46,42,57,70,60,44,70,48,48,23,27,37,44,83,163,168,134,106,83,108,83,88,83,75,97,108,85,44,103,108,120,150,97,72,108,106,97,108,126,134,114,114,100,62,120,117,97,97,100,106,94,70,65,38,40,44,67,120,148,153,137,139,126,163,184,168,108,126,88,129,150,114,148,126,100,137,91,126,171,168,173,225,224,134,97,171,158,126,120,196,123,198,196,215,192,150,180,108,88,126,88,38,77,91,83,69,182,57,59,102,134,139,100,102,125,225,235,202,161,40,13,32,91,198,139,97,28,42,69,91,80,163,145,125,196,196,125,91,75,77,176,178,148,77,22,14,21,33,26,99,205,153,85,153,186,202,139,62,88,190,212,196,158,134,163,173,207,225,150,69,50,114,108,173,173,165,173,120,85,59,82,105,82,142,196,218,242,209,190,105,134,155,111,82,36,125,50,137,96,91,150,119,74,111,88,80,77,99,74,152,139,160,150,163,111,85,105,82,116,116,74,110,142,145,150,142,128,200,128,64,77,71,91,80,102,57,52,85,105,99,128,108,102,150,150,108,122,102,105,150,139,105,79,107,134,113,128,168,119,107
103,41,53,83,67,77,62,60,32,28,108,88,51,70,103,55,83,120,86,67,55,67,55,27,16,16,16,41,134,161,169,173,156,163,180,169,117,161,182,145,83,77,72,77,163,185,180,171,137,85,120,166,169,142,140,185,173,142,180,126,148,171,196,209,189,185,191,178,150,77,75,111,114,134,70,100,150,196,184,173,184,153,158,103,70,16,77,100,106,70,46,55,72,77,48,60,55,77,60,40,48,65,55,94,106,126,88,57,72,91,91,55,55,53,55,77,60,134,75,57,51,134,126,83,111,148,153,129,102,100,126,83,91,150,184,60,88,129,65,70,102,100,131,70,44,44,32,44,97,150,173,145,131,120,173,191,77,69,75,48,100,123,94,126,129,137,192,189,150,105,75,88,178,207,102,69,108,111,69,126,180,94,184,218,209,158,163,194,128,126,111,51,57,77,48,100,105,100,69,51,94,67,108,77,51,102,225,248,222,108,22,10,22,52,173,158,88,50,72,38,97,142,131,97,67,196,178,99,69,120,105,108,150,94,72,23,33,19,26,32,99,108,72,72,108,150,108,114,131,125,163,198,198,171,147,125,150,173,186,88,24,28,88,134,203,163,117,74,62,55,64,82,74,105,207,236,216,190,216,155,147,59,184,207,152,125,69,77,82,108,82,91,145,108,82,66,113,122,99,147,139,111,116,168,173,150,50,96,88,82,116,131,184,179,88,85,82,108,145,125,102,77,69,119,91,69,74,77,62,125,125,125,137,152,168,142,150,152,119,137,168,85,77,99,88,99,131,165,136,96,93
103,106,129,114,120,97,77,49,39,60,44,44,126,151,174,100,97,114,67,83,72,83,44,18,16,16,23,32,75,134,169,145,161,193,209,238,198,212,194,148,85,72,70,91,153,145,153,153,129,140,142,163,173,169,173,169,173,186,169,169,158,171,198,189,166,178,196,200,207,173,103,111,126,108,111,132,163,176,126,150,163,148,205,145,129,117,72,85,91,108,60,55,94,123,77,75,91,108,88,62,163,123,134,106,126,91,94,85,85,100,83,32,38,70,60,60,83,131,67,91,70,106,103,91,150,163,173,108,57,72,70,65,67,94,117,153,83,142,83,48,173,120,65,83,91,72,26,48,83,91,120,94,65,100,155,176,106,60,48,55,85,94,123,134,131,202,245,239,126,83,36,18,148,173,111,137,88,88,57,88,59,59,72,150,145,150,198,212,188,105,59,77,108,88,88,88,88,94,62,55,42,46,83,72,55,192,244,246,212,100,20,17,36,80,142,123,69,52,64,21,114,163,77,48,62,209,198,105,97,178,194,67,91,69,32,72,16,30,69,125,145,77,69,69,163,82,69,74,108,158,160,125,114,145,142,88,94,77,66,99,50,30,77,150,188,145,96,62,48,99,175,184,150,173,222,220,184,170,200,158,96,119,155,208,196,196,158,163,192,225,150,77,184,215,139,119,122,128,192,147,173,160,80,139,173,85,69,113,125,110,113,190,208,116,44,71,82,77,52,125,108,99,128,158,82,69,131,113,69,77,79,113,144,147,168,202,220,163,119,71,102,42,93,77,38,113,134,144,99,105,93
106,161,120,193,126,94,91,126,72,39,70,28,191,171,156,126,126,94,111,62,70,58,37,15,14,13,18,21,88,132,140,156,91,185,153,143,114,210,153,178,120,94,72,91,100,126,134,129,140,171,134,150,200,161,194,171,200,163,202,212,202,191,192,169,186,209,194,202,196,166,134,123,100,100,126,163,129,97,134,85,103,153,185,163,132,106,77,62,60,91,88,80,100,100,106,80,94,148,114,145,194,163,77,123,137,72,137,150,75,75,70,44,62,48,83,70,108,153,94,106,55,75,103,97,120,117,108,80,80,97,60,70,70,153,70,94,117,150,77,102,142,117,114,100,70,60,55,37,72,111,72,57,120,126,186,163,83,108,134,100,126,126,97,168,221,244,252,247,148,59,40,32,161,218,173,176,114,77,75,55,55,59,55,105,131,145,184,184,117,69,72,102,145,123,111,100,88,83,40,35,29,94,142,77,125,224,226,198,192,155,83,67,105,137,150,153,102,50,69,55,105,105,62,50,99,150,139,97,128,161,176,150,99,83,33,55,22,55,120,148,150,85,94,114,97,108,69,48,69,125,94,62,69,94,125,120,91,108,184,114,72,40,125,170,210,163,128,117,128,207,220,202,209,234,231,244,215,218,218,194,74,108,114,99,125,114,208,231,246,252,225,192,233,229,170,99,94,116,128,205,205,213,142,165,184,110,72,145,163,155,158,142,139,102,48,46,74,82,59,99,125,137,150,147,105,139,192,196,131,38,31,99,139,125,235,251,207,150,79,24,50,69,64,40,42,74,122,110,110,113,74
153,151,174,178,123,114,135,72,35,23,32,46,53,88,72,83,83,108,164,53,106,53,83,27,39,24,27,49,58,72,158,194,75,117,35,32,77,196,178,145,143,117,75,83,88,134,142,140,150,163,182,176,148,163,200,169,207,166,212,173,212,191,215,196,202,212,202,153,117,129,150,120,120,161,169,180,103,83,77,70,94,150,150,212,158,106,106,88,83,60,83,150,139,97,114,70,88,97,85,129,97,111,65,100,100,72,75,150,83,70,88,88,70,44,100,80,134,158,85,97,100,65,100,91,72,70,77,94,88,108,111,77,53,100,91,91,158,114,53,100,80,126,83,108,77,26,65,57,55,88,51,94,166,215,171,198,111,114,150,117,75,102,155,192,250,252,253,250,218,123,100,134,184,216,215,158,85,55,85,57,77,88,72,72,117,88,83,102,75,77,59,114,150,120,97,153,100,48,44,33,44,176,229,173,148,202,188,131,161,213,205,161,166,184,155,153,145,94,77,131,85,99,80,77,108,105,83,91,139,139,145,173,173,111,42,36,85,196,91,105,122,102,108,99,77,82,50,69,114,137,91,72,111,82,77,120,108,99,128,64,64,72,168,114,178,173,237,173,202,198,220,190,165,150,222,250,216,235,207,125,99,96,50,42,82,59,131,190,250,252,232,158,213,226,108,91,137,160,200,186,116,192,184,192,207,179,177,192,192,168,165,94,82,125,48,50,54,54,99,113,150,194,179,158,139,192,221,237,134,42,22,42,198,243,252,250,150,102,40,26,69,125,31,42,66,59,107,119,142,119,99
145,106,114,148,114,100,91,70,44,49,70,49,24,41,55,100,60,132,108,108,145,100,97,65,100,132,100,94,103,80,100,196,166,67,24,32,23,55,134,126,205,145,83,75,85,185,180,169,185,163,163,158,114,189,142,176,192,205,142,126,173,163,198,219,222,210,192,132,117,150,153,153,194,185,148,180,111,77,80,80,85,134,150,235,194,134,153,123,77,94,132,173,150,103,129,70,83,70,57,120,114,75,60,53,55,114,103,44,80,103,85,72,77,100,72,67,100,123,85,100,131,65,88,60,40,60,77,77,80,126,139,114,129,91,67,111,70,97,80,44,62,117,65,142,108,32,48,77,100,120,72,97,209,240,210,176,108,163,100,139,192,178,230,163,243,251,246,230,178,126,102,163,198,178,180,173,91,100,67,150,114,97,57,62,77,69,48,83,75,72,91,111,80,83,123,88,80,64,94,72,83,218,245,203,128,173,171,114,161,235,240,232,200,198,184,139,125,94,94,139,139,155,114,102,125,145,117,83,150,198,173,111,125,117,52,48,102,196,99,102,85,97,114,69,120,145,111,125,99,67,82,99,114,111,150,145,131,105,147,52,69,163,180,122,231,184,212,179,200,150,155,173,131,198,212,235,200,236,173,190,69,99,54,88,40,77,173,246,222,215,170,160,131,137,125,147,203,165,150,158,170,139,163,131,225,222,202,139,165,170,163,163,119,99,57,44,23,36,102,113,139,235,173,125,152,175,224,222,99,69,48,50,213,251,250,242,173,71,31,42,93,116,59,74,119,102,96,119,144,131,107
