515,516,517,518,519,520,521,522,523,524,525,526,527,528,529,530,531,532,533,534,535,536,537,538,539,540,541,542,543,544,545,546,547,548,549,550,551,552,553,554,555,556,557,558,559,560,561,562,563,564,565,566,567,568,569,570,571,572,573,574,575,576,577,578,579,580,581,582,583,584,585,586,587,588,589,590,591,592,593,594,595,596,597,598,599,600,601,602,603,604,605,606,607,608,609,610,611,612,613,614,615,616,617,618,619,620,621,622,623,624,625,626,627,628,629,630,631,632,633,634,635,636,637,638,639,640,641,642,643,644,645,646,647,648,649,650,651,652,653,654,655,656,657,658,659,660,661,662,663,664,665,666,667,668,669,670,671,672,673,674,675,676,677,678,679,680,681,682,683,684,685,686,687,688,689,690,691,692,693,694,695,696,697,698,699,700,701,702,703,704,705,706,707,708,709,710,711,712,713,714,715,716,717,718,719,720,721,722,723,724,725,726,727,728,729,730,731,732,733,734,735,736,737,738,739,740,741,742,743,744,745,746,747,748,749,750,751,752,753,754,755,756,757,758,759,760,761,762,763,764,765,766,767,768,769,770,771,772,773,774,775,776,777,778,779,780,781,782,783,784,785,786,787,788,789,790,791,792,793,794,795,796,797,798,799,800,801,802,803,804,805,806,807,808,809,810,811,812,813,814,815,816,817,818,819,820,821,822,823,824,825,826,827,828,829,830,831,832,833,834,835,836,837,838,839,840,841,842,843,844,845,846,847,848,849,850,851,852,853,854,855,856,857,858,859,860,861,862,863,864,865
2,3,2,2,2,3,3,5,2,4,4,4,4,4,4,4,4,3,4,4,2,4,4,4,4,4,2,3,2,4,4,3,4,3,2,3,2,2,3,3,2,3,3,4,3,3,4,4,4,4,5,4,4,4,4,3,3,3,4,4,2,3,3,4,3,4,3,3,2,3,4,4,2,2,3,4,4,2,3,4,4,2,4,4,4,3,4,4,2,3,2,4,3,4,2,4,4,3,3,3,2,2,3,3,4,2,2,4,2,3,4,2,4,4,4,4,4,5,5,2,3,4,4,3,4,4,3,4,2,5,4,4,3,5,5,3,4,4,4,2,4,3,4,4,2,3,3,2,4,4,4,4,2,4,4,4,3,4,4,4,4,2,3,4,4,4,3,3,4,4,3,2,4,4,4,4,4,4,4,4,2,4,3,4,4,4,4,3,3,4,3,1,4,4,4,4,4,4,4,4,4,4,4,3,3,4,4,4,4,4,2,2,4,4,2,3,4,4,4,4,4,3,4,4,4,4,4,4,4,4,4,4,4,4,4,4,4,4,4,5,3,4,4,4,4,3,4,3,4,4,4,4,3,2,4,3,4,4,4,5,2,4,3,4,4,2,4,4,3,2,4,4,3,4,4,4,4,4,2,3,3,4,4,3,5,4,2,4,3,2,3,4,4,4,4,4,4,3,4,4,4,4,4,5,4,3,3,3,4,4,4,5,4,3,4,4,4,4,4,4,4,4,4,4,4,3,5,4,3,4,4,4,4,4,3,4,4,4,3,4,4,4,4,4,4,4,3,4,4,4,3
3,3,2,3,3,4,3,2,3,4,3,3,4,4,3,4,5,3,3,4,4,4,4,4,4,4,5,2,3,4,2,3,4,2,4,3,3,3,3,2,4,3,5,5,3,3,4,3,2,3,4,3,4,4,3,2,3,4,4,4,4,2,3,4,4,4,2,3,3,3,4,2,2,3,2,3,4,2,3,3,3,3,4,4,4,4,4,4,4,3,2,4,3,3,4,4,4,4,4,3,3,2,3,3,2,3,3,3,3,3,2,4,4,4,3,5,3,4,2,4,2,4,4,4,2,3,4,3,4,4,5,3,4,5,4,3,2,4,4,2,3,4,4,4,4,3,3,3,4,4,4,4,4,2,4,4,4,4,3,4,4,4,3,4,4,3,3,4,4,3,4,4,4,4,4,4,4,3,4,4,3,3,4,4,4,2,4,4,4,4,3,3,4,4,4,3,3,4,4,4,4,4,4,4,4,4,4,4,4,4,4,4,4,4,4,4,4,4,4,4,4,4,4,3,4,4,4,4,4,4,4,4,4,4,4,4,4,4,3,4,2,4,3,4,4,3,4,4,3,4,3,4,3,4,4,4,2,4,4,4,2,3,4,3,3,4,4,4,3,4,2,4,4,4,4,4,4,4,4,4,4,4,4,3,3,4,3,4,4,2,4,4,4,3,4,3,4,4,4,4,4,4,4,5,4,4,2,3,4,4,4,4,4,3,3,4,4,5,4,3,3,4,4,4,4,4,4,4,4,4,3,4,4,3,4,4,4,4,4,4,4,3,4,4,5,4,2,4,3,3,4
3,3,2,3,3,4,3,2,4,3,4,2,3,4,4,3,4,4,4,2,4,5,4,4,4,4,4,3,4,4,2,3,2,2,4,4,2,3,3,2,3,3,4,4,4,4,4,3,4,4,2,3,4,4,2,3,4,4,3,3,4,4,4,4,4,3,3,4,3,2,3,4,3,4,3,3,4,4,3,2,4,2,4,4,4,4,4,4,2,2,2,4,4,4,3,3,4,4,3,3,3,3,3,3,3,2,3,2,4,4,4,4,4,3,4,3,5,4,2,2,3,4,4,2,2,3,4,4,4,3,5,3,4,4,2,4,4,2,4,3,2,3,4,4,2,4,4,4,4,4,4,4,2,5,2,4,4,4,4,4,2,4,3,2,4,4,3,3,3,3,4,4,4,4,2,5,2,2,4,4,2,2,4,3,3,4,3,3,4,4,4,4,4,3,4,3,3,2,4,3,4,4,4,4,4,4,4,4,4,4,4,4,4,4,4,4,4,4,4,4,4,4,4,2,4,2,3,4,4,4,4,4,4,3,4,4,4,4,2,4,3,4,4,4,4,4,4,4,4,3,3,3,4,4,4,4,3,3,3,4,4,3,4,4,2,4,3,3,4,3,4,4,4,3,4,4,4,4,3,4,4,2,2,4,4,4,4,3,4,4,4,3,3,4,4,4,4,3,4,3,3,4,4,4,4,4,3,4,4,4,4,4,3,3,3,4,4,4,4,4,5,4,4,4,4,4,4,4,4,4,4,4,4,4,3,3,4,4,4,4,4,4,4,4,4,3,4,3,4,4,3
2,3,2,2,3,2,4,4,2,3,4,4,2,3,4,3,3,4,3,2,4,4,5,3,5,4,4,5,4,3,3,3,3,4,4,3,2,3,3,3,3,2,2,4,4,3,2,3,5,4,2,4,4,2,4,4,3,4,3,4,4,4,4,4,4,4,4,2,4,3,4,3,3,4,3,3,4,4,2,4,3,2,4,4,4,4,4,4,4,3,3,2,3,3,4,3,4,4,4,4,4,3,3,2,3,2,2,2,2,4,4,4,4,3,4,4,3,3,4,2,3,4,4,4,4,5,4,2,5,4,4,4,4,4,4,4,4,4,2,2,3,4,4,4,5,4,4,4,4,3,4,4,5,3,4,4,4,3,4,2,4,2,4,3,4,4,4,4,2,4,4,3,3,2,4,4,3,4,4,5,4,4,4,4,4,4,3,3,4,4,4,4,3,4,4,3,4,3,4,3,3,3,3,4,4,4,4,4,4,4,4,3,4,4,4,4,4,4,3,4,4,4,4,4,2,4,4,4,4,4,4,4,4,3,4,4,4,4,4,4,3,3,4,4,4,4,4,3,4,4,4,4,4,4,3,2,4,3,3,4,3,4,3,3,4,2,4,3,4,4,3,3,4,4,4,4,4,4,4,4,3,3,3,2,4,3,4,4,3,4,4,3,3,4,4,4,3,2,4,4,4,4,4,4,4,3,4,4,4,4,4,4,4,3,3,4,4,4,4,4,5,4,4,4,4,4,4,4,3,4,4,4,4,4,4,4,4,4,4,4,4,3,4,3,4,4,4,2,4,3,3
4,3,2,3,2,4,4,3,3,4,4,3,4,4,4,4,3,3,4,4,4,4,4,4,4,3,4,4,4,4,4,3,3,3,3,2,4,3,2,3,2,3,4,4,3,3,3,2,3,3,3,3,3,3,4,4,4,4,3,4,3,4,4,2,4,3,3,3,3,3,4,3,4,3,3,2,4,2,2,4,4,3,3,4,4,4,3,3,4,3,4,2,2,3,3,4,4,3,3,4,2,4,2,3,3,3,2,2,4,2,4,3,4,4,4,3,4,4,4,2,4,4,3,4,4,4,4,3,4,4,4,3,5,4,4,3,3,3,5,4,4,4,4,2,2,4,4,4,4,5,4,4,4,4,4,4,4,4,2,3,4,4,3,4,4,3,3,4,4,4,4,4,4,4,3,4,4,4,4,5,3,4,4,4,4,3,3,4,2,3,4,3,4,4,4,3,4,3,3,4,4,3,4,3,3,3,4,4,4,4,4,3,4,5,4,4,4,4,4,4,4,4,3,4,4,3,4,4,5,4,3,4,4,4,4,4,4,4,4,3,4,4,4,3,3,4,4,4,4,4,3,4,4,4,4,4,4,3,4,4,3,4,4,4,4,3,4,4,4,4,3,4,3,4,4,4,4,5,4,3,4,3,3,4,4,4,4,4,3,3,4,4,3,4,4,4,3,4,3,4,3,4,4,4,4,3,4,3,5,4,4,4,4,4,2,4,4,5,4,4,4,4,4,4,4,4,4,4,3,4,4,5,4,2,2,4,4,4,3,3,4,5,4,2,4,3,4,3,1,3,4
4,2,3,4,4,4,3,3,3,4,3,3,4,4,2,4,4,3,4,2,4,3,4,5,3,3,3,4,5,4,4,3,2,3,4,4,4,3,4,3,4,4,3,2,2,4,3,2,2,3,2,2,3,3,2,2,4,4,4,4,2,4,3,3,4,2,4,4,3,4,4,3,3,2,3,3,3,2,4,4,4,3,3,4,4,3,4,4,3,3,4,2,4,2,3,4,4,2,3,3,3,4,4,3,4,2,3,3,2,2,4,4,4,4,3,4,4,4,4,3,4,4,4,4,2,3,2,4,4,4,4,4,4,4,4,3,4,5,3,5,4,2,3,4,4,4,4,4,4,4,4,4,4,3,4,4,4,4,4,4,3,4,4,3,4,3,3,4,4,4,4,4,1,4,4,4,4,4,4,4,4,4,4,4,4,4,2,4,4,4,4,4,4,4,4,2,4,3,4,2,4,3,3,3,4,3,4,4,4,4,4,4,4,4,3,4,3,4,4,2,4,4,3,4,3,3,4,4,4,4,4,4,4,4,3,4,4,3,4,4,4,4,4,4,4,3,4,4,3,4,4,4,3,3,4,4,4,4,4,4,4,3,2,4,4,4,4,4,4,4,4,4,3,3,4,4,4,2,3,4,4,3,4,3,4,4,4,4,4,4,4,4,4,4,3,4,3,4,4,2,4,4,4,4,4,4,3,4,4,4,4,4,3,4,4,4,4,4,4,4,2,4,3,5,4,4,4,4,2,2,4,4,4,3,4,4,4,4,2,4,4,3,4,3,3,4,2,4,3,3,2
3,3,4,5,1,4,2,4,2,4,3,5,3,2,4,4,3,2,3,4,5,3,4,4,2,4,3,2,4,3,4,3,2,3,4,3,2,4,3,3,3,4,3,3,3,3,3,3,3,2,3,3,2,2,4,4,2,3,4,3,3,3,4,4,2,2,4,4,4,4,4,4,3,2,3,4,2,2,4,4,4,3,2,3,2,2,4,3,3,3,4,4,3,2,4,4,4,4,3,3,3,3,4,4,4,2,3,3,2,4,4,4,4,4,2,4,2,2,4,4,3,4,4,4,4,3,2,4,4,3,4,5,4,3,5,4,4,4,4,4,4,3,4,4,4,4,4,4,4,3,4,4,4,4,4,4,4,4,4,4,2,4,4,4,4,4,4,4,4,4,4,4,4,4,3,4,4,4,4,4,4,3,4,4,3,4,4,3,4,3,4,4,4,2,4,4,4,3,4,2,4,4,3,3,3,4,4,4,3,3,4,4,4,3,3,2,4,3,4,4,5,4,3,4,3,4,4,4,4,4,4,4,4,4,3,4,4,2,4,3,4,2,3,4,4,4,4,3,3,4,4,4,3,3,4,4,4,4,4,4,4,4,4,4,3,4,4,4,4,4,4,4,4,4,4,2,4,2,4,4,4,3,3,4,4,4,4,4,4,4,4,4,4,4,4,3,4,4,4,2,4,4,4,4,4,3,3,4,4,3,4,4,3,3,4,3,4,3,5,3,4,4,4,4,4,4,2,4,2,3,4,3,4,3,4,4,4,3,3,3,2,4,4,4,4,4,4,4,4,2,3
2,4,2,4,4,4,4,3,4,4,4,1,3,4,3,4,4,4,2,2,4,5,5,2,4,2,2,3,4,4,4,3,2,3,3,2,4,3,4,3,2,2,4,4,2,2,3,2,3,3,3,3,2,3,3,3,4,3,4,3,2,4,4,4,4,4,3,3,4,4,3,2,3,3,3,3,3,3,4,4,4,2,4,4,4,3,3,3,4,3,3,4,2,3,4,2,2,3,3,3,3,3,3,4,4,2,4,4,4,2,2,4,4,3,3,2,3,3,3,4,4,4,4,4,4,2,2,4,4,4,4,5,4,3,5,4,5,4,4,2,2,3,4,4,4,4,4,4,4,4,4,4,4,4,4,4,4,4,3,4,4,4,4,4,4,4,3,4,4,3,3,4,3,3,4,4,4,4,3,4,4,3,2,3,4,4,4,4,4,4,4,4,5,3,3,4,4,2,4,4,4,4,4,4,3,3,3,3,4,4,3,4,4,4,4,4,2,4,4,4,4,2,3,4,4,4,3,4,4,3,4,4,4,3,4,3,2,4,4,4,4,2,3,3,4,4,4,4,4,4,4,4,4,4,4,4,4,4,4,4,3,4,4,4,2,3,4,4,3,4,4,4,4,4,3,4,3,4,3,3,4,3,4,4,3,4,4,4,4,4,4,4,4,4,4,3,3,4,4,4,4,4,4,2,2,4,3,2,4,4,4,4,4,3,3,3,4,4,2,4,4,3,4,4,4,4,4,3,4,4,4,4,3,3,3,4,4,4,2,4,4,3,3,3,4,4,4,3,3,3,4
3,2,2,3,4,5,2,4,4,3,4,4,4,3,2,4,3,3,5,3,4,3,4,2,4,2,3,2,4,4,4,2,4,3,2,3,4,2,3,3,3,2,4,4,2,4,3,3,2,2,3,4,4,3,2,3,4,4,4,4,2,3,4,2,4,4,3,3,3,4,3,4,3,3,2,3,3,2,4,4,4,3,4,4,4,4,3,4,4,3,4,4,2,4,4,4,4,4,3,4,4,3,4,4,4,4,4,4,4,4,3,4,4,2,3,2,4,4,2,4,5,4,4,4,4,3,4,4,4,4,4,4,3,5,4,4,4,3,3,2,2,4,4,2,4,5,4,4,5,4,3,5,2,4,4,4,4,4,4,4,4,4,4,4,4,3,4,3,3,4,4,4,4,5,4,4,4,3,4,4,4,4,4,3,4,4,2,4,4,4,4,4,2,4,4,3,4,3,4,4,4,4,4,3,3,3,4,4,4,4,3,4,4,4,2,4,4,4,3,4,4,4,4,4,4,2,2,2,4,4,3,4,4,4,2,2,4,4,4,4,4,4,4,4,4,4,4,4,4,5,4,3,4,4,4,4,4,3,4,4,4,4,4,4,4,3,4,4,4,4,4,4,4,4,4,4,4,3,2,4,4,3,4,3,4,4,4,4,4,4,4,4,4,4,4,4,4,3,4,4,3,4,4,4,4,4,3,3,3,4,4,4,4,4,4,4,4,4,4,3,4,4,4,4,4,4,3,3,4,4,4,4,3,3,4,4,4,4,4,4,4,2,3,2,4,4,3,4,3,4,4
2,2,3,4,4,2,2,4,3,3,2,4,3,4,4,4,5,4,3,3,2,4,3,4,4,2,4,4,4,4,4,2,3,3,2,2,3,4,4,3,2,4,4,3,2,4,1,2,4,4,4,4,3,3,3,4,4,2,2,4,5,2,2,4,4,4,2,5,4,3,3,3,4,4,3,3,2,2,2,3,3,3,4,4,4,3,4,3,4,4,4,4,4,4,4,4,4,4,4,4,4,4,4,4,4,4,4,2,4,4,2,4,4,3,4,4,4,4,2,4,4,4,4,4,4,4,4,4,4,3,5,4,4,4,4,5,4,4,4,3,3,4,3,4,5,4,4,4,4,4,4,4,2,5,2,4,4,4,4,4,4,4,4,4,4,4,4,4,4,4,4,4,2,4,4,2,4,5,3,4,4,4,4,4,4,4,3,3,4,3,4,2,4,4,4,4,3,4,3,4,5,4,3,2,4,4,3,4,4,4,4,4,4,2,2,4,4,4,4,4,4,3,4,4,3,3,3,4,4,2,3,4,4,4,2,4,4,4,4,4,4,3,4,4,4,4,4,4,4,4,3,3,4,4,4,3,4,4,4,2,4,4,4,4,4,4,3,4,4,4,4,4,4,3,3,3,4,4,4,4,3,3,4,4,4,4,4,4,4,3,4,4,4,4,4,4,4,4,2,4,4,4,4,4,3,2,3,3,2,4,4,4,4,4,3,5,4,4,4,4,4,4,4,4,4,4,4,4,4,4,4,2,3,4,4,3,3,4,4,2,4,4,4,3,4,4,4,4,3,4,4
2,2,3,2,3,4,2,4,4,4,2,2,2,2,4,4,4,5,4,3,3,2,3,4,2,3,4,3,3,2,4,2,3,3,2,3,3,4,4,2,3,3,3,4,3,2,2,4,4,4,4,4,2,2,2,2,3,2,2,3,3,2,4,4,2,3,2,4,4,4,2,2,4,4,2,4,4,2,2,2,3,4,4,2,3,3,4,3,4,4,3,4,4,3,3,4,4,4,4,3,4,4,4,4,4,4,2,4,4,4,3,3,4,4,4,3,3,3,2,4,4,3,4,4,3,3,4,3,2,3,4,5,4,4,4,4,4,4,4,4,4,3,3,4,4,4,4,4,4,4,4,3,4,4,2,4,3,4,4,4,4,2,4,4,4,4,4,3,4,4,4,4,4,3,5,4,4,4,4,4,4,4,4,4,4,4,4,3,4,4,4,2,4,4,3,4,4,4,4,2,4,4,2,4,3,4,4,2,3,4,2,2,4,4,3,4,4,4,4,4,4,4,3,4,4,3,3,4,4,4,4,4,3,2,4,4,4,4,4,4,3,2,4,4,3,4,4,4,3,3,4,4,3,3,3,3,4,4,3,4,3,4,4,4,3,4,4,3,4,3,4,4,4,3,4,3,4,4,4,4,4,3,4,4,4,4,4,4,4,4,4,4,4,4,4,2,4,4,2,4,4,4,2,3,3,2,2,4,4,4,4,4,3,3,3,4,4,4,3,4,3,3,4,4,4,4,3,4,3,3,3,2,3,4,4,2,4,4,4,4,4,2,3,4,2,4,4,3,4,3,4
4,2,2,4,2,4,3,2,4,4,2,2,4,3,3,3,4,4,3,4,2,3,4,4,4,2,2,4,3,2,3,2,3,4,2,2,4,4,4,4,4,4,3,4,3,2,4,4,3,4,3,4,2,4,2,4,3,2,2,2,4,2,3,4,3,2,4,2,4,3,3,4,4,2,3,4,2,3,3,3,3,4,4,2,4,4,2,4,2,4,3,3,3,2,4,4,3,2,4,3,3,4,4,3,4,3,2,4,3,4,3,3,4,4,3,3,3,2,4,4,4,3,4,3,3,4,4,2,3,3,4,4,4,4,4,4,4,3,3,4,4,2,4,5,5,4,4,4,4,4,3,4,2,4,4,4,4,3,4,4,4,2,4,4,2,4,5,4,1,4,4,2,2,5,2,4,4,2,4,4,3,3,3,4,4,3,3,4,4,4,4,4,4,4,4,3,4,2,4,4,4,4,4,3,4,3,3,3,4,3,3,4,2,4,4,4,3,4,4,4,3,4,4,4,4,4,4,4,2,2,4,4,3,3,3,4,4,4,2,4,4,3,4,4,3,3,4,4,3,3,4,4,2,3,2,4,3,2,4,4,3,4,4,3,4,4,4,3,4,4,4,4,3,4,4,4,4,4,4,4,4,4,4,4,4,4,4,4,4,4,4,4,4,4,4,3,4,3,4,4,4,4,2,4,2,4,4,4,4,4,3,4,4,4,4,2,4,3,4,4,3,3,3,4,4,4,4,2,3,4,2,4,4,3,4,4,4,4,4,3,3,4,4,4,2,3,4,4,3,2,4
3,2,3,2,4,4,3,4,4,3,3,2,4,4,4,4,4,4,3,4,3,3,4,4,3,2,3,3,3,2,2,2,2,2,2,4,4,4,2,2,2,3,4,2,5,4,1,4,4,3,4,4,4,2,3,2,3,3,2,3,4,3,3,3,3,2,2,2,4,2,2,4,4,2,4,4,2,4,2,3,4,2,3,4,4,3,3,3,2,2,4,2,3,3,4,3,2,2,4,4,3,4,4,4,3,3,3,4,2,3,3,4,4,4,3,3,4,4,4,4,4,4,4,3,4,4,2,3,2,3,4,4,4,4,4,3,3,4,3,4,4,2,4,5,4,4,4,4,4,4,4,4,4,3,4,4,4,4,4,2,4,3,2,4,4,3,4,4,4,4,2,4,4,2,2,4,4,4,4,4,4,2,2,4,4,4,4,4,3,3,4,4,4,2,3,3,4,4,4,2,3,4,4,4,4,4,4,4,2,4,3,3,4,3,5,4,4,4,4,3,4,2,4,4,4,4,4,4,4,3,4,4,4,3,4,4,2,4,4,3,4,4,2,3,4,4,4,4,4,4,3,3,3,2,3,4,3,2,4,4,4,3,3,3,3,4,4,3,3,4,4,4,4,4,4,4,4,4,4,4,4,4,4,4,4,4,4,4,4,4,4,4,4,4,4,5,3,4,4,3,4,4,3,3,4,4,4,4,4,4,3,4,4,4,3,3,4,4,4,4,3,3,4,3,3,3,4,4,4,4,4,3,4,4,3,4,4,4,2,3,4,4,2,4,4,4,4,4,3,4,4
3,2,3,2,4,3,4,3,4,1,4,4,3,4,4,4,4,4,4,2,2,4,4,4,4,3,4,4,4,4,2,3,4,4,2,2,3,4,4,3,4,4,4,3,2,3,4,1,2,4,3,4,4,2,3,4,4,3,4,4,4,3,3,4,4,2,3,3,2,3,4,4,4,4,4,4,3,3,2,2,3,4,4,4,2,3,4,4,2,2,2,2,3,3,4,1,3,3,4,4,4,3,2,4,3,4,4,4,4,4,2,4,3,4,4,4,3,4,4,4,3,4,5,3,4,4,2,4,2,2,4,4,2,4,4,3,3,4,4,4,4,4,4,2,2,4,4,3,3,4,4,4,4,3,4,4,4,4,3,4,4,4,4,4,4,4,4,4,4,4,2,4,3,2,3,4,4,4,4,3,3,4,4,4,4,4,2,3,4,4,4,3,2,4,2,4,4,3,2,4,4,4,3,3,3,3,3,4,4,4,3,4,3,4,4,5,3,3,4,3,3,4,4,4,4,4,3,2,4,4,2,3,4,4,4,4,2,3,3,4,4,3,4,4,4,4,4,4,3,4,4,4,4,2,4,4,4,4,3,4,4,3,4,2,3,4,4,3,4,4,4,2,3,4,4,4,4,4,4,4,4,4,4,4,4,4,4,4,4,4,4,4,4,4,4,4,3,4,4,4,4,4,4,4,3,3,4,4,4,4,4,3,2,4,4,4,4,3,4,2,4,4,4,3,3,4,4,4,4,3,4,4,4,4,4,3,4,3,2,4,2,3,4,4,4,3,4,4,4,4,4
4,4,2,4,4,3,3,3,4,2,3,3,4,2,3,4,4,5,4,4,4,4,4,4,3,2,2,4,3,3,4,3,3,4,2,3,3,3,2,4,2,4,3,3,4,4,3,5,3,2,3,2,2,4,4,4,3,3,3,5,4,2,3,4,3,3,3,3,2,4,5,3,4,4,4,4,2,2,2,3,2,4,2,3,4,4,4,4,2,3,3,3,3,4,4,3,3,4,2,4,4,4,4,4,3,4,4,4,4,2,2,4,4,4,4,4,2,4,4,4,4,4,3,4,4,4,4,3,2,3,4,3,4,2,3,3,4,4,3,4,4,4,4,3,4,4,3,3,4,4,4,4,4,2,4,3,4,4,4,4,4,4,4,4,4,4,4,4,3,4,2,4,2,3,4,3,4,3,4,4,4,4,3,3,4,4,4,3,4,4,4,4,3,2,3,4,2,4,4,3,4,4,4,2,4,4,4,4,4,4,4,4,4,4,4,3,4,4,4,4,4,4,3,3,3,2,4,4,3,4,4,3,4,4,2,4,2,4,4,4,2,4,4,4,4,4,4,4,4,4,3,4,3,4,4,4,4,4,4,4,3,4,4,3,3,4,4,4,4,4,2,4,4,4,4,2,4,4,4,4,4,4,4,4,4,4,4,4,3,4,4,4,4,4,4,3,3,4,3,4,4,4,4,3,3,4,4,4,4,4,4,4,3,4,4,4,2,4,4,3,4,4,3,4,3,3,4,2,3,4,4,4,4,4,3,3,2,4,3,3,4,2,4,3,3,4,4,2,4,3,3
2,3,3,3,2,3,3,4,3,3,4,4,3,3,2,3,4,5,2,4,3,4,4,5,2,4,2,4,4,4,4,4,3,4,3,2,2,4,4,2,4,3,4,4,3,4,4,2,4,3,4,2,3,3,2,4,4,4,4,3,3,4,4,4,2,4,2,3,3,4,4,3,3,4,3,2,3,3,3,3,3,2,4,4,4,3,2,4,4,3,4,4,4,3,3,4,2,4,3,2,4,4,2,3,3,3,4,4,4,3,2,3,4,4,3,4,4,4,4,4,4,4,3,3,3,4,4,2,3,3,4,4,4,2,3,4,4,2,3,4,4,4,4,3,4,4,4,3,4,4,4,4,4,3,4,2,4,4,3,3,4,4,4,4,2,3,4,4,4,4,4,3,3,4,4,4,4,4,4,4,4,2,3,3,3,4,4,3,4,4,3,4,4,3,3,3,3,2,2,4,4,4,3,4,4,4,4,4,3,4,4,4,4,3,4,4,4,2,4,4,3,4,4,4,4,4,4,4,4,2,4,4,4,4,3,4,3,4,4,4,4,3,4,4,4,4,4,4,3,2,3,3,4,4,2,4,4,4,4,2,4,4,4,4,4,4,4,4,4,4,2,4,4,4,4,3,4,4,4,4,3,4,4,4,4,4,4,4,3,4,4,3,4,3,4,4,4,4,4,4,4,3,4,3,4,4,4,4,4,4,4,4,4,4,3,4,4,4,4,4,4,4,3,4,3,4,4,4,4,4,4,4,4,4,4,3,2,4,4,4,4,4,3,4,4,4,4,2,4,4,4
2,3,3,2,3,4,4,4,4,3,3,4,4,3,3,2,5,4,4,3,4,4,4,3,4,4,2,4,2,4,3,3,3,2,2,2,4,4,3,3,3,4,4,4,3,4,3,4,3,3,4,4,4,4,4,2,2,4,5,5,2,2,4,4,2,2,4,2,3,2,4,3,2,4,4,3,2,3,2,3,3,4,2,4,4,3,4,4,5,2,3,3,3,4,3,2,2,2,2,4,2,3,3,4,4,4,4,4,3,3,4,4,4,3,3,3,5,5,4,3,3,4,4,3,4,4,4,4,4,4,3,3,3,3,2,4,3,2,3,3,4,5,4,4,4,3,4,4,4,4,4,4,5,4,4,3,3,3,4,4,4,4,4,4,2,4,4,4,3,4,4,2,4,3,4,4,3,4,3,4,4,3,4,4,2,4,4,3,3,2,3,4,2,3,3,4,4,3,3,4,4,4,2,4,4,4,4,3,3,4,4,4,4,4,4,4,3,4,4,4,3,3,3,4,4,4,4,4,3,4,4,4,4,4,4,4,4,4,4,4,4,4,4,4,4,4,3,3,4,4,4,4,4,4,3,4,2,3,4,3,4,3,4,4,4,4,3,3,3,3,4,4,4,5,4,4,4,4,4,4,4,4,4,4,4,4,4,4,3,3,3,3,4,2,4,4,4,4,5,3,4,4,4,4,3,3,4,4,4,4,4,4,3,3,4,3,4,4,4,4,4,3,4,4,3,4,4,4,4,4,4,3,3,4,4,3,3,4,4,3,3,4,3,3,4,3,4,4,3,4,4
3,3,2,3,3,3,3,2,4,3,3,4,4,4,4,4,4,4,4,3,4,4,3,4,3,5,3,4,4,4,2,2,3,2,3,4,4,3,2,4,4,2,4,2,4,2,4,1,2,4,4,3,3,5,3,2,2,4,5,3,4,5,3,3,4,4,2,4,3,5,3,2,2,2,2,4,2,3,3,2,5,1,4,2,2,3,4,2,4,5,2,2,4,3,3,3,2,3,3,4,3,3,2,4,4,4,4,2,4,4,2,4,4,4,3,4,5,4,4,4,4,3,4,4,4,4,4,3,3,4,2,2,2,3,3,3,4,3,2,3,4,4,4,4,4,3,4,2,3,4,3,4,4,4,4,4,4,3,4,4,4,4,4,4,2,4,4,4,4,4,4,2,4,2,4,3,3,4,3,4,4,4,3,4,4,2,2,3,4,3,4,3,2,4,3,4,3,4,4,4,3,3,4,4,4,3,4,4,4,4,4,2,4,4,3,4,4,3,3,4,4,4,4,4,3,4,2,2,4,4,3,4,4,3,3,3,3,4,4,3,4,3,3,3,4,4,3,4,4,3,3,3,4,4,4,3,4,3,2,4,4,4,4,4,4,4,3,4,4,3,4,4,4,4,4,4,4,3,4,4,4,4,3,4,4,4,3,4,4,4,4,4,2,4,3,4,4,4,2,4,4,4,4,4,3,3,4,4,4,4,3,4,4,2,4,4,4,4,4,4,3,4,4,4,4,4,4,4,4,4,3,2,4,4,2,3,3,4,4,4,2,3,4,4,4,3,3,4,4,4,3
3,1,2,4,2,2,3,3,4,3,2,4,4,4,3,4,4,4,4,3,3,4,4,4,4,4,4,4,2,2,4,4,3,3,4,4,4,4,4,5,4,3,3,2,3,4,4,2,4,3,3,4,4,4,4,3,4,2,4,4,4,5,3,4,4,3,2,2,4,3,3,4,2,5,4,4,2,3,3,2,2,4,2,3,2,3,4,3,4,4,3,4,4,4,3,4,4,3,2,3,3,3,4,4,4,4,3,2,4,4,3,4,4,2,3,3,2,4,4,4,3,3,5,3,3,4,3,3,3,4,2,2,4,4,3,3,4,4,3,3,3,3,3,3,4,4,3,3,4,3,3,4,3,4,4,3,4,4,4,4,4,4,4,4,4,4,4,4,4,4,4,2,3,3,3,3,3,4,4,4,4,4,3,3,4,3,4,4,4,4,4,4,3,4,2,4,3,3,4,4,4,2,4,4,3,3,4,4,4,3,2,3,4,4,4,2,2,3,3,4,4,4,4,4,2,3,3,3,4,2,4,4,2,4,3,3,4,3,2,4,4,4,3,4,4,4,4,4,4,4,3,3,3,3,4,4,4,4,3,4,4,3,4,4,4,4,4,4,4,4,3,4,4,3,4,4,4,3,4,4,3,4,3,2,4,4,4,3,3,4,3,3,2,4,3,4,4,3,4,4,4,4,4,4,4,3,4,4,4,4,3,3,4,3,4,4,3,5,4,4,4,4,4,4,4,4,4,4,4,4,3,2,3,4,3,2,2,3,4,3,4,3,4,4,4,3,4,4,3,3,3
2,2,3,2,2,2,4,3,4,3,3,3,4,3,4,4,4,5,4,4,4,3,5,5,3,2,4,4,3,4,3,3,4,4,4,4,4,4,4,4,2,2,4,2,2,3,3,4,3,3,4,3,3,4,5,4,4,4,4,4,4,4,4,4,4,2,5,4,4,4,3,3,4,3,2,3,3,3,3,3,4,2,2,3,3,4,4,2,4,3,4,4,3,2,4,3,4,4,3,3,3,3,2,3,2,4,4,4,2,2,3,4,2,3,4,4,4,4,2,2,4,3,3,3,4,3,3,4,4,3,4,4,4,4,3,4,4,4,3,4,4,3,3,4,4,3,3,4,3,2,2,4,4,4,4,4,4,4,4,4,4,4,3,4,4,4,4,4,4,4,4,4,2,3,3,4,3,4,4,3,4,3,4,4,4,4,4,4,2,4,3,4,2,3,2,3,4,3,4,4,4,3,4,4,4,4,4,4,4,2,3,3,4,2,4,3,3,3,4,3,4,4,4,4,2,2,2,4,4,3,4,3,4,3,4,4,2,3,3,4,3,4,4,4,4,4,3,2,2,2,3,3,3,2,4,3,4,3,4,3,3,4,4,4,4,4,4,4,4,4,4,3,3,4,4,2,4,4,2,4,4,4,4,3,4,4,3,4,3,3,3,3,2,2,4,4,4,3,4,4,4,4,4,4,4,4,4,4,4,4,4,4,3,4,4,4,3,5,3,4,4,4,4,4,4,4,3,4,4,4,4,4,4,4,4,2,3,4,4,4,4,4,3,4,3,4,4,3,3,4,4
2,3,3,2,3,2,4,4,4,4,4,2,2,4,4,4,4,4,3,4,4,3,5,4,4,3,4,3,4,3,3,3,3,4,3,4,4,4,3,4,4,2,4,4,3,4,3,4,2,4,4,2,3,4,5,4,3,4,5,4,4,5,3,4,4,4,3,4,3,5,4,2,3,2,3,2,4,2,4,3,3,2,3,2,4,3,4,2,4,2,4,3,4,4,4,3,3,3,3,2,2,4,3,4,4,4,4,2,4,4,3,2,2,4,4,2,3,4,3,2,4,4,3,3,3,2,4,4,4,4,4,4,4,3,4,4,4,4,2,3,5,3,2,4,2,2,4,4,2,3,2,4,4,3,2,3,4,4,4,4,3,4,4,3,4,4,3,3,4,4,4,4,2,4,3,3,4,3,3,4,3,2,3,4,4,4,4,4,3,3,4,4,3,3,2,4,4,3,4,4,3,4,3,3,4,4,4,4,4,2,4,2,4,2,4,3,4,3,3,3,4,4,3,3,3,3,4,4,3,4,4,4,2,4,4,2,4,3,3,3,4,4,4,4,3,3,3,2,3,3,3,4,3,2,5,4,3,3,4,4,2,4,4,4,4,4,4,4,4,4,4,2,3,4,4,4,4,4,3,4,4,2,4,4,4,4,4,3,3,2,2,3,3,2,4,4,4,4,4,4,4,5,3,2,4,4,4,4,4,3,4,3,4,4,4,4,4,4,4,4,4,4,4,4,3,4,3,3,4,4,4,4,4,4,3,4,4,3,4,4,4,4,4,3,3,4,4,4,4,4,3
2,2,3,2,4,3,4,4,3,4,4,2,3,3,3,4,3,4,4,4,4,4,4,5,3,4,4,4,3,3,2,4,4,4,3,4,3,4,4,3,4,2,3,2,2,4,3,3,4,4,4,4,4,3,4,4,4,4,4,4,4,4,3,3,4,3,4,5,5,3,2,3,2,3,3,3,3,2,4,4,3,4,3,4,4,4,3,3,4,4,4,3,3,3,4,3,4,3,4,2,3,4,3,4,4,2,3,4,2,5,3,3,3,4,3,4,4,2,3,3,4,4,2,3,3,2,4,3,4,3,5,2,3,2,4,4,3,4,4,3,3,3,4,3,4,4,2,3,4,2,3,3,4,3,2,4,4,4,4,4,2,4,4,2,4,4,2,4,4,4,4,4,4,4,4,4,4,4,4,4,2,2,3,4,4,4,3,3,2,4,4,4,4,4,4,4,3,4,4,3,3,4,3,3,4,3,4,4,3,3,3,3,2,3,3,2,4,3,3,4,4,4,4,3,4,4,4,4,4,4,4,4,4,2,4,4,4,4,3,4,4,3,4,3,3,4,3,3,3,2,4,4,2,3,3,2,2,3,4,4,4,3,2,4,4,4,4,4,4,4,4,3,3,4,2,4,4,3,4,4,4,4,2,4,4,4,4,3,2,3,4,4,3,4,2,4,4,4,3,4,3,4,3,4,4,4,3,4,3,3,4,4,4,4,4,4,4,4,4,4,3,4,4,4,3,3,4,4,4,4,4,4,3,4,3,4,4,3,4,3,4,2,4,4,4,4,4,4,4,4,3
4,3,3,3,5,2,4,2,5,4,4,3,3,4,2,3,4,4,5,3,4,4,4,4,4,4,4,5,3,3,2,3,4,4,3,2,3,4,4,2,4,4,2,4,3,4,3,4,4,4,4,4,3,2,4,4,4,3,4,3,4,4,4,4,2,3,5,4,4,2,4,4,2,2,3,3,4,2,3,4,4,4,4,4,4,2,4,3,2,3,4,4,4,3,4,4,4,3,3,3,4,4,4,4,4,2,4,2,4,4,4,4,2,4,4,4,2,3,4,3,4,4,2,3,2,4,4,4,4,3,4,2,4,2,4,4,4,2,3,3,2,3,2,4,4,3,2,4,4,4,3,4,4,4,4,4,3,3,4,4,4,3,4,4,4,3,3,3,3,4,4,4,4,3,4,3,4,4,4,3,2,3,4,4,4,4,3,3,3,4,3,4,4,4,4,3,4,4,3,4,3,4,3,4,4,3,4,3,4,2,3,4,3,2,3,2,3,4,4,4,4,4,4,4,3,4,3,3,4,4,4,3,4,4,4,4,3,4,4,3,4,2,2,3,3,4,4,3,2,3,4,4,2,3,2,3,3,4,2,3,4,4,4,3,4,4,3,3,2,2,4,4,3,4,3,1,4,4,2,4,2,4,3,2,4,4,3,3,3,3,4,4,4,2,4,4,3,4,4,2,4,4,4,3,3,3,3,3,4,4,3,3,4,4,4,4,4,4,4,4,4,4,4,4,4,4,4,4,4,4,4,3,4,4,3,4,3,3,2,3,3,4,4,4,4,3,4,4,4,2,4
4,2,4,3,4,3,4,4,4,2,3,4,2,2,3,4,4,4,2,3,4,3,4,2,5,3,3,4,4,2,2,4,4,4,3,2,4,4,4,4,4,3,3,4,3,2,4,4,2,5,4,2,2,3,3,4,4,5,5,3,4,3,3,3,4,2,4,3,3,4,4,3,3,4,4,4,4,4,4,4,4,3,3,4,4,3,2,2,3,3,4,4,4,3,2,3,4,4,4,4,4,4,2,4,4,3,4,3,4,5,3,3,3,4,4,4,2,4,4,4,3,4,4,2,4,2,4,3,4,4,2,2,3,3,4,3,3,3,3,4,2,4,2,4,3,3,3,4,4,2,2,4,3,2,4,2,4,4,4,4,3,3,3,4,4,2,2,4,3,4,4,2,4,4,2,3,2,2,2,2,3,4,4,3,4,4,4,2,3,4,3,4,3,4,3,3,4,4,4,4,4,3,3,4,4,4,4,3,3,3,2,3,2,2,3,3,3,4,4,3,3,4,3,3,2,4,3,4,4,4,3,2,4,4,4,4,4,4,4,4,4,3,2,4,2,3,4,3,2,3,4,4,3,2,2,3,4,2,3,3,4,4,4,4,4,4,2,2,4,4,3,3,4,4,3,4,4,4,3,4,3,3,3,4,4,4,4,3,3,2,4,4,3,3,4,3,4,4,3,4,4,2,4,4,3,4,4,2,4,3,3,4,4,2,4,4,4,4,4,2,4,3,4,4,4,4,3,3,4,4,3,4,3,4,4,4,4,2,2,2,4,4,4,4,4,4,4,3,4,4,4
2,3,3,4,4,3,2,3,2,2,3,4,4,3,4,4,4,3,2,4,4,4,4,4,4,4,2,4,4,4,4,2,4,3,3,3,4,4,4,4,4,3,4,2,3,3,4,3,2,5,3,3,3,4,4,4,3,4,5,4,4,4,2,4,3,2,4,4,4,3,3,2,2,3,4,4,3,4,3,3,2,4,2,4,3,4,2,4,3,3,3,4,4,3,4,4,4,2,4,5,4,4,4,4,4,3,2,4,4,4,3,2,3,4,4,2,4,4,3,4,4,4,4,2,4,4,2,3,4,3,4,3,4,4,3,4,3,4,4,4,4,3,4,2,3,4,3,4,4,4,4,2,4,4,4,4,2,3,3,4,4,3,3,2,2,3,2,4,3,4,2,4,4,2,4,4,3,3,3,3,4,4,3,3,3,3,4,3,4,3,4,2,3,3,4,3,3,4,4,4,3,2,3,4,3,4,4,3,2,2,3,2,2,2,4,3,3,2,4,3,4,4,3,3,4,3,4,4,4,4,4,4,4,4,4,4,4,4,4,3,2,4,4,3,4,4,4,3,2,3,4,3,3,2,3,4,3,4,4,2,4,4,2,4,4,4,4,4,4,4,3,4,4,4,4,4,5,4,4,4,4,3,4,5,4,4,4,2,2,4,2,3,4,4,2,4,2,4,4,4,4,3,4,4,4,3,3,4,4,4,4,2,4,5,3,4,4,3,2,4,4,3,4,4,4,4,4,3,3,2,3,4,3,3,4,4,3,2,3,4,4,4,4,3,4,4,4,3,4,4,3
2,2,4,4,4,2,4,4,2,2,3,4,3,2,3,3,4,2,2,2,3,4,4,4,3,4,2,3,4,4,3,4,4,4,3,3,4,4,3,4,4,4,2,2,3,4,4,2,2,4,3,4,3,3,4,3,3,4,4,3,4,3,4,4,3,2,4,3,4,3,3,2,3,4,4,4,3,3,3,4,4,3,2,4,4,4,3,4,4,3,4,4,4,2,2,4,4,4,4,4,3,3,4,2,4,3,3,4,4,4,4,4,4,3,4,4,2,4,2,3,4,2,3,4,3,4,4,4,4,2,3,4,2,4,4,2,4,4,4,3,4,3,3,4,3,3,4,4,4,5,3,4,2,4,4,4,4,4,4,4,3,4,3,4,4,4,4,3,4,4,4,2,4,2,4,4,3,2,2,3,4,4,4,3,2,3,4,4,4,4,4,2,3,3,4,3,3,4,4,3,2,3,3,2,3,4,3,3,2,2,3,2,2,3,4,3,3,2,3,4,4,4,3,4,4,3,3,2,4,2,4,4,4,4,3,2,4,4,2,2,3,4,4,4,4,4,3,3,3,3,4,3,3,4,3,3,3,4,4,3,3,3,3,4,4,4,4,4,4,4,4,4,4,4,4,3,4,4,4,3,4,4,2,4,4,4,4,2,2,2,4,5,2,4,3,4,4,2,3,4,4,4,2,4,2,4,4,4,4,4,4,4,4,4,3,5,4,3,4,2,4,4,3,3,3,4,4,2,2,4,4,4,3,4,3,4,2,3,3,2,3,2,4,4,4,4,4,4,3,3,4
3,2,4,3,2,4,4,4,3,3,3,4,3,2,3,4,3,3,4,3,3,4,3,2,3,2,3,2,2,3,2,3,3,3,4,2,4,3,2,3,3,4,3,2,3,4,4,4,3,3,4,4,4,3,3,3,3,3,3,3,4,4,4,4,2,3,3,4,4,4,4,2,2,3,4,3,3,3,4,4,4,2,3,4,3,4,3,4,3,4,3,3,3,4,4,3,3,4,4,2,4,2,4,4,4,3,3,4,4,4,3,3,4,2,4,5,4,4,4,3,3,4,4,4,2,4,3,4,2,4,2,4,4,3,4,2,2,4,3,3,4,4,4,3,4,4,3,4,5,4,3,4,2,3,4,3,2,4,4,3,4,4,4,2,4,4,3,3,4,3,4,4,4,4,4,4,3,3,4,4,3,3,4,4,4,4,4,3,4,4,3,3,2,3,4,4,4,4,4,3,2,2,2,2,4,4,3,3,2,2,3,4,2,2,2,3,2,4,4,4,4,4,4,4,4,3,2,3,2,2,4,4,4,3,4,4,4,3,3,2,4,3,3,4,4,4,4,4,4,3,4,4,3,4,4,4,4,4,4,4,3,2,3,3,4,4,4,4,4,3,4,4,4,3,4,4,4,3,4,4,4,3,4,4,4,4,4,3,2,4,4,4,3,3,4,3,4,3,4,4,4,3,4,3,3,4,4,4,4,4,3,3,5,4,4,4,3,5,2,4,2,4,3,3,3,3,3,2,3,4,4,2,4,4,2,4,3,3,3,3,4,4,4,3,4,3,3,4,4,3,4
2,3,3,4,3,3,3,4,3,3,4,4,4,2,2,4,5,3,3,3,4,2,3,2,1,3,4,4,2,3,4,3,3,4,2,3,4,4,2,3,3,4,4,2,4,4,4,3,2,2,4,2,3,3,4,4,3,3,3,3,4,4,4,4,3,4,3,2,4,4,4,2,3,3,4,3,3,4,4,3,4,3,3,4,4,2,3,4,4,2,2,3,4,4,4,4,4,4,4,3,2,3,4,4,2,3,3,3,3,3,4,3,3,4,4,2,4,4,4,4,3,3,4,4,3,4,4,4,3,4,4,3,2,2,3,4,3,2,4,4,4,4,3,2,2,5,3,4,4,3,4,3,4,2,4,4,2,3,4,4,3,3,2,4,3,4,4,4,4,2,3,4,4,4,3,4,4,4,3,2,4,4,4,4,3,4,4,3,3,3,4,4,4,3,4,4,4,4,2,4,4,4,4,4,2,4,3,2,2,4,2,3,2,2,2,3,3,4,4,3,3,4,4,4,4,3,3,4,2,3,4,3,3,3,4,3,4,4,3,3,4,4,3,4,4,4,4,4,4,4,4,3,2,4,4,4,4,4,4,4,3,2,3,4,4,4,4,4,4,3,2,3,3,4,4,4,4,3,4,4,4,4,3,4,4,4,4,3,3,4,4,4,4,3,3,4,4,3,4,4,4,4,4,4,4,4,4,4,4,4,4,4,3,4,4,3,4,2,3,2,3,4,4,2,3,4,4,4,3,3,3,4,2,3,4,4,3,4,2,3,3,4,3,4,4,4,3,4,4,3,3
3,3,4,2,4,4,3,4,2,4,4,3,3,2,3,4,4,5,4,4,4,4,1,4,3,2,3,4,3,2,4,2,2,3,4,4,4,2,4,4,3,4,2,5,4,4,2,3,2,2,4,4,4,2,2,4,3,3,2,4,4,4,3,4,4,4,4,2,3,2,3,3,3,3,4,3,4,3,3,3,4,2,3,3,2,2,4,4,3,3,3,3,2,4,4,4,4,4,4,4,4,2,2,4,4,4,2,2,4,3,4,3,2,4,4,4,4,4,3,4,4,4,4,4,2,4,4,4,4,4,4,2,2,4,4,4,2,4,4,2,2,4,4,4,2,3,2,4,4,2,2,4,5,3,4,4,4,4,2,4,4,4,4,4,2,4,4,3,3,2,3,4,3,4,4,4,4,4,4,4,4,3,4,4,3,3,4,4,3,4,4,4,4,4,4,4,4,4,3,3,4,4,4,3,3,4,3,2,2,2,2,2,2,3,2,3,3,4,4,3,3,4,4,3,4,4,4,3,3,2,2,2,3,3,4,2,4,4,2,4,3,4,3,3,4,4,3,4,4,4,4,2,4,3,4,4,4,4,2,4,4,4,3,4,4,4,4,4,4,4,4,4,3,4,4,4,5,4,4,4,4,4,4,4,4,4,4,4,4,4,4,4,3,3,4,4,4,4,4,4,3,3,4,4,3,3,4,4,4,4,4,5,5,4,4,4,4,4,3,3,2,3,4,3,3,3,3,4,4,3,3,2,2,3,3,2,4,4,3,3,2,4,4,4,3,4,4,4,3,4,4
4,3,4,3,3,4,3,3,4,3,4,3,2,2,2,3,4,4,3,3,4,4,1,2,3,3,2,4,4,2,3,4,3,4,4,4,2,2,3,4,2,3,4,5,4,4,3,3,2,2,3,2,4,3,2,3,4,3,3,3,2,2,3,4,3,4,4,3,3,2,2,2,2,4,4,4,4,4,2,2,4,4,4,4,4,4,4,4,3,2,2,3,2,4,4,4,4,4,3,4,4,3,2,2,4,4,4,4,4,3,4,4,4,3,4,3,4,4,3,3,4,3,3,4,4,4,4,4,3,4,4,2,2,4,4,2,2,2,2,2,4,2,3,4,2,2,3,2,4,2,4,3,2,4,4,4,4,3,3,4,4,4,3,3,2,3,3,2,2,3,4,4,4,3,3,4,4,2,4,3,3,4,4,3,4,3,2,4,2,3,2,3,2,4,4,4,4,3,3,4,4,3,4,4,4,4,3,2,2,3,2,3,3,3,4,3,2,3,3,3,4,4,4,3,4,4,3,3,3,4,4,4,4,4,4,3,4,4,2,3,3,4,4,3,4,4,4,4,4,4,4,3,4,3,4,2,4,3,2,4,4,3,3,4,4,4,3,4,4,4,4,4,4,4,4,4,5,4,4,4,5,4,4,4,4,4,4,4,4,4,3,4,4,3,3,4,4,4,4,4,2,3,4,2,4,4,4,4,4,4,4,2,3,4,4,4,4,4,3,2,3,3,4,4,4,4,3,4,4,4,4,2,2,3,3,3,4,4,4,2,2,4,4,3,4,3,3,4,4,4,4
3,4,4,4,2,4,4,3,4,2,3,3,3,2,3,3,3,3,3,3,3,3,3,2,2,3,2,4,3,4,4,2,4,4,2,4,4,4,4,2,5,4,3,3,2,4,2,3,3,3,4,3,3,3,3,4,4,4,4,3,2,2,4,2,4,3,3,3,2,4,2,3,4,4,4,4,4,4,3,2,2,3,4,4,4,4,2,4,4,2,3,4,4,3,4,4,3,3,3,4,4,3,3,2,4,4,4,4,3,2,2,4,3,2,3,2,3,4,3,4,4,4,3,4,4,4,3,2,4,2,4,3,4,4,4,2,4,4,2,4,4,4,4,4,2,2,2,2,4,2,5,2,2,4,4,3,3,4,4,4,2,4,3,3,5,1,2,3,2,4,2,4,3,4,3,4,4,2,2,4,2,4,3,3,4,4,4,4,3,3,3,4,4,3,4,3,4,3,3,4,3,4,4,4,3,4,4,2,2,4,2,2,4,4,3,4,4,3,2,3,4,3,4,4,2,4,4,3,3,4,4,3,4,4,3,3,4,4,3,2,3,4,4,4,4,4,4,4,4,4,4,4,3,3,4,4,4,4,3,4,4,3,3,4,4,4,3,4,4,4,4,4,4,4,4,4,4,3,5,4,5,4,4,4,3,4,4,4,4,4,3,4,4,4,4,4,3,4,4,4,4,4,3,4,4,4,4,4,4,3,3,3,4,4,3,4,4,4,4,4,4,3,4,4,3,4,4,3,3,3,3,3,4,4,4,4,4,4,4,3,2,3,4,4,3,2,2,4,4,3,4
3,2,2,2,2,2,2,3,3,2,3,2,2,1,3,3,3,3,3,2,3,3,2,2,3,2,2,3,4,4,4,3,4,3,2,3,4,2,3,4,4,2,3,4,2,3,4,2,3,3,4,4,3,2,3,4,3,4,4,2,2,3,4,3,2,4,4,3,2,5,3,4,4,2,3,4,2,4,4,2,2,3,3,4,3,2,2,2,4,4,4,3,4,4,4,4,2,2,2,4,3,2,3,4,4,4,3,4,3,3,3,3,4,2,3,3,3,3,4,2,4,4,4,4,4,4,4,4,4,2,4,4,5,3,3,4,4,4,4,4,4,4,3,2,4,3,3,3,2,4,4,2,3,4,3,2,4,3,3,4,4,4,2,2,2,4,4,2,3,3,2,4,4,2,3,4,3,4,3,2,4,2,4,4,4,4,4,2,4,2,4,1,5,4,4,3,3,4,4,4,3,4,4,4,4,4,4,4,4,4,3,4,3,4,4,4,4,2,2,3,4,3,3,3,3,4,3,3,4,4,4,3,3,3,3,4,4,4,4,4,3,4,4,3,4,4,4,4,4,4,4,4,3,3,3,4,4,4,4,4,4,3,4,4,4,4,4,4,3,3,4,3,4,4,4,4,4,4,4,4,4,4,4,4,4,4,4,4,3,4,4,4,3,4,4,4,3,3,5,3,3,3,4,4,3,4,4,4,3,4,4,3,4,4,4,4,3,4,3,3,4,4,4,3,2,2,3,4,4,4,4,4,2,2,4,4,3,4,3,3,3,3,2,3,3,4,3,3,4,4,2
3,3,3,3,3,3,4,4,3,2,2,2,2,2,3,3,2,2,2,2,2,3,2,3,4,2,3,2,3,4,3,3,3,3,4,3,4,2,4,4,2,3,4,1,4,2,3,5,2,2,2,4,4,4,2,2,4,3,2,5,2,3,4,2,4,2,4,3,4,4,3,2,2,3,2,3,2,4,4,4,2,3,3,3,2,2,2,2,3,4,4,4,4,4,4,4,3,3,2,2,2,4,4,4,4,4,2,4,4,4,4,3,2,3,4,3,3,2,2,4,4,4,4,4,4,4,4,3,3,4,4,4,4,4,3,4,4,4,5,4,4,4,4,4,4,3,3,2,3,2,2,3,4,2,4,4,4,3,3,4,4,4,2,2,4,4,2,3,4,4,3,4,2,4,3,4,4,2,3,4,4,4,4,4,4,2,4,2,4,3,3,4,2,3,4,3,4,4,4,4,2,4,4,4,3,2,4,3,3,4,4,4,3,4,2,3,2,3,3,2,2,3,4,3,4,3,4,3,4,4,4,2,3,3,3,3,4,4,4,4,4,4,4,3,4,4,4,4,4,4,4,4,4,2,4,3,3,4,4,4,4,3,4,2,3,4,4,3,3,4,4,3,4,4,4,4,4,4,4,4,3,4,4,4,4,3,4,4,4,4,4,4,2,4,4,3,4,3,4,4,3,3,4,4,3,4,4,4,3,4,4,4,4,3,5,3,4,4,3,4,4,4,3,4,3,4,3,4,4,4,4,2,4,2,3,4,3,2,2,4,4,3,3,3,4,2,4,4,3,4,2
3,3,4,3,3,2,3,3,4,3,4,3,2,4,4,3,3,3,4,3,3,4,3,4,3,2,2,4,4,4,4,4,3,3,3,4,4,2,3,3,2,3,2,3,2,2,4,3,2,3,2,2,2,3,3,2,2,4,3,3,4,3,4,3,4,4,4,3,3,3,4,2,4,3,2,3,4,4,4,4,4,2,2,2,3,2,4,4,3,3,3,4,4,4,4,4,4,4,4,3,3,4,3,3,4,3,4,4,4,4,3,4,3,2,4,4,4,3,3,4,4,4,4,4,3,4,4,4,4,4,4,4,4,4,4,4,4,4,4,4,4,4,5,4,4,4,4,4,3,3,3,3,3,2,3,4,4,3,4,4,4,3,3,4,4,2,4,4,3,4,3,4,3,4,4,4,3,4,2,3,4,4,3,3,4,3,4,4,3,2,4,2,4,4,4,3,4,4,4,4,4,4,3,3,4,4,2,4,4,3,4,4,3,4,3,4,4,4,3,3,2,4,4,4,4,4,4,3,2,4,3,3,2,3,4,3,4,4,4,4,4,4,4,3,4,4,4,4,4,4,4,4,4,2,4,3,2,3,4,4,4,4,4,4,3,4,4,3,4,4,3,4,4,4,4,4,4,3,2,4,3,4,4,4,4,3,4,4,4,4,3,3,3,4,3,4,4,4,4,5,4,4,4,4,3,3,4,4,4,3,3,4,4,5,4,2,4,2,4,4,4,4,3,3,3,3,4,4,3,4,4,4,2,4,3,4,2,3,2,4,4,3,3,2,4,4,4,4,3,4,3
4,4,4,2,3,3,3,3,4,3,3,2,2,3,4,4,3,3,2,3,3,2,2,4,2,2,3,4,3,3,2,4,4,3,2,2,2,3,3,3,2,4,2,2,3,3,4,4,3,3,3,3,2,2,2,2,3,4,4,4,4,3,4,4,4,3,2,4,4,2,4,4,2,2,4,3,4,3,3,4,4,3,4,2,4,4,2,4,2,3,3,4,4,4,4,5,4,4,4,4,4,2,2,5,4,4,4,3,4,4,4,4,4,4,4,2,3,4,2,4,4,4,4,3,4,4,4,4,3,3,4,3,4,4,4,4,4,4,4,4,4,4,4,4,3,3,3,4,4,3,3,3,3,2,4,4,2,3,4,4,3,4,4,2,3,4,4,4,3,4,3,2,4,3,4,4,3,3,2,4,5,4,4,3,3,4,4,3,3,4,3,4,4,3,3,4,4,2,3,3,3,4,4,4,3,3,4,3,4,4,3,4,4,3,4,3,4,3,2,3,4,4,3,3,3,4,4,3,3,3,2,2,4,3,4,2,4,3,4,4,2,2,4,4,4,4,4,3,3,4,4,4,3,3,4,3,4,4,4,4,4,4,4,4,2,3,4,4,4,4,4,4,4,4,4,4,4,4,3,3,4,4,4,3,4,4,4,4,4,4,4,3,4,3,4,4,4,4,4,4,4,4,4,4,4,4,4,4,3,3,4,3,3,4,4,4,4,2,4,4,4,2,3,3,4,4,3,3,3,4,4,4,4,4,2,4,4,2,4,4,3,4,2,3,3,4,4,4,4,4,4
4,4,3,4,4,2,4,2,4,2,3,2,3,3,3,4,4,3,3,4,4,4,3,2,2,4,2,4,3,3,4,4,4,4,2,2,3,3,3,4,4,4,2,2,3,4,2,4,2,2,3,3,4,4,4,2,3,4,3,4,4,4,4,3,4,2,2,4,4,2,2,3,4,4,3,2,4,4,4,4,3,3,3,4,4,4,4,4,2,3,3,4,4,4,4,4,4,4,4,4,4,4,4,5,4,4,2,3,4,4,4,4,4,4,4,4,2,4,4,4,4,4,3,4,4,4,4,4,3,4,4,2,5,4,4,4,4,4,4,4,4,3,4,3,4,4,4,4,4,4,2,3,2,4,4,4,4,4,4,4,4,3,4,4,4,4,4,4,4,2,4,2,2,4,4,3,4,3,3,4,4,3,4,3,2,3,4,3,4,4,3,3,3,2,3,4,4,3,4,3,4,4,4,4,3,4,2,2,3,4,3,5,4,3,3,3,4,3,4,3,4,4,3,3,2,2,4,2,3,2,4,2,4,3,3,3,4,4,3,3,4,4,4,4,4,3,4,4,4,4,4,4,4,4,3,3,4,4,4,2,3,4,4,4,4,3,4,3,3,3,5,2,4,4,4,4,4,4,4,4,4,4,4,4,4,4,4,4,3,4,4,4,3,3,4,4,4,4,4,4,4,4,3,3,4,4,3,4,4,3,4,4,3,3,4,4,4,2,3,4,3,3,2,3,4,4,4,4,3,3,4,3,4,2,4,4,3,4,3,4,4,2,3,4,4,4,3,3,4,4,4
3,4,4,3,4,2,4,4,2,4,3,2,3,3,2,3,4,4,4,3,4,4,4,3,2,2,4,4,2,4,2,4,3,4,2,3,3,2,3,4,2,3,2,3,2,4,3,4,3,2,2,3,3,4,4,4,4,4,3,3,4,4,3,4,2,2,3,4,3,4,4,4,3,3,4,4,4,4,4,4,2,2,4,3,2,3,3,4,3,3,3,4,4,4,3,4,3,4,4,4,4,4,4,4,3,3,3,4,4,4,4,3,3,4,4,4,2,2,4,4,4,4,2,4,4,4,4,4,4,4,2,3,4,4,2,2,2,2,4,4,4,4,5,4,5,4,4,5,4,5,2,3,4,4,3,4,4,3,4,4,4,3,4,3,4,4,4,4,4,4,4,3,3,2,3,3,4,4,4,4,4,2,2,4,3,3,2,4,4,4,4,3,4,4,3,4,4,4,2,4,4,3,4,4,3,3,2,3,2,2,3,4,2,2,2,4,4,4,4,3,2,2,2,2,2,4,4,2,4,4,4,2,4,3,4,4,4,4,4,3,4,4,3,4,4,4,5,4,3,3,3,4,4,4,4,4,4,3,3,4,3,2,4,4,5,3,4,3,4,3,4,2,4,4,4,4,4,4,4,4,4,4,4,4,4,4,4,4,3,4,4,4,4,4,4,4,4,4,4,4,4,4,3,4,4,3,3,4,4,3,4,3,4,4,4,4,4,3,3,4,4,4,4,4,4,4,4,4,3,4,4,2,3,4,4,3,3,4,4,3,4,3,4,4,4,4,4,4,3,4,4
4,3,3,3,3,3,1,4,3,4,4,5,2,4,4,4,4,3,2,4,3,2,4,4,4,4,4,2,4,3,4,1,4,4,4,2,3,3,2,2,3,4,3,3,2,4,2,4,3,3,2,2,4,3,3,4,3,2,3,3,4,4,4,4,4,3,4,4,4,4,4,5,5,4,4,4,3,3,5,4,4,3,3,3,2,4,4,2,4,4,2,3,3,4,4,2,3,4,4,3,4,4,4,4,4,4,3,4,5,5,3,3,2,2,4,4,4,2,4,4,4,4,4,4,3,3,4,3,4,2,4,3,3,4,4,4,4,2,4,4,4,4,4,4,3,3,4,4,3,4,3,4,4,4,4,4,4,3,4,4,4,4,4,2,3,2,4,3,3,4,4,3,4,4,3,4,4,3,3,4,2,4,2,2,4,3,3,3,4,3,3,4,3,3,4,4,4,3,3,4,4,4,4,4,3,4,3,3,3,4,3,4,4,3,2,4,3,3,2,4,4,3,2,2,4,3,2,4,4,5,3,3,3,4,4,4,4,4,4,3,4,4,4,4,4,4,4,4,2,4,2,4,4,4,4,4,4,4,4,4,4,4,4,4,4,4,4,4,4,2,4,4,4,4,4,4,4,4,4,4,4,4,4,3,3,4,4,5,4,5,2,4,4,4,3,4,4,4,4,4,4,4,4,4,3,3,4,4,3,4,4,3,4,3,4,4,4,4,4,4,3,3,4,4,4,4,4,4,4,3,4,4,3,4,4,3,4,4,4,4,4,4,3,4,4,4,4,3,3,4,4
4,5,4,2,2,3,3,2,4,4,5,2,2,4,3,4,3,4,3,3,3,3,4,4,2,2,4,4,4,2,3,3,2,4,4,2,4,4,3,2,4,4,2,2,3,4,4,2,4,4,3,3,4,3,3,2,2,2,4,4,4,4,4,4,4,4,3,5,3,3,4,4,5,4,2,3,4,4,4,3,3,2,3,3,2,4,4,4,2,4,3,3,4,4,4,2,3,4,3,2,4,4,4,4,4,2,4,4,4,3,4,4,3,3,2,3,4,3,4,4,4,4,3,3,4,4,3,3,4,2,2,4,2,3,4,4,4,4,4,4,4,3,4,4,2,3,4,4,4,3,4,3,3,3,3,4,4,4,3,4,4,4,4,4,4,3,4,3,4,3,3,4,4,4,3,3,4,4,3,3,4,3,3,4,3,3,2,3,4,3,4,4,3,4,4,3,4,4,3,3,4,4,4,3,4,3,3,3,3,4,3,2,4,2,3,4,3,3,4,3,2,3,4,4,4,4,4,4,4,4,3,3,4,4,4,4,3,3,4,3,4,5,4,3,4,5,4,4,3,3,4,4,4,4,4,4,2,4,4,4,3,2,4,4,4,4,4,4,4,4,4,4,4,4,4,3,4,4,4,4,4,4,4,4,3,3,4,4,4,4,3,4,4,4,2,4,4,4,4,4,4,4,4,4,3,3,4,4,3,4,4,4,4,2,4,4,4,4,3,4,3,4,4,4,4,4,4,4,4,3,3,4,3,4,4,3,4,4,4,4,4,4,4,4,4,3,4,4,3,4,4
3,4,4,3,4,4,2,2,4,4,3,3,2,4,3,3,4,4,3,3,3,4,2,4,3,3,3,3,3,4,2,3,4,4,4,4,2,4,2,3,4,3,3,4,3,2,4,3,3,4,2,2,2,2,3,3,2,4,4,4,4,4,4,3,2,4,2,4,2,3,4,3,4,3,2,4,4,3,3,4,3,2,4,3,2,4,2,4,4,4,5,3,3,4,4,4,4,4,4,3,4,4,4,3,3,4,4,4,4,4,3,4,4,3,2,4,4,4,4,4,4,4,2,4,4,3,4,4,3,4,4,4,4,2,4,4,2,4,4,3,4,4,4,2,4,4,4,4,4,2,3,3,2,2,3,3,3,4,2,3,4,4,4,4,4,4,4,3,4,2,4,2,4,2,4,3,3,3,4,4,4,3,3,4,4,3,3,3,2,3,3,4,4,4,4,4,4,4,3,3,3,4,4,4,3,4,4,2,4,3,4,2,2,3,2,3,4,3,2,4,4,3,2,3,4,2,4,4,4,4,3,3,2,4,2,4,4,3,4,4,4,4,4,4,4,4,4,4,4,4,4,4,4,4,4,4,4,4,4,4,4,4,4,3,4,4,4,4,3,4,4,4,3,2,5,4,3,4,5,4,4,4,4,3,4,4,4,4,4,4,5,4,2,3,4,2,4,4,4,5,3,3,4,3,4,4,4,3,2,3,4,4,4,4,4,4,4,4,3,3,4,4,4,4,4,4,4,4,4,3,2,4,3,3,4,4,4,4,4,4,4,4,3,4,4,4,4,3,3,4,4
3,3,3,2,4,2,3,3,2,3,3,3,2,4,4,4,3,3,4,4,3,3,2,4,4,3,4,2,2,3,2,2,4,4,4,5,2,3,3,4,4,4,4,4,4,4,4,4,3,2,3,2,4,3,2,3,3,3,4,2,4,4,4,3,3,2,3,3,4,4,3,2,2,4,4,4,3,3,4,4,3,3,2,2,4,3,3,4,3,3,4,4,3,2,3,4,3,4,4,2,4,3,4,4,4,4,4,3,3,3,3,4,4,2,3,4,4,3,4,4,4,4,4,4,2,4,4,4,4,2,2,4,3,4,3,2,4,3,4,3,4,4,2,2,2,4,4,4,4,4,3,3,3,4,4,4,4,4,2,2,4,4,3,4,4,2,3,4,3,4,4,3,4,3,4,4,3,3,4,4,4,4,2,3,2,3,3,3,2,4,4,4,4,3,3,4,3,4,2,3,4,2,4,4,4,4,3,4,4,4,3,3,2,2,4,3,3,4,3,2,4,4,4,2,4,3,4,5,4,4,4,3,3,4,4,3,4,4,3,4,4,3,4,4,4,4,4,5,4,4,3,4,4,4,2,4,5,4,4,4,4,4,4,4,4,4,4,4,4,4,4,4,3,4,4,4,4,4,4,4,4,4,4,4,4,4,4,4,4,4,3,4,3,4,4,3,5,4,4,4,4,2,3,3,4,4,3,3,3,3,4,4,4,4,4,4,4,3,4,3,4,4,4,3,4,4,3,4,4,4,4,3,4,3,3,4,4,4,4,4,4,4,4,4,4,4,4,3,4,4,4
2,4,2,2,3,1,5,3,4,2,5,2,4,3,4,4,3,4,4,4,3,4,4,4,3,4,3,2,4,3,4,3,3,3,3,4,2,2,3,4,4,4,4,3,2,3,3,4,4,4,2,2,4,3,3,4,4,4,2,3,3,2,3,3,3,3,4,4,3,4,2,4,2,3,4,3,3,4,2,2,2,2,2,3,4,2,4,4,1,4,3,3,4,3,2,3,4,4,3,4,4,4,4,4,2,4,4,4,3,4,3,4,4,4,4,4,4,4,4,4,4,2,4,4,4,4,4,3,3,4,2,4,3,3,4,4,4,3,4,4,4,3,4,4,2,3,4,4,3,4,2,4,4,4,3,3,4,4,3,3,4,3,3,4,3,3,2,4,3,3,4,2,2,4,4,2,4,4,3,4,4,3,2,3,4,3,4,3,3,4,3,3,2,2,2,3,3,4,3,4,4,3,4,4,4,2,4,3,4,3,4,2,2,3,4,3,4,4,3,2,3,4,4,2,3,4,4,3,4,4,2,4,2,4,2,4,4,4,4,3,4,4,4,4,4,4,4,2,3,4,4,4,4,4,4,4,4,4,4,4,4,4,4,4,4,4,3,4,4,4,4,2,4,4,4,4,4,4,4,4,4,4,4,5,4,3,4,5,4,4,4,4,4,4,4,4,4,4,4,4,4,3,3,4,4,4,4,3,2,3,4,4,4,4,4,4,3,2,4,4,4,4,4,3,3,4,4,3,4,4,4,2,4,3,3,4,4,4,4,4,3,4,4,4,4,4,4,4,4,4,4
3,3,3,3,3,3,4,2,3,3,4,4,4,4,5,4,3,4,4,3,3,3,4,4,2,4,3,3,4,4,2,3,3,4,3,3,4,2,2,2,3,4,4,2,4,4,3,4,4,3,3,3,2,4,3,4,4,3,2,2,3,3,3,2,2,3,2,3,4,4,2,2,2,4,3,4,3,3,4,3,3,3,3,3,2,3,2,3,2,4,4,4,4,3,2,3,4,3,2,4,4,4,4,2,2,4,4,4,4,4,3,3,4,4,3,3,3,4,4,4,4,2,4,4,4,3,4,4,4,3,2,4,3,4,4,2,4,4,4,4,3,4,4,2,4,3,3,5,3,4,3,4,4,3,4,4,3,3,4,4,4,4,4,2,3,4,3,4,4,4,4,4,4,3,3,3,2,4,4,3,4,3,3,3,3,4,3,3,4,4,3,4,4,3,3,3,4,4,3,4,3,4,4,4,4,4,3,3,4,2,4,4,2,3,4,3,4,3,4,4,3,4,4,2,4,4,4,4,2,5,3,4,4,2,4,3,4,4,4,4,4,4,4,4,3,4,4,4,4,3,5,3,2,3,3,3,3,4,4,4,4,4,4,3,4,4,4,4,5,4,2,4,4,4,3,4,4,4,4,4,4,4,4,4,4,3,4,4,4,4,4,5,4,3,4,3,4,4,4,4,4,4,4,4,4,4,4,3,3,4,4,4,4,4,3,4,3,3,4,4,4,4,4,3,4,4,4,4,4,4,4,3,4,3,3,4,4,4,3,4,4,4,3,4,4,4,3,4,4,3,3
4,1,4,2,4,4,2,3,4,2,4,4,3,5,2,4,4,3,4,4,3,4,3,4,3,3,3,3,3,3,3,5,2,3,3,3,4,2,2,3,2,4,5,2,3,4,4,3,4,2,2,2,4,4,3,4,4,3,2,2,3,2,2,3,3,3,3,4,4,3,4,2,3,4,3,4,3,3,3,2,2,3,4,3,4,3,2,3,4,4,4,3,3,3,4,2,3,4,4,4,4,3,3,3,3,3,4,4,3,4,3,3,4,3,4,4,2,3,3,2,3,2,4,4,4,2,4,3,2,4,4,4,4,4,5,4,4,5,4,4,4,2,2,4,3,4,3,4,2,4,3,4,3,3,3,4,3,2,4,4,4,2,3,2,3,4,3,2,4,4,4,4,3,2,3,2,2,2,4,3,4,4,4,3,2,3,2,2,4,4,4,4,4,3,3,2,3,4,4,4,4,4,3,4,4,4,3,4,4,3,4,4,4,4,4,4,3,4,3,4,4,3,4,4,4,4,4,4,4,4,4,3,4,4,4,4,4,4,3,4,4,4,4,3,3,4,4,3,4,3,4,4,4,4,3,4,4,4,4,3,4,4,3,4,3,5,4,4,2,4,4,4,2,4,4,3,4,5,4,4,4,4,4,3,5,4,4,4,4,4,4,4,4,4,4,4,4,4,3,3,4,4,4,4,4,4,4,4,3,4,3,4,4,4,4,3,4,3,2,3,4,3,4,4,4,3,4,4,4,4,4,4,4,4,3,4,4,3,2,4,4,4,3,4,4,4,4,4,4,3,3
3,2,3,3,3,3,2,4,4,4,4,2,3,4,2,2,4,2,2,4,4,3,3,2,2,2,2,3,2,3,3,4,2,2,4,3,3,4,3,2,2,3,4,3,3,4,2,4,4,2,4,1,2,4,4,3,4,3,2,3,3,2,2,3,2,3,4,3,5,3,4,4,2,2,4,4,3,2,4,4,2,2,3,4,2,3,3,4,3,4,4,4,3,3,2,4,4,4,4,4,3,4,4,4,4,4,4,4,4,4,4,4,4,4,4,4,2,3,3,3,4,4,3,3,3,4,4,4,3,3,4,4,5,4,4,5,4,4,4,5,3,4,3,4,5,5,2,5,4,1,4,4,4,4,3,3,4,4,3,4,4,4,2,4,2,2,2,4,4,4,1,4,4,3,2,4,4,4,4,4,3,3,4,4,2,3,2,2,4,4,4,3,3,2,3,2,4,4,4,4,4,3,4,4,4,4,4,4,4,3,3,4,4,4,3,3,3,4,3,4,4,4,4,4,4,4,4,4,4,4,2,4,4,4,3,4,3,4,4,5,4,2,4,4,4,4,2,2,5,2,4,3,4,2,5,4,4,4,4,4,4,4,4,4,4,4,4,2,4,5,3,4,4,4,4,4,5,3,4,4,4,4,4,4,5,4,4,4,4,4,5,4,4,4,4,2,4,4,4,3,4,4,4,4,4,4,4,4,3,4,3,5,4,4,4,4,4,3,2,3,4,2,4,4,3,2,4,4,4,4,4,3,3,4,3,3,4,3,3,4,4,4,4,4,3,4,4,3,3,3,4
3,4,2,4,4,3,4,2,3,4,3,2,3,2,4,2,4,3,2,4,4,3,2,2,3,3,2,3,2,4,4,4,4,3,2,3,4,4,3,3,4,4,4,4,4,2,2,4,2,3,2,3,4,2,3,4,4,3,3,4,3,4,4,4,4,3,5,3,5,3,3,3,4,3,2,2,2,2,3,2,3,4,4,5,1,2,4,2,2,4,2,4,3,2,2,3,4,4,4,4,4,2,4,3,4,4,4,4,4,4,4,4,4,4,4,4,4,4,3,2,3,4,4,3,4,4,4,2,3,4,3,3,3,4,2,3,4,4,4,4,4,2,4,5,4,4,4,4,2,4,2,3,4,4,3,4,4,4,3,3,2,4,2,4,3,3,4,4,3,3,4,2,4,4,4,4,4,2,2,3,2,3,4,2,2,4,3,4,2,4,3,3,3,2,4,4,4,3,2,4,4,3,4,4,4,3,4,4,3,4,4,3,3,3,3,2,4,4,4,3,4,4,4,4,2,3,4,3,4,3,4,4,4,4,4,4,3,3,4,4,4,4,3,4,4,3,3,4,4,4,4,3,4,4,4,4,4,4,4,4,4,4,4,4,4,4,4,4,2,5,3,4,4,4,4,5,2,4,4,4,4,4,4,4,4,5,4,4,5,4,4,4,4,4,4,4,4,4,5,4,4,4,4,4,4,5,3,4,3,4,3,4,4,4,4,4,2,2,3,2,4,4,4,2,4,4,4,4,5,3,4,3,4,4,4,3,3,4,4,4,4,4,4,4,2,4,4,4,4,3,3
3,4,3,2,3,4,3,4,3,3,3,3,3,3,4,3,3,4,4,3,4,4,2,3,3,3,3,3,2,4,3,3,3,3,2,2,4,3,3,3,3,5,2,3,3,3,3,2,4,3,3,3,4,4,4,4,5,3,4,4,2,4,4,3,4,3,4,2,4,4,3,4,2,3,2,3,4,4,2,4,4,4,3,4,3,2,2,3,3,3,3,4,4,3,4,3,4,4,3,3,2,4,4,4,4,2,5,4,4,4,4,4,4,4,4,4,4,4,4,3,4,4,4,3,4,4,4,4,3,4,3,2,2,4,3,2,4,4,4,2,4,4,3,3,3,4,3,3,4,3,3,2,4,4,4,4,2,2,4,4,3,3,3,3,4,4,3,4,4,4,4,3,3,4,3,2,2,3,2,2,2,3,4,4,2,3,4,4,3,4,4,2,3,4,4,4,4,3,2,4,4,4,3,4,4,3,4,4,4,4,2,2,3,4,4,4,4,3,3,4,3,4,4,3,4,3,4,3,3,4,4,4,4,4,4,4,4,4,4,4,3,4,2,3,4,4,4,4,3,4,4,4,4,4,4,4,4,4,4,4,4,4,4,4,3,4,3,4,4,5,4,4,4,4,4,4,4,4,4,4,4,4,4,4,5,4,4,4,2,5,4,4,4,4,4,2,4,4,3,4,4,4,4,4,4,4,4,3,4,3,4,4,4,4,4,3,4,4,4,2,3,4,4,4,4,4,4,4,4,2,4,4,4,3,4,4,4,4,4,4,4,4,4,4,4,4,4,4,3,2,3
3,2,3,2,4,3,4,4,4,4,3,3,4,3,2,4,4,3,2,3,4,4,4,3,4,4,4,2,3,3,3,3,4,3,3,3,3,3,3,3,3,3,2,2,3,3,3,3,4,4,4,3,3,3,3,4,4,3,3,4,2,2,3,3,4,3,3,4,3,3,4,3,2,3,4,2,3,4,4,3,4,3,4,4,3,3,2,4,3,3,4,4,3,4,2,4,3,4,2,3,2,2,4,3,4,3,4,2,4,2,4,4,4,3,4,4,4,3,3,3,3,3,4,4,4,3,2,4,3,4,4,2,2,4,4,4,3,3,1,2,4,4,4,3,3,3,3,4,4,2,3,3,3,4,4,4,4,4,4,4,4,3,4,4,3,4,3,3,4,3,4,4,3,4,4,3,2,2,2,2,4,4,4,2,3,3,4,4,4,5,2,3,4,4,2,4,4,3,3,4,4,4,4,3,4,2,4,4,4,2,4,2,3,4,4,4,3,3,4,4,4,2,3,4,4,2,4,4,4,3,4,4,4,3,4,4,4,4,4,4,4,4,3,4,4,4,4,5,2,3,3,4,4,4,4,4,3,3,4,3,4,4,4,4,4,4,4,4,4,4,4,3,4,4,4,4,4,4,4,4,4,4,4,4,4,3,4,4,4,4,4,4,4,4,4,5,4,4,4,4,4,4,3,4,4,4,4,4,3,3,4,3,4,4,3,4,4,3,3,4,2,4,4,4,4,4,4,4,4,4,4,4,3,4,4,4,4,4,4,4,3,3,4,4,4,4,4,4,3,3,3
3,3,3,3,3,3,4,3,3,3,4,4,3,3,4,3,3,3,3,4,2,4,3,3,3,3,4,3,4,3,4,4,3,3,4,4,4,4,2,2,3,4,2,3,3,2,4,4,4,4,3,3,3,2,3,4,4,2,3,3,2,3,3,3,4,4,4,2,2,4,4,3,4,4,4,4,4,4,4,2,3,4,2,4,4,2,4,3,3,4,4,1,3,4,3,3,3,4,4,4,4,4,4,4,2,4,2,4,4,2,3,2,3,4,5,3,3,4,4,4,4,3,4,4,3,4,3,4,4,4,2,3,3,4,4,4,3,2,2,3,4,4,4,2,2,4,4,4,4,3,4,3,2,3,4,3,2,3,4,3,4,3,4,4,4,3,2,2,3,3,4,3,2,3,4,2,2,2,4,2,4,2,2,4,3,3,4,4,4,4,4,3,2,4,3,4,4,2,4,4,4,4,4,3,2,3,4,4,4,3,3,3,4,2,4,4,3,2,4,4,3,2,3,3,4,4,4,4,4,3,4,4,4,3,4,4,3,4,4,4,4,4,4,4,4,4,4,4,2,4,4,4,4,3,4,4,3,4,4,4,4,4,4,4,4,4,3,4,4,4,4,4,3,4,4,4,4,4,4,4,4,4,5,4,4,4,4,3,4,4,5,4,3,4,4,4,4,3,4,4,4,4,4,3,4,4,4,4,2,3,2,4,2,4,4,3,4,4,4,4,3,4,4,4,4,4,3,4,4,4,4,4,4,4,4,4,4,4,4,4,4,4,4,4,4,4,4,4,3,3,3
3,3,2,4,2,3,2,3,2,3,2,4,4,4,4,2,4,4,3,4,3,4,3,3,3,3,3,4,5,2,4,3,2,3,4,4,3,2,2,3,3,3,2,2,2,3,3,3,3,4,3,3,4,3,2,3,4,2,2,3,3,3,4,4,5,4,4,3,4,3,4,4,4,4,4,4,4,4,3,3,2,2,3,4,2,2,4,4,4,4,3,2,3,4,2,3,2,3,4,4,3,3,4,2,4,4,3,3,2,3,2,4,3,2,2,4,4,4,4,3,3,3,3,3,3,4,4,3,4,3,4,3,2,2,2,2,3,2,3,4,5,4,4,3,2,5,2,4,4,3,4,4,4,4,4,4,3,3,3,4,3,4,4,2,4,3,4,3,3,3,3,3,3,2,2,2,4,4,4,3,2,3,3,2,4,4,4,3,2,4,3,3,2,4,4,3,4,4,4,4,4,3,3,3,2,3,4,4,4,3,3,4,2,4,3,4,4,3,4,4,4,3,2,3,4,4,4,4,4,3,3,4,4,4,3,3,4,4,3,4,4,3,4,4,5,4,4,4,4,4,4,5,4,4,4,3,4,4,2,4,4,3,4,4,4,4,4,3,4,4,3,4,4,4,3,4,4,4,4,4,5,4,4,5,4,4,4,4,4,4,2,4,4,4,4,4,4,4,4,4,4,3,4,4,4,4,4,4,3,3,3,2,4,4,4,3,2,4,3,3,3,4,4,4,4,4,4,4,4,4,4,2,4,4,4,4,4,4,4,4,3,3,4,4,4,4,4,3,4,3,2
2,2,4,2,3,3,2,3,1,4,2,4,4,4,2,4,3,4,4,4,5,4,3,4,2,2,5,3,3,2,4,2,3,4,3,4,4,2,4,4,4,2,2,1,3,3,3,4,3,3,2,4,2,3,3,3,4,4,4,3,2,3,4,3,4,4,3,4,4,4,3,4,3,4,3,2,3,4,3,2,3,4,4,3,2,3,3,4,4,4,4,4,4,2,3,2,3,3,3,2,3,4,4,3,3,4,4,2,2,2,3,2,2,4,4,3,4,2,2,3,2,4,4,4,3,3,4,4,3,3,4,4,2,3,3,2,3,3,4,4,4,4,3,2,4,4,2,4,4,2,5,4,4,5,2,3,4,4,3,4,4,3,3,3,4,4,3,3,3,2,3,3,2,3,2,2,4,4,4,3,3,3,3,2,4,3,4,3,2,4,4,2,2,4,3,2,4,4,3,4,4,2,4,3,3,3,2,3,3,3,4,2,2,4,4,4,4,3,2,4,4,4,4,3,4,4,4,4,3,3,4,4,3,3,3,4,4,4,4,4,4,4,4,4,4,4,4,4,4,4,4,4,4,4,4,4,4,4,4,4,4,4,4,4,4,2,3,4,5,4,4,3,3,3,5,4,4,4,4,4,4,4,5,4,4,4,4,4,4,2,4,4,4,4,2,5,4,4,3,3,4,4,4,4,4,4,4,2,4,3,4,3,4,2,4,4,4,3,3,4,4,4,4,4,4,4,4,4,4,4,4,4,3,4,4,4,4,4,4,4,4,3,4,4,4,4,4,4,3,4,4
2,4,2,4,3,2,3,2,3,3,3,3,3,3,4,4,5,3,3,4,3,2,4,2,4,4,4,2,3,3,4,2,4,3,4,3,4,2,2,2,4,3,3,3,2,4,4,2,3,2,3,1,3,3,2,3,4,4,4,3,2,2,4,2,3,3,4,4,4,3,4,4,3,4,4,3,3,4,4,4,4,4,2,3,4,4,2,4,4,4,2,4,4,3,1,2,3,3,2,3,3,3,4,4,4,4,2,4,2,4,4,3,2,3,4,4,3,3,3,3,3,3,4,4,4,3,4,4,4,4,4,4,3,3,2,2,2,4,2,3,3,3,4,4,4,4,4,2,4,4,2,3,4,4,1,4,3,3,3,2,4,3,3,3,4,4,3,3,2,3,3,3,3,2,2,2,3,2,2,2,3,1,2,4,3,4,3,2,4,4,2,2,3,4,3,3,4,4,4,4,4,4,4,4,4,4,4,3,2,3,4,3,2,4,4,3,4,3,2,2,4,4,4,3,3,4,4,4,3,4,2,3,3,4,4,4,3,3,4,4,4,4,4,4,4,4,4,5,3,4,4,4,4,4,4,4,4,4,4,4,4,4,4,4,4,3,4,4,4,4,4,4,5,4,4,4,4,4,4,4,4,4,5,4,4,4,4,4,4,4,4,3,4,5,4,4,4,4,3,3,4,4,3,4,4,4,4,4,4,4,4,4,3,4,4,2,4,4,2,4,4,4,4,3,3,4,4,4,4,3,4,4,3,4,4,4,4,4,5,4,3,4,2,4,4,4,3,3,3,4,4
2,4,4,2,4,2,2,3,3,5,2,1,3,4,4,3,2,3,2,3,4,3,4,4,4,3,2,3,2,3,4,3,3,3,4,3,3,2,3,4,3,3,2,3,3,4,2,2,2,3,2,3,3,2,4,4,4,2,4,4,2,2,4,3,4,4,4,3,4,4,5,2,4,4,4,3,4,4,4,4,4,3,2,3,3,4,4,4,4,4,3,2,4,4,2,2,3,4,4,4,4,3,4,4,3,4,2,3,3,3,4,4,4,3,3,4,3,4,4,4,4,4,4,3,4,3,2,4,4,4,3,4,2,2,4,2,2,3,3,3,3,3,4,3,2,4,3,2,3,4,4,2,3,2,5,4,3,2,3,3,2,4,4,3,4,4,3,3,2,3,3,3,3,2,2,3,3,3,2,2,3,3,4,4,3,4,2,3,3,4,4,3,2,3,4,3,4,2,4,4,4,4,3,3,4,3,4,3,2,4,3,2,3,3,4,3,2,2,2,3,4,4,4,4,4,3,4,4,4,4,3,4,4,4,3,3,4,4,4,4,4,4,4,4,4,4,4,5,3,4,4,4,4,4,4,4,4,4,4,4,4,3,4,4,4,4,4,4,4,4,4,4,4,4,2,3,4,4,4,4,4,4,4,4,4,4,2,4,3,4,4,4,4,3,4,4,3,4,4,4,4,3,4,4,4,3,4,4,4,4,4,3,3,4,3,4,3,2,4,4,3,4,3,4,4,3,5,4,4,4,3,4,2,4,4,4,4,4,4,4,4,4,4,3,2,4,3,3,4,2,3
4,2,3,4,3,4,2,4,1,1,3,3,4,4,2,3,4,4,4,2,4,4,3,4,3,3,4,3,3,2,3,3,4,4,4,3,3,3,3,3,3,4,4,2,4,3,3,4,4,3,2,3,3,3,4,4,2,3,3,2,3,2,3,3,3,3,2,4,3,3,4,3,2,2,3,2,4,4,4,4,4,3,3,1,3,4,4,4,4,2,3,4,2,4,4,4,3,4,4,3,4,2,4,3,3,4,4,3,3,2,4,4,4,4,4,3,3,4,4,4,4,4,2,3,3,4,3,4,2,4,4,4,3,4,2,3,3,2,4,3,4,4,4,3,2,3,3,2,4,4,3,4,4,4,2,2,3,4,3,2,2,3,2,2,2,4,2,3,4,4,4,2,2,2,3,2,2,3,3,3,3,2,4,3,3,4,4,2,2,4,2,3,4,4,4,4,4,4,4,4,3,4,2,3,3,4,4,3,2,4,3,2,3,4,2,3,3,4,3,3,4,2,4,4,4,4,3,4,4,3,4,4,4,4,4,4,4,4,4,4,4,4,4,5,4,4,4,4,4,4,3,4,4,4,4,4,4,4,4,4,3,3,4,4,4,4,2,4,4,3,4,4,4,4,3,4,4,4,4,4,4,4,4,4,4,4,4,4,4,4,4,4,3,4,4,4,3,4,4,4,4,4,4,4,4,4,4,4,4,4,4,4,3,2,4,2,2,4,4,4,3,4,4,4,4,4,4,5,2,4,2,4,2,5,3,5,5,4,4,4,4,4,4,2,3,3,4,4,4,4,2
3,4,3,5,2,4,1,1,3,3,4,3,3,3,3,3,3,4,4,3,3,2,3,4,3,4,3,3,3,4,2,4,3,3,3,3,2,3,3,1,3,4,2,4,3,2,4,3,4,4,3,3,3,3,3,3,3,3,3,2,2,2,4,4,2,2,2,4,4,2,4,4,2,2,2,3,3,4,3,3,2,4,2,3,4,4,3,4,3,2,4,4,4,3,4,4,3,4,4,4,4,3,4,3,4,4,4,3,2,4,4,4,2,3,4,3,3,3,4,4,4,4,4,4,2,4,3,4,3,4,2,4,4,2,2,3,3,2,3,3,3,2,3,4,4,2,3,2,3,4,4,3,4,4,3,4,3,3,3,3,3,2,2,4,4,3,3,2,4,3,3,4,3,2,3,2,3,3,3,3,3,3,3,4,2,3,4,2,4,4,3,4,3,3,2,2,4,4,4,4,4,4,3,4,2,4,4,2,3,4,4,3,2,4,4,4,4,2,4,3,2,3,5,4,3,3,3,4,4,3,4,4,4,4,4,4,3,4,4,4,4,4,4,4,4,4,3,4,3,4,4,4,4,4,4,4,4,4,4,4,4,2,3,4,3,4,4,4,4,4,4,3,4,4,4,4,4,4,4,4,4,4,4,4,4,4,4,4,4,4,4,4,2,4,4,2,2,4,4,4,4,4,4,4,4,4,4,4,3,4,4,4,3,4,4,2,3,4,4,3,4,4,4,4,3,4,3,3,4,4,3,4,3,4,3,4,4,4,3,4,4,4,4,4,4,4,4,3,4,4,4
3,4,4,2,3,2,2,3,1,4,3,2,3,3,3,4,4,2,2,4,3,4,5,2,4,3,3,4,3,4,3,2,3,3,3,2,2,3,3,3,3,4,2,1,3,4,2,2,3,4,3,2,3,2,3,4,2,2,3,4,3,3,3,3,4,2,3,2,4,2,4,2,3,3,3,4,3,4,3,2,3,4,3,3,3,4,3,3,3,4,4,3,4,2,2,4,4,4,4,4,4,4,4,4,3,2,3,2,4,3,4,3,4,4,3,3,3,4,4,4,4,4,4,4,4,4,4,4,3,3,4,2,2,3,2,3,3,2,4,4,4,4,4,4,4,3,3,4,3,4,4,4,4,4,2,3,4,3,3,2,2,3,3,2,2,3,3,3,2,4,4,2,3,2,3,4,2,3,3,3,3,2,3,3,2,3,2,2,3,4,4,3,2,3,3,2,4,4,3,4,4,4,3,4,3,3,4,3,4,4,4,2,2,4,4,3,3,4,3,2,3,4,4,2,3,3,2,2,4,4,4,3,4,4,3,3,3,4,4,4,4,4,4,4,4,4,2,4,3,4,4,4,4,4,3,4,4,4,4,4,4,3,4,4,4,4,4,4,4,4,4,4,4,4,4,2,2,4,4,4,4,4,4,3,4,4,3,4,3,3,4,4,3,4,4,3,4,4,4,4,4,4,4,4,4,3,3,4,3,3,4,3,4,4,3,4,4,3,4,4,4,4,4,4,4,4,3,4,3,4,4,2,4,3,3,4,4,4,5,4,4,3,4,4,4,3,4,2,4,3,4
4,2,3,4,2,3,3,3,2,2,1,4,4,3,3,2,4,4,4,4,4,3,2,4,3,3,4,3,3,3,2,4,2,3,4,2,2,4,2,3,2,2,3,2,2,2,2,3,3,4,4,3,3,2,3,3,3,3,2,4,3,3,2,2,2,3,3,2,3,4,4,3,4,3,2,4,3,4,4,3,3,3,3,2,2,4,4,3,3,4,4,4,3,3,2,4,2,4,3,2,4,3,2,4,3,2,3,2,4,2,4,4,4,3,2,4,2,3,4,4,4,4,4,4,2,3,4,3,3,4,4,4,2,3,2,3,2,3,4,4,4,4,4,3,3,5,2,4,5,4,2,3,2,2,3,3,2,2,2,3,3,3,3,3,3,3,2,3,2,3,2,2,3,4,2,4,2,2,2,3,2,3,3,3,2,2,4,3,3,4,4,3,3,3,3,3,4,4,4,4,4,3,4,3,3,4,3,3,4,4,2,3,3,4,4,4,3,2,4,2,2,3,3,4,4,2,4,2,4,4,2,3,2,3,4,3,4,4,4,4,4,4,4,4,3,3,4,3,4,4,4,4,4,4,3,4,4,4,4,4,4,4,4,4,4,2,4,3,3,3,4,3,4,4,4,3,4,4,4,4,4,4,4,4,4,4,3,3,4,4,3,4,4,3,4,4,4,4,4,4,4,4,4,4,4,4,4,4,4,4,4,4,4,3,4,4,4,3,4,4,4,3,4,4,4,4,4,4,3,3,2,4,4,4,4,4,4,3,3,4,3,4,3,3,4,3,4,4,4,4,2
2,3,3,2,3,2,4,3,4,1,2,3,3,3,4,4,4,4,4,2,3,4,3,3,3,4,2,5,2,4,2,2,3,3,4,3,4,2,2,3,3,3,3,3,4,3,2,2,2,3,2,3,2,2,2,3,4,4,4,3,2,2,4,2,2,4,4,3,2,4,3,3,3,3,4,3,4,4,4,3,2,2,3,4,4,4,4,3,3,4,4,4,3,4,3,3,3,4,4,4,4,4,3,4,3,4,3,2,2,3,4,3,4,2,2,4,4,3,3,4,4,4,4,4,3,4,3,4,4,4,4,4,2,3,3,3,3,4,4,4,4,2,2,2,3,3,3,1,5,2,4,2,4,2,3,2,4,4,3,3,2,2,3,3,2,2,3,2,3,2,3,4,4,2,4,2,3,4,2,3,3,2,2,3,3,2,4,2,4,2,3,3,3,4,4,4,2,2,3,2,3,4,4,3,2,4,4,3,4,4,4,4,3,4,4,3,4,4,4,4,4,3,4,4,3,4,4,4,4,4,4,2,4,2,4,4,4,4,4,3,2,4,4,4,3,3,4,3,2,4,4,4,3,4,4,4,4,4,4,3,4,4,4,4,4,4,3,4,2,4,4,3,4,4,4,4,4,4,4,4,4,4,4,4,4,4,4,3,4,4,4,4,4,3,3,4,4,4,4,3,4,4,4,4,4,4,4,4,4,4,3,4,4,3,2,4,4,4,4,4,4,4,4,4,4,4,4,4,2,4,4,3,4,4,4,4,4,4,4,4,3,4,3,3,4,3,3,4,3,2,4
2,2,3,3,3,4,2,3,2,2,1,4,4,4,3,3,4,4,4,4,4,4,4,2,3,2,3,2,5,3,4,2,3,4,3,3,3,3,3,3,2,2,3,2,1,4,3,3,4,2,3,2,2,2,3,3,3,2,3,2,2,3,2,4,4,4,3,4,2,3,2,3,4,4,4,3,3,3,3,3,3,2,4,4,4,2,4,3,3,4,4,3,2,4,4,3,2,3,4,4,4,4,4,4,4,4,3,4,3,4,4,2,2,3,3,4,4,4,3,3,3,3,4,3,3,4,4,4,2,4,3,4,3,2,3,2,4,4,3,2,4,4,2,3,3,3,2,2,2,2,4,2,3,2,3,2,4,4,3,3,3,3,2,3,3,2,2,2,4,2,3,2,4,2,3,4,3,2,3,3,2,2,2,2,2,3,2,2,3,2,3,2,4,4,2,4,2,2,2,3,4,4,4,4,2,4,4,2,4,4,3,2,4,4,4,4,4,4,4,4,4,4,4,3,4,4,4,4,3,3,4,2,3,4,4,4,4,4,4,4,4,2,4,4,3,4,3,4,4,3,4,4,5,4,2,4,4,4,4,4,4,4,4,4,4,4,4,3,3,4,3,4,2,4,4,4,4,4,3,4,4,4,4,3,4,4,4,4,4,4,5,3,4,4,3,4,4,4,4,3,2,4,4,3,4,3,3,3,4,3,4,4,3,4,3,4,4,4,3,4,4,5,4,2,4,4,4,4,4,2,4,4,4,4,4,4,4,3,4,4,3,3,3,4,4,4,3,2,4,4,4
2,2,3,3,3,3,3,3,2,2,3,4,4,2,2,3,3,3,4,4,4,2,2,4,4,3,4,3,3,4,3,4,2,4,4,2,2,2,3,2,4,1,2,4,2,4,2,4,1,3,3,3,2,3,4,2,3,5,2,4,2,2,3,3,4,4,4,4,3,2,3,4,3,2,4,4,3,2,3,4,4,4,4,4,3,2,2,3,2,3,3,2,3,2,4,3,3,3,3,2,4,3,4,4,2,3,3,4,4,3,4,2,3,4,4,4,4,3,4,3,3,3,4,4,4,4,3,3,3,4,4,4,4,4,4,3,4,4,4,4,3,3,3,2,2,3,3,2,4,4,3,3,2,2,1,2,4,4,3,3,2,2,4,3,3,2,2,4,2,4,2,2,4,2,2,2,2,3,3,3,2,1,2,3,2,3,2,4,2,4,3,2,4,4,4,3,3,4,4,2,2,3,4,3,4,3,4,2,4,2,3,3,2,3,4,4,4,4,4,4,3,4,4,2,4,4,4,4,3,4,4,4,4,4,4,3,4,4,4,3,4,4,4,4,4,4,4,3,3,4,4,3,2,4,4,4,3,3,4,4,3,3,4,4,4,2,4,3,4,4,4,4,4,4,3,4,4,4,2,3,4,4,4,4,2,4,2,4,4,4,4,4,4,4,4,4,4,3,4,4,3,4,4,4,2,4,3,3,4,4,4,4,4,4,2,4,4,3,4,4,4,4,4,4,4,4,4,4,4,2,4,4,4,4,4,4,4,4,3,3,3,4,4,4,4,4,4,3,4,4,3
3,2,2,3,2,2,3,3,3,4,3,3,3,3,2,2,4,3,3,4,3,4,4,3,3,4,4,3,4,3,2,3,4,2,4,2,2,2,2,2,3,3,2,2,2,3,2,2,3,2,2,4,1,3,2,1,3,2,2,4,3,2,4,4,1,5,3,4,3,3,2,4,3,2,2,4,3,4,3,2,4,4,3,3,4,2,2,3,3,3,5,3,4,4,3,4,4,4,4,3,4,3,4,4,2,3,3,2,4,3,4,2,3,4,4,4,4,3,4,3,4,2,2,4,4,4,2,2,2,2,4,4,2,3,4,4,4,4,4,4,2,2,3,2,2,3,4,3,4,4,4,4,4,3,2,4,3,4,3,2,3,2,3,4,2,3,2,4,2,3,3,3,2,4,2,2,4,4,4,3,2,2,3,2,2,3,2,2,4,2,4,2,4,4,4,3,4,3,2,4,3,3,3,4,3,2,4,4,2,3,4,3,4,4,3,4,4,4,3,4,3,3,4,4,4,4,4,4,4,4,2,3,4,4,3,3,4,4,4,4,4,4,4,3,4,2,2,4,4,3,4,4,4,4,4,4,4,4,4,4,3,4,4,4,3,3,3,5,4,4,3,4,4,4,4,4,3,4,4,4,4,4,4,4,4,4,4,4,4,4,4,4,2,4,4,4,4,3,3,4,4,4,4,4,2,4,3,4,4,4,4,3,4,4,3,4,4,4,4,4,4,4,4,3,4,4,4,4,4,2,4,4,4,4,4,3,4,4,3,4,4,4,4,4,4,4,4,4,4,4,2
4,2,4,1,3,2,2,4,2,2,2,3,2,3,3,3,3,2,2,4,3,3,3,4,3,4,4,3,4,3,3,3,4,4,4,3,3,3,3,3,2,4,2,2,2,2,3,2,2,3,2,2,3,3,2,3,3,4,3,4,3,3,3,2,4,2,4,3,2,4,3,1,1,3,2,3,4,4,3,3,3,2,2,3,2,3,3,3,3,4,2,4,3,4,4,4,4,3,3,3,4,4,3,4,3,3,3,2,2,4,2,2,3,4,4,3,3,3,3,3,4,3,2,4,4,3,2,2,2,3,4,4,4,3,4,4,3,3,4,4,2,2,2,3,2,3,4,4,3,4,4,4,4,4,3,3,4,3,3,3,3,3,4,4,2,2,3,2,4,4,3,3,2,4,3,3,3,4,3,3,2,2,2,3,4,3,2,3,2,3,3,3,4,3,3,3,3,3,3,4,3,2,2,2,4,4,4,2,3,3,2,3,3,4,3,3,3,2,3,2,4,3,4,4,4,4,4,4,4,2,3,4,2,3,3,3,4,4,3,4,5,4,4,4,2,3,3,4,3,4,3,4,4,4,4,4,4,4,4,4,4,4,2,4,3,4,4,4,4,4,4,4,3,3,3,4,4,4,4,3,3,4,4,4,4,4,4,4,4,4,3,3,3,4,4,4,3,4,3,3,4,4,2,3,4,3,4,4,4,3,4,4,4,4,4,3,4,4,4,4,4,3,3,3,4,4,4,4,3,3,4,2,4,4,4,4,4,3,4,4,4,3,3,4,4,4,4,4,4,2,3
4,2,4,2,4,2,3,3,3,2,3,3,3,2,3,3,2,3,4,3,4,3,2,4,3,3,3,3,4,2,4,4,3,4,2,3,3,4,4,4,1,2,3,3,3,2,3,3,1,3,3,2,2,3,2,2,2,4,4,2,2,2,3,4,2,2,4,4,4,3,4,3,2,3,3,3,2,3,4,2,3,3,2,2,3,3,2,2,4,4,4,4,3,2,4,2,2,3,3,2,4,4,2,4,2,3,2,2,3,2,3,2,3,2,4,4,2,3,3,2,4,4,3,3,4,2,3,2,4,2,2,5,4,4,3,4,3,2,4,4,2,3,4,3,4,2,4,4,4,4,2,4,2,2,3,3,3,3,3,2,2,3,3,4,2,2,2,3,4,4,2,2,3,2,2,3,4,4,4,3,3,2,2,3,4,2,3,3,2,4,4,2,3,3,4,3,4,4,4,4,2,3,3,2,4,4,3,4,4,2,4,2,4,4,3,2,3,3,3,2,2,3,4,4,4,4,4,4,4,3,4,2,3,2,4,4,4,4,4,4,4,4,4,4,3,4,2,3,4,4,3,4,4,3,4,4,4,4,4,4,4,4,3,4,4,3,3,4,4,4,4,4,4,4,4,3,4,4,4,4,4,4,4,4,4,4,3,4,4,4,4,4,4,4,4,4,4,4,4,3,4,4,3,4,4,4,4,4,3,4,4,4,4,4,4,4,4,4,4,3,4,3,4,4,4,4,4,4,4,4,3,4,4,4,4,4,4,3,4,4,4,4,4,4,4,4,4,4,4,4,4
3,3,2,3,3,3,2,3,4,4,3,2,3,2,2,4,3,3,3,4,3,3,4,4,3,3,3,4,3,3,3,4,4,4,3,2,3,3,3,4,3,3,5,3,2,4,4,2,4,3,3,2,2,3,2,3,4,2,2,4,2,3,3,3,2,3,4,4,3,2,4,4,2,2,3,3,3,3,4,4,4,2,2,2,4,4,3,2,4,4,2,3,4,3,3,3,3,4,4,4,4,2,2,2,3,3,2,3,4,2,3,3,3,3,4,4,4,2,2,3,4,4,3,4,3,3,2,3,4,3,2,4,4,3,4,2,4,3,4,5,3,2,4,2,4,4,2,4,4,4,3,4,2,3,3,2,3,4,3,2,2,2,2,3,2,3,3,4,2,3,4,3,3,3,4,2,4,4,4,3,3,4,2,2,3,4,2,3,3,3,3,3,4,3,2,3,3,3,4,4,3,4,4,4,3,4,3,4,2,4,3,4,4,3,2,3,3,3,2,2,3,3,3,4,4,4,4,3,4,4,2,4,2,3,3,4,4,4,4,4,4,4,4,4,4,4,4,3,4,4,4,4,4,3,4,4,3,4,5,4,4,4,4,4,4,4,4,4,2,4,4,3,4,4,4,3,4,4,4,4,4,3,4,4,3,4,4,4,4,3,4,4,5,3,4,4,4,3,4,4,3,4,4,4,3,4,4,3,4,4,4,4,4,4,4,4,4,4,4,3,4,4,4,4,4,4,4,4,4,4,3,4,3,4,4,3,4,4,4,4,4,4,3,3,4,4,3,4,3,4,2
3,3,2,2,2,2,2,3,4,4,2,2,3,2,3,3,3,3,2,2,2,3,4,2,2,4,4,3,2,4,3,4,3,2,2,2,3,4,4,3,4,2,4,2,4,4,3,3,3,4,2,3,3,3,3,3,3,3,4,4,3,2,2,5,3,2,2,3,4,4,3,3,2,2,3,4,3,3,4,4,4,3,4,4,2,2,4,4,3,4,4,3,2,2,2,4,4,3,2,3,4,4,3,3,2,3,2,4,4,3,3,4,3,3,3,4,4,2,2,3,4,4,3,4,2,4,2,3,4,2,3,2,3,3,4,4,4,4,4,4,2,2,3,3,2,3,2,3,2,4,3,3,3,4,2,2,4,4,2,2,2,3,2,3,3,2,3,2,3,4,3,4,4,2,3,4,4,4,3,3,4,3,3,4,2,3,2,2,4,3,4,4,2,2,2,3,4,4,4,4,3,3,2,4,4,4,4,2,2,4,2,4,4,4,3,2,2,4,4,3,2,2,2,4,4,4,4,4,4,2,3,2,3,2,4,3,4,4,4,4,4,4,4,4,2,4,4,2,2,4,3,4,3,4,4,4,4,4,4,4,4,4,4,4,3,3,2,3,4,4,4,4,4,4,3,4,4,4,4,4,3,2,2,4,4,4,4,4,4,4,4,4,4,4,4,4,4,3,3,4,4,3,3,4,4,4,4,4,4,4,4,4,3,4,3,4,4,4,4,4,3,4,4,4,4,4,4,4,3,4,3,4,4,4,4,4,4,4,4,4,3,3,4,4,3,3,3,4,3,4,3
2,4,3,3,2,3,3,2,2,2,2,4,4,3,3,4,3,3,2,3,3,4,3,3,2,4,3,2,4,4,4,3,4,3,3,3,4,4,3,2,3,3,4,2,3,2,2,3,3,2,2,3,2,3,3,3,3,2,4,3,3,2,4,2,2,2,3,4,4,3,2,4,3,3,4,4,3,3,4,4,3,4,3,4,3,2,4,4,4,3,4,3,4,4,3,4,4,3,3,4,4,4,3,3,1,2,4,2,2,4,4,4,2,3,4,4,2,2,4,4,4,4,4,3,2,2,5,1,4,2,3,2,3,3,3,4,2,2,3,2,2,3,2,2,3,2,3,3,2,3,2,2,3,3,2,3,3,4,4,4,3,3,4,2,2,2,2,3,4,4,3,4,2,4,4,4,4,3,4,4,4,4,2,3,2,3,3,3,3,3,2,2,1,3,2,3,2,3,4,3,4,3,4,3,2,3,3,4,4,2,2,4,4,4,4,3,4,4,2,3,4,4,4,2,4,4,3,4,3,3,3,1,3,3,4,4,4,4,4,4,5,4,4,4,4,4,3,3,3,3,4,4,3,4,4,4,2,3,3,2,4,4,3,3,4,3,3,3,4,4,4,4,4,4,3,4,4,4,2,4,4,3,3,4,4,2,4,2,6,4,4,4,4,4,4,3,4,4,4,4,4,4,3,4,4,3,4,4,2,4,4,3,4,4,4,4,4,4,4,4,4,4,4,4,4,4,4,4,4,4,4,4,4,4,4,4,4,4,4,4,4,4,3,4,4,4,4,4,4,4,4
3,4,4,3,2,3,2,3,3,2,2,3,4,3,4,3,2,2,4,3,4,3,4,3,3,3,3,3,4,3,4,4,4,3,3,4,3,3,2,3,2,4,4,3,2,3,3,2,2,2,4,2,2,3,3,3,4,3,3,3,2,4,2,3,4,2,3,3,2,3,4,3,4,4,3,3,4,3,3,3,3,4,4,3,4,4,4,2,3,4,4,4,4,4,3,2,3,3,4,4,4,3,2,2,4,2,2,2,3,2,2,3,4,4,2,3,3,3,2,3,4,4,3,3,3,2,3,4,4,3,2,4,4,2,4,4,3,2,3,2,2,2,4,3,2,3,4,2,3,2,2,2,3,2,2,3,3,4,4,3,3,4,3,3,3,2,2,4,2,4,4,3,4,5,4,3,4,4,4,3,3,4,3,3,3,3,2,3,3,2,2,2,4,3,2,2,3,3,4,4,4,3,4,3,2,3,3,3,4,3,4,3,4,4,3,3,3,4,4,3,4,4,4,4,4,4,4,4,3,2,3,2,2,3,2,3,3,4,4,4,4,4,4,5,4,3,4,3,3,4,4,2,4,4,4,3,2,2,4,4,2,2,4,3,4,4,3,3,3,3,2,3,4,4,4,4,4,3,4,4,3,4,4,4,4,3,5,4,2,4,4,4,4,2,4,4,4,3,4,4,4,2,4,2,4,2,4,3,4,2,4,5,3,4,3,4,4,4,4,4,4,3,4,4,4,4,4,4,2,3,4,2,4,4,4,3,3,4,4,4,4,3,2,4,4,3,3,4,5,5,4
3,3,4,3,2,2,2,2,3,3,2,4,4,3,3,4,3,3,4,3,3,4,4,3,4,3,4,4,4,4,3,3,3,2,4,3,3,4,4,4,4,3,2,4,3,4,3,2,3,3,4,4,3,3,2,3,3,2,2,2,3,3,3,4,2,2,4,2,4,4,4,4,2,2,4,4,2,2,4,2,3,4,4,2,2,4,2,2,3,4,4,3,2,4,4,2,2,3,4,4,2,3,4,3,2,4,2,4,3,2,4,4,4,3,3,2,3,3,3,4,3,3,2,2,2,2,3,3,2,4,4,2,4,2,2,4,3,3,3,3,3,3,2,2,3,3,2,4,2,2,2,4,3,4,3,2,3,2,3,3,3,3,2,2,3,2,3,4,4,2,4,3,4,4,3,3,4,4,4,3,4,4,4,3,2,3,2,3,3,3,3,2,4,3,2,3,4,3,4,4,4,4,4,2,2,3,3,4,3,4,4,4,4,4,3,3,4,4,4,3,3,4,4,4,4,4,3,4,2,2,4,3,4,2,3,3,3,2,4,4,4,4,4,4,4,4,2,3,3,4,4,5,2,3,4,3,2,4,4,4,4,4,4,3,3,4,3,4,3,2,3,2,3,4,4,4,4,4,4,4,3,2,4,4,4,4,3,4,4,4,4,4,3,4,3,3,3,2,4,4,4,4,3,4,3,3,4,3,4,5,4,4,4,4,4,4,2,4,4,4,4,4,4,4,4,4,4,5,4,4,2,4,4,3,3,4,4,3,4,4,4,3,3,3,4,3,3,4,5,4,4
4,3,4,2,2,3,2,2,3,3,3,4,3,2,3,3,3,3,4,3,2,4,4,4,3,3,4,4,4,4,2,3,3,4,4,3,4,4,4,4,3,3,2,4,3,3,2,2,3,4,4,4,2,3,2,3,2,2,2,2,4,3,4,3,4,2,3,2,3,4,3,4,3,3,4,4,4,1,2,3,3,2,3,3,4,4,4,2,3,2,4,2,4,2,2,3,3,3,3,3,4,1,4,4,4,4,1,3,2,3,2,4,4,3,2,3,2,2,2,4,2,3,2,2,4,2,3,2,4,3,4,3,4,4,4,4,3,3,3,2,2,3,2,2,3,2,2,3,2,2,4,4,3,3,4,2,2,3,3,4,3,2,2,2,2,3,4,4,4,4,4,4,2,3,4,2,2,4,4,3,4,4,2,4,3,3,2,3,3,3,2,4,2,3,4,4,3,4,4,2,4,4,3,4,3,4,4,4,4,4,4,4,2,4,3,4,4,4,4,3,3,2,2,4,5,4,4,4,2,4,2,3,3,3,4,2,3,2,4,4,4,4,4,4,4,4,2,4,4,3,3,4,2,4,2,3,4,4,2,3,4,3,4,4,4,2,2,4,3,2,2,2,3,4,4,4,4,4,4,4,4,4,4,4,4,3,4,4,4,2,4,4,3,3,4,4,4,4,4,4,4,4,4,4,3,4,2,4,3,4,4,4,4,4,4,4,4,4,4,4,4,4,4,4,4,4,4,4,3,4,4,4,3,3,4,4,4,4,4,4,3,3,4,3,3,4,4,4,4,3,4
2,4,4,2,2,2,3,2,3,4,4,3,3,3,2,3,3,4,3,2,4,2,4,4,3,4,3,4,3,3,3,3,4,3,2,3,2,3,3,3,4,3,2,4,4,2,2,3,4,4,3,3,3,3,2,3,3,2,3,4,4,2,3,4,3,2,3,2,4,2,3,3,3,4,4,2,3,4,2,2,3,3,4,2,4,4,2,2,2,2,3,4,4,1,3,2,3,2,4,4,1,2,4,4,4,4,3,3,3,3,3,2,4,2,2,3,2,2,4,2,2,2,4,4,2,3,4,2,3,2,2,3,3,4,3,4,2,2,2,2,3,2,4,2,2,2,2,2,3,2,3,2,2,2,3,2,2,2,4,4,3,3,3,2,2,2,3,2,3,4,4,4,4,4,4,4,3,3,3,3,3,3,3,3,3,4,2,2,3,2,2,3,2,3,4,2,2,2,4,3,4,4,2,4,4,4,4,4,4,4,4,2,4,3,4,4,3,3,4,4,2,2,3,3,4,4,4,3,4,2,2,2,4,4,2,3,2,4,4,4,3,4,4,4,4,4,3,4,2,3,4,2,5,2,4,4,4,3,4,4,3,4,4,4,3,3,3,4,3,4,4,3,4,4,4,4,4,4,4,4,4,4,3,3,3,4,4,4,4,3,4,4,4,3,4,4,4,4,4,4,4,3,3,4,4,4,4,3,4,4,4,4,2,3,4,4,3,4,4,4,4,4,5,4,4,4,4,3,4,4,4,4,4,4,3,4,4,3,4,4,4,4,4,3,4,3,4,3,3,4,3
2,2,3,3,2,3,4,3,2,2,3,4,3,2,2,4,4,2,4,2,2,4,3,2,3,3,3,2,4,4,4,3,4,3,2,3,3,3,3,3,3,3,4,3,4,4,3,3,4,3,3,3,3,3,2,2,2,2,4,4,4,2,4,3,2,2,3,3,3,2,3,3,3,4,4,3,4,4,2,2,4,2,2,2,2,3,4,2,2,3,2,2,4,3,3,2,3,3,1,2,4,3,3,4,4,3,2,3,4,3,3,2,2,1,4,4,2,3,3,2,2,2,3,1,4,1,4,2,4,2,2,4,3,3,4,4,2,2,4,3,1,4,2,3,2,2,3,3,2,2,2,4,4,2,3,3,2,2,2,4,3,2,3,2,4,3,2,4,4,4,4,4,4,4,2,4,4,4,2,3,3,3,3,3,4,4,3,2,2,3,2,3,4,3,3,3,3,2,3,4,4,4,4,3,4,4,4,2,3,4,3,3,4,3,4,4,4,2,3,4,3,2,3,3,4,4,3,4,3,4,4,2,4,4,4,4,2,4,4,4,4,3,4,4,3,2,3,4,3,4,2,4,2,4,2,4,3,4,4,4,4,3,3,4,3,3,4,4,3,4,4,4,4,4,4,3,2,3,4,4,3,4,4,4,3,4,4,4,4,4,4,3,4,3,2,4,4,4,4,4,4,4,3,4,4,4,4,4,4,4,4,4,4,3,2,4,4,4,4,4,4,4,4,5,4,4,4,5,4,3,4,3,4,4,4,3,4,4,2,3,4,4,3,4,4,2,2,4,4,3,3
3,3,2,3,2,4,4,4,3,3,3,3,2,3,2,3,4,2,4,3,2,5,2,2,2,2,4,4,3,4,3,4,4,4,4,3,2,2,2,4,3,3,3,4,3,4,3,4,4,3,3,4,2,3,4,2,2,3,3,3,3,2,2,2,3,4,4,4,2,2,2,4,4,4,4,4,4,3,2,4,4,1,2,3,2,4,4,2,2,3,3,2,4,4,4,4,4,3,2,3,3,3,2,4,2,1,3,3,2,4,2,4,2,4,4,3,2,4,4,2,1,3,3,3,3,4,3,4,2,3,3,2,2,4,4,2,2,4,4,4,4,4,4,4,4,2,4,1,2,2,4,2,5,4,2,3,4,3,4,4,4,4,2,2,4,3,2,2,3,2,3,2,2,3,2,3,4,4,2,1,3,3,2,2,3,2,3,3,3,3,3,4,3,2,2,3,2,2,3,4,4,4,4,4,4,3,4,3,2,3,4,4,4,4,3,3,3,2,4,3,4,3,3,3,4,2,4,4,3,3,3,4,4,3,4,4,4,3,3,4,4,3,4,4,4,2,3,3,4,2,2,4,4,4,4,4,3,4,4,4,3,4,3,3,1,4,4,2,4,3,4,2,4,1,5,2,4,3,4,4,4,2,3,4,4,2,3,3,3,4,4,3,4,4,3,4,4,4,4,4,2,4,4,4,4,4,4,4,4,4,4,4,4,3,4,4,4,4,4,4,3,4,4,2,4,3,4,4,4,4,4,3,3,2,4,4,3,4,4,4,4,4,4,4,4,2,3,4,3,4,4
2,2,2,2,3,3,4,4,3,3,4,3,3,3,2,3,2,4,3,4,4,2,2,2,3,2,4,4,3,4,3,3,4,4,4,2,3,3,2,4,2,4,3,3,3,3,4,3,4,2,2,3,2,3,3,4,2,3,3,3,2,2,3,3,3,4,3,4,2,2,3,4,4,3,4,4,4,4,3,4,3,4,3,3,3,4,4,3,3,3,3,3,3,4,4,3,4,4,3,2,2,3,3,2,3,2,3,3,2,2,4,4,3,3,2,4,4,4,3,2,3,3,3,3,4,2,3,4,2,3,2,2,4,2,2,3,3,2,2,2,5,6,5,4,4,2,2,2,3,3,3,4,4,4,3,3,2,3,4,3,3,4,2,4,2,3,3,4,1,4,2,3,3,2,3,2,2,4,2,1,3,3,3,2,3,2,2,4,3,2,2,2,2,3,2,2,3,2,4,4,4,4,2,3,4,3,3,4,2,3,3,4,3,4,3,2,3,2,4,4,4,3,3,3,3,3,4,4,4,4,4,4,4,3,4,4,3,3,3,3,3,4,4,4,4,4,4,3,3,3,4,4,2,4,4,3,4,4,3,3,2,3,4,4,4,2,4,4,4,3,4,2,3,5,2,4,4,2,4,3,3,3,4,4,4,3,2,3,2,4,4,4,2,4,4,4,4,4,4,4,3,4,4,4,4,2,4,4,4,4,4,4,4,4,4,4,3,3,4,4,4,3,3,3,4,4,4,4,4,3,4,4,4,3,4,4,4,3,4,4,4,4,4,4,2,4,4,2,3,4,4
3,4,4,3,2,2,2,2,4,4,4,3,3,3,2,2,2,4,2,3,3,3,3,3,3,3,3,3,3,3,3,2,3,4,3,3,3,3,2,4,3,2,4,3,3,3,4,4,4,4,2,2,3,3,3,3,3,2,3,3,2,3,3,4,3,4,3,2,4,3,3,3,4,4,4,4,2,3,4,2,4,4,3,3,2,3,4,3,4,4,4,3,3,3,4,4,3,4,2,2,3,3,3,3,4,3,3,4,3,3,4,3,4,3,3,4,4,4,3,4,3,3,2,3,2,2,4,4,3,4,3,3,3,2,3,3,2,2,3,4,4,6,6,4,3,3,1,3,3,2,4,3,4,2,2,3,4,3,3,2,2,2,4,2,3,2,2,2,2,2,2,4,3,3,2,2,3,2,2,2,3,2,3,2,3,2,4,4,2,2,3,2,3,3,3,3,4,4,4,4,3,2,3,4,4,4,2,3,3,2,2,4,3,4,3,3,3,2,4,4,3,2,3,3,4,4,4,4,4,3,4,4,3,4,3,2,2,4,4,4,3,3,4,4,2,3,3,3,4,4,3,4,4,4,4,4,4,3,4,3,2,3,4,3,4,4,3,4,4,4,2,4,4,4,4,4,4,4,3,4,4,4,2,4,4,4,4,2,3,4,4,3,4,2,4,4,4,4,4,5,3,2,4,4,3,3,4,4,4,5,4,4,4,4,4,3,4,4,4,4,4,3,4,4,2,4,2,3,3,4,4,4,4,4,2,4,4,3,4,4,4,4,4,4,4,4,3,2,3,4,2
4,4,4,4,2,2,3,3,3,4,4,4,3,3,2,2,2,2,3,2,3,3,2,2,3,3,4,4,2,2,4,4,3,3,3,4,3,4,2,3,4,2,4,3,3,2,3,4,4,4,2,2,3,4,4,4,3,2,2,4,3,3,3,2,2,4,4,4,4,4,3,2,3,3,2,4,3,3,3,2,3,4,4,4,4,4,4,4,4,3,4,3,4,4,4,4,4,4,4,4,3,3,3,4,2,3,4,3,3,2,3,3,4,4,3,3,4,4,3,4,3,3,2,3,3,4,2,2,2,4,3,2,2,3,4,2,3,4,2,1,5,5,5,4,4,2,2,3,3,2,4,2,2,5,3,3,2,2,2,2,2,4,3,3,3,2,4,3,2,4,2,3,2,3,1,3,3,3,3,2,2,2,3,3,3,3,2,4,3,3,4,2,4,2,4,4,4,4,4,3,4,3,3,4,4,2,2,4,4,2,4,2,3,3,2,3,2,3,3,4,2,2,2,3,4,4,4,3,3,4,4,4,4,4,3,2,2,4,4,4,4,3,4,4,3,4,4,4,4,4,3,4,4,3,4,4,3,3,4,3,3,3,4,4,4,3,3,3,4,4,4,4,4,4,4,3,4,3,4,4,4,2,4,3,4,4,2,2,3,4,4,4,4,4,4,4,4,4,4,4,4,4,3,4,4,4,4,4,4,4,5,2,4,4,4,2,4,3,4,4,3,3,4,4,4,4,4,4,2,4,4,4,4,4,2,4,4,2,3,4,4,4,4,4,4,3,4,3,3,4,4
4,3,4,4,3,3,3,2,3,3,2,3,2,2,2,4,3,2,3,4,2,2,4,4,3,2,3,4,3,3,4,2,4,3,4,4,3,4,3,2,4,4,2,3,3,2,4,4,4,4,4,2,4,4,2,3,4,3,2,3,3,2,3,2,2,4,4,4,4,4,3,2,3,3,3,4,4,2,3,4,4,4,4,2,4,3,3,4,4,3,2,4,4,4,2,3,3,4,4,2,3,4,2,2,2,4,4,2,4,4,4,4,4,4,3,3,4,3,2,3,3,4,3,3,2,4,3,4,3,3,2,3,2,2,3,2,3,4,3,3,4,4,4,4,3,2,2,3,4,3,3,2,2,2,2,3,3,2,2,4,3,2,2,2,2,4,2,3,2,1,2,3,2,2,3,3,4,2,3,2,1,3,3,3,3,3,2,4,3,2,3,2,3,2,4,3,3,2,4,4,4,2,2,4,3,3,2,4,2,4,4,1,4,2,4,4,4,2,2,2,2,3,3,3,4,4,3,3,4,4,4,4,4,2,3,3,2,3,3,3,4,4,4,4,3,4,4,3,4,4,4,3,2,2,4,4,4,4,3,4,4,4,3,3,4,4,4,4,3,4,4,3,4,4,2,2,2,3,4,4,4,4,4,4,4,4,4,4,4,4,4,2,4,3,4,4,4,4,2,4,4,4,3,4,4,4,4,4,4,4,4,4,4,2,5,4,4,4,4,4,4,4,3,4,4,3,3,4,3,4,4,4,4,4,4,4,3,3,3,3,4,4,4,3,4,4,4,3,4,2,4
1,2,2,2,3,4,2,2,4,4,1,4,3,4,4,4,2,3,2,3,2,3,4,3,2,3,4,4,4,3,3,3,4,4,3,3,4,3,3,2,4,2,3,3,2,2,4,4,4,4,4,3,4,3,3,4,4,2,2,2,3,2,3,2,2,4,4,4,4,3,3,4,3,3,3,4,4,1,3,4,2,4,4,3,4,4,2,3,3,3,4,4,4,3,3,4,3,3,4,2,3,4,2,2,4,3,4,3,4,3,4,3,3,4,4,3,3,4,4,4,4,4,2,2,2,4,4,3,4,2,3,2,2,4,4,2,2,2,2,2,3,4,4,2,2,2,4,2,4,4,2,2,3,2,2,2,4,3,2,1,2,3,4,2,2,2,3,3,3,4,3,2,2,2,3,2,2,3,2,3,2,2,4,3,3,3,2,4,4,3,4,2,2,2,4,4,3,3,3,2,3,4,3,4,4,4,3,2,3,4,1,4,2,2,4,2,3,3,4,4,3,3,3,4,3,2,3,4,4,2,4,2,4,4,4,2,2,3,4,2,2,4,4,3,4,4,4,4,3,4,4,2,2,3,3,4,4,4,3,3,4,3,2,4,4,3,4,4,4,3,3,4,4,4,4,2,3,3,4,4,3,4,4,4,4,3,3,4,4,3,4,2,3,4,4,4,3,4,4,3,4,4,4,4,4,4,4,3,4,4,3,2,4,4,3,4,2,4,3,4,4,4,4,4,3,4,4,4,4,3,4,4,5,4,4,3,4,4,4,3,4,4,4,3,4,4,2,3,4,4,3
2,2,3,3,2,2,2,4,3,4,3,2,4,4,2,4,2,4,2,3,3,4,3,4,3,4,3,3,4,3,3,4,4,2,4,3,4,3,3,3,3,3,3,3,4,3,4,4,4,3,3,4,2,2,4,3,3,4,3,3,2,3,3,4,4,4,2,3,4,4,3,4,4,4,4,3,2,3,3,2,3,3,2,3,2,2,2,3,3,3,4,3,4,3,4,4,4,4,4,4,4,4,4,3,4,4,4,4,4,3,4,2,4,4,4,4,3,4,4,4,3,3,3,3,3,3,3,4,4,2,2,2,2,4,3,2,2,2,2,3,2,2,2,2,2,4,2,3,3,4,2,4,3,2,2,2,2,2,2,2,2,2,2,2,2,3,2,2,2,3,2,2,2,4,3,2,2,4,3,2,3,4,3,3,2,3,4,2,2,2,2,2,2,3,3,3,4,3,3,3,4,3,2,3,4,4,4,4,4,3,3,3,3,4,3,4,4,3,4,4,3,4,4,3,2,4,4,4,4,3,3,3,4,4,4,2,2,4,4,3,3,4,4,3,4,4,4,4,3,3,4,2,3,4,3,4,4,4,4,4,4,4,3,4,4,4,4,4,3,3,4,4,4,3,4,4,3,4,3,4,4,3,3,3,4,2,3,4,2,3,4,3,2,4,3,4,4,4,4,4,3,4,4,4,4,4,4,4,2,3,3,3,4,4,4,4,4,4,4,4,4,4,4,3,2,4,4,3,4,3,3,4,4,4,4,3,5,4,4,3,4,4,3,4,4,4,4,3,4,5,2
2,2,4,3,2,2,2,3,3,4,4,2,1,2,3,4,2,4,4,4,2,4,2,4,3,2,4,2,2,4,4,2,3,3,3,4,3,4,4,3,3,2,3,2,4,2,4,4,3,3,3,3,3,3,2,3,4,3,4,2,2,3,4,4,3,2,3,4,4,4,3,3,4,3,3,3,2,2,2,2,3,2,2,3,3,2,3,2,3,2,4,4,4,4,4,4,5,4,5,5,4,4,4,4,4,4,4,5,4,4,4,4,4,4,4,4,4,4,4,3,2,3,4,2,4,2,4,3,2,3,2,2,2,2,2,4,3,2,4,3,3,3,3,2,1,4,4,3,4,2,2,2,3,2,2,2,3,2,3,2,2,3,3,2,3,3,3,2,1,1,4,3,4,2,2,3,2,2,3,1,2,2,4,4,2,2,4,4,2,2,4,2,2,2,2,3,2,2,3,3,2,2,3,4,4,4,4,3,3,4,4,4,3,4,3,4,2,2,4,4,4,4,3,3,4,4,4,4,4,3,4,4,2,4,4,3,4,3,3,2,3,4,4,4,4,3,4,4,4,4,4,3,4,4,4,3,4,4,3,4,4,4,4,4,4,4,4,4,3,4,4,4,4,4,3,4,4,3,2,4,3,2,3,4,4,4,3,4,3,4,3,4,4,4,4,2,4,4,4,4,4,4,4,4,4,4,2,2,4,4,4,3,4,4,4,4,4,3,4,4,4,4,4,3,4,4,4,3,3,4,3,4,5,4,2,4,4,4,3,4,4,4,4,4,4,4,4,4,4,4,4
2,3,2,4,3,3,3,4,3,2,2,2,2,3,3,3,3,4,4,3,4,3,3,3,3,2,2,3,3,3,3,2,3,4,2,4,4,3,2,4,3,2,4,2,3,3,3,4,4,2,4,4,2,2,1,4,1,5,3,2,4,3,2,4,3,2,3,4,4,3,3,3,4,3,4,4,2,2,2,2,3,2,3,2,2,4,4,3,2,3,3,4,4,3,4,4,4,4,3,4,4,2,4,4,3,4,4,4,4,4,4,4,4,4,4,3,4,3,3,4,3,3,4,3,4,3,4,2,2,3,2,4,3,2,3,3,3,3,3,3,3,2,3,2,4,3,2,4,4,2,4,2,2,2,4,3,2,3,2,3,2,4,2,3,2,4,1,4,4,1,4,3,2,2,3,4,3,3,3,2,2,3,3,2,3,2,2,4,2,2,2,4,2,3,3,2,3,2,3,4,3,4,2,4,4,3,4,3,4,2,4,3,4,3,4,4,4,2,2,4,4,4,4,4,2,3,4,4,4,3,2,4,4,3,4,3,4,2,3,4,3,4,4,4,3,3,4,4,4,4,4,4,2,4,4,3,3,4,3,3,4,4,4,3,4,4,2,4,4,3,4,3,2,3,4,4,3,3,4,3,2,3,4,5,4,4,3,3,4,3,2,4,4,4,4,4,4,4,4,4,2,4,4,3,4,3,3,4,4,4,4,4,4,4,4,4,4,4,2,4,3,2,4,4,4,4,3,4,4,4,5,4,4,5,4,4,4,4,4,4,3,4,3,3,3,3,4,4,3,4,4
2,3,3,3,3,3,3,2,1,3,2,3,2,4,2,4,4,3,1,3,5,3,2,3,2,4,3,2,2,2,4,4,3,2,4,2,4,3,3,3,3,3,4,4,2,2,4,4,4,3,4,3,2,3,4,4,5,4,4,3,4,3,1,3,4,2,1,3,3,3,3,3,3,3,3,4,2,2,2,4,2,4,3,3,2,4,4,3,3,4,3,2,4,4,3,5,4,4,2,3,3,2,3,4,3,3,3,3,2,4,4,2,3,4,4,4,4,3,3,3,3,3,2,3,4,4,3,2,2,3,3,3,2,3,3,2,2,2,2,2,4,3,2,3,3,2,2,2,4,4,2,3,2,2,2,3,3,3,3,2,4,3,3,2,2,2,5,1,2,3,3,2,2,2,3,2,3,2,2,2,3,3,2,3,2,3,2,3,3,4,2,3,2,2,3,4,3,4,4,4,3,2,4,2,2,4,4,2,3,3,4,4,4,3,4,2,2,4,4,4,4,4,4,3,4,4,4,3,3,4,4,4,4,2,3,3,3,4,4,4,4,3,4,4,4,4,4,4,4,4,2,4,3,4,4,3,4,5,4,4,4,3,2,4,3,2,3,4,3,3,3,3,2,3,3,3,4,3,4,4,4,3,5,5,5,4,3,4,3,4,4,4,4,4,4,4,4,3,4,4,3,3,4,3,2,2,4,4,4,4,4,4,4,4,4,4,4,4,2,4,3,4,4,4,4,4,3,4,4,4,4,4,4,4,4,3,4,4,4,4,4,4,3,3,3,4,4,4,4,4,4
2,3,4,3,4,2,3,3,2,2,3,3,3,3,4,4,3,3,2,4,2,3,3,2,2,2,3,2,2,3,4,4,2,3,3,2,3,4,3,2,3,4,3,3,3,4,4,3,3,4,4,3,3,3,4,4,2,3,3,3,4,3,3,2,3,2,2,3,4,2,2,4,3,3,2,4,2,4,2,4,3,4,2,5,3,4,4,4,4,4,4,4,4,4,3,4,4,2,3,4,3,4,3,4,3,3,3,2,3,4,3,4,2,4,4,3,2,3,3,2,3,4,2,2,4,4,3,2,3,3,3,2,3,3,2,2,3,3,2,2,3,4,2,2,3,3,3,2,3,2,2,3,3,2,2,3,3,2,4,4,2,2,2,3,1,3,3,3,3,3,4,3,4,3,3,3,4,2,2,3,3,2,2,3,3,3,3,2,2,4,2,3,3,4,2,2,3,3,3,3,2,4,4,3,3,4,2,2,3,4,3,3,4,4,2,4,3,4,4,3,4,3,4,4,4,4,2,4,2,4,4,2,4,4,3,3,4,4,4,3,4,4,4,4,4,4,4,4,4,4,4,4,3,2,3,4,4,5,5,4,4,3,3,4,2,2,3,4,4,2,4,4,4,3,2,3,4,3,4,4,4,4,4,5,5,4,2,3,2,4,4,3,4,4,4,4,4,3,3,4,2,4,4,4,3,4,4,2,3,4,4,4,4,4,4,4,4,3,3,2,3,4,4,4,4,4,3,3,4,4,2,5,4,4,4,4,4,4,4,4,4,4,3,4,3,3,4,4,4,4,4
3,2,4,3,4,2,3,3,2,3,4,2,3,4,4,3,4,2,4,4,4,2,3,2,3,2,1,4,4,2,4,4,4,3,3,3,2,3,4,3,2,4,4,2,3,4,4,3,4,3,4,3,2,3,2,5,4,4,3,4,4,3,2,3,2,3,2,2,3,3,2,4,3,2,2,2,5,2,2,2,4,3,2,5,2,4,4,4,4,3,4,4,4,4,4,3,3,3,4,4,4,4,3,4,4,3,2,3,4,4,3,4,3,4,3,2,4,2,3,3,3,3,3,3,4,4,3,2,3,3,3,3,3,2,3,2,3,2,4,4,2,3,2,2,2,3,3,3,3,2,2,3,3,3,3,2,2,2,3,2,2,2,2,3,2,3,2,2,2,3,4,4,4,4,3,3,3,4,3,2,3,3,2,3,3,2,2,2,4,2,3,2,3,2,4,3,3,4,2,4,4,2,4,3,4,2,3,3,2,3,4,4,4,3,4,4,4,2,3,3,3,3,2,4,2,4,4,4,4,3,3,2,4,4,4,4,2,2,3,4,4,4,4,4,4,4,4,4,3,4,4,3,4,4,4,4,5,6,6,4,3,3,2,3,4,2,1,3,4,2,4,4,4,4,4,3,2,4,3,3,4,4,4,5,5,4,3,4,3,3,3,4,3,4,2,2,4,4,4,4,4,4,3,4,4,4,4,3,4,4,4,2,4,3,4,2,4,2,4,2,3,3,4,4,4,4,4,3,3,4,4,5,4,4,4,3,4,4,4,4,3,4,4,2,4,4,4,4,4,4,3
4,2,3,4,4,3,2,3,3,3,3,3,4,2,3,2,5,1,4,2,3,3,3,3,3,3,3,1,1,2,4,3,3,3,4,2,2,4,3,2,3,4,3,4,3,3,4,4,4,3,2,3,2,3,3,3,4,4,3,3,3,3,3,3,4,3,2,3,4,4,4,4,3,2,1,2,2,3,2,3,4,3,2,2,4,3,4,4,4,2,2,4,2,3,3,3,2,4,4,4,5,3,2,4,3,3,2,2,4,4,4,4,4,2,3,3,4,2,4,3,3,2,4,3,2,4,3,2,3,2,2,3,3,2,2,3,3,2,2,3,2,3,2,3,3,4,3,3,3,3,3,3,2,4,4,3,3,3,3,2,2,3,2,3,3,2,2,2,2,3,3,4,4,4,3,3,4,4,4,4,3,3,4,4,3,3,3,4,2,2,3,2,4,3,2,4,3,2,4,4,4,4,3,4,4,3,3,4,3,4,3,4,2,4,4,4,3,3,3,3,3,4,3,4,3,4,4,2,4,4,4,4,4,4,4,3,3,3,3,3,4,4,5,2,3,4,4,3,4,4,4,4,4,2,4,4,6,6,5,4,3,2,3,3,4,4,4,1,3,3,3,3,4,4,3,4,2,3,3,4,3,4,4,4,4,2,2,4,4,4,3,4,4,3,3,4,4,4,4,4,4,4,4,4,4,4,4,4,4,2,4,3,4,2,2,4,4,4,4,4,4,3,4,4,4,4,4,4,4,4,4,4,4,3,4,4,5,4,4,4,4,4,3,4,4,4,4,4,4,2,3
4,3,3,4,3,4,4,3,3,4,3,4,4,3,3,2,3,2,5,3,3,3,2,2,3,2,3,4,3,2,3,3,3,2,3,4,4,2,2,3,4,3,4,3,3,4,4,2,3,4,2,3,3,2,3,4,4,3,3,3,3,2,4,4,2,3,2,2,3,4,4,3,2,3,2,2,2,3,3,4,4,2,3,2,2,4,4,3,2,3,3,4,3,4,4,3,3,2,3,2,5,2,3,4,2,3,3,2,4,4,4,4,4,2,4,2,1,3,3,2,3,1,3,2,3,2,2,2,3,2,2,2,2,4,2,4,2,2,2,4,2,3,2,3,3,3,3,3,2,3,3,3,4,4,4,3,2,2,3,3,3,3,3,2,3,3,3,2,3,3,1,3,4,3,2,2,2,4,4,3,3,3,4,4,3,2,4,2,2,3,2,2,3,3,3,2,4,3,4,4,3,4,3,4,3,4,4,4,4,3,3,4,2,4,3,3,2,4,3,4,4,3,4,4,4,2,4,4,2,2,4,2,2,2,2,4,4,4,3,3,4,4,4,4,2,4,4,2,4,2,4,4,4,3,4,5,4,4,4,4,4,3,3,3,3,4,2,4,3,3,3,4,2,4,3,3,3,4,4,4,3,4,4,2,3,4,3,4,5,4,3,4,4,4,4,2,4,4,4,4,4,4,4,2,3,4,4,4,4,2,4,2,4,4,3,4,4,4,4,2,3,4,4,4,4,4,4,4,4,4,4,3,2,4,4,4,4,4,4,4,4,4,4,3,4,3,2,4,3,4,4
2,3,3,2,4,3,4,4,4,4,4,2,3,2,3,2,3,2,3,2,4,2,3,2,3,3,4,2,3,3,3,3,3,4,2,3,4,2,3,3,3,4,4,3,3,2,3,4,3,3,3,2,3,3,4,2,5,4,2,3,3,4,4,2,4,3,2,2,4,3,4,4,4,4,3,4,2,3,2,3,3,2,2,3,3,2,3,3,3,2,4,4,4,4,2,2,3,3,4,3,4,4,3,4,4,2,4,3,3,3,3,4,3,4,4,2,4,4,4,3,2,2,3,2,4,2,3,3,3,2,3,4,2,3,2,3,1,2,2,4,3,4,4,3,4,3,3,3,2,3,3,3,4,4,4,3,3,4,3,2,3,3,3,2,3,3,3,2,2,3,3,2,2,3,3,2,3,3,3,3,2,2,2,3,2,2,4,2,2,3,3,3,2,3,3,4,4,4,4,4,4,4,4,4,3,4,4,4,4,4,4,4,2,2,3,4,2,2,4,4,4,4,4,3,3,4,3,4,4,4,4,2,3,4,4,4,2,4,3,3,3,3,3,4,4,2,2,4,4,3,4,3,3,3,4,4,4,5,4,4,2,4,4,4,4,4,4,4,4,4,4,2,4,3,4,2,4,4,4,3,4,3,2,4,4,4,3,4,4,4,4,2,4,4,4,2,4,4,4,4,4,4,4,3,4,4,4,4,4,4,2,4,4,5,4,4,4,4,4,3,3,4,4,4,4,3,4,4,4,4,3,3,2,4,3,4,3,4,4,4,4,3,3,4,4,4,2,4,4,3,4
2,2,3,3,4,3,3,4,4,4,2,3,2,3,2,3,3,2,4,4,3,2,3,3,3,2,4,3,3,3,4,4,2,4,3,4,4,2,3,4,3,3,2,2,2,2,4,4,2,2,4,3,3,3,3,4,2,2,2,3,3,2,4,3,4,3,2,2,3,4,2,4,3,3,2,2,2,3,2,4,2,3,5,3,4,2,1,2,4,4,2,2,3,4,3,3,4,3,3,4,3,4,4,3,4,2,3,2,3,4,4,4,3,3,3,3,4,3,3,3,3,2,3,2,4,4,2,2,3,3,3,4,3,2,3,3,2,3,3,3,4,4,4,2,3,4,3,4,3,3,2,2,3,2,3,2,3,3,3,2,3,2,3,2,3,2,3,2,3,2,3,2,2,3,3,3,3,3,3,3,3,3,3,2,2,2,2,2,2,3,2,2,2,4,4,4,4,4,4,3,3,4,4,3,4,3,2,4,4,3,3,4,3,4,4,3,3,4,4,3,4,4,4,4,2,4,4,2,4,4,4,4,4,4,2,3,4,4,4,3,4,4,3,3,4,4,4,2,4,4,2,4,4,4,3,4,3,4,4,4,3,3,4,2,2,4,4,4,4,4,4,4,4,4,2,5,4,4,3,4,4,4,3,4,4,3,5,3,4,4,4,3,4,4,4,4,4,4,4,4,4,4,4,4,4,4,4,4,4,4,2,4,4,4,4,4,4,4,4,3,4,4,4,4,3,4,4,4,4,4,4,4,2,3,3,4,3,3,4,4,4,4,3,3,4,3,4,4,3,4,4
3,2,3,4,3,3,2,2,3,3,4,4,3,2,3,4,3,3,4,4,3,3,3,3,3,2,2,3,4,4,4,4,4,3,4,4,4,4,3,3,2,2,4,4,4,3,4,3,3,4,2,2,3,2,3,2,4,3,3,1,2,3,3,2,3,2,2,4,3,3,4,3,3,3,5,2,2,2,2,3,2,2,2,4,1,3,3,4,4,3,4,3,2,2,3,3,3,2,4,4,4,2,4,4,3,2,4,4,3,3,4,4,3,4,4,4,3,3,4,4,2,3,2,3,3,4,3,3,4,3,3,2,3,2,3,3,3,3,3,2,4,4,3,4,2,3,2,3,3,3,3,4,3,2,2,2,4,3,4,2,4,3,2,2,4,2,4,3,3,3,2,2,3,3,3,3,3,2,2,2,3,2,3,2,2,3,2,3,2,2,1,4,4,4,2,4,4,4,3,3,4,3,4,3,4,3,4,4,4,3,4,4,4,4,4,4,2,4,4,3,3,4,2,4,4,3,4,4,4,4,2,4,4,4,4,4,4,4,4,4,3,4,4,4,4,4,4,3,4,4,4,2,4,4,3,4,4,3,3,3,4,3,4,4,3,4,4,4,4,4,4,4,3,4,4,4,4,4,4,4,4,4,4,4,4,4,4,4,4,4,3,4,4,4,4,4,2,4,4,4,4,4,4,2,4,4,4,4,4,4,4,4,4,4,4,4,4,4,4,4,4,4,4,4,3,4,4,4,4,4,4,2,5,4,2,4,4,4,4,4,3,4,4,4,4,4,4,3,4,4,4
4,2,4,4,3,3,2,2,4,4,3,3,3,3,4,4,2,2,4,4,3,3,3,4,3,3,2,3,3,4,4,3,3,2,4,2,4,4,2,3,3,3,4,4,4,3,4,3,4,3,2,2,3,2,2,4,3,3,3,2,2,4,3,3,3,2,2,2,3,2,3,4,2,5,3,3,2,3,2,3,4,1,4,4,4,3,2,2,4,4,2,4,2,2,3,4,3,4,2,4,4,4,3,3,3,4,4,4,2,4,4,2,4,5,2,3,4,3,3,4,3,4,2,2,1,3,4,2,3,2,2,3,2,3,3,2,3,3,3,2,4,4,3,4,2,2,3,1,2,2,4,4,3,3,2,2,3,3,4,3,3,4,2,2,4,4,3,2,3,3,2,2,3,3,3,3,3,2,2,2,3,2,3,2,2,4,2,3,3,2,3,4,3,4,4,3,4,4,4,4,4,3,4,3,4,3,4,4,4,3,4,3,4,3,3,3,4,4,4,4,4,5,4,3,4,2,3,3,4,4,4,4,4,4,4,4,4,4,4,4,4,4,4,4,4,3,4,4,4,3,4,4,4,4,4,3,4,3,4,3,4,4,4,3,4,3,4,4,4,4,4,2,4,5,4,4,4,4,4,4,3,4,4,4,2,4,4,3,4,4,4,4,3,4,4,4,4,3,4,4,4,4,4,3,3,4,4,4,4,3,4,4,4,5,3,4,4,4,4,5,4,4,4,3,3,3,4,3,3,4,4,4,5,2,4,3,4,3,4,4,3,4,4,4,4,4,4,4,3,4,4
3,3,3,3,3,3,3,3,3,2,2,4,4,3,3,4,3,2,4,4,4,3,3,3,2,2,2,2,3,3,3,2,4,4,4,2,3,4,4,2,3,2,4,4,4,4,4,4,3,3,4,3,4,3,4,2,3,4,3,3,4,3,4,3,3,2,2,2,2,3,3,3,3,4,3,1,4,2,2,4,2,4,2,4,2,4,3,2,4,4,2,2,3,2,4,3,5,3,4,3,4,3,3,3,4,3,2,2,4,4,2,2,2,2,3,4,2,3,3,4,2,4,2,2,2,2,3,4,2,2,2,3,3,2,3,3,2,3,2,2,4,4,3,4,2,2,2,2,2,2,4,4,3,2,3,2,4,3,3,4,3,4,2,3,2,4,3,3,4,4,4,4,2,4,4,2,3,3,2,2,3,2,3,3,3,2,2,3,4,4,3,4,3,4,4,3,3,4,4,3,3,2,4,3,3,4,4,3,4,4,3,4,3,4,4,4,3,4,4,4,4,4,4,4,4,2,3,4,5,4,4,3,3,3,4,4,2,2,2,4,5,4,4,5,3,4,4,4,4,4,4,3,3,4,4,4,4,4,4,4,4,4,4,4,4,3,4,4,4,4,4,4,4,4,4,4,4,4,4,4,4,4,4,4,4,3,4,4,4,4,4,4,4,4,4,4,4,3,4,4,3,4,4,4,4,4,3,2,4,4,4,4,2,4,2,4,3,4,3,4,3,4,3,2,4,4,4,3,4,4,4,4,4,4,4,4,4,2,4,4,4,4,4,3,4,4,3,3,4,3,4
4,2,3,2,2,2,2,3,3,2,2,4,2,3,3,4,3,4,3,3,3,3,3,3,2,3,3,2,3,3,3,2,3,3,4,4,2,2,2,3,2,3,2,2,4,4,4,4,3,4,3,4,4,4,4,3,2,3,3,3,3,3,3,3,3,3,2,2,2,2,4,3,2,2,3,4,3,2,2,4,2,2,3,2,2,4,3,4,4,3,4,4,4,3,3,4,4,3,4,4,4,2,2,3,3,4,3,2,2,2,3,3,3,2,4,3,3,4,3,4,2,4,2,3,2,3,3,4,2,3,4,2,2,4,4,3,2,2,2,3,2,2,4,4,3,2,2,2,3,3,3,4,4,4,4,2,4,4,3,4,3,4,3,3,3,3,3,3,4,4,4,2,2,4,3,2,4,2,2,3,4,3,4,2,2,4,4,4,4,4,2,4,4,4,4,4,3,4,4,2,3,3,4,3,3,4,4,3,4,4,4,2,2,4,4,2,4,4,3,3,5,4,4,3,4,4,2,4,4,4,4,3,2,2,3,4,3,3,4,4,4,4,4,4,4,4,5,3,4,3,4,5,4,4,4,4,3,4,4,4,4,3,4,4,4,3,3,2,4,4,4,4,4,4,4,3,3,4,4,3,4,4,4,4,4,3,3,4,4,4,4,4,4,4,4,4,4,4,4,2,2,3,4,4,4,4,4,4,4,4,4,2,3,4,3,4,3,3,4,4,4,2,3,4,4,4,4,4,4,3,4,3,4,4,4,4,4,2,4,3,4,2,2,4,4,4,3,4,4,4,4
2,3,4,2,3,3,2,4,2,4,3,2,4,2,4,3,4,3,4,2,3,3,4,3,2,2,3,2,2,2,2,2,4,3,2,4,4,2,2,2,2,3,2,2,4,4,4,3,3,2,2,3,2,3,3,3,3,2,3,3,2,3,4,3,3,3,1,1,3,3,4,4,2,3,4,1,2,3,2,3,3,3,2,2,3,4,3,4,2,3,3,3,4,3,4,3,3,4,2,3,3,2,3,2,2,2,4,2,2,4,4,2,2,4,3,4,3,4,4,3,1,2,2,3,2,3,3,2,3,4,2,2,3,4,2,3,2,2,3,4,4,2,5,1,4,4,2,4,4,4,3,4,4,2,4,4,3,4,3,4,4,3,3,4,4,4,2,4,4,3,2,2,4,4,4,4,3,3,3,2,2,2,4,4,4,4,4,4,3,2,4,3,4,4,4,4,3,4,4,4,2,3,4,4,3,4,4,3,2,3,4,3,2,4,4,4,4,4,4,4,4,4,4,2,2,4,3,3,4,4,3,3,2,4,3,3,4,2,4,3,3,4,4,4,4,3,3,2,4,4,3,2,4,4,3,4,3,3,4,4,4,3,3,4,3,4,4,4,3,4,3,3,4,3,3,3,4,4,3,3,3,4,4,4,3,4,4,3,4,4,4,4,4,4,4,4,4,4,4,4,4,3,3,4,4,4,2,2,4,4,4,4,4,3,2,3,4,4,4,2,3,4,4,4,4,4,4,4,4,4,4,3,4,2,4,4,4,4,4,4,4,3,3,3,4,4,4,4,4,4,4
4,3,4,4,3,2,3,4,4,2,3,2,4,4,2,4,3,2,4,1,4,2,4,4,4,3,2,4,3,2,3,2,3,2,3,4,2,2,3,2,4,2,3,2,3,4,3,4,3,3,4,2,3,2,4,3,2,3,3,3,2,4,2,4,3,3,3,2,2,3,3,4,3,2,2,3,2,3,4,2,3,2,2,4,3,4,4,4,2,2,3,2,3,3,4,3,3,4,3,2,3,3,2,3,4,3,4,4,3,2,3,3,2,2,4,4,3,3,4,4,3,2,4,2,2,4,3,2,2,2,3,2,2,2,2,3,2,4,2,3,3,3,4,2,4,3,4,4,4,3,3,4,2,3,4,4,2,5,3,4,3,4,4,4,3,3,3,3,4,2,2,3,4,4,4,4,3,4,3,3,4,4,4,4,4,3,3,3,3,2,4,3,4,4,4,3,4,4,4,4,4,4,4,4,4,4,4,2,2,4,4,2,3,3,4,4,2,3,4,4,4,4,3,3,2,2,2,4,4,4,2,3,4,4,4,4,4,3,2,3,4,4,3,3,3,2,3,4,4,3,3,4,4,4,4,4,4,4,3,3,4,4,2,4,4,2,4,2,4,4,4,3,2,3,3,4,4,3,3,3,4,4,4,4,4,5,4,3,3,4,4,4,5,3,4,4,4,4,4,4,4,4,4,4,4,3,4,4,3,2,4,4,4,4,4,2,4,4,3,4,4,4,4,3,3,4,4,4,3,4,4,3,3,3,4,4,4,4,4,3,4,4,4,3,3,4,4,4,4,4,4
4,2,3,4,3,2,4,4,3,3,2,3,3,3,4,2,3,2,3,3,3,3,3,3,4,4,4,3,2,2,2,2,3,3,4,4,2,4,2,3,2,4,2,3,2,3,3,4,3,2,3,3,3,2,3,3,2,3,2,3,2,3,3,4,3,4,4,4,3,2,3,4,4,4,2,4,1,3,3,2,4,2,4,4,3,3,4,4,3,3,2,3,2,3,2,3,3,3,3,3,2,3,3,2,4,2,3,4,4,2,3,2,2,4,4,2,4,4,2,3,3,3,2,4,3,2,2,3,2,2,2,2,3,2,4,2,2,1,4,2,4,2,3,3,2,3,2,3,2,3,2,2,2,4,3,4,4,3,2,2,4,2,2,3,4,2,4,3,3,3,3,3,2,2,2,2,4,2,4,3,4,3,4,2,4,3,3,2,3,3,4,4,4,4,4,3,4,4,4,4,4,4,4,4,4,4,4,3,2,4,4,3,2,4,4,3,2,3,4,4,3,3,4,4,3,4,4,3,4,4,3,3,4,2,4,4,4,3,2,4,4,3,2,3,4,3,3,4,4,4,3,3,2,2,4,4,2,4,4,4,4,3,4,4,3,5,2,3,4,2,4,4,3,3,4,4,4,3,4,4,3,3,4,4,3,4,4,2,4,2,4,2,2,4,4,4,4,4,4,4,5,5,4,4,4,4,4,4,2,4,4,4,4,2,5,3,3,3,4,3,4,4,4,4,3,4,4,3,4,4,4,2,3,4,3,3,4,4,3,4,4,2,3,4,3,3,4,3,4,4,3
3,3,4,4,2,2,3,4,4,2,3,4,3,4,4,3,3,3,2,3,2,3,3,2,2,4,3,4,4,3,4,4,2,2,2,4,3,2,2,3,2,4,2,3,2,3,3,3,2,2,2,3,2,3,2,3,3,2,2,4,1,2,3,2,3,3,2,3,3,4,4,3,3,4,4,3,3,3,2,3,3,4,4,2,4,3,4,4,3,3,4,3,2,4,3,3,3,2,3,3,3,2,3,4,4,4,4,3,4,4,3,3,2,2,3,2,2,3,3,3,2,2,2,3,2,2,2,2,2,4,2,2,3,2,3,3,3,3,2,1,2,3,4,3,3,2,2,2,2,2,2,2,4,4,3,4,3,2,3,4,2,2,2,3,3,5,4,1,3,4,3,2,2,3,2,2,4,2,3,3,4,3,4,2,3,4,4,2,3,3,3,4,3,4,4,4,3,3,4,3,4,4,4,2,3,2,2,3,2,4,4,2,2,4,4,3,3,4,4,4,2,4,3,4,3,4,4,3,4,4,4,3,4,4,4,4,4,3,3,4,4,3,2,4,4,3,3,4,3,4,2,4,2,2,2,3,3,3,4,3,2,4,4,4,2,4,3,2,2,4,4,4,4,4,4,4,4,4,4,4,4,3,4,4,4,4,4,4,4,4,4,4,4,4,4,3,3,4,4,4,4,4,2,3,3,4,4,3,4,3,4,2,4,4,2,5,3,4,4,3,3,4,4,4,3,4,4,4,4,4,3,4,3,4,4,3,4,4,3,4,3,4,4,3,4,4,4,4,4,4,4
2,4,4,3,3,3,4,3,3,3,3,3,4,2,2,4,3,2,1,2,3,2,3,2,1,4,4,4,2,3,4,3,2,2,2,4,4,2,3,3,3,3,3,3,3,3,4,3,3,3,2,3,2,2,3,3,3,3,3,4,2,3,3,3,3,3,2,2,2,4,2,2,3,2,2,3,3,4,3,4,3,3,4,2,3,2,4,4,4,4,3,4,2,2,2,2,2,2,4,4,2,3,3,3,4,4,4,3,3,4,3,2,3,3,4,2,3,4,2,3,2,2,3,2,4,4,2,2,2,2,2,3,3,3,2,3,2,1,3,3,2,2,4,4,4,4,3,3,3,3,3,3,3,2,4,3,4,5,2,2,4,2,2,3,4,2,4,4,2,2,3,3,3,3,4,4,2,2,3,5,2,2,4,3,4,4,2,4,3,3,2,2,4,4,4,4,4,4,4,4,4,4,3,3,3,3,1,2,3,4,4,2,4,4,4,3,4,4,4,4,4,2,4,4,4,4,4,3,4,4,4,4,4,2,2,3,4,4,3,2,3,4,3,4,3,4,3,3,4,4,2,3,3,2,3,3,3,2,4,4,4,4,4,3,3,3,2,2,2,3,3,4,3,4,4,3,4,4,4,4,4,4,4,4,4,5,4,4,4,5,4,3,4,4,3,4,4,4,3,4,4,3,4,4,3,2,4,3,4,3,4,4,4,2,4,2,4,4,4,4,4,4,4,4,4,4,4,2,4,4,4,4,3,4,3,4,4,4,4,4,3,4,4,4,4,4,4,4,4,4,5
3,4,3,2,2,3,4,4,3,2,2,3,3,3,4,4,2,2,3,4,3,2,2,3,2,2,3,4,3,3,3,2,4,3,2,2,4,3,2,3,2,2,3,3,2,2,4,3,2,3,2,3,2,2,4,4,2,4,3,3,4,3,3,2,4,4,3,2,2,2,3,2,2,3,3,2,1,4,3,3,3,3,4,4,4,3,4,4,2,3,3,3,2,2,3,2,3,3,3,4,2,3,2,4,4,1,3,4,3,3,2,2,2,4,4,4,3,4,1,2,2,2,2,4,3,3,3,3,3,2,2,2,2,4,2,3,2,2,4,2,2,3,4,4,3,4,3,3,4,4,2,2,2,2,3,4,4,4,4,2,2,3,3,2,4,4,3,2,3,3,3,3,3,2,2,2,2,3,4,2,3,5,1,2,4,4,3,2,3,3,3,4,4,4,1,4,4,4,3,4,2,4,3,4,3,2,2,3,2,2,4,4,4,3,4,4,3,4,3,4,4,3,5,4,4,3,2,4,4,4,4,4,4,3,4,4,4,4,4,3,3,4,3,3,2,4,3,3,4,3,3,4,4,4,4,3,2,3,4,4,4,3,3,4,4,3,3,4,4,4,4,3,4,4,4,2,4,4,2,4,3,4,4,4,4,4,3,4,4,4,4,4,2,4,4,4,3,2,4,4,4,3,3,3,3,4,2,4,3,4,3,3,4,3,4,4,4,4,3,4,4,4,5,3,4,4,4,5,2,5,4,4,5,3,5,3,4,4,4,2,2,3,3,3,4,4,4,4,4,4,4
3,4,3,3,4,4,4,3,2,2,3,3,4,4,1,2,2,4,4,2,3,2,4,3,4,3,2,2,3,3,2,3,3,2,3,4,4,3,2,2,4,3,2,2,3,3,3,4,3,3,2,2,3,3,4,3,2,2,3,4,3,2,2,3,4,3,3,4,3,2,2,3,2,4,3,2,2,4,4,2,3,2,4,4,4,3,2,2,3,2,2,2,2,2,4,4,2,4,2,2,3,2,4,2,3,3,2,3,3,3,3,2,2,3,3,3,4,3,2,2,2,3,2,2,4,2,2,4,1,1,2,3,1,4,2,2,3,3,3,4,2,4,4,3,3,2,3,4,2,2,3,3,2,2,4,4,4,1,4,4,2,2,4,2,2,2,2,4,2,3,3,2,4,3,2,3,3,3,4,3,3,3,2,3,3,3,4,2,2,2,3,4,4,4,4,4,4,4,2,3,2,4,3,2,4,2,3,2,2,2,3,3,4,4,4,3,4,4,4,3,3,4,4,4,2,2,2,4,4,4,2,3,4,4,4,4,4,4,4,4,3,4,3,4,2,4,3,4,4,2,4,4,3,4,3,2,3,2,4,3,4,3,4,4,4,3,4,3,4,4,3,3,4,3,4,4,3,4,4,3,4,4,4,4,4,4,4,4,4,4,2,4,4,3,4,4,4,3,3,4,2,3,4,4,3,3,2,4,3,4,3,2,4,4,4,3,4,4,4,3,3,3,4,4,3,4,4,4,5,2,4,5,2,5,2,5,4,4,3,4,4,2,2,4,4,4,4,2,4,4,4
5,2,4,3,4,3,3,3,4,4,4,4,3,4,3,2,2,5,6,4,5,3,2,2,3,3,3,3,2,3,2,4,3,2,2,3,4,2,3,3,2,3,2,4,4,4,3,3,2,1,3,2,3,3,2,3,2,2,3,2,3,3,2,3,3,2,3,4,3,2,2,2,3,3,4,4,3,3,3,3,3,3,3,4,4,3,3,2,3,2,2,3,2,2,4,4,2,2,3,4,3,2,2,3,3,2,1,3,3,3,2,2,2,3,2,2,4,2,4,1,3,2,4,3,2,4,3,2,2,2,2,2,3,4,2,2,3,2,4,3,4,4,4,3,3,4,4,4,2,4,4,2,4,3,3,3,4,3,4,3,4,2,3,3,3,3,3,2,2,3,2,3,2,2,4,2,3,3,2,4,2,3,3,3,3,2,4,3,3,4,2,3,3,4,4,3,2,4,2,2,4,3,4,4,4,3,2,2,3,4,2,3,4,4,2,2,4,3,4,4,4,4,3,4,2,4,4,4,3,4,3,2,4,4,4,4,4,3,4,2,4,4,4,3,4,3,4,4,3,4,4,4,3,4,2,2,2,2,3,3,4,3,4,3,3,2,4,2,4,3,4,4,4,2,4,4,4,4,3,3,4,4,4,4,4,4,4,4,4,4,3,2,3,4,4,4,4,4,3,4,4,4,4,3,4,4,4,4,4,3,4,4,3,3,4,3,4,4,4,2,4,4,2,3,4,4,4,4,3,4,4,4,3,4,5,4,2,2,3,4,4,4,4,2,3,4,3,5,4,4,4
3,2,4,4,4,2,3,4,4,3,2,4,4,3,3,3,4,6,7,5,5,2,1,2,4,4,4,3,4,3,3,2,3,3,2,4,3,4,2,2,3,4,2,4,4,4,2,2,4,4,4,3,2,3,2,3,4,2,3,2,2,2,3,2,2,2,3,2,2,3,2,4,4,2,4,2,4,4,2,4,3,2,3,2,2,4,4,3,3,3,4,4,4,3,2,3,2,2,2,3,3,3,2,3,4,3,3,4,4,3,4,4,3,2,2,3,4,4,2,1,4,2,4,4,3,3,4,3,2,1,1,3,3,3,3,2,3,3,2,4,4,4,3,4,2,4,3,2,4,2,4,3,2,2,3,3,2,3,2,2,2,2,3,3,3,3,3,4,2,2,3,2,2,4,3,2,3,3,3,4,3,1,2,3,2,3,4,4,3,4,4,2,3,4,2,2,4,4,4,2,3,3,4,4,3,4,4,3,3,3,3,3,4,2,4,4,3,4,4,3,3,4,2,4,3,4,4,4,4,3,4,3,4,4,3,3,4,2,4,3,4,4,4,4,3,2,4,4,3,4,3,4,3,4,4,4,4,3,4,3,4,2,4,4,3,3,4,3,4,3,4,4,3,2,2,2,4,4,3,3,4,4,4,4,4,4,5,3,5,4,4,4,3,3,4,4,4,4,3,4,4,4,3,4,5,4,4,4,4,2,4,4,2,4,4,4,4,4,4,4,3,3,3,2,3,4,4,4,4,4,3,4,4,4,4,4,2,1,3,5,6,7,6,4,4,4,4,3,4,4,4
2,3,4,4,4,4,4,3,4,3,2,3,3,2,3,4,5,6,7,6,5,2,2,1,2,5,5,4,3,3,2,3,3,3,4,3,3,4,2,3,3,1,3,2,2,2,3,2,4,2,2,4,3,2,2,3,3,2,3,2,3,2,3,2,2,3,2,3,2,3,4,3,3,2,3,4,4,4,2,3,2,2,3,3,4,4,3,2,3,2,2,4,4,2,3,2,4,2,2,3,3,2,3,4,4,3,4,4,4,4,4,2,3,3,2,3,4,2,3,3,3,3,3,4,4,3,4,3,2,3,4,4,2,2,4,3,2,2,2,3,2,2,3,4,3,4,2,3,3,2,2,4,3,2,3,2,4,2,4,2,2,4,2,3,3,2,3,2,2,3,3,3,4,3,1,4,2,4,2,5,2,3,3,2,4,3,4,4,3,4,4,3,2,4,3,2,3,4,4,4,4,2,2,4,4,4,2,2,3,4,3,2,4,4,4,4,4,4,4,4,3,4,4,4,3,4,4,4,4,4,4,3,3,3,4,2,3,4,4,4,4,4,4,3,3,4,4,3,4,3,4,4,3,3,4,4,4,3,4,4,3,4,4,4,4,4,4,3,4,3,4,4,3,2,2,4,4,4,4,4,4,4,3,4,4,4,4,4,4,4,3,4,4,3,4,4,4,3,2,4,4,4,4,4,4,4,4,3,4,2,3,4,4,2,5,4,4,4,3,4,4,3,4,4,4,3,3,4,2,3,4,4,3,4,4,2,2,1,2,6,15,125,90,7,5,3,2,4,5,4,3
2,4,4,3,3,4,4,3,2,4,3,2,3,3,3,4,5,5,6,5,4,2,2,2,2,4,3,2,4,3,2,4,4,4,3,3,4,1,5,4,3,2,3,2,2,2,2,2,2,3,4,4,2,4,3,4,3,2,2,4,2,2,2,2,2,3,1,2,3,3,4,2,4,4,2,3,4,3,4,2,3,4,4,2,4,4,4,4,2,2,3,4,3,2,2,3,3,2,2,2,2,3,4,3,3,2,2,3,4,3,4,3,4,4,4,2,3,3,2,3,3,3,2,2,3,3,4,4,2,3,3,3,3,2,2,3,3,3,3,2,3,2,3,3,3,3,2,3,3,4,2,2,4,3,2,3,3,4,2,3,3,3,2,3,3,2,4,2,2,2,2,2,3,4,3,3,2,2,4,3,2,4,4,4,3,2,4,4,3,5,4,3,3,3,3,2,4,2,4,3,4,2,2,4,3,2,4,4,4,4,3,2,3,4,1,4,4,4,4,4,4,4,3,3,4,3,4,4,3,4,4,4,3,4,3,3,4,4,3,4,3,3,4,4,4,4,3,3,4,4,4,4,2,3,4,4,4,4,4,4,4,4,4,4,4,4,4,3,4,3,4,4,4,3,4,4,4,3,4,4,4,4,4,4,4,4,4,4,2,4,2,4,4,3,3,4,4,3,3,4,4,4,4,4,4,4,4,3,4,4,4,4,4,4,4,4,3,4,4,3,4,4,4,4,4,4,3,4,3,4,4,4,4,4,3,3,4,1,3,6,51,212,164,9,5,2,1,4,2,4,4
3,2,4,2,3,4,3,3,2,3,3,2,2,4,4,3,3,2,4,4,3,4,2,3,2,2,2,4,4,4,4,4,4,4,4,4,4,3,4,3,3,3,3,3,3,3,2,2,2,3,3,3,4,3,4,3,2,2,3,2,3,3,2,3,2,3,4,3,2,2,4,3,3,3,2,2,4,4,5,2,4,3,2,3,3,4,4,4,4,4,2,3,4,1,3,2,3,2,2,3,2,3,3,2,3,3,2,3,3,3,3,4,3,4,4,2,2,3,2,3,3,2,2,2,4,4,4,4,2,2,3,3,3,2,3,4,2,2,3,2,4,3,2,3,4,2,3,3,3,3,2,2,2,2,2,2,2,4,2,3,2,3,4,2,2,3,3,2,3,3,3,3,4,2,2,3,3,2,5,3,4,4,2,4,2,5,2,2,4,4,4,3,3,3,2,2,4,2,4,4,3,4,4,2,4,3,4,4,2,3,4,2,4,3,4,3,4,3,4,3,4,4,4,3,4,3,4,4,4,4,4,4,4,2,4,2,3,3,3,4,4,4,4,4,4,4,3,3,4,3,2,4,3,4,4,4,3,4,4,3,4,3,4,4,4,3,4,4,4,3,4,4,4,4,4,4,4,4,4,4,4,4,4,3,3,4,4,3,4,3,4,4,4,3,3,4,3,4,4,2,4,4,2,4,4,4,4,4,4,3,4,3,4,2,4,4,4,3,4,3,4,5,4,4,4,4,4,4,4,4,4,4,4,4,3,4,3,1,3,6,24,155,63,6,4,1,2,3,4,3,4
2,3,2,2,2,3,4,4,3,3,2,2,4,4,2,2,2,3,3,4,4,3,3,3,1,3,4,3,4,2,4,4,4,3,3,4,4,3,4,3,2,4,3,4,4,4,2,2,3,3,3,3,4,3,2,4,2,2,3,3,2,2,2,3,2,2,2,3,3,4,3,2,3,3,4,4,4,4,3,3,2,3,3,3,2,2,4,4,3,4,2,3,3,4,2,2,3,3,3,4,4,3,3,3,3,2,3,3,4,4,3,4,4,3,2,2,3,3,3,2,2,2,2,2,3,3,3,3,2,3,3,3,2,2,4,2,4,3,4,4,2,3,2,2,3,3,4,4,4,3,3,2,3,4,3,2,3,4,4,2,2,2,2,3,4,4,2,2,2,3,3,4,2,2,3,3,3,3,2,4,4,4,4,3,4,4,4,3,2,4,4,3,3,2,3,3,3,4,4,2,4,4,2,4,4,4,2,3,3,1,3,3,4,4,2,4,4,4,4,4,2,2,4,2,4,4,3,4,3,4,4,4,3,3,3,4,3,4,4,3,4,3,4,3,4,4,4,4,4,3,2,3,4,2,3,4,4,4,4,3,4,3,4,4,4,3,4,4,4,3,4,4,4,4,4,4,4,4,4,4,4,4,4,3,4,4,4,4,4,3,4,4,3,3,3,4,3,2,4,4,2,3,4,4,4,3,4,3,4,2,4,2,4,3,4,4,4,3,3,4,4,4,3,4,5,4,4,4,4,4,3,4,4,4,5,2,2,4,4,6,7,15,9,6,4,2,2,3,4,3,5
3,2,3,3,2,4,5,2,2,4,2,2,2,2,2,3,3,2,2,2,3,2,4,3,3,3,4,5,3,2,4,4,2,4,4,2,2,3,3,2,3,4,3,2,4,4,3,2,3,3,3,3,3,3,3,2,2,3,3,3,2,3,3,3,2,3,3,3,4,4,2,3,3,3,4,2,3,4,3,3,2,3,4,3,2,3,3,4,4,3,2,4,4,4,3,3,2,4,3,3,3,2,3,3,2,2,2,2,3,3,4,3,3,4,4,2,5,2,3,2,2,3,2,2,2,3,4,4,2,2,2,3,3,2,4,2,4,3,4,4,2,2,4,2,2,3,4,4,3,2,3,3,4,4,3,2,4,4,1,2,2,3,3,3,2,3,4,3,2,3,4,4,3,2,2,3,3,2,3,4,3,2,2,3,3,4,3,2,2,4,4,2,2,3,4,2,3,3,4,2,4,2,3,4,4,4,4,4,3,2,2,2,4,4,4,3,3,3,3,4,3,4,4,2,4,4,3,4,4,4,3,2,4,2,2,3,3,3,4,3,2,3,4,3,3,4,4,3,4,4,3,3,4,4,4,4,4,2,4,3,4,3,3,4,4,3,4,4,4,3,4,4,4,3,4,4,3,3,4,4,3,4,4,4,4,4,3,4,4,2,4,4,3,4,3,2,4,4,4,4,4,2,4,3,3,3,4,4,4,2,4,2,4,3,4,4,4,4,4,4,4,3,4,4,4,4,4,5,3,4,3,4,4,4,4,4,3,4,4,5,5,5,6,5,4,4,4,4,4,4,4
2,2,2,3,2,5,4,3,2,2,2,2,3,2,2,3,2,3,3,4,2,2,4,4,3,3,4,3,3,4,2,2,3,3,3,2,2,3,2,2,4,2,4,3,4,3,3,3,4,4,4,4,3,3,2,3,3,3,2,3,2,3,4,4,4,4,4,4,4,3,2,3,3,2,3,3,3,2,2,2,3,2,3,4,2,2,3,2,3,2,4,3,3,4,4,2,4,3,3,2,2,3,2,4,3,2,2,2,3,4,4,3,4,4,4,4,4,3,3,2,3,3,2,2,2,4,4,4,2,2,3,2,4,4,4,3,3,3,4,2,2,2,3,3,4,2,3,2,2,3,4,3,3,4,4,3,4,3,3,2,2,3,2,2,3,3,3,3,4,3,3,4,2,2,2,3,2,3,3,2,4,4,3,3,3,3,3,2,3,3,2,3,3,3,3,2,3,4,4,4,4,2,2,3,3,3,2,2,3,3,3,2,4,4,2,2,4,2,2,4,4,2,2,4,3,2,3,3,3,4,3,4,4,3,3,2,4,3,4,3,3,2,3,4,3,2,4,4,3,4,4,3,4,4,3,4,2,3,4,4,3,3,3,2,4,4,4,3,4,4,4,4,4,3,4,3,4,4,4,4,3,3,4,3,4,3,2,4,4,3,4,4,3,4,4,4,4,4,4,4,4,4,4,3,3,3,4,4,4,4,4,3,4,4,4,4,4,3,4,4,3,3,4,4,4,5,4,4,3,4,4,4,5,4,4,5,4,4,4,4,4,4,4,4,4,4,4,4,4,4,4
3,3,2,1,3,4,4,1,2,2,2,3,3,2,2,4,1,3,2,2,3,4,4,4,4,4,2,3,4,4,3,3,2,2,2,2,2,3,4,3,3,2,4,3,4,3,2,4,4,3,3,3,4,2,2,3,2,3,1,2,2,3,4,3,4,2,3,4,4,3,2,2,3,3,2,4,3,3,3,3,3,3,4,3,2,2,2,2,2,4,2,2,3,4,4,4,2,2,3,2,2,4,4,4,2,2,2,3,4,3,3,2,2,3,3,2,3,4,3,3,3,3,2,3,3,2,3,3,3,3,2,2,4,2,2,4,2,4,3,2,4,2,3,3,3,2,2,2,3,4,4,2,2,4,4,2,3,2,2,2,2,2,3,3,2,3,3,4,4,2,3,2,4,3,4,2,2,3,4,2,3,3,3,3,2,2,4,4,4,2,2,3,2,2,2,3,4,4,4,2,4,4,2,4,2,2,3,3,3,3,3,2,3,4,4,3,2,4,4,4,4,4,4,4,4,2,2,3,4,4,4,4,4,3,4,4,2,3,4,3,3,3,4,2,4,4,4,4,2,4,4,4,4,4,4,2,2,3,4,4,3,4,1,4,3,4,3,4,3,2,4,4,3,4,4,4,2,4,4,4,4,3,4,4,4,3,4,3,2,3,4,4,4,4,4,4,3,4,4,3,3,4,4,4,4,4,4,4,4,4,4,2,4,3,3,4,4,4,4,4,3,2,4,4,3,4,4,4,4,4,4,4,4,4,5,5,4,4,4,4,4,4,4,4,4,4,4,4,4,4,4
3,2,2,3,3,4,4,2,2,3,4,2,4,3,2,3,3,2,4,4,2,3,4,4,4,3,2,2,2,2,3,4,2,2,2,2,2,4,3,2,3,3,4,3,3,4,2,2,3,2,2,3,4,4,3,2,4,4,2,3,3,2,4,4,2,2,4,2,4,4,3,3,3,4,2,3,3,4,3,2,2,3,3,3,2,2,3,3,3,2,4,2,3,4,3,4,3,2,3,2,3,2,3,3,2,2,3,3,2,4,2,4,3,2,2,2,4,2,2,4,2,2,3,3,2,2,2,3,3,2,2,3,2,2,2,3,3,2,1,4,3,3,2,2,4,3,4,2,3,3,2,3,2,2,3,3,2,3,3,4,2,3,4,3,2,4,3,4,3,3,4,4,2,2,2,2,4,1,5,3,4,3,4,2,2,2,4,3,3,2,3,3,3,2,3,3,4,4,4,4,3,2,2,4,2,2,3,4,2,2,4,3,3,3,2,3,4,3,4,2,2,4,4,4,4,2,2,2,2,4,3,3,4,4,4,4,4,4,4,3,3,2,4,4,3,4,3,3,4,2,3,3,3,3,3,3,2,3,4,2,4,4,4,3,4,4,3,3,3,4,4,3,3,4,4,3,3,4,3,4,4,3,4,4,4,2,4,3,2,3,3,4,4,4,4,3,3,4,4,4,4,4,4,3,4,4,4,4,4,4,3,3,4,2,3,4,4,3,4,4,4,4,4,4,4,4,4,4,4,4,4,4,4,4,4,4,4,4,4,4,4,3,3,4,4,4,4,4,4,4,4
2,2,3,3,3,4,2,2,3,3,4,4,3,4,2,3,3,3,2,2,2,4,3,4,3,3,3,2,2,2,3,2,2,4,2,2,2,3,3,4,4,4,3,3,4,4,2,5,2,4,3,3,2,2,4,4,2,4,4,1,4,3,1,4,2,3,3,2,4,2,4,4,3,4,4,2,2,4,3,3,3,4,3,2,2,4,3,2,3,3,2,1,4,2,3,2,4,3,2,2,4,3,4,4,2,2,2,3,2,4,4,2,2,4,3,3,4,3,2,2,3,2,4,3,3,3,3,3,2,2,2,3,2,2,3,3,2,3,3,2,3,3,2,4,4,4,3,2,2,4,3,4,4,2,3,3,3,3,3,3,3,2,3,3,4,4,4,3,4,4,4,4,2,4,3,4,2,2,3,4,2,4,3,2,3,2,3,5,4,2,3,3,2,3,2,3,4,4,4,4,2,4,3,3,4,4,3,3,3,4,4,4,4,4,3,4,4,4,4,4,3,4,4,3,2,3,2,3,2,2,4,4,4,4,4,4,4,4,4,3,3,3,2,3,3,4,4,4,4,3,3,3,3,4,3,4,3,4,3,4,4,4,4,5,3,4,4,3,4,4,3,3,3,4,3,3,4,4,4,4,3,2,4,4,4,2,4,2,3,3,2,3,4,4,3,4,3,4,5,4,4,4,3,2,2,2,4,4,4,4,4,4,4,4,4,4,4,3,4,4,4,4,4,4,5,4,4,4,4,4,4,4,4,4,4,4,3,4,4,4,4,4,4,4,5,4,4,4,3,4,4
2,4,4,2,4,2,2,2,2,2,3,4,3,3,4,4,3,4,3,3,3,4,2,3,4,4,2,2,3,2,3,3,2,4,2,2,4,3,3,4,4,4,4,3,4,2,4,3,2,3,3,2,2,4,4,4,3,4,4,4,2,3,3,2,4,3,2,5,2,4,2,4,3,4,4,2,2,3,3,3,3,4,4,3,3,3,3,2,4,4,2,2,4,1,4,3,2,3,3,2,2,2,2,4,4,3,2,3,3,4,2,4,3,4,2,3,4,2,4,3,2,3,3,2,3,3,3,3,3,2,3,2,3,3,2,3,2,2,1,2,2,3,3,3,3,3,4,2,3,3,3,3,3,3,3,3,3,2,2,3,2,2,4,4,3,4,4,3,3,4,4,2,3,4,3,2,2,2,4,2,4,4,3,3,3,4,3,3,4,3,3,4,2,2,2,4,3,4,3,2,3,2,4,2,4,2,4,4,2,3,4,3,2,2,4,2,4,4,2,4,3,4,4,4,3,3,3,2,4,4,4,4,4,4,4,4,4,3,4,4,4,2,3,4,4,4,4,4,4,3,4,4,4,4,2,4,4,2,2,3,3,4,4,4,4,4,4,4,4,4,3,3,4,3,4,3,2,4,4,3,4,2,3,4,3,4,4,3,4,2,2,4,4,4,2,4,3,4,4,4,4,4,2,3,2,4,4,3,4,4,4,3,4,4,4,3,4,4,4,4,4,4,4,4,4,4,4,4,4,3,4,4,4,4,4,4,4,4,4,4,4,4,4,4,4,3,3,4,4,4,4
3,3,4,3,4,2,3,2,3,4,4,3,4,4,3,3,3,5,2,2,3,4,4,4,4,3,2,2,2,3,2,3,2,2,3,2,4,4,2,3,4,5,4,2,1,4,5,4,2,2,4,4,4,4,2,2,4,4,2,2,2,4,2,4,4,2,2,1,4,3,4,4,4,4,3,2,3,2,4,3,3,2,2,3,2,2,4,4,3,4,4,3,3,3,2,2,2,3,4,3,2,4,4,3,2,3,2,3,3,3,4,4,2,2,4,4,1,2,4,3,2,2,3,3,2,2,2,3,2,2,2,4,3,2,2,2,2,2,2,2,2,2,3,3,4,4,3,4,3,3,2,2,3,3,2,1,3,2,2,3,2,3,3,4,4,3,3,4,4,4,4,4,3,3,2,2,3,3,4,3,4,3,3,2,2,3,2,2,3,4,4,2,3,3,2,4,3,4,2,4,2,3,4,3,2,4,2,2,2,2,3,3,4,2,3,4,4,4,3,2,3,2,3,3,2,2,3,3,4,4,4,4,4,4,3,4,4,2,5,4,3,4,4,4,2,4,2,4,3,3,4,4,4,3,3,4,2,4,4,2,3,3,3,3,3,4,4,4,3,4,4,4,3,4,4,4,2,4,4,2,4,4,2,4,3,4,3,4,3,4,4,4,4,4,4,4,4,3,4,2,3,4,4,4,4,4,4,3,4,4,3,2,3,4,3,4,4,4,3,4,4,4,4,4,4,4,4,4,4,4,4,4,4,4,4,4,4,4,4,4,4,4,4,4,4,4,4,4,4,3,4
3,2,4,3,3,3,3,3,4,2,4,3,4,4,2,4,4,4,4,4,4,5,2,3,2,3,4,4,4,2,2,2,4,4,3,3,3,4,4,4,4,4,3,2,4,5,3,3,4,3,3,4,2,3,4,4,4,3,2,3,2,2,3,4,4,2,1,4,2,4,3,3,3,3,4,2,3,3,4,3,4,2,4,2,3,2,4,4,4,4,4,4,2,2,3,3,4,3,3,3,1,3,4,4,3,4,4,2,4,4,1,3,2,3,1,4,2,3,1,3,3,2,2,1,4,3,2,3,4,2,4,4,2,4,2,2,3,2,2,3,4,4,3,2,4,3,2,3,3,3,2,3,2,2,3,2,3,2,2,3,4,3,3,4,4,3,4,4,4,4,2,4,2,2,2,2,3,3,4,4,4,4,4,4,2,2,3,2,4,4,2,2,3,3,2,4,4,4,3,2,3,2,4,3,2,4,2,4,3,2,3,3,3,3,4,3,4,3,2,2,2,2,2,3,3,4,4,4,4,3,4,4,4,4,3,4,2,4,4,4,3,5,4,2,4,3,2,2,4,4,4,3,4,3,3,4,3,4,4,4,2,2,4,3,4,2,4,4,4,4,4,3,2,4,4,4,3,2,4,4,4,5,4,3,2,4,3,4,4,4,4,4,4,4,3,4,4,4,2,3,3,4,3,4,4,3,4,4,4,4,3,2,2,3,3,4,4,4,3,4,4,4,4,4,2,4,4,4,4,4,4,4,4,4,4,4,4,4,4,4,4,4,4,4,4,4,5,4,4,3,4
3,3,3,3,3,3,3,3,4,3,4,4,3,3,3,3,4,2,3,3,4,4,2,3,3,2,5,4,4,4,3,1,2,4,3,2,2,1,4,2,3,3,2,3,3,4,3,3,4,4,3,4,4,4,3,3,4,2,2,3,2,3,4,4,2,3,2,2,4,3,3,4,4,2,1,3,3,2,3,2,3,4,2,4,5,4,2,2,5,3,3,4,2,2,4,3,4,3,2,3,2,2,3,4,3,3,3,2,4,4,2,4,2,3,4,2,4,2,2,4,2,2,2,4,3,4,2,2,2,3,2,2,4,2,2,4,2,3,2,2,4,4,3,3,2,3,4,3,3,3,2,2,4,3,3,3,3,2,3,4,4,2,3,3,3,4,4,3,3,4,4,4,2,3,3,2,4,3,3,4,4,4,4,3,2,3,3,3,4,4,2,3,2,2,3,4,3,4,3,2,2,2,4,4,3,4,3,3,4,2,2,3,3,3,3,3,4,4,5,3,2,3,4,3,4,4,4,4,3,4,4,4,2,4,4,2,4,4,3,5,3,3,4,4,4,2,4,4,3,3,3,4,4,2,4,4,4,2,4,4,3,2,4,4,3,4,3,4,2,3,4,3,2,4,2,5,3,3,1,5,6,6,5,4,3,4,3,4,4,4,3,4,3,4,4,4,4,4,4,3,3,3,4,4,4,2,4,4,4,4,4,3,4,2,3,4,4,4,3,4,4,4,4,4,3,4,4,4,4,5,4,4,4,4,4,4,4,4,4,4,4,4,4,4,4,4,4,4,4,4,4
4,4,4,4,3,4,2,3,4,3,4,4,2,3,3,2,4,3,3,3,2,2,3,1,3,3,2,4,4,4,2,3,3,4,2,2,3,3,3,2,2,3,3,2,3,2,3,2,2,3,3,2,4,3,2,2,4,3,2,2,4,4,3,2,2,3,3,3,4,4,3,3,3,4,2,3,4,4,2,3,4,2,4,5,5,4,3,3,5,4,2,4,2,2,2,2,2,4,2,3,4,2,3,3,4,2,2,3,4,4,4,3,4,3,3,2,4,4,3,4,2,2,2,3,4,4,2,2,2,2,3,2,4,2,3,3,3,1,4,4,4,3,4,3,2,4,4,2,2,2,3,2,2,4,2,3,3,4,3,2,3,3,3,5,2,2,3,2,2,4,4,2,4,4,3,3,3,2,2,3,3,4,4,2,4,4,3,3,4,4,4,2,2,3,3,3,4,4,2,4,2,4,4,4,4,4,4,4,2,3,2,4,2,4,4,2,2,4,5,5,5,4,4,4,4,2,2,4,2,2,3,4,4,4,4,3,2,4,4,4,4,3,4,4,4,4,4,4,2,4,2,3,5,4,4,4,3,4,3,4,4,4,4,4,4,4,4,3,4,4,3,4,3,4,4,4,4,2,2,5,5,6,4,4,4,4,4,3,4,5,4,2,4,4,4,4,4,4,2,2,3,3,4,2,4,4,2,4,5,4,4,4,3,3,4,4,4,4,4,4,4,4,4,4,3,4,4,4,4,4,4,4,4,4,4,4,4,4,4,4,4,4,4,4,4,2,4,4,4,4,4
2,3,4,5,3,2,3,3,3,4,4,2,2,3,2,2,4,4,2,2,1,4,2,2,2,3,3,4,2,2,3,3,4,4,3,2,3,2,2,2,1,4,3,2,2,2,3,2,2,2,2,2,2,4,3,3,3,3,2,3,3,3,3,3,3,4,2,2,4,3,3,4,4,3,4,5,3,3,3,3,4,4,4,2,3,3,2,4,4,5,4,3,3,2,2,2,3,3,3,2,2,3,4,3,3,4,3,3,3,3,4,3,3,2,4,4,4,3,3,4,2,2,3,3,4,4,2,3,3,2,2,4,3,3,2,2,3,3,2,4,4,4,4,2,2,3,4,2,2,2,2,3,2,3,2,3,2,4,1,4,2,4,3,3,3,3,2,3,2,3,4,3,2,3,2,3,2,4,4,2,2,2,4,4,3,2,2,3,3,4,4,2,2,4,4,3,2,4,2,2,4,2,3,4,4,4,3,2,3,4,3,3,4,4,2,2,4,3,5,6,5,5,5,4,4,4,3,3,4,4,4,4,4,2,2,4,4,4,4,4,4,4,4,2,2,4,4,4,4,3,4,4,4,4,4,4,4,4,3,4,3,4,4,2,4,3,4,2,4,5,4,4,4,3,4,4,3,2,3,4,5,4,4,4,3,3,2,4,4,4,4,4,3,3,4,4,3,3,2,4,4,4,4,3,4,3,3,4,4,4,4,3,3,4,5,4,4,4,4,4,4,4,4,4,4,4,4,4,3,4,4,4,4,4,4,4,4,4,4,4,4,4,4,4,4,2,4,4,4,4,4
4,4,3,4,4,4,2,2,3,3,3,2,3,3,2,3,3,3,2,3,3,4,2,3,1,3,3,2,4,3,3,3,2,2,3,2,2,3,2,2,2,3,2,3,2,2,3,2,3,3,2,2,2,4,3,3,3,2,2,1,3,4,2,4,4,2,3,3,3,2,3,3,3,4,2,3,4,4,4,3,3,3,3,3,3,3,2,3,5,4,5,3,3,3,2,4,4,3,4,2,3,4,2,3,4,3,3,3,2,2,2,2,3,3,4,4,4,3,4,4,4,3,2,4,4,4,3,3,3,3,3,4,4,3,3,3,2,3,2,3,3,3,3,2,2,3,4,4,3,2,2,2,4,2,2,3,4,2,5,2,3,3,3,2,4,3,2,3,3,3,5,4,2,2,4,2,3,3,3,3,2,4,3,2,2,2,4,3,3,3,3,3,3,4,4,3,3,3,4,2,4,3,4,3,2,4,4,3,3,4,4,3,4,4,2,3,4,4,5,5,5,5,5,4,4,3,4,4,4,4,4,3,4,4,4,4,4,4,4,3,3,4,2,2,3,4,4,4,4,4,4,4,4,4,4,4,3,4,4,2,4,4,3,4,4,4,4,3,4,4,4,4,4,3,4,5,3,2,4,4,4,4,4,4,4,2,3,3,4,4,4,2,3,4,4,4,4,4,4,4,4,4,4,4,3,3,4,4,4,4,3,2,3,4,2,4,4,3,4,4,4,5,4,4,4,4,4,4,4,4,4,4,3,4,4,4,4,4,4,4,4,4,4,4,4,4,2,3,4,4,4
4,3,4,4,4,4,2,2,2,2,2,2,2,3,2,3,3,4,4,3,2,2,3,2,2,3,3,2,3,3,3,3,3,3,2,2,3,4,3,2,4,2,2,3,3,3,3,3,3,2,3,3,4,4,2,2,2,2,2,3,4,3,3,4,3,3,4,4,3,2,3,2,3,4,4,2,3,4,2,4,3,2,2,3,3,3,3,3,4,2,2,4,2,4,5,3,4,4,3,3,3,1,4,3,4,2,4,3,2,2,3,3,3,3,2,4,4,3,3,3,4,3,2,5,2,2,3,2,2,2,3,2,4,3,2,3,3,3,2,3,3,3,3,3,4,3,4,4,3,3,3,3,3,2,3,3,2,4,2,1,2,4,4,4,1,2,3,3,2,3,3,2,3,2,2,2,2,4,4,3,4,2,4,2,2,3,2,2,3,4,2,3,2,4,4,3,4,2,4,3,4,4,4,2,2,4,4,4,2,3,4,4,2,4,2,4,3,4,4,4,4,5,5,4,4,3,4,4,3,4,4,3,3,4,4,4,2,4,4,3,4,3,3,4,4,2,4,3,2,4,4,4,4,4,4,4,4,4,4,3,2,4,4,3,4,4,3,2,4,4,4,4,4,4,4,4,4,4,2,4,4,4,3,4,2,4,3,4,4,4,4,3,2,4,4,3,4,2,4,3,3,2,4,2,2,4,3,4,4,2,4,3,2,3,2,4,4,4,4,4,5,4,4,4,4,4,4,4,4,4,4,4,4,4,4,4,4,4,4,4,4,4,4,4,4,2,4,4,4,4,4
3,3,3,3,2,4,4,3,4,4,4,4,3,2,2,3,4,3,3,2,2,3,2,2,3,2,3,2,2,4,3,2,2,3,2,3,2,3,3,3,4,3,2,2,3,4,3,2,4,3,2,3,4,4,2,3,2,2,3,3,4,3,3,4,3,3,4,4,1,2,3,2,2,4,2,4,3,3,4,1,2,3,2,3,2,2,2,5,2,3,3,3,4,4,3,4,3,3,2,3,3,4,4,4,2,4,4,2,4,3,3,2,3,4,3,3,4,4,2,2,4,4,2,5,3,2,4,2,2,3,2,2,3,4,3,3,3,2,2,3,3,3,3,4,4,4,4,3,3,3,4,3,4,3,2,3,3,2,2,4,4,2,2,4,3,4,4,3,2,4,4,4,4,2,2,3,2,3,4,3,2,4,3,2,3,3,4,4,4,4,2,3,2,2,4,4,2,4,4,4,4,4,4,3,2,4,3,4,4,3,3,4,4,3,3,4,2,4,4,4,4,4,4,4,4,3,4,4,4,4,3,3,4,2,3,4,4,4,3,4,3,4,3,4,4,2,4,2,3,4,4,4,4,4,4,2,4,3,3,4,4,4,4,4,4,4,3,3,4,3,4,4,4,3,4,4,3,4,4,3,4,4,4,4,4,4,4,4,3,3,3,4,4,4,4,2,4,5,4,3,4,2,3,3,4,2,4,4,4,4,4,4,4,3,2,2,4,4,4,4,4,4,4,4,4,4,4,4,4,4,4,4,4,4,4,4,4,4,4,2,5,4,4,4,4,2,4,4,4,4,4
4,2,3,1,2,3,4,4,4,4,4,3,2,2,3,3,2,3,2,3,3,2,3,3,2,3,3,4,3,4,4,2,2,2,2,2,2,4,3,4,4,4,3,3,3,4,2,2,3,2,2,2,4,2,2,3,2,3,3,3,4,4,3,3,3,2,3,4,2,3,3,3,2,2,4,3,3,2,2,3,2,4,2,2,2,2,4,2,5,3,3,3,4,4,3,4,4,2,4,3,4,3,2,3,4,3,3,4,3,2,3,3,3,4,3,3,4,3,4,4,4,2,4,1,4,4,3,3,4,2,2,4,3,4,4,4,3,3,2,4,2,2,2,4,4,3,3,2,2,3,3,4,3,3,2,3,3,3,3,3,4,2,3,3,3,3,3,4,3,4,4,2,1,3,3,4,3,4,4,4,2,2,2,3,2,4,4,4,4,4,2,2,4,4,4,4,4,4,2,2,3,3,2,3,3,2,3,4,4,4,4,4,4,2,4,3,4,3,4,4,2,4,4,4,4,4,2,4,4,4,3,4,2,4,4,4,4,3,4,3,4,2,4,2,4,3,4,4,4,4,4,4,4,4,4,4,2,4,4,4,4,4,4,4,4,3,3,4,3,3,5,4,3,3,2,4,2,3,4,3,4,3,4,3,3,4,4,4,3,4,5,4,4,4,3,4,4,4,3,3,4,2,3,4,4,5,4,4,4,3,4,3,4,4,3,4,4,4,4,4,4,5,3,4,4,4,4,4,4,4,4,4,4,4,4,4,4,4,4,4,3,4,4,4,4,3,4,4,4,4,4
3,2,2,2,2,2,4,4,3,4,5,4,1,4,3,3,3,4,3,3,2,3,3,2,3,2,3,4,4,4,3,2,2,2,4,2,3,3,3,4,4,2,2,3,3,2,3,2,3,2,2,2,2,2,4,2,3,3,4,3,4,3,1,2,4,4,3,4,2,2,2,3,2,2,2,2,2,3,2,3,2,2,2,4,2,4,3,3,4,3,4,4,4,3,2,2,3,4,3,3,3,4,3,4,3,3,2,2,4,4,4,3,3,3,3,2,4,4,3,4,4,4,3,3,3,4,3,4,4,3,4,4,3,4,4,4,4,2,3,4,3,3,2,5,2,2,4,2,2,3,3,2,3,2,3,4,2,2,2,2,3,4,3,2,2,4,2,3,3,4,4,3,4,4,3,3,3,4,2,2,2,3,2,3,3,4,4,3,4,4,3,4,4,4,4,3,4,3,2,2,3,3,2,3,4,4,4,4,4,4,4,4,2,3,4,3,4,3,4,3,3,3,3,4,4,4,4,4,4,4,3,4,4,4,4,4,4,4,3,4,4,2,4,2,4,3,4,4,3,4,4,4,4,3,4,4,2,4,3,4,4,4,3,4,4,4,4,4,4,4,4,3,3,4,2,4,4,3,4,4,3,4,4,2,4,3,3,3,3,4,4,4,4,4,4,4,5,3,4,3,3,4,3,5,4,3,4,4,4,4,4,4,3,4,4,4,4,4,3,4,4,2,4,4,4,4,4,4,4,4,4,4,4,4,4,4,4,4,4,3,4,4,4,3,4,4,4,3,4,4,4
3,2,2,4,2,3,4,2,2,4,2,2,4,2,3,4,4,2,3,2,3,3,3,2,2,4,4,3,4,3,3,4,3,2,2,2,4,2,4,4,4,2,3,4,4,3,3,3,1,3,2,2,3,3,2,3,3,3,3,4,5,2,3,4,3,3,4,4,4,3,3,2,2,3,2,2,2,3,4,3,3,4,4,3,4,3,4,3,3,2,4,4,4,2,2,2,4,4,3,4,4,3,2,4,2,3,3,3,3,4,4,3,2,3,4,4,3,4,2,3,4,2,4,4,3,4,4,1,3,4,3,4,2,3,3,2,2,4,4,3,3,3,4,1,4,3,3,2,3,2,2,2,2,2,3,3,1,2,4,3,3,3,4,3,3,4,3,2,3,3,4,4,2,4,4,4,3,2,4,4,4,3,4,3,3,3,4,5,4,3,3,4,2,3,4,3,3,2,3,4,2,3,4,2,4,4,4,4,4,4,3,4,2,2,4,3,2,3,4,4,2,2,3,4,4,4,3,4,4,4,4,4,2,3,3,4,4,4,2,4,3,4,3,4,4,4,4,3,3,4,4,4,4,3,3,4,4,4,4,5,4,4,4,3,4,4,4,4,4,4,2,4,3,3,4,4,4,3,4,4,4,4,3,4,4,4,3,4,4,4,4,4,4,3,4,4,4,5,4,4,3,3,4,4,4,4,3,4,4,5,4,5,4,4,4,4,4,4,4,2,4,4,4,4,3,4,4,4,4,4,4,4,4,3,4,5,4,4,4,4,4,4,4,3,4,4,2,4,4,4,4
3,2,4,4,3,4,3,3,4,4,4,4,2,3,3,3,2,3,4,4,4,2,3,2,2,2,4,3,2,3,2,4,4,3,2,4,3,2,3,4,2,2,2,3,4,4,3,4,2,3,3,2,2,3,2,2,3,2,3,2,4,1,3,2,3,2,4,4,4,4,3,3,2,4,3,2,2,3,3,4,4,4,3,2,3,4,4,2,3,3,4,4,4,3,2,2,4,4,3,3,3,4,4,2,4,2,2,2,4,2,3,3,4,2,4,3,3,3,3,2,3,4,3,3,4,3,4,4,4,3,4,2,2,3,3,4,4,2,3,3,2,3,4,2,2,3,2,3,3,2,4,4,3,4,2,2,3,4,4,2,4,2,4,4,2,3,3,2,4,4,4,4,4,4,4,4,4,4,2,4,2,4,4,3,4,3,2,5,4,3,2,3,4,4,4,2,3,3,4,4,2,3,2,4,3,3,4,4,3,2,4,3,4,4,2,4,4,4,3,2,4,3,2,4,4,4,4,4,4,4,2,4,2,3,4,4,3,4,4,4,4,4,3,3,4,4,4,4,4,4,3,2,4,4,3,3,4,2,5,4,3,4,4,2,4,4,4,4,4,4,4,3,4,3,4,3,4,3,4,3,4,4,4,4,4,3,4,4,4,4,4,4,4,4,4,4,5,4,4,4,4,2,4,4,2,4,3,3,4,6,6,4,5,4,4,4,3,4,3,4,3,2,4,4,4,3,4,4,4,4,5,4,4,4,4,4,4,4,4,4,4,4,4,4,3,4,4,4,4,4,4
2,4,3,2,4,4,2,3,2,2,1,4,2,2,3,2,3,2,4,4,3,3,2,3,2,2,3,4,2,2,2,4,3,2,3,2,3,3,3,4,4,3,2,4,4,3,3,3,3,3,2,2,2,2,2,3,3,2,2,2,2,2,3,2,3,3,4,4,4,3,3,4,3,3,4,3,4,2,3,3,4,1,3,3,3,3,2,4,4,3,4,4,3,4,2,3,4,4,4,3,4,3,4,4,3,3,4,3,2,4,3,2,3,3,4,4,3,4,3,3,3,3,4,3,2,4,4,4,4,4,4,3,2,3,2,2,4,4,3,2,2,2,2,2,2,2,3,2,3,3,2,2,4,3,4,3,4,4,2,3,3,3,4,4,2,4,2,3,3,2,2,2,4,4,4,3,3,4,4,3,2,4,4,2,3,4,4,4,4,4,2,4,4,3,4,2,2,3,3,4,3,3,3,4,4,3,2,2,4,4,4,4,3,4,4,4,4,3,4,4,3,4,4,4,3,3,4,4,4,4,4,3,4,4,4,4,2,3,4,4,4,4,4,4,4,4,4,4,3,4,4,2,2,4,4,3,3,3,4,3,4,3,3,4,4,4,4,4,4,3,4,4,3,4,4,4,4,4,4,4,4,4,3,4,4,2,5,3,4,4,3,3,4,4,4,4,4,4,4,4,4,4,4,3,4,4,4,4,4,6,6,5,4,3,4,5,4,4,4,2,4,4,4,4,2,4,4,4,4,4,4,4,4,4,4,4,4,4,4,4,4,4,4,4,4,3,3,4,4,4,3
2,4,2,3,4,4,3,3,3,4,3,2,4,2,3,2,2,5,4,3,4,4,2,4,2,3,2,4,2,2,4,4,2,2,3,2,3,2,2,4,4,2,2,3,3,3,2,4,4,4,3,4,4,3,3,3,2,2,2,4,1,3,2,3,4,3,3,2,4,2,3,3,3,4,3,4,4,2,3,1,3,2,3,4,3,3,2,4,4,4,4,4,4,4,4,4,4,2,4,2,2,2,3,4,4,2,4,4,2,2,3,3,3,3,3,3,2,2,2,2,2,3,2,3,4,2,3,2,3,2,1,4,3,2,4,4,2,3,4,2,2,2,3,3,2,3,3,3,3,2,4,4,2,3,4,3,2,4,4,4,2,3,2,3,4,2,3,2,4,3,4,3,2,2,4,4,4,4,2,4,4,4,3,2,3,4,4,3,3,3,4,4,4,2,4,2,3,4,4,5,3,4,3,4,3,2,3,3,3,2,3,4,3,4,4,3,3,3,4,4,4,4,4,4,4,3,4,4,4,4,4,3,2,4,4,2,3,4,2,4,4,4,4,4,4,4,4,3,3,4,4,3,3,4,4,4,4,4,4,4,4,4,3,4,4,4,4,4,4,2,4,4,4,4,4,4,2,4,4,4,4,4,4,4,4,4,4,2,3,4,4,3,4,4,4,5,4,4,4,4,4,4,4,4,4,2,4,4,4,5,6,4,4,4,4,4,4,4,4,4,4,4,4,4,4,4,4,4,4,4,4,4,4,4,4,4,4,4,4,4,4,4,4,4,4,4,4,4,4,4,4
2,4,4,3,4,3,2,4,3,3,4,4,3,4,4,2,3,2,3,4,2,2,3,4,4,2,2,4,4,2,4,3,2,3,3,3,3,2,3,3,4,2,2,2,2,2,1,2,4,3,4,4,4,4,2,2,3,2,3,3,2,2,4,3,3,2,3,3,4,2,3,4,3,4,3,2,4,3,2,2,2,2,2,3,3,3,3,2,4,4,3,3,4,3,4,4,3,3,4,4,3,2,4,3,3,3,4,4,2,3,3,3,3,2,3,2,2,2,3,2,4,3,2,2,4,4,2,4,2,3,4,2,2,2,2,4,4,3,4,4,2,3,1,3,3,2,3,3,4,4,3,2,3,3,2,2,4,4,3,4,3,3,5,4,3,2,2,3,4,4,4,4,4,4,4,4,4,4,2,4,3,4,2,4,4,4,4,3,4,4,4,4,4,3,2,2,4,2,5,5,3,3,4,4,4,4,3,2,2,4,4,3,4,2,4,4,4,4,2,4,3,4,4,4,3,4,4,4,4,4,4,4,4,4,4,4,4,4,4,4,4,2,3,3,4,2,4,4,4,3,4,4,4,4,4,4,4,4,4,4,4,5,4,4,4,4,4,4,3,3,3,4,4,4,4,4,3,4,4,3,4,4,4,4,4,4,4,4,4,2,3,4,4,4,4,4,4,4,4,4,4,4,3,4,4,4,4,4,3,4,5,4,3,4,4,4,5,4,3,4,4,4,4,4,4,4,5,4,5,4,4,4,4,4,2,4,4,4,4,4,3,5,4,4,4,4,5,4,4,4,4
4,2,4,3,2,3,2,3,4,4,3,3,3,2,3,4,3,4,1,3,4,4,4,4,1,3,3,4,4,3,3,4,3,2,3,3,1,2,3,3,3,2,2,3,3,2,2,2,3,3,2,3,2,3,3,3,3,2,3,4,4,2,4,3,2,3,3,2,3,3,2,2,2,2,1,2,3,4,3,2,3,2,3,3,4,4,4,3,4,4,3,3,4,3,3,4,3,4,4,3,3,2,4,4,2,4,3,3,2,2,3,2,3,3,1,3,3,3,4,3,2,3,3,4,2,4,2,3,2,2,2,3,2,3,4,2,3,3,4,4,2,1,4,2,2,4,4,4,4,2,4,4,2,3,3,3,4,4,4,4,4,3,4,3,3,2,4,5,3,3,2,2,4,4,4,3,2,4,4,2,2,3,4,4,4,4,4,2,4,4,2,3,4,2,2,4,4,4,4,5,3,3,3,2,4,4,2,3,3,4,4,2,2,4,4,4,3,3,4,4,3,2,4,3,3,4,4,4,4,2,4,3,4,4,4,2,3,4,4,3,4,4,4,4,2,3,2,4,4,4,4,4,4,4,4,4,4,4,4,4,4,4,2,4,4,4,4,3,2,4,4,4,3,4,2,4,4,3,3,4,4,4,4,3,4,4,4,4,4,2,2,4,4,4,4,4,4,4,4,3,4,4,4,4,4,4,4,4,4,4,4,4,4,3,4,4,4,4,4,4,4,4,4,4,3,3,4,5,4,4,4,4,4,4,4,4,4,4,2,4,4,3,4,5,3,4,4,4,4,4,4
4,2,2,4,3,4,2,2,3,4,4,3,3,2,3,4,3,4,4,4,3,3,2,4,4,1,3,4,4,4,3,2,2,3,4,2,4,2,1,4,4,4,2,3,2,3,2,3,4,4,3,2,3,4,4,3,3,3,3,4,4,3,4,4,3,3,2,2,3,4,2,2,3,2,2,2,2,3,4,3,4,3,3,2,4,2,2,2,3,2,3,3,4,3,2,4,4,4,3,2,3,3,3,5,2,4,2,3,3,2,4,2,3,1,2,3,3,3,2,3,2,3,3,2,3,2,3,4,2,4,3,3,2,2,2,2,3,4,2,4,3,2,2,2,4,3,4,2,4,3,4,2,2,3,3,2,2,3,4,2,4,4,3,4,3,4,4,3,3,3,4,4,3,4,3,4,4,2,1,3,3,3,4,2,4,4,4,4,4,4,2,4,4,3,4,4,4,4,4,4,4,4,4,4,4,3,4,4,4,3,3,4,4,4,4,2,3,3,1,4,2,4,3,4,4,4,4,2,4,4,4,4,4,4,4,4,4,5,3,4,3,4,3,3,3,4,4,3,3,4,4,4,4,2,3,4,4,4,4,4,4,4,4,4,3,3,4,4,4,3,4,4,4,4,2,4,3,4,4,4,4,4,3,4,4,4,4,4,3,3,4,3,4,4,4,4,4,4,3,4,4,4,4,4,4,4,4,4,4,4,4,4,4,4,3,4,4,4,4,2,3,4,4,4,4,4,4,4,4,4,4,3,4,4,3,4,4,4,4,4,3,3,4,4,4,4,4,4,4,4,4
4,4,4,2,2,3,3,3,3,4,4,3,5,3,3,4,4,3,5,2,3,3,5,3,2,2,3,3,3,4,4,4,3,2,3,3,2,5,1,2,4,3,2,2,2,1,4,2,4,4,3,2,2,4,4,3,2,2,3,3,2,3,4,5,3,2,3,4,2,4,2,2,4,3,3,2,3,3,3,4,2,3,3,3,4,2,2,3,3,2,4,4,3,2,3,4,3,2,4,4,3,4,4,3,4,3,2,3,4,3,4,4,2,1,3,3,2,3,2,3,4,4,3,3,4,3,4,2,3,2,3,2,2,2,2,2,2,4,4,3,4,2,3,2,3,4,3,2,4,1,3,3,3,2,4,4,3,4,2,2,2,2,2,4,4,3,2,2,4,3,2,3,4,4,3,4,2,3,4,3,2,3,3,2,4,3,3,4,4,4,4,3,2,4,4,4,4,4,4,4,3,4,2,4,4,3,4,4,4,4,3,4,4,4,4,3,4,3,3,4,4,2,4,4,3,4,4,3,4,4,4,4,2,4,5,3,4,5,4,4,4,2,4,4,4,4,4,2,3,4,4,4,4,4,3,4,3,4,4,4,4,3,4,4,4,4,4,4,4,4,4,4,4,4,3,4,4,4,3,3,4,4,3,4,4,4,4,4,4,4,3,3,4,4,4,4,4,3,4,4,3,4,4,4,4,4,4,4,4,3,3,4,4,4,4,4,4,4,4,4,3,4,3,4,4,4,4,4,4,4,4,3,2,4,3,4,4,4,3,4,4,4,4,4,4,4,4,4,4,4,4
4,4,2,4,3,2,2,3,3,2,4,4,4,4,4,2,3,4,3,4,4,3,2,3,4,4,3,3,4,4,4,2,3,2,2,3,3,2,4,2,2,3,1,4,3,2,1,4,3,4,3,3,3,4,3,4,2,2,3,2,4,4,3,2,2,2,4,4,2,4,3,2,3,3,4,2,3,2,2,4,3,3,4,4,3,2,3,3,3,4,4,3,3,3,4,4,2,4,4,4,3,4,4,3,4,2,2,2,4,4,2,3,3,3,3,3,2,2,2,4,4,3,2,4,4,3,4,3,3,3,2,2,2,2,3,4,2,3,4,3,4,3,3,4,3,4,4,2,2,3,2,3,3,2,3,4,2,2,3,2,2,2,2,4,2,4,3,2,2,2,4,3,3,3,3,4,3,2,3,4,2,3,2,4,3,5,2,5,3,2,2,3,4,2,4,3,2,3,2,4,4,3,4,2,4,3,4,4,4,4,4,2,4,4,4,4,4,3,4,4,4,2,4,4,4,4,3,3,2,4,2,3,4,2,4,4,4,4,4,4,4,4,2,4,4,4,4,4,4,4,4,4,4,4,3,4,4,4,4,4,3,3,4,4,4,4,4,4,4,4,4,4,4,4,4,2,4,3,4,4,4,4,4,3,4,4,3,4,4,4,4,4,4,4,4,4,4,4,4,4,4,3,5,4,4,4,4,4,4,4,4,4,4,4,4,4,4,4,2,4,2,4,4,4,4,3,4,4,4,3,4,4,3,4,4,3,4,5,4,3,4,4,3,4,4,4,4,4,4,4,4
5,4,4,3,3,3,2,3,2,4,5,4,4,4,4,4,3,4,4,3,4,4,4,4,2,4,4,2,3,3,4,3,3,2,2,3,4,4,4,4,3,3,3,4,2,3,2,3,4,2,3,2,3,2,3,3,3,2,4,2,3,3,2,2,2,3,3,2,4,4,3,3,2,3,4,2,2,2,4,1,4,3,4,3,3,2,4,3,3,4,4,3,3,3,3,4,4,4,1,3,3,3,3,3,3,3,3,2,4,4,2,3,4,4,3,4,3,2,4,4,2,3,2,2,4,4,4,2,3,4,3,3,2,2,4,4,3,2,4,4,4,4,4,4,4,4,4,2,2,3,4,3,4,4,3,3,3,1,2,3,3,3,2,2,4,3,2,4,3,3,4,4,2,3,4,4,4,2,3,4,4,4,4,4,3,2,5,2,4,3,3,2,2,3,4,3,2,4,4,3,4,4,2,2,4,5,3,3,4,3,3,3,3,4,4,4,4,4,4,2,4,4,4,4,4,3,3,4,4,4,4,4,4,4,4,4,4,4,2,4,4,4,4,4,4,4,4,4,4,4,4,4,3,4,3,3,4,4,4,4,4,4,4,4,4,4,4,4,4,5,4,4,4,4,4,4,4,4,4,4,4,3,4,3,3,4,4,4,4,4,4,4,4,4,4,4,4,4,4,4,4,2,5,3,4,4,4,4,4,4,4,4,4,4,4,4,4,4,2,4,3,4,3,4,4,4,4,4,4,4,3,3,4,4,4,4,4,4,3,4,3,4,3,3,4,4,4,4,3,3,3
5,4,3,4,3,4,4,3,2,3,5,4,3,5,5,4,4,4,4,4,5,5,3,4,3,3,3,3,3,4,3,2,2,3,2,4,3,3,4,4,3,2,2,3,5,4,3,2,3,3,2,4,4,2,3,3,3,3,3,4,3,2,3,2,3,3,2,4,4,2,2,3,3,2,2,3,3,2,1,4,2,5,3,4,2,4,3,4,3,4,3,3,2,3,2,4,3,3,3,3,3,2,3,3,4,3,4,2,2,4,3,4,4,3,3,4,4,4,4,3,2,3,4,1,4,4,4,4,2,3,3,2,2,3,4,4,3,4,3,4,4,4,3,3,4,4,4,4,4,2,4,4,2,3,4,3,2,3,3,2,2,2,2,2,4,2,2,3,3,4,3,4,3,4,4,4,4,2,4,2,5,4,2,4,4,3,4,2,4,3,2,3,3,4,4,4,2,3,2,4,5,2,2,4,2,2,4,3,4,2,4,2,4,4,2,4,4,4,4,2,4,5,2,4,4,3,4,4,4,4,4,4,4,4,4,4,3,4,3,4,4,3,4,4,4,4,4,4,4,4,4,4,4,4,3,3,4,4,4,4,4,3,3,4,4,4,4,4,4,4,4,4,5,4,4,4,4,4,4,4,4,4,4,4,4,4,4,3,4,4,4,4,4,4,4,4,3,5,3,4,4,4,4,4,4,4,4,4,4,4,4,4,5,5,4,5,4,4,4,4,2,4,2,4,4,4,3,4,4,4,4,4,5,4,3,4,4,3,5,4,3,4,4,4,2,4,4,4,2,3,4
4,3,3,4,4,3,3,2,4,4,4,2,3,3,2,4,4,3,4,3,2,3,4,4,2,2,3,3,4,3,4,4,3,2,3,3,4,4,4,3,4,3,4,3,3,3,3,3,4,4,3,3,4,2,2,3,2,2,3,2,2,3,4,3,4,4,3,4,3,3,3,2,2,2,4,2,3,1,3,4,3,4,2,4,2,3,4,4,3,4,4,4,4,4,4,3,3,3,4,2,2,4,3,4,4,3,2,2,4,4,3,3,2,3,4,3,2,3,2,4,2,4,3,2,4,2,3,3,2,2,3,2,2,3,2,3,4,4,4,3,4,4,4,3,4,3,3,4,4,3,3,3,3,3,3,4,4,3,3,3,2,3,3,2,2,4,4,3,2,2,3,4,3,2,2,3,4,4,4,3,3,3,4,3,4,4,4,4,3,4,4,2,2,4,4,2,3,3,4,4,3,3,4,4,2,4,4,2,2,4,4,4,2,2,4,4,4,2,4,4,2,4,5,2,4,4,4,4,4,4,4,4,4,4,4,4,4,4,4,4,4,2,4,4,4,4,4,4,4,4,4,4,4,2,4,4,4,4,4,4,4,4,4,4,4,4,4,4,4,4,4,4,4,4,4,4,4,4,4,4,4,4,4,4,4,4,4,4,4,4,4,4,4,4,4,4,4,4,3,4,4,4,4,5,4,4,4,4,4,4,4,3,4,4,4,5,4,4,4,4,4,4,4,4,3,4,4,4,4,4,4,4,4,4,4,4,4,5,4,3,5,2,4,4,3,4,4,3,3,4,4
3,4,4,4,4,3,2,2,4,4,4,3,3,3,4,4,4,3,4,2,4,4,3,3,4,3,3,2,4,4,3,3,4,4,4,4,4,4,3,4,2,2,4,4,3,4,4,3,2,4,4,3,3,3,3,3,3,3,4,4,3,3,4,4,2,3,3,4,3,2,3,4,4,2,2,2,3,3,2,3,3,4,4,2,3,4,3,3,3,3,3,4,4,3,2,3,3,4,2,2,3,3,4,3,3,2,2,3,5,4,2,2,3,3,2,3,3,4,3,3,3,2,2,3,3,2,2,2,2,2,2,4,3,2,2,4,2,4,4,4,3,4,5,2,3,2,4,3,4,3,2,4,4,4,3,4,4,2,3,3,3,3,3,3,4,3,4,4,1,2,3,3,3,2,2,3,4,3,4,4,2,4,4,2,4,4,4,4,4,3,2,3,3,4,4,4,3,4,4,3,3,4,4,4,3,4,4,2,4,4,3,4,4,4,4,4,2,4,5,4,3,4,4,2,5,4,4,4,3,4,4,3,4,4,4,4,5,4,4,4,2,3,4,4,4,4,4,4,4,4,4,3,4,4,4,4,4,4,4,5,4,4,4,4,4,4,4,4,4,3,4,4,4,4,4,4,4,4,4,4,4,3,4,4,4,4,4,4,4,4,4,4,4,4,4,4,3,4,4,4,4,4,4,3,4,4,4,4,4,4,4,4,4,4,4,4,4,5,4,5,5,4,4,4,3,4,4,4,4,4,4,4,4,4,4,4,4,4,4,3,5,3,5,4,4,4,4,4,4,4,4
4,4,4,4,3,2,2,2,2,4,3,3,3,2,5,4,4,3,3,2,4,3,2,4,4,3,4,3,2,4,3,4,3,3,4,4,4,2,4,2,2,2,4,4,4,2,3,4,4,4,4,3,3,4,2,3,3,1,3,3,2,2,2,4,4,2,2,2,3,3,2,2,3,4,3,3,2,2,2,3,2,3,4,4,3,3,4,2,2,3,3,4,2,4,4,4,4,4,4,4,4,2,3,4,3,2,3,4,2,4,2,3,3,2,4,2,3,3,4,1,2,2,4,2,2,2,2,4,3,2,3,4,3,1,2,4,4,3,4,2,4,2,4,2,4,3,3,2,3,3,2,4,4,3,2,2,4,3,4,2,3,2,2,4,2,2,4,4,3,3,3,2,3,2,3,3,2,2,3,4,4,4,2,3,4,3,2,4,4,3,4,3,4,4,4,4,4,4,4,3,3,3,4,3,4,4,4,4,4,4,4,5,4,3,4,4,4,4,4,4,4,4,5,4,4,4,4,3,4,4,2,4,4,4,4,4,4,4,4,4,2,4,4,4,3,4,4,4,4,4,3,3,4,3,4,4,4,4,4,4,4,4,4,4,4,4,4,3,3,4,4,3,4,4,4,5,3,4,4,4,4,5,4,4,5,4,4,4,4,3,4,5,5,4,4,4,4,4,4,2,5,3,4,4,3,4,4,4,4,4,4,4,4,4,4,4,4,4,4,5,5,5,4,4,4,4,4,4,4,4,4,4,4,4,4,4,4,4,4,4,4,4,4,4,4,4,4,4,4,4,3
3,3,3,3,4,4,4,3,4,3,2,3,4,3,4,4,4,2,4,3,4,4,4,4,4,4,4,3,2,4,4,3,3,3,3,3,3,2,3,2,3,3,2,4,4,3,3,3,4,4,2,3,2,3,2,1,2,4,3,3,3,4,2,2,4,3,3,2,3,4,2,2,4,4,2,2,2,3,3,3,3,2,4,4,4,4,2,4,4,2,4,4,3,4,4,2,2,2,4,4,3,3,4,2,2,4,3,2,4,4,3,3,2,2,4,3,3,4,2,2,4,3,3,2,3,2,2,2,3,3,3,3,3,2,2,2,3,2,4,4,4,2,3,2,4,3,4,2,4,2,3,4,2,4,4,3,3,3,4,3,2,2,4,2,2,4,2,2,4,2,2,2,3,3,3,2,3,3,4,3,3,4,4,3,2,2,2,4,4,4,3,4,3,4,4,4,4,2,4,4,3,2,3,4,3,3,4,4,4,4,4,4,5,4,4,4,4,4,4,4,4,3,4,4,4,4,3,4,4,3,3,4,3,4,4,4,4,4,4,4,4,3,3,4,4,4,4,3,4,4,4,3,3,4,4,4,4,4,4,3,3,4,4,4,4,4,4,4,3,3,4,3,4,4,3,4,4,5,4,4,4,3,2,4,4,4,4,4,4,4,5,4,4,4,4,4,4,4,4,3,4,4,4,4,4,4,4,4,4,4,4,4,4,5,4,4,4,5,5,4,4,4,4,4,4,4,4,4,3,3,4,4,4,4,4,4,4,4,4,4,4,4,4,4,4,4,3,4,4,4,4
3,4,4,3,3,4,4,4,4,4,4,4,4,4,5,4,4,4,4,4,5,4,3,3,4,5,4,2,2,3,3,3,4,4,2,3,3,4,3,3,3,3,4,4,4,2,4,2,2,4,3,4,3,3,3,2,4,2,3,1,2,3,2,2,2,3,2,3,4,3,3,3,3,3,2,3,2,3,2,3,3,2,4,4,4,3,3,3,3,2,2,2,3,3,2,2,4,3,3,2,3,3,4,4,4,3,3,4,4,2,2,2,3,3,2,2,3,3,2,4,2,3,4,5,3,3,4,3,3,2,2,1,3,4,2,2,3,2,4,4,1,3,3,4,4,2,4,3,3,2,2,4,2,4,4,4,2,4,3,2,2,3,4,2,3,3,4,2,3,3,3,3,3,3,3,2,4,4,2,3,3,3,3,3,3,2,3,3,4,4,3,4,2,4,4,2,4,4,4,3,2,3,3,4,4,2,4,4,4,4,4,4,4,4,4,4,4,4,4,3,4,4,4,4,4,5,3,4,4,4,4,4,3,4,4,4,4,4,4,4,3,4,4,4,4,2,4,4,4,4,4,4,4,4,4,4,2,3,4,3,3,2,4,4,4,4,4,4,4,3,4,4,3,4,4,5,5,4,4,5,4,4,4,4,4,4,4,4,4,4,4,4,4,3,4,4,4,4,2,5,4,4,3,4,4,4,4,4,4,4,4,4,4,4,4,4,5,4,4,4,5,4,4,4,3,4,4,4,4,3,2,4,4,4,4,4,4,4,4,3,4,4,4,4,4,4,4,4,4,4,4
3,4,4,2,3,3,4,4,4,4,4,3,3,4,4,5,3,4,3,4,4,4,4,4,4,4,4,3,4,4,4,4,3,4,3,3,4,4,3,4,2,4,4,2,2,4,3,3,2,4,4,3,2,3,2,3,3,2,1,4,2,2,4,2,3,2,4,2,2,2,4,4,2,2,2,2,2,2,4,1,4,2,4,4,4,2,3,1,2,3,3,2,3,4,2,2,4,4,2,4,2,4,3,4,4,3,3,3,3,4,2,3,2,2,3,2,2,4,3,3,2,3,2,3,4,4,4,2,2,3,3,2,3,4,2,2,4,4,4,2,3,2,3,4,3,4,2,3,3,3,4,4,4,4,4,2,3,4,4,2,2,2,2,3,3,2,4,3,3,4,3,2,3,3,3,2,4,4,2,4,2,2,4,3,3,2,4,5,4,5,3,4,3,2,4,3,3,4,4,3,3,2,4,2,4,2,4,4,5,3,4,4,4,4,4,4,4,4,4,5,4,3,4,4,4,4,4,4,4,4,4,4,4,4,4,4,4,4,4,4,4,4,4,4,4,4,4,4,4,4,4,4,4,4,4,4,4,4,4,3,4,3,4,4,4,4,3,3,4,4,4,4,4,4,4,4,4,4,4,5,4,2,4,4,4,4,4,4,4,4,4,4,4,3,5,3,5,4,5,3,4,4,4,4,4,4,4,4,3,3,4,4,4,4,5,5,4,5,4,5,4,4,4,4,4,4,4,4,3,2,1,2,2,3,4,4,4,4,4,4,3,4,4,4,3,4,3,3,4,4,4
2,3,4,2,2,4,4,4,4,4,4,4,4,3,3,3,4,3,4,4,2,3,4,2,2,3,3,3,4,4,3,3,4,4,4,4,5,5,3,4,2,4,4,2,3,3,4,3,3,4,4,4,3,2,3,4,3,4,2,4,2,3,2,2,2,5,2,4,4,4,2,2,3,3,2,2,3,4,2,3,1,3,4,4,4,3,4,4,2,2,4,2,2,2,3,4,3,4,2,5,2,3,4,2,4,3,4,4,4,4,3,3,2,4,3,2,3,4,4,3,3,3,4,4,3,2,3,4,3,1,2,2,3,2,2,4,3,4,4,3,3,3,3,3,3,3,2,3,2,2,4,3,2,2,3,2,3,3,2,2,4,4,3,1,3,3,2,5,4,4,3,2,2,3,3,4,4,3,2,4,2,4,4,4,4,4,4,4,4,2,3,3,2,4,4,3,2,4,4,4,4,4,2,3,4,3,4,4,4,4,4,5,4,4,4,4,4,4,4,4,5,4,4,4,4,4,4,4,4,4,4,4,4,4,4,4,4,4,4,4,4,5,4,4,3,4,4,3,5,4,4,5,4,4,4,4,4,4,2,2,4,2,4,4,3,3,3,4,4,4,4,4,4,4,4,4,4,4,4,4,4,4,4,4,4,4,4,5,4,4,4,4,4,4,3,4,3,3,4,4,5,4,4,4,4,4,5,4,4,5,5,4,4,3,4,4,4,4,3,4,3,4,4,5,4,4,4,4,3,3,3,3,3,2,4,4,4,4,5,2,4,3,4,3,4,4,4,4,4,3,4
3,2,2,3,3,2,4,4,4,4,4,3,5,3,2,2,4,2,4,4,3,3,3,4,4,3,2,4,4,2,4,4,4,3,4,4,4,4,3,3,4,3,4,2,3,4,4,4,3,3,3,4,4,3,4,3,2,4,3,3,4,3,1,4,4,6,7,6,6,2,2,2,2,3,2,2,2,3,4,3,4,3,4,2,3,4,3,4,3,3,2,4,3,4,4,3,3,3,3,4,2,3,4,4,3,4,3,2,4,3,4,4,2,2,3,2,2,2,3,4,4,4,4,4,2,3,2,2,2,3,2,3,3,3,3,4,3,2,3,4,4,2,3,4,3,2,2,4,4,2,2,4,3,3,4,2,2,2,3,2,2,4,3,2,4,2,3,4,2,3,4,3,3,3,3,4,4,3,3,3,4,4,2,4,4,4,4,4,3,2,3,3,3,4,4,2,4,3,3,4,3,3,3,4,4,3,4,4,4,4,2,4,4,4,5,4,4,3,4,4,4,4,4,3,4,4,4,4,4,4,4,4,4,4,4,5,4,4,4,5,4,4,4,5,4,4,4,4,4,4,5,4,4,4,4,4,2,2,2,2,2,2,2,4,4,2,4,4,4,4,4,4,3,3,4,4,4,4,4,4,4,4,4,4,4,4,4,5,5,4,4,4,4,4,4,5,5,3,4,4,4,3,5,3,2,4,4,4,4,5,4,4,4,4,4,4,5,4,4,4,4,5,4,4,4,3,2,5,5,6,6,5,5,4,4,4,4,4,5,3,4,4,4,4,3,4,4,4,4,4,3
2,3,3,4,4,2,2,4,4,4,4,4,4,3,3,4,4,4,4,4,4,3,2,4,3,4,3,4,4,4,2,4,4,4,3,3,3,5,3,3,4,3,3,3,4,4,4,3,4,3,3,4,3,4,4,3,2,4,3,3,4,3,2,3,4,7,24,13,6,3,1,2,4,4,2,3,3,2,3,4,3,3,4,3,2,3,4,3,4,2,2,4,4,5,4,5,4,4,3,3,2,2,4,4,2,2,4,4,3,3,4,3,2,3,2,2,4,4,3,2,5,4,3,3,3,3,3,3,3,3,3,2,2,3,3,2,4,2,4,3,2,4,4,2,4,4,4,2,3,3,2,2,4,3,2,2,1,3,2,3,3,2,3,4,2,4,2,4,4,3,4,4,4,4,4,3,3,3,2,3,4,3,3,4,4,2,4,4,2,3,3,4,4,4,4,3,2,3,2,4,3,3,4,3,4,4,4,4,4,4,4,4,4,4,4,4,4,4,4,4,4,4,4,4,4,4,4,4,4,5,4,5,4,4,4,4,4,4,5,4,4,4,4,4,3,3,4,4,4,4,5,4,4,4,4,2,3,5,5,4,4,4,4,4,4,2,4,4,4,4,4,4,4,4,4,4,4,4,4,4,5,4,4,5,4,3,4,4,4,4,4,4,4,4,4,4,5,4,4,4,4,4,5,4,4,4,4,3,3,4,5,4,4,4,4,4,4,4,5,4,4,4,4,4,4,2,2,6,13,26,22,7,6,4,4,4,5,4,4,5,3,4,4,4,3,4,4,3,4,5,4
4,2,2,4,4,2,2,4,4,2,3,4,3,4,3,4,2,4,3,4,4,2,2,4,3,3,4,2,4,4,2,4,3,4,2,4,3,4,4,2,3,2,2,3,4,3,2,3,4,3,3,3,3,4,3,3,4,4,3,4,4,4,4,2,4,6,13,11,6,2,1,2,4,4,3,2,3,2,1,4,4,3,3,4,4,2,2,4,4,3,2,4,2,2,4,4,4,3,4,2,2,3,2,4,3,2,3,4,4,2,3,4,3,2,3,2,2,2,2,3,3,2,4,3,3,2,3,2,2,3,2,3,2,3,3,2,2,4,4,5,4,4,4,4,4,4,3,4,4,2,2,3,4,4,2,3,4,3,2,3,2,4,2,4,2,4,3,4,4,4,4,2,4,4,4,3,4,3,3,4,4,3,4,4,4,4,5,4,4,3,4,4,5,4,3,4,4,2,4,4,4,4,3,3,5,4,4,4,4,3,4,4,4,4,4,4,4,4,2,2,4,4,4,4,4,4,4,4,5,4,4,5,5,4,4,4,4,4,4,4,4,4,4,4,4,5,2,5,4,4,4,4,4,4,4,4,5,7,12,10,6,6,3,2,2,3,5,2,5,4,4,4,4,4,4,4,5,4,4,4,4,5,4,4,4,4,4,4,4,4,4,4,4,4,4,4,5,4,4,4,4,4,4,4,4,4,4,4,4,4,4,5,4,4,4,4,4,4,4,4,4,5,5,3,3,1,5,28,200,239,209,43,7,5,3,4,5,4,3,4,3,4,4,4,4,4,4,3,4,4,4
4,4,4,2,4,4,4,4,2,3,2,4,4,4,2,3,2,4,4,4,4,3,4,4,3,3,3,4,4,2,3,3,2,3,4,4,2,3,4,3,4,4,4,4,3,2,4,4,3,2,3,4,4,3,4,2,4,4,3,4,2,4,4,4,3,5,6,6,5,2,1,3,4,4,2,3,3,2,3,3,4,2,2,3,3,3,3,4,4,4,4,4,4,3,4,3,3,3,3,4,2,3,2,4,3,4,3,2,3,3,3,4,2,4,3,3,3,3,2,1,2,3,2,2,3,4,2,2,3,4,3,3,4,2,3,4,5,2,3,2,4,4,3,3,4,4,4,4,2,4,4,4,4,3,3,3,2,2,2,4,3,4,4,1,4,4,4,4,2,2,4,4,3,4,4,4,4,4,3,3,4,4,4,2,2,4,4,4,4,4,4,4,4,4,4,5,4,3,4,4,4,4,3,3,3,4,4,4,4,4,4,4,4,4,4,4,4,4,4,3,4,4,4,4,4,4,4,4,4,4,4,4,4,4,4,4,4,4,4,4,4,3,4,4,4,4,4,3,4,4,3,4,5,4,4,3,6,22,143,102,12,6,4,2,1,4,3,5,4,4,4,4,4,4,4,4,4,4,4,4,4,4,2,5,4,4,4,5,5,4,4,3,4,4,4,4,4,4,4,4,4,4,4,4,4,4,4,4,4,4,4,4,4,4,4,4,4,5,4,4,4,4,4,3,2,2,6,125,229,242,247,122,7,5,2,4,4,4,4,4,3,3,5,4,4,3,4,4,3,4,4
4,4,4,4,4,4,4,4,2,2,3,3,4,4,4,4,3,3,3,4,2,4,4,4,2,3,3,4,3,2,4,3,3,3,4,4,2,4,4,4,4,2,4,3,4,2,4,3,3,2,3,4,3,4,4,2,4,4,4,4,3,4,3,2,3,4,4,5,5,2,3,3,4,4,4,4,3,3,4,2,2,2,3,3,4,4,3,2,2,4,4,3,4,3,3,3,2,4,4,3,4,3,2,2,4,3,4,4,4,4,4,4,4,4,4,4,4,4,4,3,3,4,3,2,3,3,2,2,4,4,3,3,4,4,4,4,4,2,3,4,2,2,5,4,4,3,2,2,5,3,2,4,3,2,2,3,3,2,4,4,3,3,3,4,2,4,2,4,4,2,2,4,4,4,3,4,4,3,3,2,4,4,3,4,3,4,4,4,5,4,3,3,3,3,4,4,4,4,4,5,3,4,2,3,4,4,4,4,4,4,4,4,4,4,4,4,4,4,4,4,3,4,4,4,4,4,4,4,4,4,4,4,4,4,4,4,4,4,4,4,3,4,4,4,4,4,3,4,3,4,4,4,4,2,2,4,6,85,216,162,15,5,4,2,2,4,4,4,5,4,2,4,3,5,4,3,4,4,4,4,4,3,5,2,4,4,5,4,5,5,4,4,4,3,4,4,4,4,4,3,4,4,4,4,2,5,4,5,5,5,4,4,4,4,4,4,5,4,4,4,5,5,4,4,4,4,6,77,214,236,224,58,6,3,2,3,4,4,4,4,4,4,4,4,4,4,4,4,4,4,4
2,2,3,3,4,3,4,4,3,4,4,4,4,4,5,4,4,4,3,4,2,3,3,3,3,4,4,4,4,5,4,3,2,3,2,2,4,3,4,3,3,4,4,2,4,2,4,3,3,3,4,4,4,3,4,4,4,2,5,2,3,4,2,4,3,4,2,2,4,2,3,4,3,3,3,4,3,4,3,2,2,2,2,3,4,4,4,4,4,3,4,3,4,3,2,2,2,3,4,4,2,2,3,2,4,4,4,4,4,4,3,2,5,4,4,4,4,4,4,2,4,2,2,3,4,3,4,4,3,3,4,3,2,3,3,3,4,4,4,4,4,3,1,4,4,3,3,4,3,4,2,3,4,4,2,2,4,4,4,3,4,4,2,2,4,3,4,4,3,5,3,3,4,4,3,4,4,3,2,4,2,2,4,4,5,4,4,4,4,3,4,4,3,4,3,3,4,4,4,4,3,4,3,4,2,4,4,4,4,4,4,4,4,4,4,4,4,4,4,4,4,4,4,4,4,4,4,4,4,4,5,4,4,4,4,4,4,4,4,4,4,4,4,4,4,3,4,4,4,4,4,4,4,1,2,4,6,68,164,61,8,5,3,2,2,4,5,4,4,4,3,4,4,4,4,4,4,4,5,5,4,4,4,5,5,4,5,5,5,4,4,5,3,4,4,4,4,4,4,4,4,4,4,3,5,4,5,5,6,5,4,4,4,4,5,5,5,4,4,4,5,5,4,4,4,4,6,15,108,155,35,7,6,2,2,2,3,4,4,5,4,3,3,4,4,4,4,4,4,4,4
3,2,4,4,3,4,2,4,4,3,4,4,4,3,4,4,4,4,2,4,4,3,3,4,4,3,3,4,4,4,4,4,3,3,2,3,4,3,3,4,4,3,3,3,2,4,4,3,2,4,4,3,2,4,4,5,4,4,5,2,4,4,2,4,4,4,4,3,4,4,2,2,4,4,3,3,3,2,3,3,3,3,3,2,4,3,4,4,2,4,4,4,4,3,3,2,2,2,4,2,3,4,2,3,3,5,3,3,4,3,2,3,4,4,5,4,4,3,4,5,4,2,4,3,3,4,4,2,4,4,3,2,2,4,4,4,3,4,3,2,3,4,4,2,4,4,4,2,3,3,2,4,4,2,3,4,2,4,4,2,4,4,4,4,3,4,4,3,4,2,3,4,4,4,5,4,4,2,4,4,3,3,5,5,3,3,3,3,4,4,4,3,2,2,4,4,3,4,4,2,4,3,4,2,4,5,2,4,4,4,4,4,2,4,4,4,4,4,4,3,5,3,5,4,4,4,4,4,4,4,5,4,4,4,4,4,4,4,4,4,4,4,4,4,4,4,4,4,4,4,4,4,2,2,3,4,6,9,12,6,5,4,4,3,2,4,4,4,4,4,4,4,4,4,4,3,4,4,4,4,4,4,4,4,4,5,5,4,5,5,4,4,4,4,4,4,4,3,4,5,4,5,4,4,4,5,6,6,5,4,5,3,4,4,5,5,4,4,4,4,5,5,4,5,4,4,5,6,7,7,6,6,5,3,2,4,4,4,4,4,4,4,4,4,5,4,4,4,4,4,5
2,3,2,4,4,4,3,2,3,5,4,4,5,4,5,3,4,4,2,4,3,3,4,3,4,4,4,4,4,4,3,3,3,3,3,3,4,4,4,4,4,3,4,4,3,4,4,4,3,3,3,3,2,3,3,3,5,4,3,4,4,3,2,2,4,3,4,3,2,3,2,3,4,2,4,2,4,2,3,3,3,2,4,4,4,4,2,4,3,4,4,4,3,4,3,1,2,2,4,2,3,4,1,2,3,4,4,4,4,2,2,3,4,5,4,4,3,4,4,5,4,4,2,4,3,4,1,4,3,4,4,2,3,4,4,4,4,4,3,3,4,2,4,4,2,2,4,3,3,4,2,3,3,3,1,2,4,4,4,3,3,4,4,3,3,4,3,4,4,4,4,4,4,4,4,4,4,4,4,4,4,2,5,4,4,4,4,3,4,4,4,4,4,4,4,4,5,4,4,4,4,4,2,4,4,4,5,4,4,2,4,4,2,3,4,3,4,3,4,4,4,4,4,4,4,4,4,3,4,4,4,5,3,4,4,4,4,4,4,4,4,4,4,4,4,4,4,4,4,4,4,3,4,4,2,4,5,5,5,5,5,3,3,3,4,4,4,4,4,4,4,4,4,4,4,4,4,4,4,5,5,3,4,4,4,5,5,5,4,4,5,4,4,4,4,4,4,3,4,4,4,4,4,4,4,4,4,6,5,3,4,3,4,4,3,4,4,4,4,4,5,5,3,4,5,4,5,4,4,5,5,4,4,2,4,4,4,5,5,3,4,4,3,4,4,4,4,4,4,5,4
2,3,4,2,4,4,1,2,3,2,5,3,4,4,4,5,2,4,4,4,5,2,3,2,4,4,4,4,4,3,3,4,4,2,4,4,2,4,4,4,5,3,4,4,3,3,4,3,4,4,4,5,3,3,3,3,4,4,4,5,2,2,3,2,4,3,3,3,4,3,4,4,4,3,3,4,3,3,3,4,3,2,4,4,4,4,2,4,4,3,4,4,4,4,3,3,3,3,3,4,4,4,2,2,4,2,4,4,4,4,4,3,5,4,4,2,3,5,5,4,5,3,3,5,2,4,4,3,3,4,4,3,3,4,4,4,4,2,3,3,4,2,4,4,4,4,4,3,3,4,3,2,3,3,4,4,3,3,4,4,2,2,3,4,4,4,4,4,3,4,3,4,4,4,4,4,4,4,5,4,4,4,4,5,4,4,4,3,3,4,3,4,4,2,3,5,4,4,4,4,3,4,2,4,4,4,4,4,4,2,3,4,4,2,3,4,4,4,3,3,2,4,3,4,4,4,4,4,4,4,4,5,4,2,4,4,4,4,4,5,3,5,4,4,4,4,4,4,4,4,4,4,4,4,4,3,4,3,4,4,4,4,3,3,4,2,4,4,4,5,4,4,4,4,4,4,4,4,4,5,4,5,5,4,4,5,4,4,5,4,5,4,4,4,4,5,4,4,4,4,4,4,5,5,4,4,4,4,4,5,4,4,4,5,4,4,4,4,4,4,4,4,4,4,4,5,4,3,4,5,4,4,4,4,4,4,4,4,4,4,4,4,4,4,4,4,4,4,4,5,4
2,3,4,4,4,4,4,3,4,4,4,3,3,5,4,2,4,2,5,4,3,4,4,4,4,3,4,2,4,5,4,4,3,3,2,4,3,3,3,3,4,3,3,4,3,4,4,4,4,4,4,5,4,2,3,3,4,5,5,4,3,2,4,4,4,3,3,4,4,3,2,4,4,4,4,4,4,4,2,2,4,2,4,4,4,4,2,3,3,3,3,3,4,2,3,3,3,4,3,3,3,3,4,4,3,3,3,4,4,4,4,3,4,4,2,3,4,4,5,4,4,3,4,2,3,4,2,2,4,4,4,4,4,5,3,4,4,3,4,5,4,2,4,2,4,5,4,4,4,4,3,4,4,2,3,4,4,4,3,4,3,3,3,4,4,2,4,4,3,4,5,4,4,4,4,4,5,3,4,4,3,5,3,3,4,4,3,4,4,4,3,4,4,4,4,5,5,4,3,4,4,3,4,3,4,3,4,4,4,3,3,2,4,3,4,4,4,4,4,1,1,2,2,4,4,5,4,4,4,4,4,4,4,4,4,5,4,4,4,4,2,4,4,4,3,4,4,4,4,4,4,4,4,4,4,3,2,2,3,4,4,4,4,4,3,3,4,4,4,5,4,4,4,4,4,4,4,4,4,5,4,4,4,4,5,4,4,5,5,4,4,4,4,4,5,4,4,4,4,4,4,4,4,4,4,4,5,4,4,4,4,4,4,4,5,4,4,5,5,4,4,4,4,4,4,4,3,4,4,3,4,4,4,4,4,4,4,4,4,4,4,3,5,4,4,4,4,4,4,4,4
3,3,4,4,2,5,5,4,2,3,3,2,4,4,4,3,4,2,3,4,4,4,3,3,4,2,4,4,4,4,4,2,4,3,4,4,1,4,4,3,4,4,4,4,3,2,4,3,4,4,4,2,5,3,4,3,4,4,4,4,4,3,4,4,4,4,3,3,4,3,3,3,4,4,4,4,4,3,3,2,4,2,4,4,4,4,3,2,3,4,3,3,2,2,3,3,3,4,3,2,4,4,3,2,4,3,4,3,3,4,3,4,3,3,3,2,4,4,4,4,2,4,4,2,4,4,4,4,4,4,4,4,4,4,5,5,4,4,4,4,4,3,3,3,4,4,4,4,2,2,2,2,3,4,4,4,4,1,4,4,2,3,2,4,2,4,4,3,4,4,3,4,3,4,5,4,4,5,3,4,2,5,4,4,2,5,4,5,4,3,4,3,4,4,4,4,5,3,4,3,5,4,4,3,4,4,3,4,4,3,4,4,3,4,4,4,4,4,2,3,2,1,2,4,4,4,4,4,4,4,4,4,4,4,4,5,4,4,4,4,4,4,4,4,4,5,4,4,4,4,5,4,4,4,4,2,2,4,4,4,4,2,5,4,4,3,4,4,5,4,4,4,4,4,4,4,4,5,4,4,4,4,4,5,4,4,4,4,4,4,4,4,4,4,4,5,4,4,4,4,4,4,4,4,5,4,4,4,4,4,4,4,4,4,4,5,4,4,4,4,4,5,5,4,4,4,4,4,4,4,4,4,5,4,4,4,4,4,4,4,4,4,5,4,4,4,4,5,4,4,4
4,4,2,4,3,4,4,3,4,2,3,4,4,3,3,3,4,2,4,2,3,4,3,3,2,4,3,3,4,4,4,4,4,3,4,3,4,3,3,4,3,3,2,4,2,4,3,2,4,4,4,4,4,4,3,3,4,1,5,2,5,3,4,4,3,2,4,4,3,4,4,2,3,4,4,4,4,2,4,3,2,3,4,3,3,2,2,3,2,4,3,3,2,4,4,4,4,3,3,2,2,3,4,3,3,4,3,2,3,2,4,4,4,3,3,4,4,3,3,4,2,4,4,4,4,4,4,4,3,4,4,4,4,4,4,4,2,4,4,4,3,3,2,5,4,4,4,2,3,2,4,4,3,4,4,3,2,4,4,2,4,1,2,2,4,4,4,3,4,4,4,4,4,4,5,4,4,4,5,4,4,5,3,5,2,5,4,3,4,2,3,5,5,4,4,4,4,2,5,5,5,4,4,3,2,4,2,2,2,2,3,4,4,2,4,4,4,4,4,5,4,4,4,4,4,4,4,4,4,4,4,4,4,4,4,4,4,4,4,3,4,4,5,4,4,4,4,4,4,5,4,4,4,5,4,4,4,4,4,3,4,4,4,4,4,3,4,4,5,4,4,4,4,4,4,4,4,4,4,3,5,4,5,4,4,5,4,5,4,4,4,4,4,4,4,4,5,4,4,4,3,4,5,4,3,5,4,5,5,4,4,4,5,4,4,4,4,4,4,4,5,4,4,4,4,4,5,4,4,4,5,4,4,4,4,5,4,4,4,4,4,4,4,5,4,4,4,4,4,4,4
4,4,4,2,2,2,4,4,4,4,4,3,2,3,5,3,2,2,4,2,3,3,4,3,4,4,4,2,4,4,3,4,2,3,2,4,4,2,4,3,4,3,3,4,3,3,2,4,5,3,3,2,4,4,3,3,3,5,4,2,4,2,3,2,4,3,4,4,3,4,4,2,4,4,2,2,3,2,3,4,2,4,4,4,2,4,3,2,4,4,3,3,4,4,3,3,4,2,4,2,2,3,4,2,2,3,2,3,4,3,4,4,4,3,4,3,4,3,4,2,3,4,4,4,4,4,3,3,4,4,4,4,4,4,2,2,2,2,3,4,4,4,4,4,4,4,4,4,4,3,3,3,4,4,3,3,2,4,4,2,3,4,4,2,3,4,4,3,3,4,3,4,5,4,5,5,4,4,4,4,4,4,5,3,4,4,4,4,4,5,4,4,4,4,4,3,3,4,2,5,4,3,3,3,3,2,3,3,4,4,4,3,3,3,4,2,3,4,4,6,7,6,6,5,4,4,4,5,4,4,3,4,5,4,3,4,4,4,4,4,3,4,5,4,4,4,4,4,4,4,4,4,4,4,4,4,4,4,4,4,4,4,4,3,3,4,4,3,4,4,4,4,4,4,4,4,4,4,4,4,4,4,5,4,5,5,4,4,4,4,4,4,4,4,4,4,4,4,4,4,4,4,3,4,3,4,4,4,4,5,4,4,5,4,4,4,4,4,4,5,5,4,4,5,4,4,4,4,4,5,4,5,5,4,4,5,4,4,4,3,4,4,4,4,4,4,4,4,4,4,5
4,4,3,2,4,4,4,4,4,4,4,4,4,4,1,3,3,2,2,4,4,2,3,4,5,4,4,4,3,4,4,4,4,3,3,3,4,4,3,4,3,2,4,4,2,3,3,4,5,4,3,4,3,4,2,3,4,3,4,4,2,2,4,4,4,3,4,3,3,2,2,4,4,3,2,3,3,2,3,1,4,4,4,3,4,3,4,3,3,3,3,3,3,4,4,4,3,3,4,3,4,4,2,3,3,2,3,3,3,4,4,3,3,4,4,4,2,4,3,4,5,5,4,4,4,4,4,4,5,3,3,4,4,4,2,2,2,2,3,3,4,4,2,4,4,4,4,3,3,3,2,4,3,3,2,4,4,2,4,3,3,4,3,3,2,4,4,4,4,4,2,4,5,5,4,5,5,4,5,5,5,4,5,4,2,4,4,3,5,4,5,4,4,4,4,3,4,2,4,4,4,4,2,3,5,1,4,4,4,4,4,4,3,3,2,2,1,5,6,17,113,37,8,5,4,2,4,4,4,4,4,4,5,5,4,4,4,5,4,4,4,4,4,4,4,5,5,4,4,4,4,4,4,4,4,4,4,4,4,4,3,4,4,3,3,4,4,4,4,4,4,4,5,5,4,4,4,4,4,4,4,5,4,5,4,4,4,4,5,5,4,4,4,4,4,4,4,4,4,4,4,3,4,5,4,4,4,4,4,4,5,4,4,4,5,4,4,4,5,5,4,4,5,4,5,4,4,4,5,4,4,4,4,4,4,4,4,4,4,4,4,4,4,4,2,4,4,4,4,4,3
4,3,4,3,2,3,2,4,4,4,4,4,2,2,3,3,2,4,3,4,4,2,4,5,4,4,4,4,4,4,4,2,2,3,4,4,4,4,3,4,3,4,3,4,4,4,2,4,4,2,3,3,2,4,2,2,3,4,4,1,2,3,4,3,2,2,4,4,2,4,4,2,2,4,3,2,2,3,1,2,4,4,4,4,2,3,4,4,3,4,4,3,3,4,3,4,2,4,3,4,4,4,3,3,2,2,4,3,2,3,3,4,4,4,4,2,3,4,2,5,4,5,4,4,4,4,4,4,4,4,3,2,3,4,4,5,5,3,4,4,3,2,4,4,3,3,4,4,3,4,4,4,4,4,4,2,4,4,4,3,3,4,4,4,3,4,4,2,3,4,3,3,3,5,5,4,5,4,4,4,4,4,3,5,4,4,3,2,4,4,3,3,4,4,3,4,4,4,3,4,3,2,4,4,2,5,2,4,3,4,4,5,4,2,1,1,3,6,9,200,214,200,77,7,4,2,2,4,4,4,4,4,5,4,5,4,4,4,5,4,4,4,4,5,4,5,4,4,4,4,4,4,4,4,4,4,4,4,4,4,4,4,4,3,3,4,4,4,4,4,5,5,4,4,5,4,4,4,4,4,4,5,4,4,4,4,4,4,5,4,4,4,4,4,4,4,4,4,4,4,4,3,5,4,4,4,4,4,4,4,4,3,4,4,4,4,5,5,4,4,5,4,4,5,4,5,4,4,5,4,4,4,4,4,4,4,4,4,4,4,4,4,4,4,5,3,4,5,4,4,4
4,3,2,2,2,4,4,3,4,4,2,4,3,4,2,3,2,4,1,4,4,4,4,4,2,4,5,4,3,4,5,4,4,4,4,4,3,2,4,4,4,4,5,4,3,3,4,4,4,2,3,4,3,3,3,2,2,4,4,3,3,3,3,4,4,2,3,4,4,3,4,4,2,4,4,2,3,3,3,2,2,2,2,4,2,4,5,4,3,4,4,3,4,4,4,4,2,4,2,2,3,2,3,2,1,3,3,3,3,3,3,3,4,4,3,2,4,3,5,4,3,5,5,3,4,4,5,4,4,4,2,3,2,4,5,7,7,6,5,5,3,4,3,3,3,2,3,3,4,4,4,4,4,4,4,2,4,4,2,3,3,4,4,4,4,3,4,4,4,4,2,3,3,3,5,4,4,5,5,3,4,5,4,4,4,3,4,2,4,4,4,4,3,3,3,4,4,5,4,1,4,4,4,5,2,3,4,2,4,5,4,4,4,2,1,1,4,7,61,209,232,204,125,7,4,3,1,4,4,4,4,4,5,4,4,4,4,3,3,4,4,5,4,4,4,4,5,5,4,4,4,4,4,4,4,2,4,4,4,4,3,4,4,4,3,4,4,4,4,5,4,4,4,4,4,4,3,4,4,4,4,4,5,3,4,4,4,4,4,4,4,4,4,5,5,5,4,4,4,4,4,4,4,4,4,4,4,4,4,4,4,4,5,4,4,4,4,4,4,4,5,5,4,4,4,3,4,4,4,4,4,4,4,5,4,4,4,4,4,4,4,4,4,4,3,5,4,4,4,5,3
2,2,2,3,2,3,4,4,2,4,4,4,2,4,2,3,2,4,2,4,2,3,4,4,4,4,4,4,4,3,4,4,4,4,3,2,4,2,3,3,4,4,4,4,4,3,2,2,3,4,2,4,4,3,3,4,3,2,3,3,2,3,4,2,4,3,2,3,4,4,2,2,4,3,4,4,3,3,2,2,2,3,3,3,3,2,3,2,3,4,3,4,2,4,3,3,4,2,2,3,3,3,2,2,3,4,4,4,3,4,2,3,3,4,2,4,4,4,4,4,4,4,5,3,3,4,5,4,3,4,3,2,3,5,7,49,67,11,6,5,4,2,4,4,3,4,4,3,4,4,4,4,4,2,2,4,3,4,2,3,4,3,4,2,4,4,4,4,4,4,4,4,4,4,4,5,4,5,3,4,5,4,3,4,3,4,4,3,3,4,4,3,3,2,4,4,4,4,4,3,4,3,4,5,4,3,4,4,5,3,4,4,3,1,1,3,5,10,162,187,200,194,116,6,4,1,2,4,5,5,4,4,4,4,5,4,4,4,4,4,4,5,4,4,5,4,3,5,4,4,4,4,3,4,4,4,4,4,4,4,3,5,4,4,4,4,4,5,2,4,4,4,5,4,3,3,4,4,4,4,4,4,4,4,5,4,4,4,4,4,4,4,4,4,4,4,4,4,4,4,4,5,4,3,4,4,4,4,5,5,4,4,4,4,5,4,4,4,4,4,4,5,4,4,4,4,5,4,4,4,4,4,5,5,4,4,4,5,5,4,4,4,4,5,3,4,4,4,4,5,4
2,3,4,4,3,4,4,4,4,4,4,4,2,2,1,3,2,4,4,4,4,3,4,4,4,4,4,4,4,4,3,2,4,4,4,4,1,4,2,2,4,4,1,3,4,3,2,4,5,4,2,4,3,4,3,2,2,4,3,3,4,4,3,4,2,3,3,4,4,4,4,3,4,4,4,4,4,4,4,4,3,2,2,2,4,4,3,2,3,4,4,3,4,3,2,4,2,2,2,3,3,2,3,2,4,2,4,4,4,4,3,2,4,4,2,3,4,4,2,3,3,4,4,4,4,4,4,4,3,4,4,2,4,6,10,171,185,42,6,5,4,2,5,3,3,4,3,3,4,4,4,2,2,2,3,3,4,4,4,4,4,4,2,4,4,4,2,2,4,4,4,4,4,4,4,5,5,3,4,5,5,2,3,3,4,4,4,4,4,4,4,4,4,3,4,4,4,4,4,4,2,3,3,3,4,5,4,4,4,3,3,5,3,2,1,2,6,32,175,216,209,206,63,6,4,1,1,4,5,4,4,4,5,4,4,4,4,4,3,4,5,4,5,4,4,5,4,4,4,4,4,4,4,4,4,3,4,4,4,3,5,4,3,4,5,4,4,4,4,4,4,4,4,4,5,4,4,4,4,4,5,4,5,5,3,5,4,4,4,5,4,4,5,5,4,4,5,5,5,5,5,4,4,4,3,4,5,4,4,4,4,4,4,5,4,4,4,4,4,4,4,4,4,4,4,4,4,4,4,5,4,4,4,4,4,4,4,3,4,5,4,3,4,4,4,4,4,4,4,4,4
4,4,4,4,4,4,2,3,4,4,4,2,2,2,4,3,2,3,4,3,2,3,1,4,4,4,4,4,2,4,4,2,4,4,4,2,4,4,4,3,3,3,4,3,3,2,4,3,3,3,3,3,4,3,3,3,4,4,3,4,2,4,3,3,4,4,2,2,4,2,5,2,3,4,4,3,4,2,4,3,3,3,3,2,3,4,3,4,4,4,2,4,3,4,4,2,2,3,2,2,2,2,3,2,3,2,4,4,4,3,3,3,4,4,3,4,4,4,2,3,3,4,4,4,4,4,4,4,4,4,4,2,4,6,15,146,103,16,5,4,4,4,4,3,4,4,4,3,4,4,4,2,3,2,2,1,3,4,4,4,2,4,3,4,3,4,4,4,4,4,4,4,4,5,4,5,4,4,4,4,5,5,4,3,3,4,4,5,4,2,4,4,4,3,4,4,4,4,4,4,4,3,4,2,4,4,4,5,4,4,4,4,3,2,2,1,5,16,190,228,220,135,12,5,2,2,2,4,5,4,4,4,4,4,4,4,4,4,5,4,4,5,5,4,4,4,4,4,5,4,4,4,3,4,4,4,4,4,4,4,4,4,4,3,4,5,4,5,4,4,4,4,4,4,4,4,4,4,4,4,4,5,4,4,4,5,4,4,4,4,5,5,5,5,4,4,5,5,4,5,4,5,5,4,3,5,4,4,4,4,4,4,5,5,4,4,4,4,5,5,3,4,5,4,4,4,4,4,4,4,4,4,4,4,4,3,4,4,4,4,4,4,4,4,4,4,4,4,4,4,4
4,3,3,4,4,3,4,4,3,4,2,2,4,3,2,4,3,2,4,3,4,2,2,4,4,3,4,4,3,2,4,4,4,4,5,4,4,3,2,3,3,3,5,2,2,4,3,4,4,4,2,3,4,2,2,5,2,4,3,2,2,4,3,4,3,3,2,2,4,3,4,4,1,3,3,2,2,1,4,2,4,2,3,2,2,4,4,2,2,4,2,3,4,2,4,4,2,4,1,4,2,2,3,3,4,4,4,4,4,3,4,4,3,4,4,2,4,4,3,4,3,3,4,4,3,3,4,5,4,4,4,3,4,6,7,16,14,6,5,4,5,4,4,4,4,3,2,2,3,4,4,3,3,2,2,2,3,4,4,3,4,4,3,4,3,4,3,4,4,4,4,4,4,4,4,4,4,4,4,4,5,5,4,4,2,4,4,4,4,4,3,4,3,3,2,4,4,4,4,4,5,3,3,2,4,4,3,4,5,5,4,4,4,2,2,2,5,7,100,223,190,17,6,4,2,2,3,4,4,4,3,4,4,4,4,4,4,4,3,4,5,4,4,4,4,4,4,4,4,4,4,4,4,4,4,4,4,4,4,4,4,4,4,4,4,4,4,3,4,3,4,5,4,4,4,4,4,4,4,4,4,4,4,4,4,4,5,4,4,4,5,5,4,4,5,4,4,4,4,3,4,5,5,3,4,5,4,5,4,4,4,4,4,4,4,4,4,4,5,5,4,4,4,4,5,4,4,4,3,4,5,4,4,4,4,3,4,4,4,4,4,4,4,4,4,4,4,5,3,3,4
3,4,3,4,4,4,3,4,3,3,4,4,4,3,3,3,3,2,3,4,3,2,3,4,4,4,2,4,4,2,2,3,4,4,4,3,4,3,2,4,2,2,3,3,3,3,3,3,4,4,2,3,4,3,3,2,3,3,2,4,3,2,4,4,3,3,2,2,3,4,3,2,3,2,3,2,2,5,2,4,2,3,3,2,2,2,4,3,2,3,3,3,4,3,3,3,2,4,3,2,4,2,3,4,3,3,4,3,3,4,2,3,4,3,4,2,3,4,4,2,4,4,4,4,4,4,3,4,3,2,3,3,3,4,5,5,5,5,4,4,4,4,4,3,3,2,2,2,4,4,3,2,2,2,2,3,4,4,3,4,4,4,4,3,4,4,4,4,4,4,4,4,4,4,3,5,4,4,4,5,5,5,4,4,2,4,3,3,5,5,3,4,4,3,4,4,3,4,4,4,4,4,4,4,4,4,4,4,5,4,5,4,3,4,4,3,5,6,8,37,17,6,5,4,2,5,4,4,4,4,4,4,4,5,4,4,4,4,4,4,5,4,4,4,4,4,4,4,4,4,4,3,3,4,2,3,4,4,4,4,3,4,4,4,4,4,5,4,4,4,4,4,5,5,4,4,4,4,4,4,4,4,4,5,4,4,5,3,5,4,5,4,4,4,5,4,4,5,4,4,4,4,4,3,4,5,4,5,4,4,4,4,4,4,4,4,4,5,4,4,4,4,3,5,4,4,4,4,4,4,5,4,4,4,4,4,4,4,4,4,4,4,4,4,4,4,4,5,4,4,4
4,4,4,2,4,4,3,4,4,4,4,4,4,4,2,4,3,2,2,3,4,3,4,4,4,4,4,4,5,5,4,4,4,4,3,3,4,4,3,2,3,4,4,4,4,4,4,3,4,4,4,3,4,4,3,2,3,3,2,3,4,3,4,4,3,2,3,3,3,2,4,4,2,3,2,3,3,3,3,4,4,5,3,2,4,2,3,4,3,3,2,3,4,3,4,3,2,4,2,2,2,4,4,3,5,2,3,5,4,3,4,4,4,3,2,4,2,4,4,2,3,4,3,4,3,3,2,2,4,1,3,4,4,2,4,3,4,4,4,4,3,3,3,3,3,2,2,2,4,4,3,2,2,2,3,3,3,4,4,4,3,2,4,3,3,2,4,3,4,4,4,3,3,4,4,4,4,5,4,5,5,5,4,4,3,4,3,4,4,4,4,3,4,4,4,2,3,4,4,3,4,4,5,4,4,4,5,4,4,4,5,4,4,4,3,4,5,5,5,6,6,5,4,3,4,5,4,4,5,4,4,4,5,4,5,4,4,4,4,4,3,4,4,4,5,2,4,4,4,4,3,4,4,4,4,3,3,2,2,4,4,4,4,4,4,4,4,4,4,4,4,4,3,4,4,4,4,4,4,4,4,4,4,4,4,4,5,5,4,4,4,4,5,4,3,4,4,5,4,4,5,4,4,5,4,5,4,4,3,4,5,4,3,5,5,4,4,4,4,4,5,4,4,5,4,4,4,4,4,4,4,4,5,4,4,4,3,2,4,4,4,4,4,4,3,4,4,4,4,4,3
2,3,3,3,3,4,4,4,3,4,2,3,3,4,4,4,3,3,2,4,4,4,4,4,5,4,4,4,4,5,4,4,4,5,3,3,4,4,2,1,4,4,4,3,2,4,4,3,4,2,2,2,4,3,4,2,3,4,4,3,3,3,3,2,2,2,3,2,3,4,3,2,2,3,2,3,3,2,4,4,4,4,2,2,2,3,3,3,2,2,2,2,2,4,2,3,2,2,4,2,2,4,2,3,4,4,3,2,3,2,4,3,3,4,4,3,4,4,4,4,4,4,4,4,3,4,4,3,2,2,3,5,2,2,1,3,3,3,4,4,3,4,2,3,3,2,2,3,2,3,4,4,4,3,4,3,4,4,3,4,4,4,4,3,3,2,3,3,5,4,3,4,3,4,4,4,4,4,4,4,5,4,4,4,4,4,4,4,4,4,3,3,4,3,4,3,4,4,4,4,4,3,5,4,4,3,4,5,4,4,5,5,4,4,4,4,3,5,4,4,4,4,4,4,5,4,5,5,4,4,4,5,4,4,4,5,4,4,4,3,4,2,4,4,2,5,4,4,4,4,4,4,3,4,4,4,4,4,4,4,4,4,4,4,4,4,4,4,4,4,4,4,4,4,3,3,4,4,4,4,4,4,4,3,4,5,4,5,5,4,4,4,4,4,4,4,4,4,4,4,4,4,5,4,4,5,4,4,5,2,4,4,4,4,4,4,4,4,4,4,5,4,4,5,3,4,4,4,4,3,4,5,4,4,5,4,4,4,4,4,4,4,4,4,3,5,4,4,4,4,3
3,4,2,3,4,4,4,4,2,3,3,4,4,4,4,4,4,4,2,3,4,3,3,4,4,4,3,3,3,3,4,3,4,4,4,2,4,3,2,4,2,5,3,3,3,4,4,3,4,3,2,3,3,3,4,2,2,3,3,3,4,4,3,3,4,2,3,4,4,2,3,2,2,2,3,3,2,4,2,2,2,4,4,3,2,4,4,4,3,4,2,2,2,3,2,3,3,2,1,3,3,3,4,4,3,2,4,3,4,3,3,4,2,1,3,4,3,2,4,2,2,3,4,3,4,4,2,3,3,2,3,4,3,3,1,2,3,3,4,4,2,4,2,4,4,3,3,4,4,4,4,4,4,3,4,4,5,4,3,4,4,4,4,2,2,3,3,4,5,3,3,4,4,4,4,4,4,4,3,4,4,4,4,4,4,4,4,4,4,4,2,3,3,4,4,4,4,2,3,4,2,4,4,3,4,4,4,5,4,5,5,4,4,4,5,4,3,4,3,2,2,2,4,4,5,4,5,4,4,4,4,4,4,4,4,4,4,4,4,4,5,2,3,3,4,5,4,4,4,5,3,4,4,4,4,4,4,5,3,4,4,4,4,4,4,5,4,4,4,5,4,4,4,5,4,4,4,4,4,4,2,4,4,4,4,4,4,4,4,4,4,4,3,4,4,4,4,4,4,4,5,4,5,4,4,4,4,4,4,4,4,4,4,4,4,5,3,4,4,4,4,4,4,4,4,4,4,4,4,3,4,4,4,4,5,4,4,4,4,4,4,4,4,5,4,4,4,4,4,3,4
3,3,4,3,2,4,4,3,2,2,2,4,3,2,1,5,2,4,3,4,3,2,4,3,1,3,4,3,2,2,3,3,4,4,4,2,4,4,4,4,4,4,4,4,4,4,4,2,3,2,3,2,3,3,4,2,3,3,4,3,4,3,3,2,3,3,3,4,2,2,3,3,2,2,4,2,2,2,4,4,4,4,3,4,2,3,3,4,4,4,3,2,4,4,2,2,2,2,2,4,4,4,3,4,2,4,4,4,2,2,2,4,2,3,3,4,2,4,2,2,4,2,5,3,2,4,3,2,2,4,4,4,4,2,2,4,3,3,4,4,3,3,4,4,4,2,2,4,4,3,4,4,4,2,2,4,4,3,4,4,4,4,4,2,2,1,2,4,4,4,4,5,4,4,4,4,4,2,4,4,4,4,2,3,4,4,4,4,4,3,4,4,4,4,5,5,4,4,4,3,4,4,4,3,3,4,5,4,4,5,5,4,3,4,4,4,2,4,5,3,3,3,4,4,4,4,4,3,4,4,4,4,4,4,4,2,4,4,4,4,4,4,4,4,4,4,4,4,4,4,4,4,3,3,4,4,4,3,4,4,4,4,4,4,5,4,4,3,4,4,4,4,4,4,4,4,4,4,4,4,4,3,5,5,3,4,4,4,4,4,4,5,4,4,4,4,4,5,4,4,4,4,3,5,5,4,4,4,4,4,3,4,4,4,4,4,4,5,4,4,4,4,4,4,4,4,4,4,4,4,4,4,4,4,4,4,4,4,4,4,5,5,4,5,5,4,4,4,4,4,4
4,4,4,2,2,4,4,2,3,3,4,2,2,3,2,2,3,5,3,4,2,2,2,2,3,4,4,2,2,2,2,4,4,4,3,4,3,4,4,4,4,4,4,5,4,4,3,2,4,2,3,3,4,3,4,3,4,3,5,2,4,3,2,3,3,4,4,4,3,3,2,2,2,2,3,4,4,4,2,4,2,3,4,2,5,4,2,4,2,2,3,4,2,3,2,2,3,4,5,4,2,4,3,4,4,2,4,4,3,4,4,4,3,4,2,3,4,4,2,3,1,4,4,2,4,4,4,4,3,4,4,4,4,4,2,4,4,5,3,5,3,4,3,3,3,4,4,3,4,3,4,4,4,4,4,4,4,3,4,3,3,4,4,4,4,2,3,4,4,2,4,4,4,4,4,4,2,3,4,4,4,3,3,4,3,4,4,4,4,4,4,2,3,4,4,4,4,3,3,4,4,4,3,4,2,5,4,2,4,5,5,4,3,4,3,4,4,5,4,3,3,4,4,4,4,4,4,4,4,4,5,5,4,4,4,4,4,4,4,4,4,4,4,4,4,4,5,4,4,4,4,3,4,4,4,4,4,2,4,4,4,4,4,4,4,4,4,5,4,4,4,4,4,4,4,4,4,4,4,4,3,4,6,6,6,5,4,5,4,4,5,5,4,4,4,4,4,4,4,4,4,4,5,4,3,4,5,4,5,4,4,4,4,4,4,5,5,4,4,4,2,5,4,5,4,4,4,4,4,5,5,4,4,4,4,4,4,4,4,4,4,5,4,4,4,4,4,4,4,4,4
4,2,2,2,3,3,2,2,2,3,4,2,2,4,3,4,4,3,3,2,4,4,3,2,3,4,3,3,3,3,2,3,4,3,4,4,2,4,3,4,4,4,4,4,4,4,3,3,3,2,2,4,3,4,4,4,4,4,4,2,4,4,3,4,4,4,3,3,2,3,2,1,3,3,2,4,2,5,4,3,2,2,4,2,2,4,4,4,3,2,4,2,4,4,3,3,3,3,2,4,2,3,3,3,4,2,2,2,2,4,5,3,3,2,2,4,2,3,4,3,4,4,3,4,2,3,2,3,3,3,4,4,4,4,3,3,5,4,3,4,5,4,4,4,3,3,3,4,4,3,4,4,4,4,4,4,2,4,4,2,4,4,4,5,5,5,4,4,3,3,4,3,4,3,4,4,3,4,4,4,4,4,5,4,4,3,4,4,4,4,3,3,4,4,4,4,4,4,3,5,2,4,4,5,2,4,4,3,5,5,4,4,4,4,4,4,5,5,4,4,4,4,4,4,4,4,4,4,4,4,5,5,4,4,4,4,4,4,4,4,4,4,3,4,5,4,4,4,4,4,4,4,4,4,4,4,4,4,4,4,4,4,4,4,4,5,4,4,4,5,4,4,4,4,4,4,4,5,4,3,5,5,8,41,17,6,5,4,4,5,4,5,4,4,4,4,4,4,4,5,5,4,4,4,4,5,4,5,4,4,4,4,4,4,4,5,4,5,4,4,4,3,4,4,5,4,4,4,4,4,5,4,4,4,4,4,4,4,4,4,4,5,5,4,4,4,4,4,4,4,4
4,2,1,2,4,3,2,3,3,2,4,2,2,2,2,3,3,2,3,4,3,3,3,3,3,3,2,2,3,2,3,3,3,4,3,4,3,2,3,3,4,3,4,2,3,4,4,5,3,2,2,3,2,4,5,3,3,4,4,4,3,4,4,3,3,4,4,2,4,4,3,2,2,3,2,2,3,4,4,4,2,2,2,4,4,4,4,2,3,4,2,2,4,2,3,3,2,1,3,2,2,2,3,2,3,3,2,3,3,2,1,4,4,4,4,3,4,2,3,3,4,4,4,4,3,2,2,4,3,4,3,2,4,4,2,3,3,3,5,5,3,4,4,3,4,3,4,3,4,4,4,4,4,4,4,3,4,2,2,2,2,2,5,6,7,6,5,4,3,3,3,4,4,4,3,4,4,4,5,4,4,3,4,2,4,4,4,4,2,4,4,3,3,4,4,5,4,4,4,5,4,5,3,4,4,4,4,5,5,4,4,4,4,4,5,4,5,4,3,4,3,4,5,4,4,4,4,4,4,4,4,4,4,4,4,4,4,3,4,4,3,4,4,4,5,4,4,4,4,4,3,4,4,4,4,4,4,4,4,3,4,4,4,4,4,4,4,4,4,4,4,4,5,4,4,4,4,4,4,2,4,5,7,51,41,6,4,5,5,4,4,5,5,4,5,4,4,4,4,4,4,4,4,5,4,4,4,4,4,4,5,4,5,4,4,4,4,5,5,4,5,4,4,6,3,4,4,4,4,4,4,5,4,5,5,4,4,4,4,5,4,4,4,4,3,5,4,4,3,5,4
4,2,2,2,3,4,2,2,3,3,1,2,4,2,4,1,3,3,4,3,4,4,4,3,3,2,2,2,4,4,4,2,4,4,3,2,2,2,3,3,3,2,3,2,3,3,4,5,4,4,4,2,2,4,2,2,4,2,4,5,3,2,4,4,3,4,4,4,3,2,3,2,1,3,3,2,4,4,4,3,3,3,2,3,4,4,4,2,2,3,4,3,4,3,4,3,2,5,1,5,2,2,3,2,4,2,1,2,3,2,4,4,4,3,2,2,4,2,3,3,4,2,2,2,2,2,2,2,4,3,3,4,3,4,4,2,4,3,5,4,4,4,3,3,4,2,4,5,4,4,3,4,4,4,3,4,4,4,4,2,2,2,6,32,93,28,6,4,3,2,1,3,4,2,3,3,5,4,4,4,2,3,4,4,3,3,4,2,3,4,4,3,4,4,4,3,4,4,5,5,4,4,4,5,4,4,5,5,5,5,4,4,4,5,4,5,4,4,4,4,3,4,4,4,4,4,4,4,4,4,4,4,5,4,4,4,4,3,5,4,4,4,4,4,4,5,4,4,4,4,4,4,4,4,4,3,3,2,4,4,4,4,4,4,4,4,4,4,4,4,4,4,4,4,4,4,4,5,4,4,4,5,6,7,8,6,5,4,4,4,4,5,5,5,4,4,3,4,4,4,5,4,4,5,4,5,4,4,4,4,4,4,4,4,3,4,4,4,4,4,4,4,5,4,5,4,4,3,3,4,4,4,4,4,5,5,4,4,4,5,4,4,3,4,5,2,4,4,4,3,4
2,3,2,2,2,3,2,2,4,2,1,4,2,4,2,4,4,3,4,3,2,3,3,3,2,2,2,2,3,4,3,1,3,4,2,3,2,2,2,3,3,3,3,3,3,3,3,3,4,4,2,3,3,4,4,4,4,3,3,4,4,2,4,4,3,3,4,3,2,3,3,2,2,3,2,2,4,4,3,3,4,4,3,3,2,2,2,4,4,3,2,4,4,3,4,3,2,4,2,1,3,2,3,3,2,4,3,2,3,4,3,4,4,2,2,2,4,4,4,4,1,4,2,2,4,2,3,3,2,4,3,3,4,4,2,5,4,2,4,2,5,5,3,2,4,4,4,4,3,3,3,3,4,4,2,4,4,4,3,1,2,4,6,74,196,111,10,4,2,1,2,4,4,4,2,3,4,4,4,4,4,3,3,3,4,4,4,4,4,4,3,4,4,4,4,4,4,4,5,4,4,4,4,4,4,4,5,5,5,5,5,4,3,4,4,5,4,5,4,4,3,4,4,4,4,4,4,3,4,3,4,4,5,4,4,4,4,4,4,4,4,4,4,4,4,4,4,4,3,4,4,4,4,3,4,4,4,4,4,4,5,4,4,4,5,4,4,4,4,4,4,4,4,4,5,5,5,4,4,4,5,4,4,5,6,5,4,5,4,4,4,5,5,4,4,4,4,4,4,4,4,4,5,4,4,4,5,4,3,4,4,4,4,4,4,4,4,4,4,5,4,4,4,4,4,4,4,4,3,4,4,4,4,4,4,4,5,4,4,4,4,4,5,3,3,4,5,4,5,4,4
2,4,2,4,2,2,4,2,4,2,2,3,3,2,4,2,3,3,1,5,4,4,2,4,2,2,3,4,3,1,3,3,1,4,2,3,3,4,3,4,4,3,4,2,2,2,3,3,2,2,4,3,2,3,3,2,3,4,2,2,3,3,3,3,4,2,4,3,2,3,4,2,3,3,3,2,3,2,2,3,2,3,4,2,3,2,2,4,4,2,3,3,3,3,4,4,4,2,2,2,3,4,4,3,2,2,3,3,3,4,4,4,3,2,3,2,3,4,2,3,3,2,3,3,2,2,1,3,3,4,2,3,3,3,3,2,4,4,4,5,2,4,4,2,4,4,4,4,3,3,4,3,4,5,4,4,2,4,3,3,4,4,5,51,171,88,8,4,1,2,2,5,4,4,3,4,4,4,4,4,4,4,2,2,2,4,3,3,3,3,4,3,4,4,4,4,4,4,4,4,4,4,4,4,4,4,4,4,5,5,4,4,5,5,3,4,5,3,4,4,4,4,5,5,4,3,2,4,3,4,4,3,4,4,4,4,4,5,4,4,4,4,4,4,4,4,4,4,4,4,4,4,4,4,5,4,4,4,4,4,5,4,4,4,5,4,4,4,4,3,4,5,4,4,5,5,5,5,4,4,4,4,4,4,3,5,5,5,4,4,5,4,4,4,4,4,4,4,4,4,4,3,4,5,4,4,4,4,4,4,5,4,4,4,3,4,4,4,5,4,3,4,4,4,4,4,3,4,4,4,4,4,4,4,4,4,5,4,4,4,4,4,4,4,4,4,5,4,3,4,5
1,3,3,2,3,2,3,2,2,2,2,4,4,1,4,1,2,3,2,4,3,2,4,4,4,2,4,4,2,4,2,4,3,3,4,4,4,2,2,3,4,2,3,3,3,2,4,4,2,3,3,3,1,3,2,4,4,3,2,2,2,3,3,3,3,4,3,4,3,4,4,4,4,3,3,3,3,3,3,2,2,3,4,3,2,2,4,4,3,3,3,4,4,4,3,3,2,4,2,2,2,4,4,2,2,2,3,4,4,4,4,5,3,3,2,3,3,4,3,3,2,2,3,3,2,4,2,4,2,2,4,4,2,2,5,3,4,4,4,4,4,3,4,4,4,3,4,4,3,3,3,3,4,3,4,4,4,3,4,3,3,2,5,9,44,18,6,4,2,2,4,6,6,6,4,4,5,4,4,4,4,4,5,2,4,4,4,4,5,4,4,4,4,4,4,4,4,4,4,4,4,4,4,5,4,4,4,4,5,5,4,5,5,4,4,5,4,5,5,4,5,4,4,4,4,4,4,4,4,4,4,2,4,4,4,4,4,4,5,4,4,4,4,4,4,4,4,4,4,4,3,3,4,4,4,4,4,4,4,4,4,5,4,4,4,4,5,3,4,4,4,5,5,4,5,4,4,5,4,5,4,5,3,4,2,4,4,4,4,4,4,4,4,4,4,4,4,4,4,4,3,5,4,4,4,4,3,4,4,4,5,4,4,4,4,4,4,5,4,4,4,4,3,4,4,4,4,4,4,4,5,4,4,4,4,5,5,4,4,4,4,4,4,4,4,4,4,4,5,4,4
2,1,3,3,3,1,2,3,2,2,4,4,3,2,2,2,4,1,4,3,4,4,4,4,4,3,3,3,2,2,2,3,4,4,3,4,4,4,4,2,3,5,4,4,4,2,4,3,3,2,1,4,3,3,2,3,3,3,3,2,2,3,4,4,3,4,3,3,4,2,3,4,2,3,3,3,2,3,3,3,2,3,3,2,3,3,4,2,3,2,2,2,4,3,3,2,2,3,2,3,3,2,2,4,2,2,3,4,3,4,3,4,2,2,2,3,4,4,4,3,3,3,3,2,2,4,3,2,3,4,4,3,4,3,2,3,3,5,4,2,4,3,4,4,4,4,2,3,4,4,2,4,4,4,4,4,3,4,2,4,4,2,3,6,6,5,5,4,3,3,5,9,23,7,5,5,4,4,5,5,5,5,4,3,5,4,5,5,4,3,4,4,4,5,4,3,4,5,4,4,4,4,4,4,2,4,5,4,4,4,4,5,5,4,5,5,5,5,5,3,5,4,4,4,4,4,4,4,4,4,4,4,4,4,4,4,4,4,5,4,4,4,4,4,4,4,4,4,4,4,4,4,5,4,4,4,4,4,4,4,4,4,4,4,4,4,5,4,4,5,4,4,5,5,5,5,5,5,4,5,4,5,4,4,4,4,4,4,4,4,3,4,4,4,4,4,4,4,2,4,2,4,5,4,5,4,4,4,4,3,4,4,4,4,4,4,4,4,4,4,4,4,5,4,4,5,4,4,4,4,4,5,4,4,5,4,4,5,3,4,4,3,4,4,4,5,4,5,4,3,4
2,3,2,2,4,4,1,2,4,3,4,3,3,3,3,3,2,3,4,3,4,4,2,2,4,4,3,2,3,3,4,4,4,3,3,2,4,4,3,2,4,3,4,2,2,4,4,2,2,2,2,4,3,2,2,2,2,5,2,2,3,4,3,3,3,2,2,2,3,2,2,4,3,5,3,4,3,4,2,3,2,2,3,3,3,2,2,2,3,2,2,3,3,3,3,3,2,1,3,3,2,2,3,4,4,4,2,2,2,2,2,2,3,2,2,4,4,3,3,3,2,4,4,4,4,3,3,4,4,4,4,2,3,3,4,4,4,4,4,4,2,3,2,3,4,4,3,3,4,4,3,5,4,4,4,4,4,4,3,3,2,3,3,4,3,5,3,3,3,5,7,51,49,7,5,3,4,4,5,4,4,5,4,4,4,4,5,4,4,4,4,4,4,4,4,4,4,5,4,4,4,5,3,5,4,4,5,4,4,5,5,5,4,4,5,5,5,4,5,5,4,4,5,5,5,5,5,4,5,4,4,4,4,4,4,4,4,4,4,4,4,4,4,4,4,4,4,4,4,5,4,4,5,4,4,4,4,4,4,4,4,4,4,4,4,4,4,4,4,5,4,4,5,4,4,5,4,4,5,5,4,4,5,5,5,4,3,4,4,4,4,5,4,4,4,4,4,4,4,3,4,5,4,4,4,4,4,4,4,4,4,4,4,5,4,4,5,4,4,5,4,4,4,4,4,5,4,4,4,5,4,4,5,4,4,5,4,3,4,3,4,4,4,2,4,4,4,4,4,4,5
2,2,4,4,2,4,4,2,2,1,4,4,3,2,2,5,4,2,4,4,2,3,3,4,4,4,2,4,4,3,5,4,3,3,3,4,4,4,3,3,4,3,4,3,2,2,4,3,2,3,2,4,4,2,3,3,3,3,4,2,4,2,2,2,3,3,2,2,3,3,2,4,3,3,4,3,4,1,4,4,4,2,3,4,3,2,3,2,2,1,2,4,4,4,3,2,3,3,3,2,3,2,3,4,4,3,2,2,3,2,2,2,4,1,4,4,4,3,3,2,4,4,4,2,3,4,4,3,3,4,3,2,2,5,4,3,4,3,3,4,4,4,4,4,4,4,4,4,2,2,4,4,4,4,4,4,4,3,4,3,4,3,2,3,3,4,3,2,4,5,11,53,10,5,4,4,4,4,5,4,4,4,5,4,4,4,5,4,4,4,4,5,4,4,4,3,4,4,4,4,4,3,5,4,4,4,5,5,5,5,5,5,4,5,5,4,4,4,5,5,4,4,5,5,5,5,5,4,4,4,4,4,4,4,4,4,4,4,4,5,2,4,4,4,4,4,4,4,4,4,4,4,4,4,4,4,4,4,4,4,4,4,4,4,4,4,4,5,5,4,4,4,4,4,4,4,4,4,5,5,4,4,4,4,5,4,3,4,4,4,4,4,4,4,4,4,4,4,4,3,4,4,4,4,4,2,4,4,3,3,4,5,4,4,4,4,4,4,4,5,4,4,4,4,4,4,4,4,4,3,4,4,4,5,4,4,4,3,4,4,5,4,4,4,5,4,4,3,4,4,3
2,3,4,4,4,2,4,5,3,4,4,3,2,3,4,2,5,4,2,4,4,4,4,4,4,2,3,4,4,4,4,4,3,2,4,4,2,4,2,3,3,4,3,2,3,2,3,3,3,3,2,3,4,4,3,4,3,2,2,2,3,3,2,4,4,2,2,3,2,3,2,3,2,2,3,2,2,3,4,2,4,4,2,2,3,3,2,2,2,3,2,4,4,3,4,3,3,1,4,3,3,2,2,4,3,1,3,4,2,3,3,2,3,2,5,3,4,3,2,2,3,2,3,2,3,3,4,3,4,3,2,3,3,5,4,4,3,4,4,4,4,4,4,4,4,4,3,4,4,2,5,4,2,4,5,3,4,3,3,4,3,3,2,2,2,2,4,2,5,6,6,7,6,5,5,4,2,4,5,4,5,4,5,5,5,4,4,4,4,4,4,5,4,4,3,5,4,4,2,4,4,4,4,5,5,4,5,5,5,5,4,4,5,4,5,4,3,5,5,3,4,3,4,4,5,3,4,4,4,4,4,5,4,4,4,4,4,5,4,5,4,4,3,4,4,4,4,5,4,4,4,4,4,4,4,4,4,4,5,4,4,4,4,4,4,4,4,5,4,4,4,4,4,4,3,4,4,5,5,4,4,4,4,4,4,4,4,4,4,4,4,4,4,4,4,4,4,4,4,4,3,4,4,4,4,4,4,4,4,4,4,4,5,4,3,4,4,5,4,5,4,5,4,4,3,5,5,4,3,4,4,4,4,5,4,3,4,4,4,4,4,4,4,4,4,4,4,4,4,3,4
2,5,4,3,4,4,3,4,4,4,3,4,2,2,3,3,4,4,5,2,4,4,4,3,3,4,4,4,4,3,4,4,4,4,2,4,2,4,2,2,3,2,2,2,4,2,2,2,2,2,2,3,3,4,3,3,2,2,3,2,3,3,3,3,3,3,2,2,3,4,2,2,3,2,2,2,2,3,4,3,3,4,2,2,3,4,4,3,3,3,3,2,3,3,2,3,2,3,5,2,3,3,3,2,3,3,3,4,3,3,2,2,2,3,3,4,3,2,3,2,2,3,2,4,3,2,4,4,3,3,3,4,3,5,4,4,3,3,4,4,4,4,4,4,4,4,3,3,5,3,4,4,3,3,3,3,4,3,3,4,3,3,3,3,3,3,4,3,4,5,4,4,4,4,4,3,2,5,5,4,5,4,4,4,5,4,5,4,4,3,4,4,4,4,4,4,5,4,2,4,3,4,5,4,3,4,5,5,4,4,5,5,5,4,5,5,5,5,5,4,5,4,4,4,4,5,4,3,4,4,4,4,4,5,4,5,4,5,4,4,5,4,4,4,4,4,4,4,4,4,4,4,5,4,4,4,4,4,5,4,4,4,4,4,4,4,3,4,3,4,4,4,4,4,4,4,5,5,4,4,4,4,4,4,4,4,4,4,4,4,4,4,4,4,4,4,4,4,4,4,5,5,4,4,4,4,4,4,4,4,4,4,5,4,4,5,5,4,4,5,4,5,4,4,4,4,4,4,4,4,4,4,4,4,4,4,4,4,4,4,5,3,4,4,4,3,4,4,3,4,4
2,4,5,2,3,4,2,3,3,4,3,4,4,3,3,2,3,4,3,4,2,4,3,4,3,4,4,4,2,3,3,3,4,5,5,4,3,2,4,2,1,2,4,3,1,3,4,3,1,4,4,4,1,3,4,3,2,2,3,3,4,3,4,4,4,4,3,2,4,4,4,3,2,3,3,3,1,3,3,4,2,2,4,3,4,4,3,4,2,2,2,3,4,3,2,3,3,1,3,3,3,3,3,2,3,3,2,3,4,3,3,3,2,4,1,3,2,2,2,3,2,2,2,3,3,2,3,2,2,2,2,4,4,4,4,4,4,4,2,4,3,5,4,4,5,4,4,4,4,3,4,3,4,3,3,4,4,4,2,3,3,4,2,4,4,3,4,2,3,3,1,2,2,3,2,4,4,4,5,5,4,4,5,4,4,5,4,4,4,4,4,4,3,4,5,4,3,3,5,4,4,4,3,4,4,4,4,5,5,5,4,5,4,4,5,5,5,4,4,4,5,4,4,3,4,2,4,3,4,4,5,5,4,4,4,5,4,3,4,5,4,4,4,3,4,4,4,4,2,4,4,4,4,5,4,5,4,3,5,4,5,4,4,4,5,4,4,4,4,4,4,2,4,4,4,4,5,4,4,5,4,4,4,4,4,4,4,4,4,4,4,4,4,4,4,5,4,4,5,4,5,5,4,4,4,4,4,4,4,4,4,4,4,4,4,5,4,4,4,4,4,4,4,4,4,4,4,5,4,5,4,4,4,4,5,4,4,4,4,4,4,4,5,4,4,4,4,4,5,4,4
4,4,4,4,2,2,5,4,2,2,4,3,2,4,4,4,4,2,4,4,4,4,4,5,4,4,4,2,2,2,4,4,3,5,2,5,3,2,3,2,2,2,4,3,3,4,4,3,2,3,2,2,2,2,3,2,3,3,2,4,4,4,4,3,4,4,4,3,3,4,4,2,3,2,2,4,3,3,4,3,3,4,3,4,3,3,3,3,3,3,2,2,3,4,4,3,4,3,2,2,3,4,3,3,3,2,4,4,2,2,2,3,4,3,2,2,2,2,2,2,2,2,2,1,3,2,2,3,2,3,3,4,3,4,5,3,4,3,3,4,2,4,3,4,4,4,4,4,4,4,4,2,4,4,5,4,4,4,2,3,3,4,4,4,4,4,3,3,3,4,4,4,3,4,2,4,2,4,5,5,5,5,4,5,4,5,5,5,5,5,4,4,4,4,4,4,4,2,3,3,4,4,4,4,4,4,4,5,5,4,5,3,4,5,5,4,4,4,3,4,4,4,5,4,4,4,4,4,4,4,4,4,4,4,4,4,5,3,4,4,5,5,4,4,4,4,4,4,3,4,4,4,4,4,5,4,4,4,4,4,5,4,4,4,5,4,5,4,4,4,4,3,4,4,4,4,5,5,5,5,4,4,4,4,4,4,4,4,4,4,5,4,4,4,4,5,5,4,4,4,5,4,4,4,4,4,4,4,4,4,4,4,4,4,4,4,4,4,4,5,4,4,4,4,4,4,4,4,4,4,4,4,4,4,5,5,4,4,4,4,5,4,5,4,4,5,4,5,4,4,4
4,3,3,4,4,2,4,5,4,4,4,2,2,3,4,4,4,2,4,5,4,4,4,4,4,4,2,4,4,4,4,4,3,2,4,2,4,4,2,5,2,2,2,4,4,4,4,3,4,2,2,2,3,2,3,3,3,2,4,3,2,4,2,2,2,3,4,2,3,3,4,3,3,2,2,4,3,4,2,4,3,3,2,4,4,2,4,4,2,2,2,4,2,4,2,2,2,2,2,2,3,4,4,2,2,2,4,3,4,4,3,4,2,2,4,2,3,3,2,2,4,3,2,1,2,2,2,3,3,2,2,3,3,3,4,4,3,3,4,3,4,3,4,4,4,4,4,4,5,5,4,2,4,3,5,2,5,5,4,3,4,4,4,4,3,4,4,4,3,4,4,3,3,4,4,4,3,5,4,5,4,2,4,4,4,4,5,5,4,5,4,4,5,4,3,4,4,3,3,4,4,4,4,4,4,4,4,3,4,5,4,4,5,4,5,5,5,4,5,4,4,4,4,4,4,4,4,4,4,4,5,5,4,4,4,4,4,5,4,5,4,4,4,4,4,4,4,4,4,4,4,4,4,4,5,4,4,4,4,4,4,5,5,5,4,5,5,6,6,5,5,4,3,4,5,4,4,5,4,5,4,4,5,4,5,4,4,4,4,4,4,5,4,4,4,4,5,4,4,4,4,4,5,4,4,4,4,5,4,4,4,3,4,4,4,4,5,4,4,5,5,4,4,4,4,4,4,4,4,4,4,4,4,4,4,4,4,4,4,4,4,5,4,4,4,4,5,4,4,4,4
2,4,4,4,3,3,4,4,4,4,4,4,4,4,2,2,2,4,4,4,4,3,4,4,4,4,2,2,3,4,3,4,4,4,3,3,4,4,3,4,4,3,3,4,4,2,2,2,2,2,3,3,2,3,4,3,3,2,2,2,2,3,3,3,3,2,3,3,3,3,4,3,2,4,3,2,4,2,4,3,4,2,2,4,2,3,4,2,2,4,2,2,5,4,2,1,3,4,2,4,2,4,4,2,3,2,2,4,3,4,4,3,2,4,4,2,3,3,3,4,3,2,3,2,1,3,3,2,2,2,3,3,4,4,3,4,2,3,4,3,3,2,4,3,4,4,4,4,4,4,4,4,3,3,4,3,4,4,4,3,2,4,4,4,2,4,4,2,4,2,4,3,4,4,4,4,5,4,2,4,5,3,5,4,4,5,4,4,5,5,4,4,4,3,5,4,5,4,4,4,2,5,4,4,2,4,4,4,5,4,5,4,4,5,4,5,3,5,5,5,5,4,4,4,4,4,4,4,4,4,5,4,4,4,4,4,4,5,5,4,4,3,4,4,5,4,3,4,4,4,4,4,4,4,5,4,4,4,4,4,4,5,5,4,4,6,7,15,10,6,5,4,4,4,4,5,5,4,5,4,4,5,5,4,4,4,5,4,4,4,4,4,4,4,4,4,4,4,4,5,4,4,4,5,4,4,4,5,4,4,4,4,4,4,4,4,4,4,4,4,5,4,3,4,4,4,4,4,5,4,4,4,4,4,4,4,4,4,4,5,5,5,4,4,4,4,4,4,4,4,5
3,4,4,3,3,3,4,2,4,3,3,4,2,2,3,2,3,4,3,2,5,4,2,4,4,4,3,3,3,3,4,3,3,3,4,3,3,2,4,5,4,3,2,3,4,3,3,4,4,2,2,3,2,3,4,2,3,4,3,2,3,2,4,1,2,3,4,4,3,3,3,3,2,3,2,2,5,3,3,4,4,4,2,2,3,3,3,2,2,4,2,2,4,2,2,2,1,5,2,4,2,4,4,4,4,4,3,3,3,4,3,2,4,4,4,3,4,4,4,4,2,4,4,3,4,3,3,3,3,2,2,3,4,4,2,4,4,3,3,4,4,5,4,4,3,4,3,4,4,4,5,5,3,3,3,4,3,3,4,4,3,4,4,4,4,4,4,2,4,4,3,4,4,4,2,4,5,4,3,5,4,4,3,5,5,5,4,5,5,4,4,4,4,4,5,5,4,4,5,4,5,4,2,4,4,4,4,4,4,3,5,4,4,5,5,4,4,4,4,4,5,4,4,5,4,5,4,4,4,3,5,4,4,4,4,5,4,3,4,3,2,3,4,5,4,4,5,4,4,5,4,4,4,4,4,5,4,4,3,4,5,4,5,4,4,5,20,155,63,7,5,4,4,4,4,5,5,4,4,5,3,4,4,4,4,5,4,4,4,4,4,4,4,4,4,4,3,4,4,4,4,4,4,4,4,4,4,4,4,4,4,4,4,4,4,3,4,4,5,3,4,4,4,4,4,4,4,4,5,3,4,4,4,5,5,4,4,4,4,4,4,4,4,4,4,4,4,3,4,4,5
3,3,3,4,4,2,4,4,3,2,4,4,3,2,4,3,4,2,5,4,4,2,4,4,4,4,4,3,3,3,4,3,2,4,3,3,4,3,2,4,4,3,2,3,3,4,4,3,3,3,2,4,4,4,3,3,2,4,4,3,3,3,2,4,4,3,3,4,4,4,4,3,3,2,3,2,2,4,2,4,2,3,2,2,4,2,3,2,3,2,2,3,2,2,3,2,2,3,4,3,4,3,3,4,3,2,4,3,4,4,3,4,3,5,2,4,2,5,4,4,2,4,4,4,4,4,3,4,3,3,3,4,4,4,3,4,4,4,3,4,4,4,4,4,4,4,4,3,4,4,4,4,4,4,3,3,4,4,3,4,4,4,4,4,4,4,3,3,4,4,4,4,4,3,4,4,4,4,4,4,4,4,3,5,5,5,5,5,5,3,4,4,4,4,5,5,4,4,3,4,4,3,5,3,4,3,4,5,5,4,5,4,4,5,5,4,4,3,4,4,5,4,5,4,4,2,4,4,4,5,4,4,5,4,4,4,4,4,2,4,4,4,3,4,5,5,6,4,4,5,4,4,4,5,4,4,5,3,4,4,5,4,4,4,5,5,6,93,100,7,5,4,3,4,5,5,5,4,4,4,4,5,4,4,4,4,4,4,4,4,4,4,5,4,4,4,4,4,5,4,4,4,4,4,4,4,4,4,4,4,4,5,4,4,4,4,5,4,5,4,4,4,4,4,4,4,4,5,4,5,4,4,4,4,4,4,4,4,4,4,4,4,4,5,4,4,4,4,4,4,4
3,2,4,4,2,4,5,4,3,4,4,3,4,4,4,3,4,4,4,4,4,4,4,4,4,3,4,3,3,4,4,2,4,4,2,4,3,3,4,3,2,4,3,2,3,4,3,3,3,2,3,3,2,3,4,4,4,4,3,3,2,3,4,4,4,2,4,4,2,2,4,4,2,4,2,4,3,3,4,3,2,2,4,3,2,4,4,4,3,1,2,4,2,2,3,1,2,4,2,3,3,2,4,3,4,3,4,3,3,4,4,2,3,3,3,3,2,4,4,4,3,4,4,5,4,2,2,3,3,2,2,4,4,4,3,4,3,4,4,4,5,4,4,4,3,3,3,2,3,3,3,4,2,3,4,4,3,4,4,4,4,3,4,4,4,4,4,2,3,3,4,4,4,4,4,4,4,4,4,5,4,4,5,5,5,5,5,4,4,4,4,4,4,4,4,4,5,2,4,4,4,4,3,4,4,4,5,4,4,4,5,5,4,5,5,4,2,4,4,3,5,4,4,5,4,4,4,4,3,3,4,5,4,4,5,4,4,2,3,4,4,4,4,5,6,6,5,4,2,4,4,5,5,4,4,4,5,4,4,4,5,4,4,4,4,5,6,8,17,6,4,4,3,4,4,5,4,4,3,4,3,4,4,4,4,4,4,4,4,4,4,4,4,4,4,4,4,4,4,4,4,4,4,4,4,4,5,5,4,4,4,5,4,4,4,4,5,4,4,4,4,4,4,4,4,4,4,4,4,5,4,3,5,5,4,4,4,4,5,4,5,4,4,5,4,4,4,4,4,4,4
2,3,2,4,3,4,4,5,4,4,2,4,2,4,2,4,4,3,4,3,4,3,2,4,4,2,2,4,3,4,4,4,2,4,5,3,2,4,2,4,4,2,3,3,3,3,4,4,3,4,4,4,4,5,3,4,3,4,2,2,4,4,2,4,3,4,2,4,4,4,4,4,3,4,3,3,3,3,4,3,4,3,2,3,2,2,4,2,3,4,3,2,3,3,2,2,3,3,2,3,2,2,3,4,2,4,4,4,4,4,3,2,4,2,4,3,3,5,3,2,3,3,4,3,3,4,2,2,1,2,2,2,2,3,2,3,2,4,4,4,4,2,3,4,2,2,3,2,4,3,3,2,3,4,3,3,2,4,2,2,4,3,3,4,4,3,3,4,4,2,4,4,4,4,3,4,4,4,4,4,4,4,5,4,4,4,5,4,4,4,4,4,4,4,4,4,5,4,3,4,4,4,4,4,5,5,5,5,5,5,4,4,4,4,4,5,5,5,3,4,4,5,4,4,4,5,4,4,4,4,4,4,4,5,5,4,4,4,4,4,2,5,4,4,6,5,5,4,4,4,4,4,4,4,5,5,4,4,2,5,4,5,5,4,4,2,4,5,5,5,5,4,4,4,4,4,4,4,4,3,5,4,4,3,4,4,4,4,4,4,4,4,4,4,4,4,4,4,4,3,4,4,4,4,4,4,4,4,4,4,4,4,5,4,4,4,4,4,4,4,4,4,4,4,4,5,4,4,4,4,5,5,5,5,4,4,4,4,5,4,4,4,4,5,4,5,4,4,4,5,5
4,2,3,4,4,3,4,4,4,3,4,4,4,2,4,4,4,3,4,2,2,2,2,2,4,2,3,4,4,2,3,4,2,2,4,4,4,4,2,3,1,4,3,4,3,2,2,3,4,3,4,4,4,2,4,3,3,3,4,2,4,4,3,2,3,4,4,2,3,3,4,4,4,3,4,3,2,4,4,3,3,4,4,1,4,4,3,3,4,4,4,4,4,2,3,4,2,2,3,2,2,3,3,3,3,4,4,4,2,2,4,4,3,3,4,2,4,4,2,3,3,4,5,5,4,2,2,2,2,2,4,2,4,2,3,3,3,3,5,3,3,4,4,4,2,2,2,4,3,4,3,4,2,1,4,3,2,2,3,2,2,3,2,4,4,3,2,3,4,2,3,4,4,4,4,3,4,3,4,4,4,4,4,5,5,5,4,4,4,4,4,4,4,4,4,5,5,4,4,4,2,4,5,5,6,6,5,5,5,5,4,4,5,4,4,5,4,4,5,4,5,5,4,4,5,4,4,4,5,5,5,5,4,4,4,5,4,2,4,4,4,2,4,5,6,6,6,5,4,4,4,4,4,4,4,4,4,5,4,5,4,4,4,5,4,4,2,3,2,4,4,5,4,4,5,4,4,2,5,5,5,4,4,3,3,4,3,4,4,4,4,4,5,4,4,4,4,4,4,3,4,4,4,4,4,3,5,4,4,4,4,4,5,4,4,4,4,4,4,4,4,4,4,4,4,4,4,4,5,4,4,5,5,4,4,4,5,5,4,4,4,4,4,4,4,4,4,4,4,4,4
4,3,3,4,4,3,2,3,4,3,2,2,4,4,4,2,4,3,3,3,3,2,2,2,4,4,4,3,2,2,2,3,2,2,2,4,3,4,3,2,4,4,3,4,3,3,4,3,4,4,4,3,4,4,3,4,4,2,4,2,3,4,2,4,4,4,3,3,3,4,3,3,3,3,4,1,5,2,4,2,3,2,2,3,3,3,3,4,3,4,4,4,4,3,2,3,3,3,2,2,3,3,2,3,5,4,3,3,2,2,3,4,4,3,4,4,4,4,3,4,4,3,4,5,3,1,1,2,3,5,5,5,4,1,2,3,4,2,4,4,3,4,2,3,4,4,4,3,4,3,4,3,3,2,4,4,4,2,4,2,3,3,2,4,4,2,3,4,4,2,2,4,4,4,2,3,4,3,4,5,4,4,5,5,5,5,4,4,4,4,4,4,4,5,4,5,4,4,4,4,3,4,4,6,10,8,6,5,4,4,3,5,5,4,5,5,4,4,5,4,5,5,5,5,5,4,2,4,5,4,4,5,4,4,4,4,4,4,4,4,4,2,4,5,6,35,48,8,6,4,3,4,4,4,3,3,4,4,4,4,4,4,2,4,4,4,4,4,4,5,5,4,5,4,4,3,4,4,5,6,6,6,5,4,4,2,4,4,4,4,4,4,4,4,4,4,5,4,4,5,3,5,3,4,4,4,4,5,4,4,4,5,4,4,4,3,4,4,4,5,2,5,4,4,4,4,4,4,4,5,4,5,5,4,4,4,5,5,4,4,4,4,4,4,4,4,4,4,4,4,4
2,4,4,4,4,3,3,3,4,2,2,2,2,5,4,3,3,3,4,3,3,1,2,3,5,5,5,5,4,2,2,2,2,3,2,2,2,4,4,4,2,4,4,4,4,2,2,2,2,2,4,3,3,3,3,4,4,3,4,2,2,4,2,3,3,2,3,4,3,2,4,2,3,2,5,2,1,4,4,4,3,4,2,4,2,4,4,2,4,4,2,1,4,4,4,4,2,2,3,2,2,2,4,2,4,4,4,3,3,3,2,3,4,2,4,3,3,2,4,4,4,4,2,3,3,2,1,2,4,5,7,6,5,2,2,3,4,3,2,4,3,3,2,2,3,3,4,4,3,4,3,3,4,4,3,4,5,2,3,3,2,2,3,4,4,1,2,3,3,3,2,3,4,4,3,2,4,4,3,4,5,4,4,4,5,4,4,4,5,4,4,5,3,4,4,5,4,4,5,4,2,2,4,6,8,7,6,4,4,4,4,5,5,4,4,4,4,4,4,3,5,5,5,5,5,4,4,4,5,4,4,4,4,5,4,4,4,4,4,4,4,2,3,6,14,181,214,37,6,4,2,4,4,4,4,4,4,4,4,4,4,3,2,5,4,3,4,5,4,4,4,4,5,4,4,4,4,5,6,8,51,17,7,5,3,5,2,4,4,4,5,5,5,5,4,4,4,4,4,4,3,5,4,4,5,4,5,4,5,4,4,5,4,3,4,4,4,5,4,5,4,4,5,4,4,4,4,4,4,5,4,4,5,4,4,4,4,5,4,4,4,4,4,5,4,4,4,4,4,4,4
3,4,4,2,2,3,3,2,3,2,2,4,2,5,5,5,3,4,4,2,3,2,2,3,5,6,7,6,4,3,2,2,2,2,4,4,4,2,3,5,4,3,4,2,3,4,2,3,2,3,4,4,4,4,2,4,4,4,2,2,2,4,4,3,3,4,4,2,2,3,4,3,3,3,2,4,4,4,3,3,4,3,3,4,4,4,4,4,4,4,2,4,4,3,3,3,2,2,3,2,4,2,3,3,2,3,3,2,2,3,4,2,4,4,3,4,4,2,3,4,5,4,2,2,3,2,3,2,5,6,6,6,5,3,2,3,4,3,2,4,4,2,4,2,4,4,3,3,4,3,3,4,2,1,4,3,2,2,2,4,2,2,3,3,3,2,2,4,4,2,2,4,3,4,4,4,3,4,2,4,3,4,4,4,3,3,4,5,5,4,4,5,3,4,4,5,4,4,5,4,5,4,4,5,6,6,5,5,4,4,5,4,5,4,4,4,5,3,5,4,4,5,5,4,4,4,4,4,5,5,4,5,4,4,4,4,4,4,4,4,2,2,4,6,28,224,242,100,8,4,1,3,4,4,4,4,3,4,4,4,4,3,4,4,4,4,4,4,4,4,5,4,4,4,4,4,4,4,6,20,53,37,7,5,3,2,3,4,4,4,4,4,4,4,4,4,4,4,4,4,5,4,4,5,4,4,5,4,4,5,5,5,5,5,4,4,4,4,4,4,4,5,4,4,5,4,4,4,4,5,4,5,4,4,3,5,4,4,5,3,5,4,5,4,4,4,4,4,4,5,4
4,4,3,2,2,3,1,2,2,4,2,2,4,4,4,4,4,2,2,2,3,2,2,3,5,8,12,6,4,3,2,3,3,2,4,2,2,3,4,3,4,3,4,3,2,4,3,2,2,2,4,2,4,3,4,4,2,4,3,3,3,4,2,2,2,3,4,2,4,4,4,4,2,4,3,4,3,3,2,2,3,2,2,2,2,2,3,2,2,3,4,3,3,2,3,4,2,4,2,3,3,2,3,3,3,4,2,2,3,3,4,3,4,4,4,3,3,4,3,3,4,4,4,1,2,2,2,4,5,5,5,5,4,4,1,4,4,2,2,3,3,4,4,4,3,4,3,3,3,4,3,2,4,4,2,2,3,3,1,2,3,3,2,2,3,2,4,4,4,2,2,4,4,4,4,3,3,4,4,4,4,4,4,4,3,3,3,4,3,4,3,3,2,2,2,4,4,4,4,4,4,4,4,4,5,5,5,5,4,3,5,3,4,4,5,4,4,4,4,4,5,4,4,3,4,4,4,4,4,5,4,4,4,4,5,2,4,4,3,4,3,3,3,6,12,160,206,93,7,4,2,3,4,4,4,4,4,5,4,4,3,4,4,4,4,4,4,4,3,4,5,4,4,4,4,4,5,5,6,6,7,8,6,5,3,3,4,3,4,4,4,2,4,4,4,5,4,4,5,4,4,4,5,4,4,5,4,5,4,4,5,5,4,4,4,4,4,4,4,4,5,4,4,4,5,4,4,5,4,5,5,5,4,4,4,5,4,4,4,4,4,4,4,4,5,4,4,4,3,4,4
4,4,3,2,3,3,2,4,2,3,2,2,4,4,2,3,3,2,2,3,2,2,3,4,5,7,7,6,4,4,2,2,3,2,4,3,2,3,4,2,4,4,2,3,2,2,2,2,2,3,3,4,3,2,4,3,2,3,3,3,4,3,3,3,2,2,4,4,4,5,4,4,4,3,4,3,3,3,3,4,3,2,3,3,2,4,2,2,3,2,3,3,4,4,4,4,3,2,3,2,4,4,4,4,3,3,4,4,3,4,4,2,1,3,2,3,4,1,4,2,3,2,3,4,2,4,4,3,3,4,4,2,3,2,3,2,1,3,2,2,4,3,4,3,4,4,4,3,4,3,3,4,4,3,4,3,2,2,3,3,2,2,2,2,3,4,2,2,4,2,4,5,5,4,3,3,4,4,5,4,4,3,3,4,4,3,2,1,1,1,1,1,2,2,2,3,3,5,3,4,3,4,4,3,4,4,4,4,5,5,4,4,4,4,4,5,4,5,4,4,4,5,4,4,4,4,3,4,4,4,5,4,4,4,4,4,4,5,3,4,4,3,3,5,6,15,23,10,6,4,3,3,3,4,4,4,4,4,4,4,4,5,4,3,4,4,4,4,4,4,5,4,4,4,5,4,4,4,4,3,4,5,5,4,4,4,3,4,5,4,4,4,3,4,4,4,4,4,4,4,5,5,4,4,4,4,4,4,5,4,4,5,4,4,5,5,4,4,4,4,4,5,4,3,4,4,4,4,5,4,4,5,4,4,5,4,4,4,4,4,4,4,4,4,5,4,4,4,4,4,5
4,3,2,3,2,4,3,2,2,2,4,2,3,2,4,1,3,3,2,4,2,4,3,4,4,5,5,5,4,2,3,2,2,2,2,4,2,3,4,3,4,3,2,4,3,2,2,4,3,2,3,3,2,3,3,2,4,2,3,3,3,4,4,3,2,2,3,4,4,4,4,4,4,4,4,3,4,4,2,4,3,3,3,2,3,2,3,3,2,3,4,2,3,4,4,3,3,3,2,2,2,3,4,2,4,4,2,4,4,5,4,3,2,2,2,4,2,4,2,3,4,1,4,2,3,3,3,3,2,2,2,4,3,2,4,3,1,4,4,2,2,2,4,2,3,4,4,4,4,4,4,3,4,3,3,4,4,3,4,4,4,3,3,2,2,3,3,2,2,4,5,5,4,2,2,3,3,4,5,4,2,4,4,3,3,2,2,3,3,3,2,4,4,4,3,2,4,4,4,4,5,4,4,4,3,4,4,5,5,4,3,4,4,4,4,5,5,4,5,4,4,5,4,4,5,4,4,4,5,4,4,4,4,4,3,5,3,4,4,3,4,4,4,4,4,6,5,5,5,3,3,2,4,4,4,4,4,4,5,4,4,4,4,4,4,3,4,4,3,4,5,4,4,5,5,3,4,4,2,2,1,2,3,4,5,4,4,4,4,4,4,4,4,4,4,4,4,4,4,4,3,4,4,4,4,4,5,4,4,5,4,4,5,4,4,4,4,4,5,5,4,5,5,3,3,4,5,4,4,4,4,4,4,4,5,4,4,4,4,5,3,4,4,4,4,4,5,4,4,5,4
4,2,2,2,3,4,2,1,3,2,2,4,2,3,2,4,2,2,2,3,2,3,3,4,2,2,3,2,4,2,4,2,3,2,3,3,2,3,3,3,2,3,2,3,3,2,4,4,2,2,2,3,3,3,2,4,3,3,3,3,3,4,4,4,2,3,2,4,4,4,4,2,2,3,2,2,3,4,3,3,2,3,3,3,3,2,2,3,2,2,3,4,2,4,4,2,2,3,2,2,3,4,2,3,4,4,4,4,4,4,2,3,4,3,2,3,2,2,4,1,3,2,3,2,4,2,4,2,2,3,2,2,3,3,2,4,3,4,4,2,3,4,4,3,4,3,2,4,4,4,4,3,3,3,2,4,2,4,2,3,2,3,4,3,3,3,2,2,2,3,4,4,5,3,2,4,2,5,4,4,5,5,4,3,1,1,1,3,5,6,7,9,7,6,5,5,3,4,4,4,4,5,5,4,3,4,5,5,5,4,5,5,4,4,4,4,5,5,4,5,5,5,5,4,5,4,4,4,4,4,4,4,4,4,4,5,4,4,4,4,4,4,4,4,4,3,3,4,4,3,4,4,4,4,3,4,5,4,4,4,4,4,4,4,4,4,4,4,4,4,4,3,4,4,4,4,4,4,4,4,4,3,4,4,4,4,4,4,4,4,4,3,4,3,4,3,3,4,3,4,4,4,4,4,4,4,5,5,4,5,5,4,3,4,4,4,4,4,5,4,4,4,4,4,4,4,4,4,4,5,5,4,5,4,4,5,4,4,4,4,4,4,4,4,4,4,4,4,4,4,4
4,4,4,2,3,4,4,2,2,3,4,2,2,2,2,4,4,3,2,2,3,4,4,4,3,1,2,3,2,3,3,2,4,2,4,1,2,2,2,3,4,4,3,2,4,4,2,3,2,1,2,2,3,2,4,4,1,4,1,4,3,4,4,4,4,4,4,3,4,2,3,2,3,2,3,3,2,3,3,2,3,3,3,2,3,2,2,3,2,2,2,2,2,2,3,4,4,4,2,4,4,3,3,3,3,4,4,4,3,4,4,2,3,4,3,2,4,4,2,3,3,3,3,2,2,4,2,3,2,3,3,2,2,4,4,4,3,4,4,4,2,4,4,3,4,3,4,3,4,3,3,4,2,3,4,3,4,4,3,4,2,4,3,3,3,2,3,2,2,3,4,4,4,3,2,4,2,5,4,5,4,4,4,2,2,1,4,7,13,19,71,143,61,17,6,5,3,4,4,4,4,5,4,4,4,4,5,4,5,5,3,4,4,4,5,4,5,4,4,5,5,3,5,5,5,4,4,4,4,4,4,3,4,4,5,5,4,4,4,4,4,4,4,4,2,3,2,2,4,4,4,4,3,4,4,4,4,4,4,4,4,4,5,4,4,5,4,4,4,4,4,4,4,4,4,4,3,5,4,4,4,4,4,4,4,4,4,4,4,4,4,4,4,4,4,3,4,4,4,4,4,4,4,4,5,4,4,4,4,4,4,4,4,4,4,4,4,4,4,5,3,4,4,5,4,5,4,5,4,4,4,4,4,5,5,5,5,4,4,5,4,4,4,4,4,4,4,5,4,5,5
4,4,4,2,2,3,3,4,2,4,4,4,1,2,4,3,4,3,2,3,3,2,2,2,4,3,2,3,2,3,3,2,4,4,1,4,2,2,3,3,4,3,3,3,4,4,2,2,3,2,2,2,3,4,4,3,3,2,3,3,4,2,3,4,4,3,4,3,3,4,4,2,3,2,4,2,2,3,4,2,3,4,4,3,2,2,3,2,3,2,2,2,3,4,4,4,3,4,3,4,4,4,3,4,2,2,4,3,4,2,3,3,2,3,4,3,2,4,4,4,2,2,3,3,3,4,3,3,4,2,4,3,2,3,4,3,4,5,4,4,4,2,3,2,2,4,3,3,4,3,3,5,5,4,5,4,4,4,3,2,5,2,3,2,2,2,3,3,2,4,4,4,4,3,3,4,5,4,4,5,2,3,2,2,2,5,7,68,181,164,153,198,167,128,9,4,2,4,3,4,4,4,5,4,4,4,5,5,5,4,3,4,5,5,5,5,4,4,5,5,5,4,5,4,5,4,4,4,4,4,4,2,5,4,4,5,4,4,4,4,4,4,3,3,4,4,4,4,4,4,4,4,3,4,4,4,4,4,4,4,4,4,4,4,4,4,4,4,4,4,4,4,4,5,4,4,4,4,4,5,4,4,4,5,4,3,4,4,4,4,4,3,3,3,3,4,4,4,4,3,3,4,4,4,5,4,5,4,4,4,5,4,4,4,3,3,5,4,4,5,3,5,4,4,4,5,5,4,4,5,4,4,4,4,4,5,5,4,5,4,5,5,5,4,4,4,4,4,4,4,4
4,2,2,3,4,4,4,5,4,3,3,2,4,4,2,3,3,3,1,2,2,3,2,2,4,2,2,2,3,2,4,4,2,2,2,2,3,3,3,2,2,4,4,3,3,4,2,3,4,1,2,4,3,3,3,4,3,4,4,3,5,4,4,5,2,2,2,2,2,4,3,2,3,2,3,1,5,2,3,4,4,3,4,3,2,2,4,4,2,2,2,3,4,4,3,4,3,3,4,2,4,4,2,4,4,3,2,4,4,4,4,3,3,2,3,4,3,5,4,4,4,2,3,3,2,2,2,2,3,4,3,3,3,2,4,3,4,4,5,4,4,3,3,3,1,4,4,4,4,4,3,3,5,4,3,4,4,4,2,4,4,2,4,2,2,2,2,3,4,4,4,4,4,2,2,4,5,3,2,2,3,2,2,3,5,8,85,200,200,162,164,162,200,122,17,5,4,2,2,3,4,5,3,4,5,4,4,5,4,4,4,5,5,4,5,3,4,5,3,4,4,5,4,5,5,4,5,5,5,5,4,4,5,4,4,5,4,2,4,4,4,4,2,4,5,4,4,5,5,4,3,4,4,4,4,5,4,3,2,2,4,4,4,4,4,4,4,4,4,4,4,4,4,4,4,4,4,4,4,4,4,4,4,2,5,4,4,4,3,4,4,2,4,3,4,4,4,5,4,5,3,4,4,4,4,4,4,4,5,4,4,4,4,5,5,4,4,4,4,4,4,5,5,4,5,3,5,5,4,4,5,4,5,4,5,5,5,5,4,4,5,4,5,5,5,4,5,5,5,4,4
3,2,2,2,4,2,2,5,5,2,2,4,2,3,4,4,2,2,1,1,2,2,2,4,2,2,2,3,4,3,3,3,5,2,2,2,2,3,2,3,4,3,2,4,3,3,3,3,2,2,3,3,2,2,3,5,4,4,4,5,4,3,4,4,2,2,2,3,3,3,2,3,3,4,4,2,4,4,4,4,3,2,4,3,3,3,4,4,2,2,2,3,3,3,4,4,4,2,2,3,4,3,3,3,3,4,3,4,3,2,3,2,4,4,3,4,5,4,4,3,4,4,3,4,2,3,4,4,3,3,3,4,4,4,3,3,3,3,4,4,4,4,3,2,5,4,4,4,4,4,3,4,4,4,2,4,4,3,3,4,2,2,4,2,2,2,4,4,3,2,4,4,3,3,4,4,4,4,2,2,3,1,3,6,15,103,194,179,153,157,150,162,185,116,21,6,3,1,2,5,4,3,4,5,5,4,4,5,5,4,5,4,5,3,5,5,4,2,5,4,5,5,5,5,4,4,5,5,4,5,4,4,5,4,5,4,3,4,4,4,3,4,4,4,5,4,4,5,5,4,4,4,4,4,4,4,5,4,4,2,4,4,5,4,4,5,4,4,4,4,5,5,4,4,4,4,3,4,4,4,4,4,4,4,4,4,4,4,4,4,4,2,4,4,4,4,4,4,4,4,4,5,4,4,4,5,4,5,5,4,4,5,5,4,4,4,4,4,4,4,5,4,5,4,4,5,4,4,4,4,5,4,3,4,4,5,5,4,5,4,5,5,5,5,4,5,5,5,4,5,4
2,2,2,2,4,4,3,5,5,2,2,2,3,3,3,3,2,2,1,1,1,4,4,4,4,2,2,3,4,2,2,3,2,4,3,1,4,4,4,1,2,4,4,3,2,1,3,3,4,4,2,2,4,4,4,4,3,4,4,4,4,2,4,5,3,3,3,3,3,2,2,3,2,4,4,3,3,3,4,4,2,4,3,3,2,3,3,2,4,4,2,3,2,3,2,4,4,3,2,3,3,3,2,2,3,2,4,3,4,4,4,3,4,4,4,4,4,4,4,5,3,3,4,3,4,3,4,4,4,4,3,4,3,4,4,3,3,3,3,4,4,4,4,2,4,4,4,4,4,4,4,4,3,4,4,4,3,3,4,2,2,2,3,4,4,4,3,4,4,2,2,4,3,2,4,4,5,5,4,2,1,1,4,7,90,194,179,133,146,169,150,181,196,100,15,5,2,2,2,4,4,5,5,4,5,4,4,4,4,4,4,3,4,4,4,4,4,3,5,3,5,4,4,5,5,4,5,5,5,4,3,5,5,5,4,5,5,4,4,2,4,5,4,4,4,4,5,4,5,5,4,4,2,3,4,4,5,4,5,3,4,5,4,4,4,4,4,5,4,4,4,4,4,4,4,4,4,4,4,4,4,4,4,3,2,4,4,4,4,4,4,4,3,4,4,4,4,4,4,4,4,4,4,4,4,5,5,4,4,4,4,4,4,5,5,5,4,4,5,4,2,5,5,4,4,4,4,4,4,4,4,4,4,4,5,5,5,4,5,4,3,4,5,5,4,5,5,5,4,4,4
2,2,3,3,4,4,3,4,5,2,2,2,4,2,2,1,1,2,4,2,4,4,4,3,4,4,4,4,3,4,4,4,2,3,3,3,4,2,4,2,2,4,2,2,2,3,3,3,2,2,3,4,4,2,5,2,4,4,3,2,4,4,4,4,4,3,4,4,2,3,3,3,4,4,4,4,4,3,3,3,3,2,3,2,2,2,2,2,3,4,2,3,2,2,3,4,4,3,3,3,3,2,2,2,4,3,4,2,2,3,2,2,4,4,4,2,4,3,3,3,2,4,4,4,4,4,4,3,3,3,4,4,4,3,4,2,4,4,3,3,4,2,4,3,3,3,2,2,4,4,4,4,4,4,4,4,5,3,4,3,3,1,2,4,2,2,3,3,4,2,2,2,4,4,4,4,5,4,4,2,1,1,4,15,143,150,128,148,114,146,187,212,185,41,7,5,2,3,2,4,4,4,4,4,4,5,4,3,3,4,4,5,4,3,2,4,5,4,4,4,4,4,4,4,5,4,5,5,3,4,4,4,5,5,4,5,4,3,4,3,4,4,5,4,4,4,4,4,4,5,5,3,4,4,4,4,4,4,4,4,4,4,5,4,4,3,4,5,4,4,4,4,4,5,4,4,4,4,4,5,4,4,4,4,4,4,4,4,4,4,4,4,3,4,3,2,4,4,4,4,4,4,4,4,4,4,4,4,4,5,4,4,4,4,5,5,4,5,4,4,4,5,5,4,4,5,5,4,4,4,4,4,4,4,5,5,4,4,4,4,4,4,5,5,4,4,4,5,4,4,5
3,4,4,4,4,2,3,4,4,2,2,2,1,1,1,4,4,5,7,5,5,3,4,4,3,4,4,2,2,5,2,2,3,3,2,3,3,3,2,3,3,3,3,2,3,2,2,4,4,2,4,4,5,5,1,4,3,3,4,4,3,4,4,3,4,4,4,4,2,2,4,3,4,3,3,4,3,4,4,4,4,3,3,2,3,2,2,2,1,2,3,2,2,2,2,3,3,2,2,2,2,3,3,2,3,2,3,4,4,3,2,4,4,4,3,4,4,2,2,4,3,4,4,4,4,4,3,3,2,2,3,4,4,4,3,3,3,2,4,3,4,3,3,5,4,2,4,4,2,4,4,4,2,4,4,4,5,5,2,3,4,2,3,3,4,2,4,4,3,3,4,4,4,3,4,4,4,5,3,1,1,2,5,27,108,175,119,114,171,171,179,155,82,7,5,4,2,4,4,4,4,4,4,3,4,3,3,4,4,3,4,4,4,3,3,4,5,4,4,5,5,5,5,5,5,4,5,5,4,4,4,3,4,4,5,5,4,4,4,4,4,4,4,5,4,3,4,4,4,4,4,3,4,4,3,4,4,4,4,3,4,4,4,4,4,4,4,4,4,4,4,4,4,5,4,4,4,4,4,5,4,4,4,4,4,4,4,4,4,4,4,4,3,2,4,4,4,4,5,4,4,4,4,4,4,5,4,4,4,4,4,4,4,4,5,4,4,4,4,4,4,4,4,4,4,5,5,4,4,4,4,4,3,4,5,4,5,5,4,5,4,5,5,5,5,5,5,4,5,5,4
4,4,2,4,3,2,4,2,2,2,2,2,2,1,2,6,7,71,67,8,5,4,4,4,3,4,4,4,4,3,4,2,4,2,4,2,3,3,2,2,2,2,3,3,3,3,3,3,2,3,4,4,5,1,5,2,4,4,2,5,4,1,4,4,4,4,3,2,4,2,4,4,4,2,3,2,2,2,4,3,4,4,2,3,2,2,2,3,3,2,3,3,2,2,2,2,2,2,1,1,2,3,4,3,3,2,4,4,4,4,3,4,4,4,4,3,3,4,4,4,4,4,4,3,4,4,2,2,3,2,2,4,4,3,3,4,3,3,3,3,3,4,4,5,3,3,3,4,3,2,4,4,3,3,4,4,4,5,2,4,2,4,3,4,4,3,4,3,2,4,4,4,4,4,4,4,4,4,4,2,2,3,5,43,140,130,169,146,175,179,61,8,6,5,5,4,2,5,5,5,2,5,4,4,5,4,4,5,5,4,4,5,4,4,5,5,5,5,5,5,4,5,5,5,5,4,4,5,5,4,4,4,4,4,4,4,4,4,2,4,4,4,4,4,4,4,3,4,4,3,4,4,2,4,4,3,3,3,4,4,4,4,3,4,2,2,2,2,2,2,4,4,5,5,4,4,4,4,4,3,4,4,4,4,4,4,4,4,5,4,4,4,4,4,4,4,4,4,5,4,4,4,4,4,4,4,5,5,4,4,4,5,4,4,5,4,5,4,4,3,4,4,4,4,4,4,4,4,4,5,4,4,4,4,4,5,5,5,4,4,4,5,5,5,5,5,4,4,4,5,5
4,2,4,4,4,3,3,3,3,2,3,2,1,1,2,7,35,203,186,10,5,4,2,2,2,2,3,4,4,5,4,2,2,4,2,2,2,1,3,4,4,2,3,4,2,3,3,3,3,2,4,4,4,5,3,4,2,4,4,2,2,5,3,2,3,3,2,2,3,4,4,3,4,4,4,2,2,2,2,4,4,3,4,4,3,2,2,3,2,3,3,1,3,2,2,4,5,4,4,3,3,3,3,2,4,4,4,3,3,3,4,4,4,4,5,4,4,4,2,4,4,5,4,4,4,5,3,2,3,3,4,4,4,3,4,4,4,2,2,4,3,4,4,4,4,4,4,4,4,4,4,4,3,3,3,4,2,4,4,3,2,4,4,4,4,4,4,2,2,4,4,4,4,4,4,4,5,4,4,2,3,4,5,27,138,155,108,181,155,68,8,5,4,3,2,4,4,5,5,4,5,3,5,5,5,5,5,4,5,5,4,5,4,4,5,5,6,5,4,5,4,4,4,4,4,4,4,4,4,5,4,4,4,4,5,5,4,4,3,4,4,3,4,4,4,4,4,4,4,4,4,4,4,4,4,4,4,3,4,4,3,3,2,3,3,5,5,5,4,4,4,4,4,5,4,4,4,5,5,4,2,4,2,3,4,4,4,4,4,5,4,4,4,4,4,4,4,4,4,4,4,4,4,4,4,4,5,5,4,4,4,4,4,4,5,5,4,4,4,4,4,4,4,5,4,5,4,4,4,5,4,4,4,4,4,5,4,4,4,3,5,4,5,5,4,4,4,4,5,5,5
4,4,4,3,3,3,4,4,4,2,2,2,1,1,4,6,35,155,86,7,4,2,1,2,3,4,3,4,5,5,4,3,2,3,2,2,2,2,2,3,3,3,3,3,4,4,3,4,4,4,4,4,3,2,3,3,2,4,2,3,2,4,3,2,4,4,3,2,3,4,2,3,4,2,2,5,2,3,3,2,4,3,2,4,4,3,4,3,3,3,2,3,2,2,3,5,6,7,7,5,4,2,3,4,2,4,4,3,3,2,4,4,4,5,4,4,4,3,4,4,4,4,4,3,4,5,4,2,3,3,4,3,4,3,2,2,4,2,3,4,4,3,4,4,5,4,3,4,3,4,4,3,4,3,3,3,3,3,5,4,3,3,3,3,4,4,4,4,2,4,3,4,5,4,3,5,5,4,2,5,4,2,5,7,34,68,138,128,130,25,6,5,6,5,5,4,5,4,4,5,4,4,4,4,5,4,5,5,5,4,5,4,4,5,4,7,6,4,4,4,4,4,4,3,5,3,4,4,4,4,4,4,4,4,5,5,3,4,2,4,4,4,4,4,4,4,4,4,4,4,4,4,4,4,3,4,4,4,3,3,2,1,2,4,5,7,15,15,7,5,4,4,4,4,4,4,5,5,4,4,4,4,4,4,4,4,2,4,4,5,4,4,4,3,4,4,4,4,4,4,4,4,4,4,4,5,4,4,4,4,4,4,5,5,5,4,4,4,4,4,4,4,4,4,4,4,4,4,4,4,4,4,4,5,4,4,4,4,5,5,4,5,5,5,4,4,4,5,5,4,4
4,4,2,3,4,4,4,3,3,2,3,3,2,2,4,6,10,30,8,6,4,2,2,2,4,4,4,4,5,4,2,4,2,4,4,3,2,2,3,2,4,3,2,4,3,2,2,3,4,3,3,3,4,4,3,3,3,3,4,4,3,4,4,4,4,3,3,3,2,4,4,4,2,4,3,2,4,4,2,4,1,4,4,3,4,4,3,4,2,2,3,2,1,1,4,6,27,42,27,7,4,4,2,3,4,2,4,4,4,4,2,2,4,2,4,4,2,4,4,4,4,4,4,4,4,4,3,2,3,3,4,3,3,4,2,3,2,2,2,3,3,4,3,3,4,4,2,4,4,2,2,4,4,3,4,3,4,4,4,4,4,4,4,4,4,4,4,4,3,4,4,4,5,4,4,5,4,4,5,5,5,2,4,5,7,7,11,27,68,77,23,15,17,8,6,3,4,5,5,3,5,4,5,4,4,4,4,4,4,4,4,4,4,5,5,5,5,4,5,2,4,4,4,4,4,3,5,4,4,4,4,4,4,4,3,5,4,4,4,4,4,4,4,4,5,5,4,4,5,5,3,4,4,4,4,4,5,3,1,3,2,4,5,6,15,113,173,155,26,6,4,4,4,4,3,4,4,4,4,4,4,4,4,4,4,4,5,4,4,4,5,4,4,4,4,4,4,5,4,4,4,4,4,4,4,4,4,4,5,5,4,4,5,4,4,4,4,4,4,4,4,4,4,4,4,4,4,4,4,4,4,4,4,4,4,4,4,5,5,5,5,5,4,5,4,4,4,5,4,5,5
3,2,4,4,4,5,4,1,2,2,2,2,2,3,3,5,5,6,5,5,4,2,2,4,4,4,5,4,3,4,4,3,4,4,4,4,4,4,2,2,2,4,4,2,4,2,2,3,3,4,4,3,4,4,3,3,4,3,4,4,3,4,4,3,4,4,4,4,4,4,4,3,3,2,3,3,2,2,2,4,3,3,4,4,2,3,2,3,4,4,2,1,2,1,4,9,108,212,183,9,5,4,2,4,3,3,4,3,3,4,3,4,4,1,4,2,4,4,2,4,4,4,4,5,5,4,4,4,4,3,2,2,3,3,3,4,2,3,3,2,4,3,3,3,2,4,3,4,4,3,3,3,3,4,4,2,3,2,4,5,4,4,4,4,4,4,4,4,4,5,4,3,4,4,5,4,5,5,4,5,5,5,4,2,2,2,5,7,37,171,198,179,171,37,6,4,2,4,4,4,5,5,5,4,4,5,4,4,4,5,5,4,4,2,4,5,5,4,3,4,4,4,4,4,4,4,4,4,5,2,4,4,4,4,3,4,4,4,5,3,4,4,3,4,5,4,4,4,4,4,3,4,4,4,4,4,4,2,1,3,4,7,19,77,122,203,241,214,48,6,3,1,2,4,4,4,5,4,4,4,2,4,3,4,4,4,4,4,4,4,5,4,3,4,5,4,4,4,4,4,4,5,4,4,4,4,4,4,4,4,4,4,4,4,4,4,4,4,4,4,4,4,5,5,4,5,4,4,4,4,4,4,5,3,3,4,4,5,3,6,5,5,4,5,4,4,4,5,5,5,5
2,4,4,4,4,5,4,2,2,2,3,3,4,4,2,4,2,4,5,4,4,3,4,4,4,2,4,4,2,4,4,2,4,4,3,2,4,3,2,4,4,2,4,4,3,2,4,4,4,3,4,3,4,4,3,3,3,3,2,3,4,4,4,4,4,3,3,4,4,3,3,4,2,2,2,3,4,2,3,3,2,4,3,3,2,2,3,3,2,4,4,1,1,1,5,15,146,205,136,8,5,2,3,3,3,3,3,3,2,2,4,3,2,3,3,2,4,2,4,4,4,4,4,3,4,4,4,4,4,4,2,2,4,4,4,2,4,3,3,4,4,2,4,2,3,4,4,4,4,3,4,2,4,4,3,4,4,2,5,4,4,4,4,3,3,4,4,4,4,5,4,4,5,4,4,4,4,5,5,5,5,4,2,1,1,2,4,12,130,190,204,212,194,32,6,3,2,4,5,5,5,5,5,5,4,3,4,4,5,4,4,4,4,3,4,4,4,3,4,4,4,4,5,4,5,4,5,5,4,5,4,4,5,5,4,3,4,4,4,4,5,3,4,4,4,4,4,4,4,4,4,4,4,4,4,4,3,1,2,4,6,61,130,179,194,204,235,194,22,5,3,2,1,2,4,4,5,4,2,3,2,4,3,4,4,4,4,4,4,4,4,4,4,4,4,4,4,4,4,4,4,5,5,4,4,4,4,4,3,4,4,4,4,4,4,4,4,5,5,4,5,5,4,4,4,4,4,4,4,4,4,5,5,4,4,4,4,4,4,5,4,5,5,5,4,5,4,5,5,4,4
2,5,3,4,3,5,4,2,2,1,2,3,4,4,3,3,2,3,4,4,4,4,4,4,4,4,2,3,4,4,3,4,4,4,1,2,2,5,3,2,4,4,4,4,4,3,2,4,4,3,3,5,2,3,3,3,4,3,4,3,4,4,4,3,3,4,3,4,3,4,4,3,3,4,4,4,4,3,4,2,2,2,3,2,2,2,2,3,2,4,4,1,2,2,5,15,125,122,22,6,4,2,2,4,2,3,3,2,2,1,4,4,4,3,2,3,2,2,4,4,4,4,3,4,4,4,4,4,4,4,4,4,4,3,2,2,4,2,3,4,3,3,4,4,4,2,4,4,4,2,2,4,4,4,3,5,2,4,4,4,4,4,4,3,4,3,4,4,4,4,4,4,4,4,5,4,4,5,4,5,4,3,2,2,2,6,28,116,177,179,185,175,105,14,6,3,2,5,4,4,3,4,4,5,4,3,4,4,4,4,5,5,4,2,2,3,3,4,4,5,6,5,5,4,4,4,5,5,5,4,5,4,4,5,4,4,4,4,4,4,4,4,4,2,2,4,2,4,4,4,4,4,4,5,4,4,2,1,2,6,22,187,218,201,212,220,164,48,7,5,4,3,2,1,4,4,4,4,5,4,4,4,4,4,4,4,4,3,4,5,4,5,4,4,3,5,4,4,4,5,4,4,4,4,4,4,4,4,4,4,4,4,4,5,4,4,5,4,4,5,4,4,4,4,5,4,4,4,5,4,5,4,4,5,4,5,4,4,4,4,5,5,4,4,5,5,4,4,4,5,4
2,2,2,5,4,4,4,3,2,2,3,2,4,4,4,4,2,2,2,4,4,4,4,4,4,4,4,3,3,3,3,4,4,4,3,4,3,4,2,3,4,4,3,3,2,4,4,4,4,4,2,4,4,3,4,2,4,4,4,4,4,3,3,3,4,4,2,2,4,2,2,4,2,4,4,2,4,4,3,3,2,3,4,4,4,4,3,2,2,2,3,4,3,4,5,7,19,7,7,6,5,2,1,2,4,4,2,3,2,4,3,3,4,2,3,4,4,4,2,3,4,4,3,4,4,4,2,4,5,3,4,4,2,4,4,4,2,3,3,4,4,3,4,2,4,4,2,3,4,2,3,4,4,4,4,5,4,3,4,5,4,5,4,4,4,4,5,5,4,4,4,3,4,4,4,5,5,4,4,4,5,2,2,1,3,7,100,196,201,194,183,164,48,7,4,3,2,4,4,4,4,4,4,5,3,5,4,3,4,4,5,4,5,4,3,3,3,4,4,7,10,5,4,5,4,4,5,4,5,5,4,4,3,3,4,4,4,3,4,5,4,5,4,4,4,3,4,4,4,4,4,4,4,4,4,4,2,2,3,7,61,224,231,233,224,157,48,12,10,8,6,5,5,3,2,4,5,4,4,4,4,2,4,4,4,2,3,4,4,5,5,4,4,4,4,4,4,4,4,4,4,4,4,4,4,3,4,4,5,5,5,5,4,4,5,4,4,4,4,4,4,5,4,4,4,4,4,5,5,4,4,5,5,5,4,4,4,4,4,4,5,5,5,5,5,4,4,4,4,4,4
2,2,4,4,4,2,2,4,4,4,4,4,4,4,3,3,3,2,3,4,4,4,3,4,4,2,4,2,3,2,4,4,4,4,3,3,2,4,2,3,4,4,2,2,3,4,2,4,3,4,4,3,4,3,4,3,3,2,5,4,4,3,3,3,4,4,2,4,3,4,4,4,3,4,4,4,3,2,4,2,2,2,3,5,4,5,6,5,4,2,3,2,3,2,4,5,5,5,6,5,3,2,2,2,2,3,2,4,4,2,2,5,3,3,4,4,4,4,2,4,4,4,3,4,2,4,4,4,4,4,4,5,3,4,4,4,3,3,4,4,4,3,3,2,2,4,4,4,4,3,3,4,4,4,4,4,4,3,4,4,5,4,5,5,4,4,4,4,4,5,4,4,5,4,4,5,5,4,4,3,3,2,2,1,1,8,103,209,236,225,212,125,9,5,4,2,2,5,4,5,3,5,4,4,4,5,5,5,4,5,5,4,4,5,2,4,3,4,5,12,9,6,5,4,3,4,5,5,5,5,4,4,3,4,4,4,2,4,4,5,5,6,5,4,3,4,4,4,5,5,5,4,4,4,4,5,3,1,4,6,37,130,125,150,88,25,26,31,71,90,31,7,6,5,4,4,3,4,3,4,4,4,5,5,4,4,3,4,4,4,3,5,4,4,4,4,4,4,4,4,4,4,5,4,4,4,4,4,5,5,4,5,4,4,5,4,4,4,4,4,5,4,4,4,5,4,5,4,5,4,4,4,5,4,4,4,4,5,4,4,4,5,5,5,4,5,4,4,4,4,4
2,2,2,4,4,1,2,5,7,6,5,5,4,4,4,4,3,4,4,4,4,4,3,4,3,4,4,3,2,3,4,4,2,3,3,3,2,3,3,3,4,3,2,2,3,2,3,4,4,4,4,2,2,2,4,4,4,3,4,2,3,4,3,3,2,4,4,3,5,4,3,4,3,2,2,2,3,4,3,2,2,4,3,4,5,6,6,4,4,2,2,2,4,2,4,4,3,5,4,4,3,4,2,1,1,4,5,4,4,5,5,4,4,4,4,4,4,2,5,3,3,2,3,5,4,3,4,4,4,4,2,3,2,4,4,4,4,3,4,4,4,4,3,4,2,2,4,4,5,4,4,3,4,2,3,3,3,2,3,4,3,4,5,4,3,4,5,4,4,5,4,4,4,4,5,5,4,4,3,3,3,5,5,4,4,7,51,177,232,236,187,27,6,4,3,1,3,5,5,5,5,5,4,4,4,4,5,3,4,5,5,4,5,4,4,4,4,4,5,7,6,5,4,2,3,4,4,4,4,4,4,4,2,4,4,4,4,3,4,6,7,15,6,4,1,4,4,4,5,4,4,5,4,5,4,3,5,3,3,5,7,10,9,7,7,12,90,116,155,196,164,22,6,6,4,4,4,4,4,4,4,4,4,4,4,4,4,4,5,5,5,3,3,4,4,4,4,4,3,4,4,4,4,5,4,4,5,5,4,4,5,4,5,5,3,5,4,4,5,4,4,4,4,4,5,3,4,5,4,4,4,5,4,5,4,4,4,5,5,4,5,4,5,5,4,5,4,4,5,4,4
4,4,2,5,1,1,4,9,47,47,8,5,4,4,2,2,2,2,2,3,2,4,4,4,2,4,4,2,2,3,4,4,2,2,3,2,2,2,2,4,2,3,2,3,3,3,4,3,2,4,3,3,2,3,4,4,4,3,4,3,3,3,2,3,2,3,4,4,4,4,3,4,3,4,5,4,4,4,2,4,4,2,3,4,5,6,6,4,3,2,2,3,4,2,4,2,2,4,4,4,3,3,2,1,2,4,5,6,6,5,4,4,2,4,4,4,4,3,2,2,4,3,3,4,4,3,4,3,4,2,5,4,4,3,3,4,4,2,4,4,4,3,4,2,4,4,4,4,4,2,4,3,4,4,4,4,2,4,4,4,4,4,3,4,5,4,4,4,4,5,4,4,4,4,5,5,5,4,3,2,4,7,16,12,7,5,7,56,71,90,37,7,5,3,1,4,4,5,5,5,5,4,4,4,4,5,4,4,5,4,4,4,3,4,5,4,4,4,4,5,5,5,4,2,4,4,3,4,4,5,5,4,3,3,4,3,4,4,5,7,28,7,5,4,3,4,4,4,4,5,4,4,4,4,5,4,4,2,4,3,5,4,3,1,5,26,162,181,179,179,200,162,20,6,4,2,4,4,4,4,3,4,4,4,4,3,4,4,4,4,4,4,3,4,4,5,4,5,4,4,4,4,4,5,4,4,4,4,4,4,4,5,4,3,4,4,4,4,3,5,5,4,4,4,4,4,3,4,5,2,4,4,4,5,5,4,4,4,4,5,4,5,4,4,4,4,4,4,4,4,4
5,3,3,2,1,2,5,61,198,179,22,5,4,3,2,1,3,3,2,3,2,3,4,4,2,4,4,2,2,2,3,2,2,2,2,3,3,2,4,3,4,3,2,3,3,2,3,4,4,4,4,3,3,2,4,4,3,3,4,4,4,4,3,3,4,4,3,4,4,4,4,4,2,4,2,4,2,4,4,5,4,4,3,3,4,5,5,3,3,4,3,4,4,2,3,2,2,2,4,3,2,3,2,2,3,4,5,7,7,6,3,4,2,4,4,3,3,2,4,4,4,4,2,5,4,3,3,4,4,4,4,3,3,2,3,2,4,3,3,3,4,2,4,4,4,5,4,4,4,3,2,5,2,2,5,2,4,3,4,4,4,4,5,4,3,4,4,4,5,4,4,4,4,4,4,5,5,4,3,2,4,10,130,133,16,6,6,7,7,7,7,5,5,2,3,4,4,4,4,4,5,5,4,4,4,4,5,5,5,4,4,4,4,5,5,4,2,4,4,4,3,2,4,4,4,4,4,4,4,4,5,4,4,5,4,5,4,4,5,7,7,6,6,4,2,4,4,4,4,4,4,4,4,4,4,5,4,4,4,4,2,1,1,1,4,26,108,169,169,190,194,169,43,6,4,2,3,4,4,4,4,4,4,4,4,4,4,4,5,4,4,4,4,4,4,4,5,4,4,4,4,4,3,5,5,3,4,4,4,4,4,4,4,4,4,4,4,4,5,4,4,4,4,5,5,4,4,4,5,3,4,5,5,4,4,4,5,4,4,4,5,5,4,5,5,4,5,4,4,4,4
2,2,2,1,1,4,7,97,216,189,37,6,2,2,1,2,4,2,2,2,3,4,4,4,4,3,2,3,2,1,2,2,3,2,3,2,3,2,2,2,3,4,3,2,3,3,1,4,4,3,2,3,3,2,3,3,3,4,4,4,3,4,4,4,4,4,2,2,4,4,4,4,3,4,2,4,4,4,5,4,3,3,2,4,5,5,4,3,3,4,4,4,2,3,3,4,3,4,4,3,4,4,3,2,4,5,5,6,6,5,5,3,2,3,3,5,4,4,4,3,2,3,3,4,3,2,2,4,3,2,5,4,3,4,2,3,4,4,3,4,2,3,2,3,5,3,4,4,3,4,4,2,4,4,5,4,5,3,4,3,4,3,4,3,5,5,3,3,4,4,4,5,4,4,4,5,5,4,3,3,5,17,169,157,28,7,6,7,7,6,6,4,4,4,5,4,4,4,4,4,4,5,4,4,4,4,4,5,4,4,5,4,4,4,5,5,4,4,4,4,4,3,4,3,4,4,4,3,3,4,4,4,4,5,5,4,4,4,4,5,4,5,5,4,2,4,4,5,4,4,5,4,4,5,4,4,4,4,3,4,2,2,1,2,5,7,19,41,56,41,56,35,7,5,4,3,3,5,5,4,4,4,4,2,4,4,4,4,4,4,4,4,4,4,4,5,4,4,4,4,4,4,4,5,4,4,4,4,4,3,4,5,4,4,4,4,4,4,4,4,4,4,4,5,5,4,4,5,5,4,3,4,5,4,5,4,4,4,4,5,4,5,5,5,4,4,4,4,4,4,4
2,4,1,1,1,4,7,80,201,206,59,6,2,1,1,2,3,4,2,2,4,2,4,2,4,4,2,2,3,2,1,3,3,2,3,3,3,2,2,3,2,3,2,4,2,2,2,2,4,3,2,3,2,3,4,2,3,5,4,2,2,2,4,3,4,3,3,4,4,4,4,4,3,3,4,4,4,4,4,4,3,3,3,4,4,3,3,4,4,4,4,3,3,4,4,3,3,4,4,4,3,4,4,4,4,5,5,5,5,4,4,4,2,4,5,2,3,4,2,4,4,3,4,5,4,4,4,4,2,2,2,3,4,3,2,3,3,3,3,2,2,2,4,4,4,5,4,4,3,4,3,3,5,5,3,4,4,4,4,2,3,3,4,4,4,4,3,4,3,4,4,4,3,5,5,4,4,4,4,3,5,8,61,56,12,6,7,48,23,6,5,4,4,5,4,4,4,4,4,4,4,5,5,4,5,4,4,4,4,5,5,4,4,4,5,4,5,4,4,4,4,3,3,4,4,4,4,4,4,4,4,3,4,5,4,4,4,4,4,4,4,4,4,4,4,4,4,4,4,4,4,4,5,4,3,4,4,4,4,3,3,3,1,2,4,6,6,6,6,7,7,6,6,5,4,4,4,4,4,4,4,4,4,4,4,4,4,4,4,4,4,4,4,3,5,4,3,4,4,4,2,4,5,5,5,4,4,5,4,4,5,4,4,4,4,4,4,4,5,5,5,4,4,4,4,4,5,5,4,3,3,4,4,4,5,4,4,4,4,4,5,5,5,5,5,4,2,4,5,4,4
4,4,2,1,2,5,9,149,229,214,30,6,3,2,2,3,4,4,2,2,2,4,4,4,3,4,2,2,4,2,2,2,2,2,3,2,2,3,2,3,3,3,3,4,2,2,3,3,3,3,3,3,4,4,2,4,4,4,4,1,4,2,4,4,3,3,2,4,4,4,4,3,4,3,4,3,3,2,3,5,3,3,4,4,2,3,3,2,4,3,4,4,3,3,4,2,3,4,3,4,3,4,5,3,3,4,4,4,5,5,4,3,3,3,2,3,4,5,4,3,3,4,4,4,4,5,4,3,3,2,2,4,5,5,4,3,4,4,3,4,3,4,3,4,4,2,4,4,4,3,4,5,4,4,4,5,2,3,5,2,3,4,4,4,5,3,4,5,5,4,4,3,4,5,4,2,2,2,3,4,4,6,6,7,6,5,9,108,68,7,6,5,2,3,4,5,4,4,4,4,5,5,4,4,5,5,5,4,4,5,4,3,4,5,5,4,5,4,5,5,4,3,5,4,4,4,4,4,5,5,3,4,4,4,5,5,4,4,4,4,4,4,4,3,4,4,4,5,4,4,4,4,4,4,4,5,4,3,4,2,4,3,4,4,4,4,3,4,5,7,7,7,6,5,4,4,4,4,4,5,4,3,5,4,4,2,3,4,4,4,4,4,4,3,4,5,4,4,5,4,4,4,5,5,5,3,5,5,4,4,4,4,4,4,4,4,4,4,5,5,4,4,4,4,4,4,4,4,4,4,4,4,4,4,3,4,4,4,5,4,5,5,4,5,4,4,4,4,4,4,4
4,4,2,1,2,6,15,206,249,183,18,5,4,2,2,4,3,4,4,3,4,4,4,4,4,4,2,3,2,2,3,3,3,4,2,2,2,3,2,3,2,3,3,2,4,4,4,2,2,3,3,4,4,4,4,4,4,3,3,3,2,3,4,3,2,4,3,5,4,4,5,3,2,2,3,3,3,2,2,3,3,4,3,3,4,2,2,3,5,2,3,4,2,5,3,3,3,4,4,4,3,4,4,4,4,4,3,4,4,3,4,3,4,2,2,4,5,4,4,2,4,4,4,2,4,2,2,2,3,3,3,5,5,6,5,4,4,4,4,5,2,4,4,4,3,4,4,4,4,4,4,4,4,4,5,4,4,2,3,4,4,3,3,4,4,4,3,4,4,4,3,2,3,4,3,4,3,4,4,3,4,4,5,5,4,5,7,24,23,7,5,4,3,3,5,2,5,4,4,4,4,3,4,5,4,4,5,3,4,5,4,3,4,4,5,5,4,4,4,5,4,5,5,4,5,5,5,5,4,4,4,5,4,4,5,5,4,4,4,4,4,4,5,4,4,5,4,4,3,4,4,4,4,5,5,4,4,5,4,4,4,4,4,4,3,2,1,1,4,10,35,24,10,6,6,4,3,4,4,4,3,5,4,4,4,4,3,4,2,4,5,2,4,4,4,4,4,4,3,2,5,5,4,5,4,5,4,4,4,4,4,4,4,4,5,4,4,4,5,5,4,4,4,4,4,4,4,5,4,4,4,5,4,3,4,3,4,4,4,5,4,4,5,4,4,4,4,4,4,4,4
2,4,3,1,2,5,13,131,186,83,8,5,1,2,2,2,4,4,4,3,4,4,4,2,2,2,3,2,2,2,3,4,2,2,2,2,3,2,3,3,3,3,2,2,2,4,4,2,3,2,3,3,2,4,4,4,4,2,2,3,2,3,3,2,3,4,2,4,4,3,3,3,2,3,3,4,4,2,3,3,4,3,4,3,4,3,3,4,3,2,2,4,4,5,2,4,2,4,4,4,4,3,4,4,4,4,4,3,4,4,3,4,4,3,3,4,4,3,4,3,4,4,4,2,2,2,2,2,3,3,4,4,6,7,7,5,2,4,4,4,4,4,4,3,2,4,4,4,4,4,5,4,3,5,5,4,4,4,3,3,4,4,4,5,4,3,3,3,3,3,4,4,3,3,3,3,2,5,5,5,3,5,5,4,4,5,5,6,6,6,5,3,5,4,4,3,4,4,4,4,5,4,4,5,4,2,3,5,4,5,4,4,3,3,4,5,4,4,3,4,5,5,4,5,5,5,5,5,4,4,5,4,3,5,4,4,5,4,4,4,4,2,5,5,5,5,4,4,4,4,4,4,4,5,4,4,4,4,3,4,4,4,4,5,4,4,2,1,3,6,35,162,155,28,6,4,2,4,4,4,5,5,4,4,3,4,4,4,4,4,4,4,4,4,4,4,4,4,4,4,4,4,4,4,4,3,5,4,4,4,4,4,5,5,4,4,4,4,5,5,5,2,6,4,4,4,4,4,4,4,4,4,4,4,4,4,4,4,3,4,5,4,4,4,4,5,4,2,2,4,4
2,4,4,2,4,5,6,9,15,10,6,4,3,2,2,2,4,4,3,3,4,4,4,2,4,4,2,2,2,2,3,3,3,4,4,2,2,4,3,2,3,3,3,3,2,3,4,3,2,2,3,4,4,4,4,2,2,4,5,5,5,5,4,4,4,4,4,2,3,3,4,3,3,3,2,3,4,3,4,3,4,3,3,3,2,4,4,2,3,2,2,4,4,3,2,4,2,3,2,4,4,4,3,4,4,4,2,3,4,4,4,4,3,4,4,2,4,4,4,4,2,3,4,2,2,1,1,2,2,2,2,5,6,19,11,4,2,5,4,5,4,4,4,5,4,2,4,4,2,4,4,4,3,4,5,5,4,4,4,4,4,4,4,4,4,4,4,3,4,4,3,4,2,3,2,3,6,10,7,5,4,4,4,4,5,4,4,5,4,4,5,4,2,5,4,2,4,4,4,4,4,3,3,4,4,3,2,4,5,4,4,3,3,4,5,4,4,3,4,3,4,5,4,4,5,5,4,4,5,5,4,4,4,5,4,4,4,4,5,3,4,4,4,4,4,4,4,4,4,4,4,4,4,4,4,4,4,4,4,4,4,4,4,4,5,4,4,1,4,6,11,138,181,37,6,4,2,3,4,4,4,4,2,4,4,4,4,4,4,4,4,4,4,4,4,5,4,4,4,5,4,4,4,4,4,5,5,4,4,4,4,5,4,4,4,4,4,4,4,4,4,4,5,4,4,5,4,4,4,4,5,4,4,4,4,4,4,4,4,5,5,4,4,5,5,4,4,4,4,4,4
4,5,5,4,2,2,2,4,5,5,5,4,4,3,1,4,2,4,2,3,4,4,3,4,2,3,2,4,2,3,2,2,4,4,4,3,2,3,2,3,3,2,3,3,3,4,4,2,2,3,4,4,3,4,3,2,3,5,6,11,14,7,5,5,4,3,4,3,4,4,3,4,2,3,3,3,3,3,3,3,2,2,3,3,3,4,4,2,2,3,3,4,4,4,3,3,3,3,3,4,4,4,4,4,4,3,3,4,4,4,4,4,5,4,4,2,4,4,3,3,5,4,4,4,4,2,1,2,1,2,4,5,6,15,8,5,2,4,4,4,4,4,4,3,4,4,4,4,4,4,4,4,4,5,4,4,4,4,3,4,5,4,4,5,4,4,4,2,3,4,3,4,4,1,2,6,16,88,51,7,4,4,4,5,4,3,4,4,4,4,4,4,5,4,2,4,4,3,5,5,4,3,4,4,4,4,4,4,5,4,4,4,3,4,4,4,4,4,3,2,3,5,4,5,5,5,3,4,5,4,4,5,4,4,4,4,5,4,4,2,4,4,4,4,4,4,4,5,5,4,3,4,4,3,4,4,4,4,4,4,4,4,2,5,5,4,4,4,4,5,6,11,15,7,6,4,3,4,4,4,4,4,4,4,2,4,4,3,4,4,4,5,5,5,4,4,4,5,5,4,4,4,4,4,4,3,4,4,4,4,4,4,4,4,4,4,4,4,4,5,4,4,4,4,4,3,4,3,4,4,4,4,4,4,4,4,4,4,4,4,5,4,3,4,4,4,4,4,4,4,4
5,4,4,4,2,2,1,1,1,3,4,4,4,3,2,3,4,4,2,2,4,4,2,4,4,2,4,4,4,3,3,2,4,4,2,3,3,3,2,1,2,2,4,2,3,3,3,2,3,4,4,4,2,3,3,1,2,5,6,23,27,10,6,5,3,3,3,4,3,3,3,3,4,2,3,3,2,4,2,2,2,2,2,4,4,3,3,2,2,3,3,4,2,2,3,3,4,3,3,4,4,4,2,2,4,4,3,4,3,4,4,4,4,4,4,4,5,3,3,2,5,5,6,7,7,6,4,2,2,4,3,4,5,6,6,5,2,2,4,2,4,2,4,4,5,3,4,5,4,4,5,4,3,4,5,4,5,2,5,4,4,4,4,4,4,4,5,5,3,4,4,3,2,2,5,7,44,206,153,9,6,5,4,4,5,4,4,4,4,4,3,5,4,4,5,5,5,5,5,5,4,4,4,4,4,5,5,5,5,5,5,4,4,4,3,5,5,4,2,4,4,4,5,5,5,4,4,5,5,4,4,4,4,3,4,4,5,4,3,4,4,3,5,4,5,4,5,4,5,5,3,4,4,4,4,4,4,3,4,4,4,4,4,4,5,5,4,4,4,5,5,5,6,6,5,4,2,2,3,5,4,5,4,4,4,4,4,4,4,4,4,4,4,5,5,5,4,4,3,4,4,4,4,4,4,4,4,4,4,4,4,5,4,4,4,5,4,4,5,4,4,4,4,4,4,4,4,4,4,4,4,3,4,5,4,4,5,4,4,4,5,4,4,5,4,4,4,5,4,4,4
4,4,1,1,2,4,4,2,2,2,3,2,4,3,3,3,2,4,2,2,2,4,4,2,4,2,4,2,4,4,3,4,2,2,2,2,4,2,4,1,2,2,3,3,3,2,4,4,3,4,2,3,4,2,4,2,2,3,5,7,8,7,5,3,4,2,4,3,3,3,3,2,3,4,3,3,3,2,4,3,3,4,4,4,3,2,3,3,4,2,2,3,2,4,4,4,4,2,2,4,4,4,2,4,4,4,4,3,2,4,4,4,4,4,4,4,4,4,4,3,4,6,18,88,74,23,8,6,5,4,3,4,4,4,5,3,2,3,2,2,4,4,5,4,4,4,4,4,4,4,4,5,4,4,4,3,4,4,4,5,2,5,4,4,4,3,4,5,4,3,5,2,3,3,4,9,179,175,220,32,6,5,4,4,4,5,5,4,4,4,3,4,4,5,2,4,5,7,6,5,4,4,2,4,5,5,4,4,5,5,5,5,3,4,5,4,4,4,4,5,5,4,5,5,4,4,5,5,4,4,4,4,5,4,5,4,3,5,4,4,4,4,4,3,5,4,5,5,5,5,4,3,4,4,4,4,4,4,4,4,4,4,4,5,4,5,5,4,3,4,4,4,3,4,4,5,4,4,4,5,5,5,4,4,4,4,4,4,4,4,4,4,5,5,5,5,5,3,4,4,4,4,5,3,5,3,4,4,4,4,4,4,4,4,4,5,4,4,4,3,4,4,4,4,4,4,4,4,4,4,4,5,4,4,4,4,5,4,4,5,3,5,4,4,4,4,4,5,5,4,4
4,2,1,3,4,5,6,6,5,5,3,4,2,2,3,4,3,2,3,3,3,2,4,4,4,2,4,4,3,4,4,2,2,3,3,2,3,4,1,2,2,3,3,4,2,2,4,3,3,3,3,3,4,2,4,4,3,2,5,5,5,5,5,3,4,2,4,4,3,3,3,2,3,4,4,4,4,3,4,3,2,3,4,2,4,4,4,2,4,3,2,2,3,2,4,4,3,2,3,4,4,4,4,3,4,4,4,3,4,4,4,4,4,4,4,4,4,4,3,3,5,7,74,193,181,136,69,10,6,5,3,2,2,4,3,2,3,3,3,3,3,4,4,4,4,4,3,4,4,4,4,5,3,4,2,5,4,4,5,4,4,5,3,4,4,5,5,4,4,4,3,5,4,2,5,8,143,179,210,86,10,4,3,4,4,4,5,4,3,3,4,5,4,4,5,4,4,7,6,5,4,4,4,4,4,5,5,4,2,4,5,5,4,3,4,5,4,5,4,4,5,5,4,4,4,5,4,5,4,4,4,4,5,5,4,5,3,4,5,5,5,3,4,4,4,3,3,5,5,4,3,4,4,4,4,4,4,4,4,4,5,4,4,5,4,5,4,4,4,4,3,2,2,3,4,4,4,5,4,5,5,4,4,3,4,4,4,4,5,5,4,4,4,4,5,5,4,5,4,5,4,4,5,5,2,4,4,4,4,4,4,5,4,4,5,4,4,5,4,4,4,3,4,4,4,5,4,4,4,5,5,4,4,4,4,4,4,5,3,4,5,4,4,5,4,4,4,4,4,4,4
2,2,3,5,6,10,27,34,14,6,5,3,2,2,4,4,4,2,4,4,2,2,4,4,3,4,4,4,3,2,4,4,2,3,3,2,3,2,2,2,3,2,3,4,2,4,2,2,4,2,3,3,3,4,2,1,2,1,2,4,4,4,4,4,4,4,2,4,4,2,2,2,2,2,4,4,4,4,3,3,4,2,3,3,4,3,2,2,3,4,3,2,2,2,2,2,2,1,3,2,4,2,4,3,5,5,4,4,5,4,3,5,4,4,4,4,4,2,3,4,5,9,88,210,226,216,165,20,6,4,3,2,3,3,2,4,4,3,3,3,3,4,4,4,4,5,4,4,4,4,4,3,2,4,3,4,5,4,5,3,4,4,5,4,4,5,4,4,4,5,5,4,2,3,5,6,16,198,138,71,7,4,3,4,4,4,4,4,4,4,4,3,4,5,4,4,5,5,5,4,5,5,3,5,4,5,5,4,4,4,4,4,5,5,5,5,4,5,4,4,5,4,4,4,4,5,4,5,4,4,4,5,4,5,5,2,4,4,5,5,5,5,4,4,4,4,3,4,4,3,4,4,4,4,4,4,4,4,4,4,3,5,4,5,5,5,4,4,5,4,4,4,4,4,4,4,4,4,4,4,5,4,4,4,4,4,4,4,4,4,4,4,4,4,5,5,4,5,5,4,4,5,4,3,4,4,4,4,4,4,4,4,4,4,5,4,4,5,4,4,4,4,4,4,3,4,5,4,4,4,5,5,4,5,5,4,3,4,4,4,4,5,5,5,4,4,5,4,4,5,5
2,1,2,5,15,141,153,136,77,7,5,4,2,3,4,4,2,4,3,2,3,2,4,4,2,2,4,4,4,4,3,3,4,2,1,4,3,2,4,3,2,2,3,3,4,2,2,4,4,2,4,4,2,1,1,2,3,3,1,3,2,4,4,3,4,4,4,4,4,2,3,2,2,2,4,4,4,4,3,4,4,5,3,3,4,3,3,4,4,3,3,1,2,4,4,5,6,6,5,4,4,2,4,3,5,5,3,5,5,3,4,4,4,4,4,4,4,4,3,4,5,6,35,162,221,224,153,10,5,4,2,3,3,2,3,4,4,4,3,4,2,2,3,2,3,4,4,4,2,4,3,3,3,4,4,4,5,4,4,4,4,4,5,4,4,4,4,4,4,4,4,4,4,4,4,6,7,15,18,7,6,5,2,4,3,4,4,5,5,4,3,5,4,4,4,5,5,2,5,5,4,2,5,5,5,3,5,4,3,4,4,4,4,4,4,4,5,4,4,4,4,4,5,4,5,4,5,4,4,4,4,5,5,3,4,5,3,5,3,5,5,4,5,5,5,5,4,4,5,4,5,4,4,5,4,4,4,4,4,4,4,4,5,4,4,4,4,4,4,4,4,4,4,4,4,4,4,4,4,4,5,4,4,4,4,4,4,4,5,4,4,4,4,4,4,4,5,3,5,4,4,5,4,4,5,4,4,4,4,4,4,4,4,3,4,4,4,4,5,4,5,4,4,4,4,4,4,3,4,4,4,4,4,4,5,4,4,4,4,5,4,5,4,4,5,4,5,5,4,4,4
2,1,2,7,61,187,177,160,111,10,5,3,1,2,3,4,4,2,2,3,2,3,4,4,4,3,4,4,4,4,4,4,2,4,2,2,2,2,2,2,2,3,2,4,2,2,2,4,4,2,2,1,1,1,1,5,5,6,5,3,4,5,2,4,2,2,4,4,3,4,4,2,2,2,2,2,4,3,5,5,4,5,4,3,4,3,2,4,5,2,1,1,1,5,7,18,71,51,10,6,5,4,2,3,3,4,5,2,4,4,4,3,4,5,3,4,4,4,4,3,3,4,6,37,91,141,30,6,4,2,2,3,2,3,3,4,3,3,3,3,4,2,4,3,4,4,4,3,3,3,2,4,4,3,3,4,4,4,4,4,4,4,4,5,4,4,3,4,4,4,4,4,4,3,4,4,6,6,6,6,5,4,4,3,4,4,4,4,4,4,5,5,4,5,5,4,4,5,4,4,4,4,4,4,3,5,5,4,4,4,5,5,3,4,5,3,5,3,5,5,3,5,4,4,5,4,3,5,5,4,4,4,4,5,4,4,5,5,4,5,4,5,5,4,5,5,4,5,5,4,4,4,4,4,5,4,4,4,4,4,4,4,4,4,4,4,4,4,4,4,4,4,4,4,4,4,4,5,4,4,4,4,4,5,4,4,4,4,4,4,4,4,4,4,5,4,4,4,5,5,4,5,5,4,4,4,4,4,4,4,4,4,4,4,3,4,4,4,4,5,4,3,5,4,4,4,2,3,4,4,4,5,5,4,4,5,3,4,4,4,4,5,4,4,5,4,4,5,3,4,4
3,1,2,6,61,191,191,191,169,16,5,2,2,2,3,4,4,2,3,2,2,3,3,3,2,4,3,3,2,2,2,1,3,1,3,1,2,2,2,2,2,2,3,3,3,4,2,3,2,2,4,5,3,1,1,6,7,12,8,5,4,4,4,4,4,4,2,3,4,4,4,2,4,4,3,3,3,4,4,4,4,4,5,3,3,4,4,5,4,2,2,1,1,6,51,179,165,155,64,7,5,3,2,3,4,2,5,4,4,5,3,4,4,4,4,4,5,4,4,2,2,2,4,7,8,18,6,5,3,3,2,3,4,4,4,4,3,2,3,4,5,4,4,4,4,3,4,4,4,4,4,3,3,4,4,4,4,4,4,4,4,4,4,3,3,4,4,4,4,4,5,5,5,4,4,4,4,4,4,3,4,4,5,4,3,4,5,4,4,4,4,4,4,4,4,3,4,4,4,4,5,4,5,4,4,5,4,4,5,5,4,4,4,5,3,4,4,4,5,5,5,3,4,5,4,5,5,4,4,4,5,4,4,5,4,4,4,4,4,4,4,5,4,5,4,4,5,4,4,5,4,4,4,4,4,3,5,2,4,4,5,2,5,4,4,4,4,4,4,5,4,4,4,4,4,4,5,4,5,4,4,4,4,4,4,4,4,4,4,5,4,4,4,4,4,4,4,4,4,5,5,5,5,4,4,4,4,3,4,4,4,4,4,4,4,4,4,4,4,4,4,4,4,4,3,3,4,4,4,4,4,5,5,4,4,4,4,5,4,4,5,4,4,5,4,4,4,4,4,4,4
4,1,4,6,49,193,201,210,194,13,5,1,1,2,2,2,4,4,4,2,3,2,4,4,5,2,4,2,2,2,2,2,2,4,2,1,2,1,2,2,4,3,4,2,3,4,3,1,2,4,6,9,13,6,6,6,19,24,7,5,4,2,3,4,4,2,2,3,4,3,4,3,3,4,2,2,3,3,4,5,4,2,2,4,3,5,5,5,4,2,2,1,4,9,114,194,194,194,88,6,3,2,2,2,2,2,4,4,4,4,4,4,5,4,4,4,4,4,4,4,4,3,3,3,5,5,4,5,4,3,4,4,5,3,4,3,3,4,3,4,4,4,4,4,4,2,4,5,4,4,4,4,4,4,3,4,4,4,5,4,4,4,4,4,4,4,4,4,4,5,5,5,4,4,5,3,4,4,4,4,4,4,4,4,4,3,4,4,4,4,4,4,4,3,4,4,4,4,4,2,4,4,5,4,3,4,5,4,3,5,5,5,4,4,4,4,4,4,4,5,4,5,4,5,4,4,3,4,5,4,4,4,4,4,3,4,4,4,5,4,4,4,4,5,3,4,5,5,4,4,4,2,4,3,2,4,4,4,5,4,4,4,4,5,4,4,4,4,4,4,4,4,4,4,4,5,4,4,4,4,4,5,4,4,4,4,4,4,4,4,4,4,4,4,4,4,4,4,4,5,4,4,4,4,4,4,4,4,3,4,4,4,4,4,4,4,4,4,4,3,4,5,4,4,4,4,4,4,4,4,4,4,4,4,4,5,4,4,4,5,4,3,5,5,4,5,4,4,4,4,4
2,2,2,5,9,97,177,200,123,7,5,3,1,1,1,3,4,4,4,3,2,2,4,5,4,4,2,2,2,3,2,2,1,1,1,2,1,4,1,4,4,2,4,4,2,2,2,1,2,5,19,120,117,61,8,12,35,7,6,3,1,2,2,2,3,2,3,2,3,3,2,4,4,3,4,4,2,3,3,3,4,4,4,4,4,5,5,5,4,4,4,1,4,7,37,167,193,143,18,5,2,1,2,1,3,4,4,4,4,4,3,4,4,3,3,5,4,5,4,5,3,3,2,1,2,2,4,4,4,4,4,4,4,3,2,3,4,3,4,3,4,5,3,5,5,3,5,4,4,4,3,5,4,3,3,4,4,4,4,4,4,4,5,4,4,4,5,5,5,5,4,5,4,5,3,4,4,2,3,2,4,4,4,4,4,4,4,4,4,4,4,4,5,4,4,4,4,4,5,4,5,4,3,3,4,5,4,5,5,4,5,4,4,5,4,4,4,4,4,5,4,4,3,5,4,4,5,3,4,4,4,4,4,4,5,5,4,5,4,5,4,4,5,5,4,4,4,5,4,3,5,4,4,4,4,4,4,4,4,4,4,4,5,4,4,4,3,4,4,4,4,4,3,4,4,4,4,4,4,4,4,5,5,5,4,4,4,4,4,4,4,5,5,4,5,4,4,4,4,4,4,4,3,4,4,4,3,4,4,4,4,4,4,4,4,4,4,4,3,4,4,4,4,3,4,3,4,4,5,4,4,4,4,4,5,5,4,5,5,5,4,4,4,4,5,4,5,4,4,4,4
2,2,2,4,6,13,49,71,12,6,4,1,1,2,2,2,5,5,5,4,3,3,2,4,4,4,3,2,3,2,3,2,2,1,2,2,3,2,1,5,3,3,4,3,4,3,2,1,1,5,61,227,220,179,100,173,51,7,5,1,1,2,3,2,2,4,2,4,3,3,2,2,4,3,2,4,2,4,4,3,4,5,3,4,3,5,4,3,2,4,4,1,2,5,9,108,128,18,6,2,2,2,2,2,3,3,4,4,4,4,4,4,4,4,3,4,4,4,3,5,4,3,2,2,4,4,4,4,5,4,4,4,4,3,4,3,3,4,4,2,4,4,4,4,5,4,4,2,3,4,4,4,5,4,2,4,4,3,2,4,5,4,4,4,4,4,5,4,4,4,4,4,5,5,3,5,3,3,4,4,5,5,3,4,4,4,4,4,4,4,4,5,4,4,4,3,5,5,4,4,4,4,4,4,5,5,5,5,5,4,4,5,5,5,4,4,4,5,4,3,5,4,3,4,4,4,4,4,4,4,4,4,3,4,4,4,4,4,4,5,4,4,5,4,4,4,4,4,4,4,5,4,4,4,5,5,4,4,4,4,4,5,4,4,4,4,4,4,4,4,4,5,4,4,3,5,4,4,5,4,4,5,5,4,3,4,4,4,5,4,4,4,5,4,5,4,3,4,4,4,4,4,4,4,4,4,3,3,4,4,4,4,4,4,4,2,4,4,2,5,4,5,2,4,2,4,4,4,4,4,4,4,4,4,5,5,4,4,4,4,4,4,4,3,5,4,4,4,4,4,4
2,2,3,5,5,6,7,7,6,5,4,1,1,1,2,3,4,6,5,5,4,2,3,2,2,3,2,1,2,3,2,2,2,3,2,2,2,2,4,3,4,4,3,3,5,2,1,1,2,6,49,234,239,220,167,224,136,8,5,2,1,1,3,3,3,2,4,4,4,2,3,4,3,4,4,4,4,3,3,4,3,4,4,4,4,4,2,5,2,5,4,2,4,4,6,16,12,6,5,2,2,2,2,4,3,3,4,4,3,3,3,4,3,4,4,3,4,4,3,4,5,2,4,4,4,4,3,4,4,4,5,4,4,3,4,3,4,4,2,4,4,4,5,4,4,2,3,2,4,3,4,4,5,4,3,4,2,3,2,4,5,4,4,4,4,4,4,5,4,4,4,5,4,5,4,5,4,4,4,4,5,5,4,3,4,4,4,4,4,3,5,4,3,4,4,3,5,5,4,5,4,4,4,4,4,5,5,4,5,4,4,4,4,4,4,4,4,3,4,4,4,5,5,4,4,3,5,5,5,4,4,5,4,5,4,4,4,4,5,4,5,4,3,4,5,4,4,4,4,4,4,4,4,5,4,4,4,4,4,5,4,4,4,4,4,3,5,4,4,4,4,4,4,4,4,4,5,5,4,4,5,4,4,5,4,4,4,4,5,5,5,4,4,5,4,4,2,4,5,4,4,4,4,4,2,3,4,3,4,4,4,4,5,4,4,4,4,5,4,4,4,4,4,2,4,4,4,4,4,4,5,4,4,5,4,5,4,4,4,4,5,3,4,4,4,4,4,4,4,4,4
1,4,2,2,3,4,5,5,5,2,2,2,1,1,3,4,4,5,5,4,3,2,2,3,2,2,3,1,1,2,2,2,1,2,1,2,2,3,3,4,4,3,4,4,4,4,2,1,2,6,35,226,239,210,187,201,191,11,4,1,1,1,3,3,2,3,3,4,4,2,2,4,4,3,3,3,4,4,4,4,2,4,4,4,4,4,3,3,3,5,4,4,4,4,4,5,5,6,5,3,3,3,4,2,2,4,4,4,3,3,3,4,3,3,3,4,4,4,5,4,4,4,2,5,5,4,4,3,4,4,4,4,3,4,3,4,3,2,3,4,4,4,5,4,3,3,3,4,4,2,5,5,4,4,4,4,4,4,4,4,4,4,4,5,4,3,3,4,4,2,4,4,4,5,4,4,4,4,4,4,4,4,4,3,4,4,3,4,4,3,4,4,4,5,4,4,5,4,5,4,4,4,3,4,4,5,5,4,4,4,4,3,5,4,4,4,4,4,3,5,4,3,5,4,5,4,4,5,5,4,4,4,4,4,5,4,4,5,4,4,4,4,5,4,5,4,5,5,4,4,5,4,3,4,4,4,5,4,4,4,4,4,5,4,4,4,5,5,4,4,4,4,4,4,4,4,4,4,4,5,4,4,4,4,3,4,4,4,5,4,4,4,4,4,5,4,4,4,5,4,5,4,4,4,4,4,4,4,4,4,4,4,5,4,4,5,5,5,4,5,4,4,5,4,4,4,4,4,4,5,4,4,4,5,4,4,4,4,4,4,4,3,4,5,4,5,4,5,4,4,3
4,5,2,1,2,1,1,1,2,2,2,2,2,2,2,4,4,2,4,3,3,2,2,2,2,3,3,2,2,2,4,3,2,3,2,2,2,2,4,4,2,3,2,2,4,2,1,1,1,5,18,203,225,201,223,198,94,8,5,1,1,1,2,2,3,3,4,4,4,3,2,2,3,3,2,2,3,4,4,3,4,3,3,5,2,4,3,3,4,3,5,5,4,2,2,4,4,5,5,2,2,2,4,2,5,4,3,3,3,3,4,4,2,3,2,2,4,3,4,3,4,4,4,5,5,4,4,5,4,4,3,3,3,3,3,3,3,3,4,4,4,4,4,4,4,3,4,3,4,4,5,5,4,4,4,5,4,4,4,4,4,5,4,5,5,4,3,3,4,4,4,5,4,4,5,4,4,4,4,5,4,4,4,4,4,4,4,4,4,4,4,3,4,5,4,4,4,3,5,3,4,4,4,4,3,4,5,4,4,4,4,4,5,5,4,4,5,5,5,4,5,4,4,4,4,4,4,5,5,4,4,4,3,4,5,4,4,4,4,5,4,4,3,4,4,5,5,4,4,5,4,4,3,4,5,4,4,4,4,4,4,4,4,4,4,4,4,4,5,4,4,4,4,4,4,4,4,5,4,5,4,4,4,4,4,4,4,4,4,4,5,5,4,4,4,4,4,3,4,5,5,4,4,4,4,4,4,5,4,4,4,4,4,4,4,4,4,4,4,5,4,5,4,5,3,5,5,4,4,4,4,4,4,4,4,3,4,4,4,3,5,3,4,4,4,4,4,4,4,4,4
7,5,3,1,1,1,1,1,2,2,2,2,4,4,2,4,2,2,2,2,3,2,2,2,5,6,5,4,4,2,4,3,3,4,2,3,4,2,3,2,2,1,1,1,1,2,1,1,1,2,7,108,206,206,200,143,42,7,5,1,1,2,2,3,2,2,3,3,4,2,2,1,1,1,1,1,1,2,2,3,3,5,4,4,4,4,4,4,4,4,5,4,3,4,4,3,2,3,3,3,4,4,4,3,4,3,3,3,3,4,4,4,3,2,4,3,3,3,2,4,3,5,4,5,4,5,5,2,4,5,4,4,4,2,4,3,3,4,4,4,4,3,4,2,4,4,4,3,3,4,4,4,4,4,4,4,4,4,4,4,5,4,4,4,4,4,4,3,4,5,4,5,4,5,5,4,4,5,5,4,4,4,5,4,4,4,4,4,4,4,4,4,4,4,4,3,4,4,4,3,4,4,3,4,4,5,4,4,4,3,4,5,4,4,4,3,4,5,5,4,5,4,4,4,3,4,4,5,5,4,4,5,4,4,2,5,4,4,4,2,4,4,3,5,4,5,5,4,4,5,4,4,3,4,4,4,5,5,4,4,4,4,4,4,3,4,4,4,4,5,4,4,4,4,4,5,5,4,4,4,4,4,4,4,4,5,4,4,4,4,4,5,5,4,4,4,4,4,4,4,4,4,4,4,5,4,4,4,4,4,4,4,4,4,4,4,4,4,3,4,5,5,4,4,4,5,4,4,3,4,4,4,4,4,4,4,4,5,4,4,4,4,4,4,4,4,4,4,4,4,4
18,5,5,2,1,1,1,1,3,2,2,2,3,4,2,2,2,2,2,4,2,2,2,4,5,8,6,4,4,4,3,2,4,4,3,4,4,2,1,1,2,2,1,1,1,2,1,1,1,2,5,19,189,223,153,91,15,7,5,2,1,2,2,4,3,3,3,3,3,2,3,2,2,1,1,2,2,3,3,3,5,2,4,4,3,4,4,3,3,4,5,4,4,4,2,2,2,4,2,3,4,4,4,5,5,4,4,3,3,3,4,2,4,4,2,2,4,3,2,4,3,4,2,5,4,4,5,4,4,4,4,4,3,3,2,4,4,4,5,4,4,4,2,3,3,3,2,3,3,2,4,4,4,4,4,4,5,4,4,4,4,4,4,4,4,3,3,4,4,4,5,4,5,5,5,4,4,4,5,3,4,4,4,4,5,4,4,5,4,4,4,5,4,3,4,4,3,3,4,4,4,4,3,4,4,5,5,4,4,4,4,5,4,4,4,4,5,4,5,5,4,4,4,4,4,3,4,4,4,4,2,4,4,4,5,4,4,4,4,4,5,4,5,5,4,4,5,5,4,2,4,4,4,4,4,4,3,5,4,5,3,4,5,3,4,3,5,4,4,4,4,4,4,5,4,5,4,3,4,4,4,3,5,4,4,4,4,4,4,4,4,4,4,4,4,5,4,4,4,4,4,4,5,4,4,4,4,4,4,4,4,4,4,4,4,4,4,4,4,4,4,4,4,4,4,4,2,3,4,4,4,4,3,4,4,4,4,4,4,4,4,4,4,4,4,4,3,5,4,4,4
30,7,7,5,5,3,2,1,4,2,2,2,4,4,2,1,2,2,4,5,5,2,2,5,5,7,6,5,4,3,3,2,3,3,4,4,4,1,1,2,3,4,5,4,5,4,4,2,2,1,2,7,162,201,94,18,7,6,4,3,2,3,3,4,3,3,2,2,2,2,3,5,5,6,6,6,5,4,5,2,3,4,4,4,2,3,3,3,4,3,4,3,3,4,4,4,4,5,4,4,3,4,5,4,3,5,4,4,4,3,4,4,2,4,4,4,4,2,3,4,5,4,3,3,4,4,4,4,4,4,4,4,2,2,4,4,4,2,5,2,4,3,4,2,4,2,4,3,3,3,3,4,4,3,5,5,2,5,2,3,3,4,4,4,4,4,4,3,3,4,5,5,4,4,4,5,4,4,4,4,4,3,4,4,5,4,4,4,4,4,4,4,4,4,4,5,4,3,3,5,4,4,4,4,4,4,5,4,4,4,4,4,3,4,4,4,5,4,5,4,3,4,4,4,3,3,3,3,3,3,3,4,4,2,4,4,4,4,5,5,4,5,5,5,5,5,5,4,4,5,3,4,4,2,4,4,4,5,4,4,5,4,5,3,4,4,4,4,4,5,4,4,4,5,5,4,4,5,3,4,4,3,2,5,4,4,4,4,5,4,3,4,4,4,4,3,3,4,4,4,5,4,3,5,4,4,4,5,4,4,4,4,4,4,5,5,5,4,4,5,4,4,4,4,4,3,4,4,4,3,4,4,4,4,4,4,4,4,4,4,4,4,4,5,4,4,4,4,5,4,4
59,61,19,9,6,5,4,2,2,2,3,4,3,2,2,1,1,4,5,5,5,2,1,2,4,5,5,6,5,2,3,3,3,2,4,3,4,1,1,3,4,7,9,8,8,6,5,4,2,1,1,6,34,143,91,12,6,5,1,4,1,4,2,3,4,4,3,2,1,1,4,6,10,44,59,16,7,5,4,4,4,2,4,4,3,3,4,2,4,4,4,4,5,4,2,4,2,5,4,3,4,2,2,4,4,2,4,4,2,4,4,4,4,4,2,4,4,3,3,2,2,3,4,4,4,3,4,4,2,3,3,3,3,4,4,3,3,3,4,3,3,3,2,2,3,3,4,2,3,4,4,4,4,4,4,5,4,2,4,4,3,5,3,4,3,4,2,3,3,4,5,5,5,5,5,5,4,4,5,4,5,5,3,4,5,5,4,4,5,4,4,5,5,2,3,4,4,4,3,5,3,4,4,4,4,4,5,4,5,4,4,5,4,3,3,4,5,5,4,4,4,4,4,4,4,4,4,3,3,3,4,2,2,3,4,4,4,4,5,4,4,4,4,4,4,4,5,4,4,4,4,4,4,4,4,4,4,4,4,4,4,4,3,5,4,5,4,4,5,4,4,4,4,2,4,5,4,4,4,4,4,5,4,4,4,4,4,5,4,3,3,4,5,4,3,5,4,4,5,4,4,4,5,3,5,4,4,4,3,4,4,4,4,4,5,4,3,4,4,4,5,4,4,4,4,4,3,4,4,4,5,4,3,4,4,4,4,4,4,4,4,4,5,4,4,4,4,4,5,4,4
51,227,194,111,14,5,2,2,2,2,2,2,2,1,2,4,2,4,5,5,3,2,1,1,2,2,4,4,5,2,3,2,2,2,2,2,2,1,1,4,7,94,151,114,67,9,6,5,2,1,1,4,7,74,165,51,7,3,1,2,1,5,2,3,4,3,2,1,1,1,5,18,128,200,212,169,17,5,2,5,2,1,4,3,3,3,3,3,4,4,4,3,4,5,4,3,3,5,4,5,3,2,4,3,2,3,2,4,3,4,4,4,4,4,4,2,2,2,3,2,3,2,3,4,2,3,2,3,3,4,3,3,4,4,4,4,4,2,4,5,4,4,3,4,4,3,3,3,4,2,4,4,4,5,4,2,4,5,5,4,4,4,4,4,4,3,4,4,3,5,4,4,4,5,5,5,5,4,4,4,5,5,5,4,4,5,4,5,5,4,4,4,4,3,3,5,4,3,3,2,2,5,4,3,5,5,4,5,4,4,4,5,4,4,4,4,5,5,4,4,4,4,4,3,4,4,4,4,4,4,4,3,4,4,4,4,4,3,4,5,4,4,4,4,3,5,5,4,4,4,4,4,4,4,5,4,3,4,4,4,4,4,4,4,4,4,4,4,4,4,4,4,4,4,4,5,4,4,4,4,4,4,5,4,4,5,4,4,3,4,4,3,4,4,5,1,4,4,4,5,4,5,3,5,4,4,4,4,4,4,4,4,4,4,4,5,4,4,4,5,4,4,4,2,4,3,4,5,4,4,4,4,4,4,4,4,4,4,4,4,3,4,4,4,4,5,5,4,4,4,4
10,125,211,212,94,6,3,3,2,2,2,2,2,1,2,5,6,5,5,5,2,1,1,2,1,2,2,2,4,2,1,2,2,3,4,4,1,1,1,4,14,205,231,187,80,9,5,4,2,1,1,2,6,34,189,83,6,3,1,1,2,3,4,3,2,4,5,5,5,2,5,51,200,212,218,175,23,5,3,4,2,2,1,1,4,3,4,4,5,4,3,4,3,4,4,3,4,3,4,4,2,4,3,4,2,5,3,4,4,4,4,4,3,2,4,4,3,2,4,2,3,4,3,4,3,3,4,2,4,4,3,2,4,4,4,4,4,4,2,4,4,4,4,4,4,5,4,4,2,5,5,3,4,4,3,4,4,3,4,5,5,5,4,3,4,4,5,4,2,4,4,5,5,4,5,4,5,5,5,4,4,5,5,4,4,5,4,4,4,3,3,4,4,4,4,4,2,4,4,4,4,2,4,5,4,5,4,5,5,5,4,4,5,4,3,4,5,4,4,5,4,3,4,4,4,4,4,4,4,4,4,4,4,4,4,4,4,4,4,5,3,4,3,4,4,4,4,4,4,5,3,4,4,3,4,5,4,4,4,4,4,4,4,4,4,4,4,4,4,4,4,4,4,4,5,4,4,4,4,4,5,4,4,5,4,4,4,4,3,4,4,4,4,4,4,5,4,4,4,5,4,4,4,4,4,4,4,4,4,4,4,4,4,4,4,4,3,4,4,4,4,5,4,4,4,4,4,4,4,5,4,4,4,4,4,4,4,5,4,3,4,5,2,5,3,4,4,4,4,5,4
6,8,29,64,22,7,5,2,2,3,2,2,1,2,4,5,16,8,6,4,1,2,2,2,2,1,1,2,2,2,2,2,2,2,4,4,2,1,1,5,23,200,228,210,80,7,5,3,1,1,1,2,5,37,128,19,6,2,1,1,2,2,4,1,4,5,7,37,16,6,5,20,117,122,67,16,7,5,4,2,3,1,1,1,2,2,4,4,4,4,4,2,3,4,2,4,4,4,3,4,3,4,4,3,3,4,2,3,4,3,4,2,4,4,4,4,4,2,4,3,4,3,4,2,4,3,5,5,4,4,3,2,4,5,4,4,2,4,3,4,4,4,3,3,3,4,4,4,4,3,4,5,4,4,4,4,4,4,4,4,5,3,5,5,4,4,3,3,4,5,5,5,4,3,4,5,5,5,4,4,5,5,4,4,5,5,3,4,5,3,2,4,4,4,3,4,3,5,5,5,2,3,5,5,3,5,5,3,5,5,5,4,5,5,4,3,5,4,4,4,5,4,5,4,3,4,4,5,5,4,5,5,4,4,4,4,4,4,4,4,4,4,3,3,2,2,4,4,4,4,4,4,4,4,4,5,4,4,4,4,4,4,4,4,4,3,4,4,4,4,4,4,4,4,4,4,5,4,4,4,4,4,3,4,3,4,5,4,4,4,3,4,5,4,4,4,4,4,4,4,4,4,4,4,4,4,4,4,4,4,4,5,4,4,5,4,4,3,4,4,4,4,2,4,4,3,4,5,5,4,4,4,4,5,4,4,4,3,4,4,4,4,4,4,4,5,4,4,4,4,4
3,6,7,7,8,7,5,4,3,2,2,2,1,2,4,5,9,8,5,2,2,1,2,2,2,1,1,2,2,4,2,1,1,3,3,1,4,1,2,5,16,155,215,223,77,7,4,1,1,2,4,5,7,21,11,6,5,2,1,1,4,3,3,2,3,6,42,212,158,8,6,7,9,10,7,6,6,4,1,3,2,2,2,2,2,4,4,4,2,2,4,4,3,4,3,4,4,4,2,3,4,4,2,4,4,4,4,4,2,2,4,4,4,4,4,4,4,4,4,4,4,1,4,4,4,4,4,4,5,4,4,3,2,2,2,4,4,3,4,4,4,4,4,3,4,4,4,4,4,4,5,4,4,4,3,4,5,3,5,4,5,4,3,4,4,5,4,5,4,3,5,4,4,4,4,5,5,5,4,4,5,4,5,5,4,4,4,3,4,5,4,4,3,4,5,5,4,4,4,4,4,5,4,3,4,5,4,3,4,4,5,5,4,5,4,4,4,4,4,4,4,3,5,4,4,4,4,5,4,4,4,5,4,4,5,4,4,4,3,5,4,4,4,3,4,3,4,4,4,4,5,4,4,5,4,4,4,4,4,3,4,5,4,4,4,4,4,4,4,4,4,3,4,3,3,4,4,4,4,4,4,4,4,4,3,4,5,4,4,4,4,4,4,4,4,4,4,4,4,4,4,4,4,4,4,4,4,4,4,5,4,4,4,4,4,4,4,4,4,4,4,4,2,4,3,4,4,4,4,4,4,4,4,5,4,4,3,4,4,4,4,4,5,3,4,4,4,4,4,4,4
3,4,5,5,7,7,6,4,2,2,2,2,2,2,4,5,5,6,4,1,1,2,1,4,2,2,2,3,2,3,2,1,3,2,4,1,4,3,4,4,6,24,103,196,44,6,4,1,1,5,7,23,14,8,6,5,4,1,2,2,1,2,2,2,4,7,67,227,223,18,5,4,3,5,5,6,5,5,2,1,2,5,6,5,4,4,3,4,4,4,2,4,4,4,4,2,4,3,2,4,4,2,4,5,4,5,4,2,4,4,4,4,4,4,4,4,4,4,4,4,2,3,4,3,4,4,3,2,3,4,4,3,3,4,4,4,4,4,3,5,4,4,2,5,4,4,3,3,5,4,3,5,4,4,4,3,3,4,4,4,5,4,4,3,4,3,4,4,4,4,5,5,4,4,4,4,4,4,4,5,4,4,5,5,4,4,5,4,4,5,5,4,4,4,4,4,4,4,4,4,4,4,4,3,4,4,4,4,5,3,4,5,4,5,5,4,4,4,4,4,3,4,4,4,4,4,4,4,5,4,4,4,4,4,4,4,4,5,4,5,4,3,4,4,3,4,4,4,4,4,4,3,4,4,4,4,4,4,4,4,4,5,4,4,4,4,4,4,4,4,4,2,4,4,4,2,5,5,4,5,4,5,3,4,4,4,4,4,4,4,5,4,4,4,5,4,3,4,4,5,4,4,4,3,3,4,4,4,4,4,5,4,4,4,4,4,4,4,5,2,2,4,4,5,4,4,4,4,4,4,4,4,4,4,3,4,4,4,4,5,4,4,4,4,3,5,4,2,4,4,5
3,1,1,5,5,5,5,5,4,2,2,1,2,2,2,4,5,3,2,1,1,2,1,3,3,2,2,3,3,2,3,3,2,2,2,2,4,4,4,2,4,7,9,15,7,5,3,1,1,6,34,171,49,9,6,2,1,2,1,3,2,4,2,2,4,6,14,136,175,23,5,1,1,1,2,5,5,4,2,1,3,7,23,9,6,4,2,4,2,4,3,3,4,3,3,4,4,4,3,4,4,3,3,4,3,4,5,3,3,4,4,3,4,4,3,3,4,4,4,4,3,4,3,4,3,4,2,4,3,2,5,5,3,4,3,4,4,4,3,4,4,4,4,3,5,4,4,4,2,3,4,4,4,3,4,3,4,4,5,4,4,4,3,2,4,4,4,4,4,4,4,5,4,4,5,5,4,5,5,2,4,4,4,5,4,4,4,5,5,4,5,5,4,4,4,4,4,4,4,3,4,4,3,4,4,2,4,4,4,4,4,4,4,4,4,4,4,4,4,3,5,4,5,5,4,4,4,4,4,4,4,4,4,4,4,4,4,5,4,4,3,4,5,5,5,5,4,5,4,4,5,4,4,4,4,4,5,4,4,4,4,4,4,4,4,4,4,4,4,4,4,4,4,4,4,4,5,4,4,5,4,5,4,4,4,4,4,5,4,4,4,5,4,4,4,4,4,4,5,4,4,3,4,4,4,4,4,4,5,4,4,4,4,4,4,4,5,3,3,4,2,4,4,4,4,4,4,4,4,4,4,4,4,4,4,3,4,5,4,4,4,4,4,5,4,2,4,4,3,4,4
1,4,2,1,4,4,4,4,2,3,1,2,3,3,2,3,2,1,1,1,1,2,2,2,3,1,3,2,4,3,2,3,2,2,2,2,2,4,2,1,2,2,2,4,5,3,2,1,4,7,74,205,179,16,6,1,1,1,1,2,3,3,2,3,3,5,6,8,15,8,5,3,3,1,3,4,3,2,1,1,5,42,214,122,9,5,3,3,2,2,4,3,3,2,4,2,2,4,4,4,4,4,3,3,5,4,5,4,3,4,3,3,3,3,4,4,4,4,4,4,4,4,4,4,3,4,4,3,5,4,4,5,3,3,4,4,4,4,4,4,4,4,4,4,4,3,2,4,3,3,2,2,3,4,2,4,3,2,5,4,4,3,4,2,5,3,4,4,3,4,5,5,4,4,4,2,5,5,2,4,4,3,5,4,5,2,5,5,4,4,5,3,4,4,4,5,4,4,4,4,4,4,3,3,5,2,3,4,4,4,2,3,4,4,3,4,4,4,4,4,4,4,5,5,4,4,5,4,3,4,4,4,4,4,4,4,4,4,4,2,2,5,6,7,7,6,5,4,4,4,4,4,4,5,4,4,5,4,4,4,4,3,4,4,4,4,4,4,4,3,4,4,3,4,4,5,4,3,5,4,4,4,4,4,4,4,2,4,4,4,3,4,4,4,4,5,3,4,4,5,4,4,4,4,4,4,3,4,5,4,4,4,4,4,4,4,2,5,4,4,4,4,3,4,4,4,4,3,2,4,4,4,4,3,4,4,4,5,4,4,4,4,4,4,4,3,4,4,4,4,3
1,1,3,3,2,3,2,2,2,4,2,1,1,2,2,1,2,1,2,2,1,2,2,2,2,2,4,2,2,3,3,2,3,2,3,2,3,3,1,1,1,1,1,2,1,2,2,2,5,7,69,201,128,8,5,3,1,2,1,3,2,4,3,3,3,1,4,5,5,5,5,4,2,3,2,2,2,1,1,1,4,34,239,191,13,5,1,2,2,3,3,3,3,3,2,2,2,4,4,4,3,2,4,4,5,4,3,3,4,4,2,3,4,3,3,4,4,5,4,4,4,4,3,3,4,4,4,2,4,4,4,5,4,3,3,3,4,4,4,4,4,3,4,4,3,2,2,4,4,3,4,4,4,2,3,4,3,3,3,4,3,4,2,5,4,3,4,4,5,2,4,4,4,4,3,4,3,5,4,5,4,5,4,5,1,5,3,4,4,4,4,4,4,4,3,4,4,5,4,4,4,3,5,3,5,3,4,4,4,4,4,4,4,4,4,4,5,4,4,3,4,4,4,3,4,4,4,4,5,3,4,5,5,4,4,5,4,4,4,2,2,5,6,17,24,6,5,4,5,4,4,4,4,4,3,3,4,4,3,4,4,4,4,4,5,4,4,4,4,4,4,4,4,4,4,5,4,4,5,4,4,4,4,4,4,4,4,4,4,4,4,4,4,4,4,4,4,4,4,4,4,5,4,4,4,4,4,4,4,5,4,4,4,4,4,4,4,2,4,3,4,4,2,3,5,3,4,4,4,4,3,4,4,3,3,4,4,3,5,4,4,4,4,4,4,4,4,4,4,4,4
3,2,1,1,3,2,2,2,2,3,3,1,2,2,2,1,1,4,5,5,4,2,4,3,4,2,2,2,3,4,3,2,3,3,2,3,2,3,2,1,1,1,1,1,2,1,2,2,4,6,8,19,12,6,5,5,2,5,4,3,4,4,2,3,2,2,2,2,2,2,4,4,2,4,2,3,2,1,2,3,5,27,171,108,7,4,1,2,2,2,3,3,3,4,4,5,2,3,2,4,4,3,4,5,5,5,3,4,4,3,4,4,3,4,2,4,4,4,3,5,4,4,3,4,4,3,4,3,4,4,4,4,3,3,2,2,4,4,4,4,3,4,4,4,3,2,2,3,4,4,2,2,4,5,4,3,4,3,2,2,1,4,4,4,5,4,5,5,4,4,4,5,5,4,4,4,5,4,3,4,4,4,4,2,4,4,4,4,4,4,4,4,3,3,3,4,4,4,5,3,4,5,4,3,5,4,5,4,2,5,5,4,3,4,4,4,5,5,5,3,4,4,4,2,4,4,2,4,4,4,4,4,4,5,4,4,4,4,4,3,4,4,6,9,10,6,5,4,3,4,5,4,4,4,4,3,4,4,4,3,4,4,4,4,5,4,3,4,4,4,4,5,4,4,4,4,4,4,5,4,4,4,5,4,4,4,4,4,4,4,4,4,3,4,4,4,4,4,4,4,5,4,4,4,4,4,5,4,4,4,4,4,4,4,4,4,4,4,4,4,2,4,2,4,4,4,4,3,4,4,4,4,4,4,4,4,4,4,5,4,4,4,4,4,4,4,3,4,4,4,2
2,1,1,1,2,2,2,2,2,2,3,2,2,1,2,1,4,6,7,7,5,2,3,2,1,2,3,2,3,2,2,1,1,2,2,2,2,2,2,1,1,1,1,1,2,2,2,4,4,5,5,7,6,5,6,7,6,6,5,3,2,2,2,3,2,2,1,1,1,1,3,4,2,4,3,2,2,2,2,2,5,7,22,8,6,3,1,1,1,3,3,3,3,5,5,4,2,4,2,3,2,3,4,5,4,4,4,4,4,4,2,3,4,3,3,4,5,3,3,5,4,5,3,3,4,4,4,4,4,4,4,3,4,4,2,4,4,3,2,4,4,4,4,3,3,2,3,4,3,4,4,2,2,4,4,3,4,3,2,2,1,4,4,5,4,4,4,4,4,4,4,5,4,4,5,3,4,4,4,4,3,4,4,4,3,3,4,4,4,4,3,4,4,4,3,4,4,4,5,3,4,5,4,5,4,4,4,4,4,3,3,4,3,4,4,3,5,5,5,5,5,3,4,4,4,5,5,4,4,5,4,4,4,4,4,4,4,4,5,3,4,4,5,6,6,6,5,4,3,4,5,4,3,4,4,4,4,4,5,4,4,4,4,4,4,4,4,4,4,4,4,4,4,4,4,4,4,4,4,4,4,4,4,4,4,4,4,3,4,4,4,4,4,4,4,4,4,4,4,4,4,4,5,4,4,4,4,4,3,4,4,3,4,4,4,2,4,4,4,4,4,4,4,4,4,4,4,4,4,4,4,4,4,4,5,4,4,4,4,4,4,4,4,4,4,4,4,4,4,4,2
2,1,1,1,1,3,3,3,2,2,2,2,2,1,1,4,5,42,114,22,6,4,2,3,3,3,3,3,2,2,2,1,2,2,1,4,3,4,2,2,1,2,2,2,1,3,2,3,2,1,2,4,4,6,9,74,51,8,5,3,2,3,1,3,4,4,2,4,3,2,3,3,2,3,3,1,2,5,2,4,3,4,5,5,5,2,2,2,2,2,3,4,5,5,6,4,4,2,2,3,2,3,3,4,4,3,4,4,4,3,3,4,4,4,4,3,5,3,4,4,4,4,4,4,4,4,4,4,4,4,4,4,4,2,4,3,4,2,3,4,4,4,2,4,4,3,4,4,2,3,4,4,4,4,4,3,2,3,2,2,2,4,5,5,4,3,3,4,3,4,4,4,4,4,5,4,4,4,4,4,4,4,4,4,5,4,4,3,4,3,3,4,4,4,4,4,4,4,3,5,4,4,5,3,4,5,4,2,3,4,4,2,4,4,4,4,4,4,4,2,4,4,4,4,5,4,2,5,4,4,4,4,4,4,4,5,5,3,3,4,2,4,4,4,4,5,5,3,4,4,5,3,4,4,4,4,4,5,4,4,4,4,5,4,4,4,4,4,5,4,4,4,4,5,4,4,3,4,4,4,5,4,4,5,4,4,4,4,4,4,4,4,3,4,4,4,4,4,4,5,4,4,5,4,4,4,4,4,4,4,4,2,4,4,4,4,4,4,4,4,4,2,4,4,4,4,4,4,4,4,5,4,4,4,4,4,4,4,4,5,4,4,4,4,4,4,4,4,4,4,4
4,3,2,2,4,3,2,3,1,1,2,3,2,1,1,4,7,155,208,59,7,5,4,2,1,2,2,3,4,2,2,3,2,2,3,2,1,2,4,2,2,2,2,2,2,2,2,3,2,1,1,1,3,6,7,100,35,6,5,3,2,2,2,3,4,3,4,5,4,3,4,4,2,1,2,4,3,5,5,2,2,1,3,6,6,5,4,3,3,3,3,4,4,5,5,4,4,2,2,4,2,1,3,2,2,2,3,3,2,3,4,4,2,4,3,4,4,4,4,5,3,4,3,4,4,4,4,4,4,4,4,4,4,4,4,1,4,3,4,3,4,2,4,3,4,3,3,4,4,4,4,4,4,4,3,3,4,3,5,5,5,2,4,4,4,4,4,4,4,5,4,4,5,3,4,4,3,3,4,4,4,4,2,2,4,5,4,4,2,4,4,4,4,5,4,4,2,4,4,3,4,3,3,4,4,4,5,4,4,5,4,4,3,2,4,4,4,2,5,4,5,4,4,4,4,5,4,4,4,4,4,4,4,5,5,4,4,3,5,4,2,3,3,3,5,3,3,5,5,4,3,2,4,4,4,4,4,5,3,4,4,5,4,4,4,4,4,4,4,4,4,4,4,4,4,4,4,4,4,4,4,2,4,4,4,4,4,4,4,5,4,3,4,5,4,5,4,4,4,4,4,4,4,4,4,4,4,4,4,4,4,3,4,3,4,4,4,4,4,4,4,4,4,4,4,4,4,4,4,4,4,4,4,4,4,4,4,4,4,3,4,4,4,3,4,4,3,4,4,4,4
4,5,6,7,6,4,2,3,3,2,2,2,2,1,2,5,9,153,146,27,5,5,2,2,5,3,2,4,3,4,1,2,2,2,3,3,2,2,2,3,3,3,2,2,4,2,2,2,2,1,1,1,3,4,5,8,7,5,4,3,1,3,2,4,4,4,4,4,4,4,3,3,2,1,2,6,6,7,21,5,1,4,6,32,47,9,6,4,3,2,2,2,2,4,4,3,2,3,3,3,3,3,4,2,2,3,2,2,2,2,4,4,4,2,3,3,4,3,4,4,3,4,3,4,4,4,4,4,4,4,4,4,4,5,4,4,3,4,4,4,3,4,4,2,4,3,3,4,4,3,3,4,4,4,2,2,5,7,16,11,6,5,3,5,4,5,4,5,4,4,4,4,5,3,4,5,2,4,4,3,4,3,4,4,4,4,4,3,2,3,5,4,4,4,2,2,4,2,4,4,4,2,3,4,2,4,4,5,4,4,4,4,4,3,4,4,4,5,4,4,4,3,3,4,4,4,4,4,4,4,4,4,5,4,4,4,5,5,5,5,3,2,4,5,5,3,5,4,5,3,4,5,4,4,4,5,4,4,5,5,4,3,4,4,5,4,5,4,4,5,4,4,4,3,4,4,4,4,4,2,3,4,4,4,5,4,4,4,4,5,4,4,4,4,4,4,4,3,4,4,4,4,4,4,4,4,4,4,4,4,4,3,4,3,4,4,4,4,4,3,4,4,4,4,5,4,4,4,4,4,4,4,4,4,4,4,4,4,4,4,4,4,4,4,3,3,4,4,4,4,4
5,7,17,21,7,4,1,4,3,3,3,4,3,2,1,5,7,37,30,7,4,5,2,3,1,4,4,2,3,2,2,1,4,2,2,3,4,2,2,4,4,2,5,2,1,2,2,2,2,1,2,2,2,4,4,2,5,4,2,3,2,3,3,4,3,4,4,4,4,4,4,3,2,1,3,6,12,49,22,6,4,5,13,175,179,54,7,5,2,1,2,3,2,2,2,2,3,2,2,2,2,2,3,4,2,3,2,2,3,4,4,4,2,3,2,4,4,4,4,4,5,3,2,3,4,4,4,4,3,2,3,4,5,4,4,4,4,4,4,4,4,4,2,4,4,4,4,3,3,4,4,4,4,3,1,5,6,69,122,91,7,6,4,4,3,3,5,4,3,4,4,4,4,4,4,4,4,2,4,5,4,5,4,3,4,4,4,2,3,4,3,4,4,4,3,3,3,4,4,4,3,4,3,5,4,3,4,2,4,5,4,3,3,3,4,3,4,4,4,4,4,4,2,3,4,3,4,3,3,4,4,5,5,4,4,4,4,5,4,4,3,4,4,5,5,4,5,5,4,4,5,5,4,4,5,3,2,4,4,4,4,5,4,4,4,3,5,4,4,4,5,4,4,2,4,4,4,4,4,4,4,4,3,4,4,4,4,4,4,4,4,4,3,4,4,4,4,4,3,4,4,4,2,4,4,3,4,4,4,4,4,4,4,4,4,4,4,4,4,4,4,4,4,4,5,4,4,4,4,4,4,4,4,4,4,4,4,4,4,4,4,4,4,4,4,4,3,3,4,4,4
6,26,128,131,11,4,1,2,4,2,4,4,2,2,3,1,4,7,6,4,3,2,3,3,3,4,4,1,3,4,2,3,4,3,2,3,2,3,2,2,4,2,4,2,2,3,4,2,2,2,2,4,2,1,2,4,2,4,2,4,2,2,3,2,3,4,4,2,3,3,4,2,1,1,5,7,44,162,21,5,5,5,35,200,206,108,10,5,3,2,2,4,3,2,3,3,2,2,4,1,3,3,1,4,2,2,2,3,4,4,4,4,3,2,3,2,4,4,3,4,2,3,4,4,3,4,4,3,4,3,3,4,5,4,3,4,4,3,4,4,4,2,3,4,3,4,4,4,3,4,3,5,3,2,3,6,13,162,187,122,9,5,4,3,3,4,4,4,4,4,4,4,4,4,4,4,3,4,4,5,4,4,5,3,3,4,4,3,4,3,3,3,3,4,4,5,2,4,5,2,2,5,2,2,3,2,1,3,4,4,4,4,2,2,4,4,4,3,4,4,2,3,4,4,2,4,4,2,2,4,4,4,4,5,4,4,4,5,5,2,4,4,4,3,5,5,4,5,5,4,5,4,2,4,4,5,4,4,4,3,4,4,4,5,3,4,4,4,5,4,5,4,4,4,4,4,4,4,4,4,3,4,4,4,4,4,4,4,4,3,4,4,4,4,4,4,4,3,4,4,4,4,3,4,3,3,4,4,4,3,4,4,4,4,4,4,4,4,5,4,4,4,4,4,4,4,4,4,4,4,5,4,4,4,4,4,4,4,4,5,4,4,3,4,4,3,3,3,4,4,4
6,22,94,111,9,2,1,2,4,4,3,3,2,1,1,1,1,2,3,2,3,3,4,2,2,4,4,4,2,1,3,3,2,3,3,2,1,2,4,4,4,2,4,2,1,2,2,3,3,2,1,2,3,2,2,2,2,4,3,3,3,2,1,3,2,4,3,3,2,3,3,3,2,2,4,8,83,169,10,4,4,6,14,61,141,27,7,5,4,2,2,4,2,2,4,3,2,3,3,2,2,4,2,3,3,3,3,2,2,4,5,3,3,3,1,2,4,3,2,4,4,3,2,2,4,4,3,4,4,4,3,4,4,4,4,4,4,4,4,4,5,4,3,4,4,3,2,4,4,2,3,5,4,1,4,6,11,94,131,35,7,5,3,2,2,4,2,4,4,4,4,4,4,4,4,4,3,4,4,4,4,3,4,3,5,4,4,4,5,4,3,4,4,4,3,3,4,4,3,5,4,4,2,4,2,4,3,4,3,3,4,4,4,3,4,3,4,4,4,5,3,2,4,2,4,2,3,3,3,4,4,5,4,2,4,5,4,3,2,3,3,4,5,5,4,4,5,4,4,5,3,4,4,3,4,4,4,4,4,4,4,4,4,4,4,4,3,4,4,4,4,4,4,4,5,4,3,4,4,4,4,4,4,4,4,4,3,4,3,4,3,4,4,4,4,4,4,4,3,4,4,4,4,4,3,4,5,4,4,4,4,4,3,4,4,4,4,4,5,4,4,4,4,4,4,4,4,4,4,4,4,4,4,4,4,3,5,2,4,4,4,3,4,4,4,3,4,3,3,4,4
5,6,7,9,6,2,1,1,2,4,4,3,2,1,1,1,1,1,1,1,2,5,5,5,5,4,2,3,4,2,2,3,3,3,2,2,3,4,2,2,4,2,1,3,3,3,3,2,2,2,2,2,2,2,2,2,2,4,2,3,3,2,3,1,2,3,3,3,2,3,2,2,2,2,4,7,24,49,7,5,3,5,5,7,8,6,5,3,3,2,3,4,4,2,3,2,2,2,1,4,2,2,4,3,3,3,2,3,2,3,3,3,4,1,2,3,2,3,4,3,4,2,4,2,3,3,4,3,4,4,3,4,4,4,4,4,5,4,4,4,3,4,4,3,3,4,4,4,4,3,4,4,4,4,3,5,6,9,8,6,5,4,3,4,2,4,4,4,4,4,5,4,4,4,4,3,3,4,4,4,4,4,3,3,4,4,4,4,4,5,4,4,3,3,4,4,4,2,2,4,4,3,4,3,2,3,3,3,4,2,3,4,4,4,4,5,4,4,4,3,4,3,2,3,4,4,2,3,4,4,3,4,4,3,3,3,4,3,4,2,5,5,4,4,4,4,5,5,5,4,4,4,5,3,4,3,4,3,4,4,4,4,4,5,2,4,4,4,4,4,4,4,4,4,4,4,4,4,4,4,3,4,4,4,4,4,4,4,2,4,4,4,4,4,4,4,2,3,4,4,4,4,4,4,4,4,4,4,3,4,4,4,4,4,4,4,4,4,5,4,4,4,4,4,5,4,4,4,4,4,4,4,4,4,4,4,4,3,4,4,3,4,5,3,4,4,3,3,4,4,4
2,5,5,5,5,1,2,1,3,3,2,2,2,2,2,2,4,1,1,1,2,5,7,6,4,3,2,2,2,2,4,4,3,2,2,2,3,3,2,4,4,3,3,4,4,4,3,2,2,2,3,4,4,4,4,4,2,4,2,1,3,3,2,2,2,1,2,1,2,2,1,2,2,3,4,5,7,7,6,4,2,2,2,3,3,5,3,4,3,2,4,4,3,2,2,3,2,2,4,3,3,2,4,3,3,4,3,2,2,2,2,3,1,4,4,3,2,2,2,4,4,4,2,4,2,3,4,4,2,4,4,4,4,4,2,4,4,2,5,2,5,3,4,3,3,3,4,2,2,3,4,4,4,4,4,5,4,5,5,5,5,4,4,4,4,4,4,4,4,4,4,4,4,4,4,4,4,4,4,4,4,4,4,4,4,3,4,4,3,4,3,3,4,3,3,3,3,4,2,4,4,4,3,4,3,4,5,4,4,3,4,4,4,4,4,4,3,4,3,3,2,5,4,5,3,2,2,4,3,4,4,4,4,3,3,3,4,3,1,4,4,3,4,4,5,3,4,3,4,2,5,4,4,5,5,4,4,3,5,5,4,5,3,4,4,4,4,4,4,4,4,4,4,4,5,4,4,5,4,4,2,4,4,4,4,4,3,4,3,4,4,4,4,4,4,4,2,4,4,4,4,4,3,4,4,4,4,4,4,3,4,4,3,4,4,4,4,4,5,4,4,5,4,4,5,4,4,4,4,4,4,4,4,4,4,4,4,4,4,4,4,4,4,3,4,4,4,4,4,4,4
1,4,2,4,5,3,2,1,2,2,2,2,4,6,7,9,9,6,5,1,4,5,6,5,2,3,3,2,3,3,3,4,3,2,4,2,2,2,1,4,3,2,2,3,2,2,3,2,1,3,4,4,4,4,4,2,4,4,2,2,2,2,1,1,2,2,2,1,1,1,1,2,4,2,3,2,3,4,4,3,2,3,3,2,1,4,4,2,3,4,3,4,4,2,2,3,1,2,4,3,4,4,3,3,3,4,2,3,3,2,3,3,3,4,4,4,3,2,2,4,4,2,3,4,2,4,3,3,2,2,4,4,2,2,2,5,4,4,3,2,3,2,2,4,2,2,4,4,4,4,4,4,4,3,3,4,2,2,2,4,4,4,4,4,3,4,4,3,3,4,4,4,3,5,4,3,4,4,4,4,3,3,4,3,2,3,4,4,4,3,4,4,4,3,4,4,3,3,2,2,3,4,2,4,3,4,3,4,4,3,3,3,4,5,5,4,2,3,2,4,4,5,5,2,4,5,4,4,5,5,4,4,4,2,4,4,2,4,4,3,4,5,5,4,4,5,5,4,4,4,4,5,4,4,5,5,4,5,5,5,5,2,4,5,4,4,4,4,3,4,4,4,4,4,4,4,4,4,4,4,4,4,2,4,4,4,2,4,4,4,4,4,4,4,4,4,2,4,4,4,4,4,4,4,4,4,4,4,4,3,2,4,4,4,4,3,4,4,4,4,4,4,4,4,4,4,4,4,4,4,4,3,4,4,4,4,4,4,4,4,4,4,3,4,4,4,4,4,3,4,4
2,2,2,2,2,2,1,2,2,2,1,1,5,7,49,123,103,18,6,5,4,5,5,2,5,2,3,4,2,2,4,4,4,4,3,4,3,4,2,4,4,2,2,3,4,4,4,4,3,2,4,3,4,3,4,2,3,3,4,2,1,2,1,1,1,1,3,2,2,2,1,1,3,2,2,2,2,2,2,2,3,3,2,1,1,2,2,3,3,4,3,2,2,3,2,2,4,2,2,3,4,3,2,2,2,2,2,2,2,3,3,3,3,4,3,3,3,3,4,4,4,3,4,3,4,4,5,4,3,3,4,2,4,4,3,4,4,4,3,4,3,2,4,2,2,4,4,4,2,3,4,2,2,4,3,1,2,1,2,4,1,5,2,4,4,4,3,2,3,2,3,4,5,4,4,2,4,2,5,3,3,4,3,3,3,4,4,4,4,3,3,4,3,2,3,4,4,2,4,3,4,2,4,4,4,4,4,3,4,3,3,4,5,4,3,2,2,4,3,4,4,2,5,5,5,5,5,4,5,5,4,4,2,4,4,4,3,3,4,4,3,4,4,5,4,4,4,4,4,3,4,5,5,5,5,4,5,4,4,2,4,5,4,3,5,5,3,4,3,4,4,4,4,4,4,5,4,3,4,4,4,4,2,4,4,4,4,4,4,4,4,4,4,4,4,4,4,3,4,3,3,4,4,4,4,3,4,4,3,4,2,3,4,4,4,4,4,4,4,5,4,4,4,4,4,4,3,4,4,4,4,4,4,4,4,4,4,4,4,4,4,4,4,4,4,5,4,4,4,4,4
2,1,2,2,2,2,2,2,2,2,1,4,6,51,216,226,227,106,14,5,4,4,3,3,5,2,2,2,2,2,4,4,4,4,4,4,3,4,2,4,4,4,4,2,4,4,4,4,2,2,2,4,2,2,4,3,3,3,1,1,1,1,1,1,1,1,3,6,7,5,5,4,2,2,2,2,2,2,2,4,2,3,2,3,1,3,2,4,4,2,3,4,2,2,3,3,2,3,2,4,4,2,1,1,1,1,1,2,4,2,2,2,3,4,2,2,4,4,3,2,4,4,3,4,3,4,3,4,4,3,3,4,4,4,4,3,3,3,4,3,2,4,4,2,3,4,3,3,4,2,2,4,4,3,2,5,1,2,2,3,4,2,4,3,4,3,5,2,4,4,4,4,4,4,3,3,3,3,5,3,2,4,2,4,3,4,4,4,2,2,3,4,2,2,4,3,3,4,4,3,4,4,4,3,3,4,4,3,3,3,3,4,5,4,3,3,2,3,4,4,4,4,4,5,5,5,5,4,5,4,4,5,4,3,4,4,3,4,4,3,4,4,4,5,2,4,3,4,3,3,2,4,4,2,4,4,4,4,4,4,4,4,5,2,4,4,3,3,5,4,4,3,4,5,4,4,4,4,4,4,4,3,4,4,4,4,3,5,3,3,4,4,3,4,4,4,4,4,4,4,4,3,5,4,4,4,4,3,3,4,4,3,2,4,4,4,4,4,4,4,4,5,4,2,5,4,3,4,4,3,4,4,4,4,4,4,4,3,4,4,4,4,4,4,4,4,4,4,4,4,4
2,2,2,2,2,1,2,3,2,2,2,4,7,91,212,201,206,185,49,6,4,2,1,2,2,3,3,2,2,3,2,3,4,4,4,2,4,4,3,5,4,5,4,4,3,4,2,4,4,4,4,3,4,4,4,3,2,2,2,1,3,5,5,6,5,5,5,11,94,17,7,3,1,3,2,2,4,2,2,3,3,4,2,4,3,2,3,4,4,4,3,2,4,2,2,2,2,2,4,4,2,1,2,1,1,1,2,2,2,2,3,4,2,4,3,3,3,3,3,2,4,3,3,4,3,2,4,3,4,4,4,4,4,4,3,3,2,3,3,4,4,4,4,3,4,3,4,3,3,2,2,4,4,4,3,3,4,2,2,1,3,2,2,4,5,4,4,4,3,4,4,3,4,4,4,4,5,3,4,4,4,4,2,2,5,4,4,4,4,4,5,5,4,4,4,3,4,5,2,4,3,4,5,2,4,3,4,3,3,3,3,2,3,4,3,2,3,3,5,4,5,4,3,5,5,3,5,5,5,4,3,4,3,2,4,3,4,4,4,4,4,4,3,4,4,3,4,3,4,3,2,4,4,3,4,4,4,4,5,4,3,3,4,2,3,2,4,4,4,4,4,4,4,4,4,4,4,4,3,4,4,4,1,4,4,4,5,3,4,4,4,4,4,4,4,2,4,2,4,4,4,4,5,4,3,3,4,4,4,3,4,4,4,4,4,4,3,4,5,4,4,4,4,3,4,2,4,4,4,4,4,4,4,4,4,4,4,4,2,3,4,4,4,2,2,4,4,3,4,4,4
3,3,2,2,1,2,2,2,2,1,2,2,5,10,39,61,56,69,21,6,4,2,2,2,3,3,2,3,3,3,2,2,4,4,3,3,4,4,4,5,5,4,4,4,3,4,4,4,4,4,4,2,4,4,3,2,1,1,2,5,7,19,47,34,35,7,8,91,200,194,21,5,4,2,1,2,1,2,1,4,3,3,4,3,2,4,4,2,4,4,4,4,3,3,2,4,4,4,5,1,4,1,1,1,1,1,1,2,3,3,4,4,4,4,3,3,2,2,4,3,4,2,3,4,2,4,4,4,4,3,3,4,4,4,3,2,2,2,3,4,3,4,4,4,4,2,4,4,2,3,2,4,4,4,4,3,4,4,3,2,3,4,4,4,4,4,3,4,3,4,4,3,4,4,4,4,4,4,3,4,5,4,4,2,3,4,4,3,4,5,4,4,4,4,4,3,4,4,3,3,4,4,3,5,4,3,4,4,3,2,3,3,4,4,5,2,3,3,4,4,4,4,5,4,5,5,3,5,5,4,2,4,3,2,3,3,4,4,5,3,3,5,4,2,4,3,5,4,4,5,4,3,3,4,3,3,4,4,5,4,2,4,3,4,4,4,4,4,4,4,4,4,4,4,4,4,4,4,4,4,4,4,2,5,4,4,4,3,4,5,4,4,4,4,5,3,3,2,4,4,4,4,4,5,3,4,5,3,5,4,4,4,4,4,3,4,4,4,4,4,2,5,4,4,4,2,4,4,4,3,4,3,4,4,4,4,4,4,3,4,4,4,3,4,4,3,4,3,4,4,4
3,4,2,2,2,2,2,3,3,1,2,4,3,5,6,8,7,7,7,5,3,2,2,2,2,2,2,3,3,2,2,3,4,3,2,4,4,4,4,4,5,4,2,3,2,4,4,4,4,4,2,3,2,4,3,1,1,1,5,7,69,122,167,171,167,74,26,122,193,198,69,6,4,2,2,2,2,2,4,2,2,3,3,1,3,3,3,2,4,4,2,4,3,3,4,3,3,4,5,2,4,2,4,5,5,4,4,3,2,3,3,3,3,4,4,2,2,2,3,1,4,4,4,4,4,2,2,3,3,3,3,4,2,2,3,1,3,3,4,4,4,4,4,4,4,2,4,3,4,3,4,2,4,4,2,2,4,3,4,3,3,4,4,4,4,4,4,4,4,2,4,5,4,3,4,3,4,5,4,3,4,5,5,4,2,5,5,4,5,4,4,4,4,5,4,3,4,4,4,4,4,4,4,5,4,5,4,5,4,2,4,4,4,5,5,3,3,4,4,5,4,4,4,4,4,4,3,4,4,4,2,3,4,2,3,3,4,3,5,4,2,5,3,4,4,4,4,4,5,4,4,2,3,4,3,3,3,4,3,2,4,3,3,4,4,4,3,4,4,3,3,4,4,4,4,3,4,4,4,4,4,4,3,4,4,3,4,4,4,4,4,2,4,5,4,4,3,3,4,4,2,4,4,5,4,4,5,4,4,4,4,4,4,4,4,4,4,5,4,4,2,4,4,4,4,3,4,5,4,4,2,4,4,4,4,4,4,4,2,4,4,4,4,4,4,4,4,4,4,4,4
2,1,4,2,3,2,2,2,2,2,2,2,1,3,1,1,4,4,5,5,3,3,1,2,1,2,2,1,3,3,3,2,3,2,4,4,2,3,4,2,2,1,1,1,1,4,4,4,4,4,4,4,4,4,2,1,1,3,7,61,198,194,187,212,219,128,39,69,155,194,74,6,4,2,1,2,4,2,2,2,3,2,3,4,4,4,4,4,4,4,4,3,3,2,3,3,4,2,2,2,4,5,9,15,9,6,5,5,2,2,3,2,3,2,3,2,3,2,2,4,4,2,4,3,4,2,4,2,3,4,3,4,3,2,3,2,4,2,4,4,4,4,4,5,3,2,4,4,4,3,3,4,4,3,2,3,4,2,3,2,4,3,4,4,4,4,3,3,4,3,4,4,3,4,4,4,5,5,3,4,4,4,3,3,4,4,4,4,4,4,3,3,4,4,4,4,4,4,2,4,3,3,4,4,4,5,3,4,4,4,3,2,3,5,4,4,4,5,4,2,4,5,4,4,4,2,3,4,4,4,4,5,4,4,4,4,4,3,4,4,4,4,4,4,2,4,3,4,4,4,5,4,4,4,4,4,4,5,4,2,4,2,3,3,4,4,4,4,3,2,4,4,4,4,4,4,4,4,4,5,3,3,4,3,3,3,4,4,4,4,4,4,4,3,4,4,3,4,4,4,4,4,4,4,4,3,4,5,5,4,2,4,4,4,4,4,3,4,4,3,3,4,4,4,3,4,4,4,4,4,4,4,2,4,4,4,3,4,4,4,4,4,4,3,4,4,4,4,4,4,4
2,4,1,3,3,2,2,2,3,4,1,3,2,1,1,1,1,1,1,1,2,2,3,2,1,3,1,2,2,3,3,2,2,4,3,2,2,2,2,4,2,4,1,2,2,4,4,4,2,3,4,4,2,3,2,2,3,5,23,151,187,194,171,177,201,165,44,19,49,67,11,5,4,3,2,3,3,3,3,2,2,3,3,2,4,2,4,4,3,2,2,3,3,3,2,2,2,1,3,4,5,10,69,122,83,24,7,5,4,2,1,2,4,3,3,3,2,2,2,3,3,3,2,3,4,4,1,2,4,3,4,4,2,4,3,3,4,3,4,2,3,4,2,4,4,3,4,3,4,3,2,2,3,3,4,4,2,3,3,3,4,2,4,3,4,5,3,3,2,3,4,2,2,4,4,2,4,4,4,2,3,3,4,2,4,4,3,3,3,4,4,2,2,4,4,2,4,3,2,3,4,4,4,4,3,4,4,3,4,4,3,3,4,4,4,4,4,4,4,4,5,4,4,4,4,3,3,5,4,4,4,4,4,4,4,4,4,4,3,4,4,4,3,3,4,3,4,4,4,4,4,4,4,4,4,5,4,4,4,4,4,4,4,4,4,4,3,4,3,4,2,4,4,4,4,3,4,4,4,4,3,4,2,4,4,4,3,4,4,4,4,3,3,4,4,4,4,4,3,4,4,5,5,4,4,4,4,4,4,5,4,4,5,4,4,4,5,4,4,4,4,4,4,4,4,4,4,4,4,4,4,4,4,4,4,4,4,4,4,4,3,3,4,4,2,4,4,4,4,4,4
2,2,2,3,3,2,1,2,2,2,2,2,2,1,2,2,2,1,1,2,3,3,3,1,1,2,2,2,3,2,4,2,2,4,2,1,2,1,1,4,5,6,6,5,5,3,3,4,4,4,4,4,1,3,4,5,6,20,91,177,155,173,139,169,173,177,27,7,7,7,6,5,3,3,3,3,4,3,3,1,3,3,3,2,4,4,2,4,2,2,3,3,2,2,1,1,1,1,1,4,7,103,165,155,136,136,37,6,4,3,2,2,2,3,4,4,2,3,2,2,3,2,2,4,3,1,4,3,2,3,2,3,2,3,2,3,3,3,4,2,3,2,4,4,4,4,3,4,2,3,4,4,4,2,4,3,2,2,2,4,2,4,4,2,4,4,2,3,2,2,2,3,3,3,4,3,2,5,4,2,5,4,3,4,4,4,4,3,3,4,4,3,4,3,4,4,4,4,4,3,2,4,5,4,3,3,3,3,3,4,3,3,4,4,4,4,4,4,5,4,4,4,4,3,4,4,4,4,4,4,4,3,3,4,4,2,2,4,4,3,5,4,3,2,3,2,5,4,2,4,4,3,3,4,4,3,2,4,4,4,2,4,4,4,4,4,4,4,3,4,4,4,4,3,4,4,3,4,3,2,3,4,2,4,4,4,4,1,4,4,4,3,4,3,3,4,4,4,4,4,5,4,4,4,3,4,4,4,4,4,4,4,4,4,4,3,4,4,4,4,5,4,3,4,4,4,4,4,4,4,4,4,4,4,4,4,4,4,4,4,4,4,4,4,4,2,4,4,4,4,4
1,3,4,1,2,2,2,2,2,2,2,2,2,4,5,7,6,4,2,3,2,4,2,4,2,2,3,2,3,3,4,4,2,2,2,2,2,2,5,5,17,42,39,8,6,2,2,4,4,4,4,4,2,2,5,7,49,94,143,196,146,143,114,171,175,153,18,6,4,5,4,4,3,2,4,3,3,3,3,4,3,2,3,3,4,2,4,2,2,1,2,4,5,5,5,2,1,1,1,5,14,125,139,69,67,114,23,6,4,2,2,2,4,4,4,3,3,4,4,3,2,2,2,2,2,1,2,4,3,3,2,2,2,3,2,1,3,4,3,2,4,3,2,4,4,4,4,4,2,4,4,3,3,4,2,3,4,2,3,3,2,3,3,2,2,3,4,4,3,3,3,4,3,4,4,2,3,5,3,5,4,3,3,5,5,4,4,4,3,3,4,4,4,3,4,3,4,3,4,4,3,4,4,4,2,4,2,4,2,3,4,4,4,4,2,5,4,4,3,4,4,4,5,4,2,3,4,4,4,4,4,3,4,3,4,4,4,4,4,4,3,3,4,3,3,4,4,4,2,3,2,1,3,4,4,2,2,4,4,4,2,4,4,3,4,3,4,4,4,4,4,4,4,3,2,4,4,4,4,2,3,3,4,3,3,3,2,5,4,3,4,4,4,4,2,3,4,4,4,4,2,4,5,4,4,5,4,4,4,4,5,4,4,4,2,4,4,4,4,4,4,4,3,4,4,4,3,4,4,3,4,4,4,4,4,4,4,2,3,4,4,4,4,4,4,4,4,4,4,4,4
2,2,1,2,2,2,1,2,4,3,2,1,2,5,10,83,35,5,1,2,2,2,2,3,2,2,2,4,3,2,2,4,4,2,2,1,2,5,7,12,160,214,219,77,15,4,1,2,4,4,4,4,4,2,5,10,111,155,171,173,133,141,114,143,187,64,7,5,2,3,3,4,4,3,3,3,4,4,5,4,4,3,3,3,3,3,4,2,2,1,2,6,11,69,16,5,2,1,1,5,8,30,15,7,7,8,7,5,4,2,2,3,2,1,3,2,4,3,2,3,1,1,1,1,1,1,2,2,2,2,2,3,3,3,3,3,3,4,3,3,3,2,3,2,3,4,3,4,3,4,4,4,4,4,4,1,2,2,2,2,4,2,4,4,3,4,4,3,3,3,2,3,4,2,3,4,3,3,4,5,4,3,4,4,3,5,4,3,4,3,4,4,4,4,4,3,3,3,2,5,4,4,5,4,4,3,4,4,4,4,3,1,4,5,4,4,5,3,5,4,4,4,4,4,3,2,4,4,4,4,3,2,3,4,4,4,2,4,4,3,4,3,4,3,2,4,3,4,4,3,2,2,4,4,3,3,4,4,3,3,4,4,3,4,2,4,4,4,4,4,4,4,4,4,3,2,4,4,4,4,4,4,4,4,4,3,4,2,4,4,4,4,4,4,4,3,4,3,4,4,4,4,4,5,3,5,4,5,4,4,4,4,4,2,3,3,3,4,4,3,3,1,4,2,4,4,4,3,4,4,4,2,2,4,4,4,4,4,5,4,4,4,4,5,2,4,4,4,4,3,4
2,2,1,1,1,2,3,2,2,3,2,2,2,6,15,69,20,5,1,2,3,2,2,2,2,2,2,2,2,2,2,3,3,1,1,2,5,7,35,149,191,208,236,215,27,5,2,2,2,4,4,4,4,2,4,7,27,205,200,171,160,143,151,128,94,16,5,4,4,3,2,2,4,4,3,3,3,4,4,2,5,4,3,4,4,3,3,2,2,1,4,8,100,227,143,9,4,1,1,4,6,7,6,5,4,5,5,3,2,2,3,3,2,2,3,2,2,3,2,2,3,2,2,1,1,1,1,1,1,2,3,3,2,3,3,3,3,4,4,3,3,4,3,4,2,4,3,3,3,3,2,4,4,2,2,4,3,3,4,4,4,4,3,4,4,4,3,2,2,2,3,2,3,2,3,4,3,3,4,3,4,4,5,4,4,5,4,3,4,3,3,4,4,4,3,4,4,3,4,4,4,5,4,4,5,3,4,4,4,3,4,5,4,3,4,3,2,3,4,4,4,3,4,3,4,4,4,4,5,4,2,3,2,3,3,4,2,2,4,4,3,3,4,2,2,3,4,3,3,2,2,2,4,4,2,3,4,4,3,3,4,4,3,4,4,4,4,4,3,3,4,4,4,4,4,4,3,3,4,4,4,3,4,4,4,3,3,4,4,4,4,4,4,4,4,4,4,4,4,4,4,4,5,3,5,4,4,4,4,4,4,4,4,4,4,3,4,3,4,3,3,4,4,4,4,4,4,3,4,4,3,4,3,4,4,4,4,3,3,4,4,4,4,4,4,4,4,4,4,4,4
2,1,1,1,1,3,4,3,4,2,2,2,4,4,6,7,6,5,1,2,2,3,3,3,2,2,2,3,2,2,1,2,1,1,1,4,7,86,167,173,189,223,209,220,83,6,4,2,2,4,4,2,3,2,3,5,11,187,203,171,183,155,162,94,34,7,4,3,4,4,3,3,4,4,3,3,2,3,3,4,5,4,4,4,3,3,2,2,2,2,5,59,221,231,223,117,11,5,2,3,3,4,5,2,2,2,2,3,4,2,2,3,2,2,2,3,2,2,1,1,2,2,1,1,1,1,1,1,1,2,2,3,3,2,2,2,2,3,2,3,3,3,3,3,3,4,3,4,4,4,3,3,4,4,4,3,4,3,3,4,2,3,3,4,3,2,4,4,4,2,3,2,4,4,3,3,4,4,4,2,4,4,5,4,4,4,4,4,4,3,4,3,4,3,3,4,4,2,4,4,4,4,5,4,4,4,4,4,2,3,3,3,3,4,2,4,2,4,3,5,2,4,2,4,4,3,4,4,4,4,2,4,4,2,4,2,4,2,4,1,4,3,2,3,4,3,4,3,3,3,2,4,2,4,4,2,3,5,3,3,3,3,4,4,4,4,4,4,4,4,4,4,4,4,4,4,2,4,4,4,4,3,4,4,4,4,4,4,4,4,4,4,4,4,4,4,4,4,4,4,4,4,4,4,5,4,4,4,4,4,4,4,4,4,3,4,4,4,3,4,4,4,5,4,4,3,3,4,4,4,3,3,4,3,4,3,3,2,4,4,4,4,4,3,4,4,4,4,4,3,4
2,4,4,4,5,5,5,5,4,1,2,3,4,2,2,5,5,5,2,4,2,4,1,3,2,1,2,2,2,2,1,1,1,1,4,6,23,153,167,136,153,179,212,194,117,10,5,5,5,5,5,5,4,2,2,5,10,106,216,198,194,185,146,67,7,5,3,2,2,3,4,4,4,4,4,4,3,1,3,3,4,3,3,2,3,2,2,2,2,4,7,155,239,205,216,225,114,7,5,5,2,4,5,3,2,1,3,3,2,2,3,2,2,2,2,3,1,2,2,2,3,5,5,6,5,3,1,1,2,2,3,2,4,3,2,4,2,3,3,2,2,2,2,2,5,2,2,3,3,4,3,4,3,3,4,3,4,3,2,3,4,3,3,4,2,4,4,2,2,4,3,4,3,4,3,3,2,4,3,4,4,4,4,2,2,4,4,4,4,4,3,2,4,3,4,4,4,4,3,4,4,4,4,4,4,4,3,4,4,2,4,3,2,4,4,4,4,3,3,2,3,4,3,4,2,4,2,4,4,4,3,3,4,4,3,2,3,2,2,2,5,3,3,4,4,4,3,3,3,4,3,3,5,4,4,3,4,4,2,2,3,2,3,3,3,3,3,4,4,4,2,4,4,4,4,4,3,4,3,5,4,4,4,3,3,4,3,4,4,4,3,3,4,3,3,3,4,4,4,4,4,2,3,4,3,4,4,3,4,4,4,4,4,4,4,4,4,4,4,4,4,4,2,4,4,3,3,3,4,4,3,4,5,4,4,4,2,4,4,4,3,4,5,2,4,3,5,4,4,5,4
5,5,6,7,10,22,18,6,5,4,2,2,2,2,2,2,3,2,2,2,2,2,2,2,4,2,1,2,2,2,2,1,2,1,5,9,103,151,173,146,128,146,162,229,200,108,14,7,7,13,9,5,4,2,4,4,5,69,183,179,169,136,91,10,6,4,4,4,4,4,4,4,4,4,4,3,4,1,1,2,3,2,3,4,3,2,2,2,4,6,27,200,229,206,194,224,212,83,7,5,5,6,6,5,5,5,4,3,2,3,3,2,2,2,2,2,2,1,1,1,6,18,34,83,42,11,8,5,3,1,2,2,4,2,2,4,2,4,2,4,2,2,3,2,2,3,4,3,3,3,3,4,2,2,4,3,4,3,3,3,3,4,4,4,4,2,2,5,2,4,3,3,4,2,4,2,4,2,4,3,5,4,4,2,4,4,3,3,4,4,4,3,3,4,4,3,4,3,3,4,4,4,4,4,5,3,3,4,3,2,2,3,3,4,3,2,4,3,3,4,4,3,3,2,5,4,3,3,4,4,4,4,4,4,2,2,3,4,3,5,2,3,4,4,2,3,4,4,3,4,3,2,4,4,4,4,2,2,4,2,3,3,3,4,2,3,4,3,4,3,3,4,4,4,4,4,3,4,4,4,4,4,4,3,3,3,3,4,4,4,4,3,4,4,3,4,4,4,3,4,4,3,4,4,4,4,3,4,4,2,3,4,3,4,4,4,4,4,4,4,4,4,4,4,4,4,4,4,4,4,4,4,4,4,3,4,4,4,4,5,4,3,4,4,3,4,5,4,4,4,4
5,7,18,80,151,167,120,16,5,1,1,2,5,2,2,1,4,1,4,3,3,3,2,2,2,1,2,2,1,1,1,1,1,5,6,67,194,162,175,146,114,155,167,162,229,220,83,27,88,131,26,6,4,3,2,2,5,7,108,139,106,34,15,7,5,4,3,4,4,4,4,3,2,4,4,4,5,5,4,4,2,2,3,3,4,3,2,3,4,6,46,219,229,203,189,219,243,216,18,6,7,9,7,6,5,5,3,3,2,3,3,2,3,4,2,2,1,1,1,2,7,91,211,226,216,173,61,7,5,2,1,3,3,3,3,3,4,2,4,2,3,4,4,2,2,4,2,2,4,2,2,4,4,4,3,3,4,3,4,4,3,4,2,4,4,4,2,2,2,2,4,4,3,2,2,5,3,4,4,1,4,4,4,3,3,3,3,2,4,4,4,4,4,4,3,4,4,4,3,3,3,3,4,5,3,2,4,3,3,4,4,3,4,3,2,2,4,2,4,3,4,3,4,5,2,3,4,4,2,4,4,4,3,3,4,4,3,2,2,2,4,4,4,3,4,5,4,4,3,3,4,4,2,4,3,4,2,3,3,3,3,4,4,4,4,4,3,4,4,3,4,3,2,4,4,3,4,4,5,4,4,4,3,4,2,4,4,3,4,4,4,4,2,2,4,3,4,4,3,4,4,4,3,3,4,4,4,4,4,4,4,4,4,4,3,4,4,4,4,4,4,4,3,4,3,4,4,4,4,4,4,4,3,4,4,4,4,3,4,5,4,4,4,4,4,4,5,4,4,4,4
7,30,143,227,214,194,160,11,5,1,1,3,5,3,4,2,2,2,1,2,3,2,4,3,2,2,1,2,2,1,1,1,2,6,27,158,123,198,125,86,141,139,196,133,143,160,162,183,165,175,97,7,5,4,1,2,4,4,7,17,42,27,9,6,4,4,4,4,4,4,2,2,2,4,6,10,14,8,7,5,1,2,2,4,4,4,3,3,4,6,35,226,229,223,203,232,248,235,120,8,9,11,7,5,5,4,3,3,3,3,3,4,4,4,2,2,2,2,2,3,6,49,211,245,250,242,194,12,5,2,1,4,5,3,2,2,4,2,3,4,4,4,3,4,3,4,3,4,4,3,3,4,2,3,3,3,2,3,3,3,4,3,4,4,4,4,3,3,3,3,4,5,3,2,4,4,5,3,2,4,4,4,3,2,4,2,4,4,4,4,5,4,3,4,3,2,4,2,4,3,4,3,5,2,2,4,4,3,3,5,4,3,4,5,4,2,3,4,4,2,5,4,4,4,4,2,4,4,4,4,4,4,4,3,3,3,4,4,3,3,5,4,2,3,5,3,4,4,3,4,3,4,4,3,2,4,3,1,3,3,4,4,3,3,2,2,4,4,3,2,4,4,3,4,4,3,2,4,3,4,2,5,3,4,3,3,4,4,4,4,3,4,4,3,3,4,3,4,4,4,3,4,3,4,4,4,4,4,4,4,4,4,4,4,4,4,4,4,4,4,4,2,4,4,3,4,4,4,4,3,4,4,4,3,4,4,4,4,4,4,4,4,4,4,4,4,5,4,4,4,4
6,20,123,196,212,169,71,7,4,1,1,2,5,4,4,2,3,2,2,2,2,2,2,3,3,1,1,2,2,1,1,1,5,10,123,205,181,162,155,108,143,171,151,29,9,64,169,194,187,151,64,7,5,4,1,3,3,1,4,9,136,69,15,7,5,2,4,4,2,4,3,1,2,5,9,133,122,122,9,7,4,4,1,3,4,3,4,4,5,5,9,117,200,214,224,205,246,236,200,9,6,7,6,4,3,4,2,4,4,3,2,3,3,3,4,2,2,3,2,4,5,9,42,131,179,201,187,18,5,1,1,3,4,2,3,2,3,4,2,4,4,4,3,4,4,3,2,4,4,4,2,2,2,2,2,3,3,3,2,3,4,2,4,2,4,3,4,2,4,2,3,3,4,3,4,5,5,4,4,4,3,4,5,2,3,4,4,2,4,4,4,4,3,3,3,3,4,4,2,3,4,3,2,4,4,4,3,3,4,2,4,3,3,4,4,3,4,4,3,4,2,4,4,4,3,3,4,2,4,4,4,4,5,4,4,4,4,4,4,2,2,2,4,3,4,5,4,3,4,4,3,4,3,4,4,3,3,3,4,4,2,3,3,3,3,5,3,4,3,2,4,4,4,4,3,3,4,4,2,4,4,3,3,4,4,2,4,4,4,4,4,4,4,4,2,2,4,4,4,4,2,4,4,4,4,3,4,4,4,3,4,4,4,2,4,3,4,4,4,4,4,2,3,4,4,4,4,4,4,4,4,4,4,3,3,4,5,4,3,4,4,4,4,4,4,4,4,4,4,4,4
5,7,14,39,83,34,7,5,2,2,2,4,3,2,2,3,3,4,3,3,3,2,2,3,3,4,3,3,2,1,1,3,6,27,167,151,141,136,153,133,108,114,171,32,7,47,136,155,173,114,24,7,5,5,5,3,1,1,4,9,151,167,136,6,5,4,4,4,4,3,2,1,2,6,26,200,205,160,200,42,6,5,3,2,2,5,5,5,4,4,5,7,34,125,153,114,185,143,71,6,5,5,4,3,3,2,3,3,4,4,3,3,4,3,3,3,3,3,3,2,2,5,5,7,9,19,23,7,5,2,1,3,4,2,2,2,4,4,2,2,2,3,4,3,4,3,4,4,3,2,2,3,3,2,3,4,2,2,2,2,3,2,4,3,3,2,4,4,4,3,2,2,4,4,4,5,5,4,4,3,4,4,2,4,4,4,3,3,2,4,4,4,4,3,3,4,3,4,2,4,4,4,3,3,3,4,3,4,4,2,2,2,4,4,2,3,4,2,3,2,3,3,3,3,1,5,2,4,4,2,4,4,4,5,4,4,4,4,4,4,3,2,4,4,4,4,5,5,3,2,4,4,3,3,4,3,3,4,4,3,4,4,5,4,3,4,4,4,4,4,3,3,4,4,4,3,2,2,3,2,4,4,3,3,4,2,4,2,4,4,4,4,4,4,4,4,4,4,4,4,4,2,4,4,4,4,4,4,4,3,4,4,4,4,2,2,4,4,4,4,4,3,4,4,4,4,4,4,4,4,4,4,4,4,4,5,4,4,4,4,4,3,5,4,5,4,4,4,4,4,4
5,5,7,8,8,7,5,2,2,1,2,5,3,2,2,4,2,3,2,3,2,3,2,2,4,4,4,2,2,1,1,3,7,83,155,162,120,133,146,123,136,155,141,42,15,59,136,141,131,86,23,16,16,9,6,4,2,1,4,7,88,136,44,6,4,4,2,4,4,1,3,2,2,6,15,133,179,196,200,181,27,6,4,4,2,4,5,4,4,3,5,5,6,9,11,11,10,9,8,5,4,5,3,4,3,4,2,2,4,4,3,4,3,3,3,3,3,3,3,2,1,2,2,4,4,6,6,5,4,1,2,2,4,3,2,2,3,4,3,3,2,3,4,3,4,4,3,2,3,3,2,3,2,2,2,2,2,2,2,2,3,4,4,4,2,4,4,4,3,2,2,3,4,4,4,4,5,4,2,3,2,4,4,5,4,4,4,2,4,2,2,4,4,4,4,4,2,4,5,3,3,3,3,4,2,3,4,3,4,3,2,3,3,4,4,3,3,4,3,4,3,2,2,3,4,2,2,4,3,4,4,4,4,4,2,3,4,4,3,4,3,3,4,4,4,3,5,4,3,3,4,2,3,3,4,3,4,4,5,4,5,4,5,4,5,5,4,4,4,4,3,3,4,3,3,2,2,2,3,3,2,3,4,4,4,3,3,4,4,3,4,4,4,4,4,4,4,4,4,4,4,4,4,4,4,4,4,4,4,4,4,4,4,3,4,4,4,4,4,4,4,4,4,4,5,4,3,4,4,4,4,4,4,4,4,4,5,4,4,4,4,3,5,3,5,3,4,3,4,4,4
4,5,5,5,5,5,4,1,2,2,3,4,3,3,3,3,2,2,4,3,2,4,2,2,4,4,2,2,1,1,1,4,9,141,69,88,123,91,133,131,162,143,187,80,35,77,143,122,97,97,69,100,155,61,7,5,4,2,4,6,14,14,7,6,4,2,2,2,2,4,3,2,5,7,15,83,179,191,196,200,151,8,5,2,1,2,4,4,4,1,2,1,1,3,4,4,5,5,6,6,6,5,3,2,4,2,3,4,4,4,2,3,5,2,3,4,2,3,2,4,1,2,2,2,2,2,4,4,2,2,3,2,3,2,2,2,3,3,2,2,3,2,4,2,4,4,3,4,2,3,3,2,3,3,2,2,4,3,2,4,2,4,2,4,4,4,4,3,3,2,2,4,4,4,4,2,4,4,4,2,2,2,4,5,4,2,4,3,4,4,3,3,3,4,3,3,4,3,3,2,3,3,3,2,2,2,3,3,2,3,4,2,3,3,3,4,4,4,4,4,2,2,4,3,3,4,4,4,3,4,3,4,3,4,4,4,4,4,3,4,4,2,4,4,4,3,4,2,4,3,2,4,4,2,4,4,4,4,2,5,4,4,3,4,3,3,4,4,4,4,4,4,4,5,4,1,2,4,4,2,3,2,3,2,3,4,4,3,4,3,3,4,4,4,4,4,4,4,4,3,4,4,4,4,4,4,4,4,5,4,4,4,2,2,4,4,4,3,4,4,4,4,4,4,4,4,4,4,4,4,4,4,4,4,4,4,4,4,4,4,4,4,4,2,4,4,2,4,2,4,4
4,4,2,1,4,2,2,2,2,3,4,3,4,3,2,2,2,2,3,2,3,3,3,2,2,2,2,2,1,1,1,5,10,131,103,114,128,83,146,162,191,183,169,125,67,67,114,111,91,122,111,100,71,44,8,5,4,4,2,5,5,6,5,4,4,1,1,2,2,4,6,8,11,13,24,69,131,179,205,219,120,7,5,2,1,4,4,5,4,2,1,1,1,1,1,1,1,4,7,9,6,4,2,4,5,3,3,4,4,2,3,2,3,3,3,3,4,4,3,2,2,1,2,1,1,2,2,2,3,2,3,3,3,3,2,2,3,4,3,3,4,2,2,2,2,4,4,4,4,3,3,3,3,2,2,4,3,2,2,2,3,4,2,4,4,3,2,4,4,4,3,4,4,4,3,2,3,4,3,3,4,4,4,4,5,2,2,2,4,3,3,4,3,3,4,5,4,4,3,3,3,2,3,4,3,3,2,2,2,4,4,3,2,3,3,2,3,2,2,2,3,2,2,3,4,3,4,2,4,4,4,3,4,3,4,2,4,5,4,3,4,2,3,2,3,3,3,4,3,4,3,3,4,4,4,4,4,4,3,5,5,4,2,4,3,5,4,4,2,4,4,4,5,4,3,4,4,4,3,4,2,3,4,3,4,2,3,4,4,3,3,4,4,4,2,4,4,2,5,4,4,4,4,4,4,4,4,4,4,4,3,3,3,4,4,3,4,4,4,4,4,4,4,4,3,4,4,4,3,3,4,4,4,4,4,4,4,4,4,4,4,3,4,3,3,3,4,4,4,3,4
3,3,4,2,4,4,2,2,4,2,3,4,4,2,2,3,2,2,3,2,3,3,3,2,2,4,3,3,2,1,2,5,7,71,191,141,146,155,160,179,131,181,198,125,29,24,91,122,103,114,56,11,7,6,5,4,2,4,3,2,3,4,2,4,3,1,1,1,3,6,49,198,149,128,61,86,42,162,165,91,13,6,2,3,3,3,5,4,4,4,4,2,2,2,2,1,2,6,7,10,6,4,3,4,3,2,3,3,3,3,4,2,2,4,3,3,3,4,3,3,2,2,3,3,2,2,3,3,2,2,2,3,3,2,3,3,3,4,3,4,2,4,3,4,2,4,3,3,4,3,3,3,2,3,3,2,3,2,2,2,4,3,4,4,3,3,3,4,2,4,3,4,4,4,3,4,4,2,4,4,3,3,3,3,4,2,2,4,3,4,4,4,3,4,3,4,4,4,3,3,2,2,4,4,4,2,3,2,2,4,4,2,2,2,4,4,2,2,3,2,2,4,4,3,4,2,2,4,4,3,2,4,2,3,4,3,5,4,3,4,3,3,3,3,4,4,3,4,3,4,4,2,5,5,4,4,3,4,3,4,4,4,2,3,3,3,4,3,4,4,4,4,4,4,4,4,4,4,5,4,5,4,4,4,2,4,2,2,2,3,4,3,4,4,3,4,4,3,3,4,3,5,4,4,4,4,4,4,3,4,4,3,4,4,3,4,4,4,3,3,3,4,4,4,4,4,4,4,3,3,3,3,4,4,4,4,4,4,4,4,3,4,4,3,2,4,4,3,4,4,3
3,4,5,3,4,4,3,4,4,2,3,4,4,2,2,2,2,2,3,2,2,2,3,2,4,4,4,4,3,3,4,5,6,14,88,94,123,136,155,162,160,189,214,83,23,35,100,120,71,42,10,5,5,4,5,4,4,4,4,2,2,2,2,4,2,1,1,1,5,29,167,214,216,205,141,32,17,21,14,7,6,5,3,3,3,4,5,4,4,3,5,4,4,4,2,3,4,5,6,6,5,3,3,4,4,3,4,3,3,3,4,4,4,4,3,3,3,4,4,2,3,4,4,4,3,2,2,3,3,3,3,2,2,3,3,4,3,3,4,4,4,2,4,2,4,2,4,3,3,3,2,3,2,2,2,3,3,3,3,2,4,4,3,4,2,3,4,4,2,3,4,4,4,4,4,2,4,2,4,3,5,3,4,2,4,3,2,3,4,5,4,4,4,3,4,2,4,4,2,2,1,4,3,3,4,4,2,3,1,2,4,3,2,2,2,3,3,3,2,1,2,3,3,4,3,3,4,3,2,3,4,4,4,3,3,3,4,3,4,3,2,4,3,3,4,3,3,3,4,2,3,4,4,2,3,4,4,4,4,4,3,4,5,4,4,4,4,3,4,4,4,4,4,4,2,4,4,5,4,4,4,5,4,4,4,2,4,4,2,3,4,4,4,3,4,4,4,4,3,5,3,4,4,4,4,4,4,4,2,3,4,4,4,4,4,4,3,4,3,4,4,4,4,4,4,4,4,4,4,3,4,3,4,4,4,2,4,4,4,4,3,4,2,4,3,4,4,3,3,4,3
3,4,4,4,4,4,4,3,2,2,2,2,4,2,2,2,2,3,3,2,2,2,2,2,2,4,3,4,4,4,4,4,5,6,7,9,14,29,88,141,200,212,203,117,77,91,114,125,75,11,5,4,2,4,4,4,5,4,5,4,2,4,4,4,3,1,1,5,7,91,221,200,193,193,223,143,37,18,6,5,2,2,3,4,3,5,4,4,3,4,3,4,4,4,4,4,3,4,4,5,5,3,3,3,3,3,4,4,3,3,3,3,3,4,4,3,2,2,4,3,4,4,2,3,4,3,3,5,5,3,3,3,2,3,4,3,3,2,2,4,4,4,4,2,4,3,4,2,2,3,2,2,2,2,4,3,3,2,4,2,3,3,3,4,4,3,2,5,5,4,4,5,4,3,3,3,4,2,3,4,2,3,3,4,3,3,4,4,4,4,4,4,4,3,3,2,4,3,2,4,2,3,3,4,4,4,3,2,2,2,4,3,2,3,2,2,3,3,1,2,3,2,4,2,3,3,2,4,4,4,4,4,4,4,2,3,3,3,4,4,4,4,4,4,4,3,2,2,3,3,4,4,3,4,3,3,4,3,4,4,4,4,5,3,4,5,4,4,3,4,3,3,2,4,3,4,4,4,4,4,4,4,4,4,3,3,3,4,4,4,3,4,4,4,4,2,3,4,4,2,5,3,4,4,3,5,2,1,4,4,3,4,4,4,4,4,3,4,4,4,4,3,3,4,4,3,4,4,3,3,4,2,3,4,4,4,5,4,3,4,4,4,2,4,3,4,3,2,4,4,4
2,2,3,3,2,3,4,2,4,4,2,4,2,3,2,1,3,2,2,2,2,2,2,2,2,3,2,4,4,3,4,3,2,5,5,5,6,7,18,75,169,229,227,122,47,34,51,83,42,7,4,2,1,4,5,5,4,4,4,4,5,4,5,4,3,1,1,5,11,185,226,201,181,189,181,136,117,117,7,4,1,2,4,4,4,5,4,4,4,3,4,5,5,3,4,5,3,2,4,3,4,2,1,4,4,5,5,4,3,4,3,3,4,4,4,2,4,2,4,3,3,4,3,4,2,5,5,3,4,4,2,1,2,4,3,4,2,2,2,3,4,3,3,3,4,4,3,2,3,2,3,3,4,2,4,4,3,3,2,3,2,3,4,3,4,4,4,5,4,4,4,5,4,4,5,4,3,4,3,3,3,4,3,5,4,4,4,4,4,4,4,4,3,3,3,3,2,2,3,4,2,2,4,3,3,3,4,2,4,4,4,4,4,3,3,2,3,2,3,2,3,3,2,4,2,2,2,4,4,5,4,2,2,3,1,2,4,3,5,2,2,2,4,2,4,2,2,3,3,3,4,4,2,3,3,4,3,4,4,4,3,4,2,3,5,3,4,4,4,3,4,4,2,5,4,4,5,4,2,4,4,2,4,4,3,4,3,4,2,4,3,4,4,3,4,4,4,4,4,4,2,4,4,3,4,1,4,3,3,4,4,4,4,4,2,3,4,2,3,4,2,4,4,4,3,4,4,2,4,4,3,4,4,4,4,3,4,2,2,3,4,4,4,3,4,4,4,2,4,4,3
2,2,2,1,2,3,4,4,5,2,4,4,2,3,3,2,2,2,2,4,2,2,2,3,2,3,4,2,2,4,5,3,4,5,4,5,5,5,6,9,59,162,136,27,8,7,7,10,8,5,2,2,3,2,4,4,4,4,4,4,5,5,4,4,2,1,1,4,7,120,234,194,153,169,131,165,200,211,59,6,3,2,4,4,4,2,3,3,3,3,4,3,4,2,2,3,4,3,2,4,4,1,2,4,5,7,7,5,4,4,2,4,4,1,5,2,3,4,2,4,3,3,4,2,5,4,4,4,3,4,4,4,3,3,4,4,3,3,1,4,2,4,4,4,3,4,4,4,3,3,2,4,4,4,3,3,3,3,3,2,3,2,4,4,3,4,4,4,3,4,4,4,4,4,4,4,3,3,4,4,3,4,4,4,4,4,3,4,4,3,3,3,3,3,3,3,2,3,3,2,3,4,3,2,2,1,3,3,2,3,4,4,4,4,3,2,4,2,2,2,2,4,1,3,4,2,2,4,3,3,4,4,3,3,2,3,4,3,4,3,2,4,4,4,4,2,3,2,2,4,4,4,4,3,4,4,2,4,4,3,4,4,4,3,2,4,4,4,4,4,2,4,4,3,4,4,4,4,3,4,3,4,4,4,4,3,2,4,3,4,2,3,4,2,3,4,4,2,4,5,3,4,4,3,3,4,4,4,4,4,4,4,2,4,5,2,2,4,3,3,3,4,3,2,4,4,2,4,4,4,4,4,4,4,4,2,4,2,4,4,4,4,4,4,3,4,3,2,4,4,4
2,2,1,3,4,2,3,4,5,2,4,4,2,2,3,3,2,2,2,2,2,2,3,2,2,4,2,4,4,5,5,4,5,4,4,4,4,4,5,6,9,23,15,7,5,5,5,6,5,4,3,2,3,3,5,4,4,4,4,4,4,4,4,4,2,1,1,3,6,27,194,196,155,151,149,194,201,226,175,7,4,3,3,4,3,4,4,3,4,4,3,4,5,4,4,2,2,3,1,3,2,1,2,5,7,29,18,6,5,3,4,3,4,4,4,2,3,4,2,3,4,4,2,4,4,3,2,2,2,3,3,3,3,4,3,3,4,1,4,4,4,3,4,3,3,4,3,3,2,2,3,2,4,4,3,3,3,3,4,2,3,4,4,4,2,2,3,3,4,3,4,4,4,4,3,4,4,2,2,4,2,3,5,4,4,4,4,4,4,3,3,2,2,2,3,3,2,3,2,4,4,2,3,2,3,3,3,2,2,3,3,3,4,3,3,4,4,2,4,4,4,3,2,4,3,2,4,3,3,3,2,4,4,3,3,4,1,3,3,4,2,4,2,4,1,3,2,3,4,2,3,4,4,4,3,3,3,4,2,4,4,3,4,4,4,4,5,4,4,5,3,3,4,3,4,4,3,4,3,3,4,3,4,4,4,4,2,4,4,4,3,3,3,3,3,4,4,3,4,4,4,4,4,4,4,4,4,4,4,4,4,4,4,5,4,4,2,4,4,3,4,4,4,3,4,3,3,2,4,4,4,3,4,4,2,4,4,4,4,4,4,3,4,4,3,4,3,4,2,4,4
3,2,2,2,2,2,4,2,4,4,2,4,4,2,2,4,2,2,3,2,2,3,3,4,4,3,4,3,3,5,5,4,5,3,4,4,2,2,4,4,5,5,5,5,4,4,2,5,2,4,2,2,4,3,4,4,4,4,4,4,4,4,4,3,2,3,3,3,5,7,80,201,185,175,179,212,224,226,120,6,3,2,2,3,4,5,3,4,3,3,3,3,3,3,3,4,4,2,2,4,3,2,1,5,9,69,64,7,5,3,3,3,3,4,2,2,4,4,3,2,2,3,4,4,2,3,2,2,2,2,4,4,3,3,4,4,3,3,3,2,5,4,4,4,4,1,4,3,3,2,2,3,2,4,3,3,3,4,2,3,4,3,2,3,2,1,2,4,4,3,4,4,4,4,3,4,2,4,4,3,4,3,5,4,4,5,4,4,4,4,4,3,3,2,2,3,3,2,3,4,3,2,2,2,3,2,3,2,4,4,3,2,4,3,3,3,2,3,4,4,4,3,4,3,3,4,4,3,3,1,3,3,4,4,3,3,2,3,3,4,3,4,3,4,2,4,2,3,3,4,3,2,3,4,4,4,4,4,2,4,4,4,2,2,3,3,3,4,3,3,2,2,4,4,2,4,3,2,4,4,4,4,4,3,4,4,4,2,2,4,4,4,4,4,3,2,4,3,4,4,4,4,3,4,4,4,4,4,4,4,4,4,4,4,4,2,4,3,3,2,4,4,4,3,4,3,4,4,4,4,4,4,4,3,3,4,2,4,4,4,4,3,2,4,3,3,4,3,4,4,4
4,4,2,2,3,2,2,4,2,3,4,3,3,3,3,3,2,2,2,2,2,2,3,4,4,3,4,2,4,2,5,4,4,4,4,3,2,2,2,2,2,2,2,4,4,2,3,4,4,4,4,3,4,4,4,4,4,4,4,4,4,4,2,4,4,4,4,4,4,6,14,120,149,155,155,162,167,80,18,6,2,2,2,4,4,4,4,3,2,4,3,2,2,4,4,4,1,2,3,3,3,1,4,5,6,24,18,6,5,4,3,4,3,2,4,4,4,3,3,2,2,3,4,3,2,3,2,2,2,3,4,2,2,2,4,3,4,3,4,2,4,4,4,2,2,4,3,4,3,3,2,4,4,2,3,3,3,2,2,2,4,4,4,2,2,2,2,2,4,4,4,4,4,3,4,3,4,3,5,4,3,3,4,4,3,5,4,4,4,3,3,4,4,4,3,3,4,3,2,3,2,2,4,3,2,4,3,3,3,4,4,4,4,4,5,4,4,4,4,4,3,2,2,3,4,3,3,4,4,2,3,2,4,4,4,4,2,2,2,4,4,4,2,3,3,3,3,2,3,4,3,4,3,4,4,3,3,4,3,4,4,3,4,2,2,4,2,4,4,3,4,4,3,4,5,5,4,2,4,4,4,4,4,4,4,4,2,4,4,4,2,4,4,4,4,4,4,3,4,4,3,4,4,4,5,2,4,4,4,3,4,4,3,4,4,3,4,3,4,3,4,4,4,4,3,4,4,4,4,4,4,4,4,4,3,3,4,4,4,4,4,2,4,3,4,4,4,2,4,4,4
2,3,4,3,4,3,3,4,2,4,4,2,3,2,2,2,2,2,1,3,2,2,2,4,5,3,1,5,4,2,4,5,4,5,3,2,3,4,2,4,2,2,2,4,2,4,2,4,4,2,4,4,4,4,3,4,3,4,4,4,4,4,4,4,5,4,4,4,4,5,6,14,24,27,27,17,11,7,6,4,2,2,3,4,3,4,4,3,4,3,4,2,3,4,3,2,3,4,4,4,2,3,2,3,5,5,5,5,4,3,4,3,3,4,4,3,4,4,3,3,3,3,3,3,4,2,2,3,2,2,3,3,4,2,2,4,3,3,3,4,4,4,4,4,4,3,3,2,4,3,3,3,3,3,4,2,2,2,3,4,3,2,3,4,2,2,3,4,4,2,4,4,3,4,3,4,4,4,4,2,4,3,3,4,3,5,3,4,4,3,3,4,4,2,4,2,4,2,3,2,2,3,2,3,4,3,3,3,4,2,4,4,2,4,5,4,4,4,2,3,3,3,2,3,2,4,3,3,3,2,2,4,4,4,4,4,2,4,2,3,3,2,4,4,4,3,4,4,4,3,3,3,3,3,2,2,3,2,4,2,4,3,4,2,4,3,4,2,4,2,4,4,4,4,4,4,3,4,4,4,4,4,4,4,2,3,4,4,5,3,2,3,4,4,4,5,4,3,3,3,4,4,4,4,4,3,4,4,2,4,4,4,4,4,4,4,4,3,3,3,4,4,4,4,3,5,3,3,4,3,4,4,4,4,5,4,3,4,3,4,4,4,1,4,4,4,4,4,3,4,4
2,2,4,2,3,4,1,4,4,4,4,3,3,2,2,2,3,2,2,1,2,4,2,2,4,3,4,5,4,2,4,4,5,4,4,4,4,4,4,4,4,2,2,4,2,4,3,4,3,2,4,4,2,4,2,3,4,4,4,3,4,4,5,4,4,5,4,4,5,4,5,6,7,7,6,6,5,5,4,2,2,4,4,4,4,4,4,4,2,2,3,3,3,4,3,2,2,4,3,3,3,3,4,3,2,2,2,3,3,4,2,4,4,2,4,2,4,4,2,3,3,3,2,4,3,3,2,3,4,4,3,3,3,3,2,4,3,3,2,3,3,4,3,2,3,3,4,4,4,4,2,4,4,3,3,4,2,3,3,1,4,4,3,5,4,4,4,4,3,3,4,4,3,4,2,2,4,4,4,4,2,4,2,4,4,4,4,4,3,4,3,4,3,3,3,3,4,2,4,2,4,1,3,3,4,3,4,4,3,4,4,3,4,2,4,5,3,4,3,4,2,3,2,3,3,4,3,4,3,2,3,4,4,4,4,2,4,4,4,3,4,4,2,2,3,4,4,4,3,4,4,2,2,4,2,2,3,3,3,4,3,4,3,4,4,4,3,4,4,3,3,4,5,4,4,4,5,4,4,4,2,4,4,4,3,4,4,3,4,4,3,2,4,4,2,4,4,3,3,4,4,2,4,4,2,5,2,4,4,3,4,4,4,4,4,4,4,4,4,4,4,3,4,4,4,4,4,3,4,4,4,4,4,4,1,4,4,3,4,4,4,2,4,3,4,4,4,3,3,4,4
2,4,2,4,3,1,4,2,2,4,2,2,2,2,2,3,2,2,2,4,2,3,2,2,4,4,4,4,4,4,4,4,4,4,3,4,4,3,4,4,4,4,4,4,4,4,4,4,2,3,2,4,3,4,3,3,4,3,2,4,4,3,4,3,4,4,4,5,4,4,4,4,4,4,4,4,4,3,3,2,2,4,4,3,3,4,3,2,2,2,3,3,2,4,3,2,2,2,2,3,2,2,4,3,2,2,2,3,3,2,4,3,2,4,4,2,2,3,3,4,4,3,2,3,4,2,2,2,4,3,1,2,2,2,3,2,3,4,3,4,3,3,4,3,4,3,2,3,4,3,4,3,2,3,5,4,2,2,2,2,2,4,4,3,4,3,4,3,2,4,4,4,3,2,4,4,2,4,4,4,2,3,4,4,4,4,4,4,2,3,3,2,4,4,2,3,2,3,3,3,2,2,4,2,4,4,4,4,2,2,2,3,4,3,2,4,2,4,3,3,2,2,3,2,4,2,3,4,3,4,2,2,4,4,2,4,4,4,3,4,4,3,2,2,4,3,4,4,3,3,4,3,3,4,2,2,3,2,4,4,2,2,3,4,3,4,3,2,2,3,4,2,4,4,4,4,4,4,3,5,5,4,4,4,4,4,4,3,4,4,4,3,3,3,4,4,3,4,4,4,3,3,3,3,4,4,4,2,2,2,2,2,4,4,4,4,4,4,4,4,4,3,5,4,3,5,4,4,4,3,4,4,4,4,2,4,2,3,4,5,2,4,4,4,3,4,2,4,3,3,4
4,3,4,4,1,4,2,3,1,2,2,2,4,2,3,2,3,3,2,3,2,3,4,3,4,4,2,4,2,2,4,2,4,4,5,4,4,3,2,4,5,4,4,4,4,4,4,4,4,2,4,4,4,3,2,3,4,4,4,4,4,2,3,4,4,2,4,4,4,4,3,2,2,2,2,4,4,3,4,4,4,2,4,4,2,3,3,4,3,3,3,3,2,3,4,2,3,2,2,2,2,2,3,2,2,2,1,1,2,3,3,4,3,3,2,3,4,1,4,2,4,3,3,5,4,2,2,3,4,3,2,4,2,2,2,2,4,3,4,2,3,4,4,4,3,2,2,2,3,3,3,2,3,4,2,4,4,2,3,2,4,3,2,2,3,2,4,3,3,4,4,4,4,3,3,3,4,4,4,4,4,3,3,3,4,4,4,4,2,3,3,4,4,3,3,3,3,4,2,2,3,3,3,2,4,3,4,2,4,3,3,4,4,3,2,2,4,3,4,2,3,2,3,2,1,4,4,4,3,4,2,4,4,3,4,4,2,3,4,4,2,1,4,5,2,2,4,2,3,4,3,3,3,3,3,3,2,4,3,3,2,4,4,2,4,4,2,2,4,2,2,4,4,4,5,4,3,3,4,4,4,4,3,4,4,3,4,4,4,4,4,4,4,4,4,4,2,4,3,3,4,2,2,4,4,3,2,2,2,3,4,4,4,4,3,4,5,4,4,3,5,4,3,4,3,4,4,4,3,4,4,4,4,4,4,4,4,3,4,4,4,4,3,4,4,4,3,2,4,4,3
1,1,4,2,3,2,5,2,1,2,1,4,2,1,4,3,2,3,2,2,2,2,3,3,3,2,4,2,2,2,4,2,4,4,5,5,4,3,2,4,4,4,4,4,4,2,4,4,3,4,4,4,3,2,4,3,4,5,4,4,4,4,4,4,4,4,4,4,4,4,4,2,1,2,2,3,4,4,4,4,4,2,4,4,3,2,3,3,3,4,3,4,4,4,2,3,3,2,3,3,4,4,3,2,2,1,1,1,1,1,2,4,2,1,2,3,4,2,4,4,5,2,4,2,3,4,4,2,4,4,2,2,3,2,2,3,3,2,3,3,4,3,4,3,4,4,2,4,4,3,2,2,3,4,4,3,4,2,3,3,2,2,2,3,4,4,2,4,4,3,2,4,4,2,2,3,3,2,5,4,2,4,4,4,4,4,3,4,4,4,3,3,3,4,4,2,3,3,3,2,3,2,2,2,4,3,4,4,2,3,4,4,2,2,3,3,2,4,2,2,3,5,3,2,2,3,4,2,2,4,4,3,3,3,4,4,3,2,5,2,3,2,5,2,3,3,2,4,4,3,3,2,3,3,2,2,3,3,2,3,3,5,1,3,3,2,4,2,3,2,3,4,4,4,4,4,4,4,5,5,4,3,4,4,4,4,2,4,4,4,4,4,4,4,3,4,4,2,4,4,2,4,3,4,3,4,4,3,3,3,4,4,3,3,4,4,4,4,3,4,4,4,3,5,4,2,4,4,4,2,4,4,4,4,4,5,5,4,4,4,4,4,4,4,4,3,3,2,4,2,3
3,1,2,2,4,4,2,1,1,2,2,1,2,4,3,2,1,2,3,1,4,2,2,3,5,2,4,2,2,2,3,2,3,2,5,4,2,2,2,3,4,4,2,4,2,2,2,2,2,4,4,4,2,3,4,4,2,3,4,4,5,5,4,4,3,4,4,4,4,2,4,2,2,2,2,3,3,4,4,4,4,3,4,3,3,2,4,4,3,4,4,4,4,2,2,3,3,2,2,3,4,3,2,1,2,2,2,2,1,3,5,5,4,3,3,4,2,3,4,4,3,4,3,2,3,3,3,4,4,4,4,3,4,4,3,4,3,3,3,3,3,4,4,2,2,3,3,3,4,3,2,2,4,3,4,2,3,3,2,2,5,2,4,2,3,4,3,2,2,3,3,4,4,3,4,3,4,3,3,5,2,3,4,5,4,4,4,2,2,3,4,4,4,3,3,2,2,2,3,2,4,4,4,3,2,4,4,4,4,3,2,3,4,3,2,3,2,3,2,3,4,4,2,3,4,2,2,3,2,3,4,2,4,4,4,4,3,3,4,2,4,4,3,3,4,2,2,2,4,2,3,2,2,2,3,4,4,2,2,3,3,4,2,3,2,3,4,3,2,3,4,4,4,4,4,5,4,3,5,3,4,4,5,4,4,2,4,4,4,4,3,2,2,4,3,4,3,3,3,2,4,4,3,4,4,2,4,4,3,3,4,3,4,4,4,4,4,4,3,4,4,3,4,4,4,4,4,4,4,4,3,4,3,4,4,2,3,3,3,4,4,4,4,4,4,4,4,2,4,4,4
3,2,2,2,4,2,4,2,3,2,1,2,2,2,1,2,2,2,2,2,1,2,2,3,4,3,2,2,5,2,4,3,4,3,3,5,4,4,2,2,4,2,4,3,3,2,4,2,2,4,4,3,2,5,4,4,4,4,4,4,4,4,4,4,3,4,3,4,2,4,2,4,2,4,3,4,4,4,3,4,4,2,2,3,3,4,4,3,4,4,3,3,2,4,2,2,4,4,3,4,4,2,1,2,3,5,5,6,6,6,6,7,7,7,6,5,4,4,4,4,4,4,2,2,3,3,3,4,4,3,4,5,4,4,2,3,3,2,3,2,3,4,2,3,4,3,3,2,2,2,2,4,3,4,3,2,4,4,4,2,2,4,2,3,4,3,3,2,2,3,3,3,2,2,3,4,3,4,4,1,4,3,3,3,4,3,2,4,3,2,4,3,2,5,2,3,2,2,2,2,4,3,4,4,2,3,4,3,3,3,2,4,2,3,2,3,2,3,3,4,4,4,3,2,3,3,3,2,4,3,4,3,4,4,4,3,3,4,3,4,3,3,4,5,4,3,2,2,4,3,3,4,2,3,3,4,3,3,3,4,4,3,4,2,2,4,4,4,2,2,3,4,4,5,4,4,4,3,4,4,3,4,4,4,3,4,4,3,4,4,3,2,2,4,3,4,2,4,4,4,4,4,3,3,4,4,4,4,3,2,4,3,4,4,4,4,4,4,4,5,3,4,4,4,3,4,4,4,4,4,4,2,3,3,2,3,3,4,4,4,4,4,4,3,2,4,4,3,4,4,3
5,5,4,2,3,2,2,3,3,2,2,1,1,2,3,2,2,2,2,2,3,2,2,2,3,4,2,3,3,2,2,3,1,4,5,4,2,3,2,4,2,4,4,2,2,4,1,4,4,3,4,2,4,4,4,3,3,3,4,4,4,4,4,4,4,2,4,4,3,4,3,4,3,4,3,3,3,3,3,2,4,4,4,4,4,4,3,4,4,2,4,3,3,3,4,2,3,4,4,4,4,1,1,3,6,8,15,29,20,7,7,22,71,27,7,5,3,3,2,2,4,4,4,4,4,4,3,4,4,4,4,4,4,4,2,3,3,2,4,4,2,4,4,3,3,2,1,2,4,4,4,4,3,3,3,4,3,3,2,4,4,4,2,4,3,2,2,2,3,2,2,2,3,3,2,3,4,3,2,3,4,3,4,2,4,4,5,3,3,4,2,4,4,2,4,3,2,2,1,3,2,3,3,3,4,3,4,3,3,4,3,3,3,3,4,4,3,3,3,4,4,3,3,2,2,4,4,2,3,2,3,4,3,2,4,4,4,3,4,4,4,4,4,4,4,4,4,4,3,4,3,3,4,2,4,3,3,3,3,3,3,2,4,2,2,4,4,3,4,4,3,4,4,4,4,4,4,4,4,4,3,4,3,4,3,2,4,3,4,4,4,2,3,4,2,4,4,4,3,4,2,4,3,4,4,2,2,3,4,3,4,4,3,4,4,3,4,4,4,3,4,4,4,4,4,3,3,4,4,4,3,2,3,3,4,4,4,3,4,4,3,3,4,4,4,4,3,4,4,3,3
42,7,5,3,1,2,3,2,1,1,2,2,2,2,2,2,2,2,2,2,2,3,2,2,3,4,3,2,4,3,2,2,5,2,1,4,4,4,4,3,4,4,3,4,1,2,4,4,4,3,4,1,4,3,3,2,3,2,2,4,4,2,4,3,3,4,4,3,4,4,3,3,4,3,4,3,3,3,3,4,4,4,3,4,3,2,2,3,4,3,3,3,3,4,4,4,3,4,4,4,3,1,2,7,20,77,153,162,111,35,74,165,214,120,9,5,2,2,1,2,4,4,4,4,4,4,3,3,4,4,4,4,4,3,3,3,3,4,4,2,3,3,2,3,2,2,3,3,3,3,3,4,4,2,4,4,3,3,4,3,4,3,4,4,2,3,2,2,2,3,4,4,2,1,4,4,4,5,2,4,2,4,4,3,3,4,2,4,4,3,4,4,4,4,4,2,3,2,4,2,3,2,2,3,3,4,4,2,2,2,4,4,4,4,2,3,2,2,4,3,2,3,3,2,4,4,4,3,2,2,3,4,4,3,3,2,2,4,4,4,4,4,4,3,2,4,3,3,4,2,4,3,3,3,2,3,4,2,4,3,2,3,3,3,3,3,3,4,4,3,4,4,4,5,4,4,4,5,4,4,4,4,4,3,4,2,2,4,4,4,3,3,4,4,3,4,4,4,2,4,2,3,4,3,2,2,4,4,2,2,2,4,2,4,4,3,4,4,4,5,4,5,4,3,5,2,4,3,4,4,2,4,3,4,4,2,3,2,2,4,4,4,4,4,4,4,3,4,3,3,3
173,8,5,1,1,1,5,1,2,2,2,1,1,3,4,3,2,1,2,2,2,4,2,3,4,2,4,3,3,3,2,2,2,4,5,5,4,3,4,3,2,4,4,4,2,3,4,4,4,3,2,2,4,4,2,3,4,2,2,4,4,2,4,4,2,4,4,3,4,4,3,2,3,4,4,2,2,2,3,3,3,4,2,4,3,2,4,2,3,4,4,4,2,4,3,3,4,4,4,4,3,1,3,10,125,194,179,187,185,153,117,200,212,42,7,5,2,2,2,3,4,5,4,3,4,2,3,3,4,4,4,4,4,4,4,4,4,4,4,2,2,2,3,3,4,5,4,3,3,2,2,4,4,2,4,3,4,4,2,3,3,2,5,3,4,3,4,2,2,3,3,4,3,3,2,4,4,5,3,2,4,2,4,4,2,4,3,2,3,4,3,3,2,3,3,2,2,2,4,1,2,3,2,3,4,3,3,2,2,2,4,4,3,3,3,4,4,4,5,2,2,2,3,4,4,3,4,3,2,3,4,2,4,4,2,2,4,2,3,2,2,4,4,4,2,4,4,3,4,4,3,4,3,2,2,3,4,3,2,3,2,3,2,2,4,4,4,4,4,4,4,4,4,4,3,4,4,4,4,4,4,4,3,3,3,3,2,3,3,4,4,3,4,4,3,4,3,4,2,2,3,3,4,4,3,3,3,3,4,4,4,4,4,4,4,4,4,3,2,3,4,2,4,4,4,2,3,4,4,4,4,4,4,4,4,3,4,2,3,4,3,3,2,4,3,4,3,4,4,3,3
209,11,6,1,1,2,2,3,2,2,4,1,2,2,2,2,2,2,2,2,4,4,4,4,4,4,2,2,4,2,3,4,2,2,2,3,3,3,3,3,4,4,4,5,4,4,4,3,3,1,2,3,3,3,2,4,3,2,4,4,4,5,5,4,4,2,4,4,4,2,3,2,2,4,3,4,2,2,3,2,2,3,5,3,2,3,2,4,3,4,2,4,3,4,4,4,4,4,4,4,4,1,4,14,141,220,151,193,212,205,103,173,61,7,6,4,2,3,3,3,3,5,4,4,4,2,3,4,4,5,4,3,4,4,4,4,4,2,2,3,2,2,2,3,5,5,4,4,2,2,2,3,3,3,2,4,3,4,4,4,2,4,5,4,4,4,4,4,4,3,2,3,4,4,4,3,3,4,2,1,4,2,2,4,4,3,3,4,4,4,3,2,4,3,2,3,3,4,2,2,4,4,3,2,4,4,2,2,3,4,4,3,4,2,2,3,4,4,4,4,3,3,4,2,4,2,4,3,4,3,3,3,4,4,3,4,2,4,2,3,4,4,2,3,2,1,2,3,3,4,4,4,4,2,2,2,2,3,2,3,3,2,3,2,4,4,4,4,4,3,4,4,4,4,3,4,4,4,3,5,3,3,2,4,2,3,3,4,4,3,4,3,2,3,4,3,3,3,3,2,4,4,4,4,3,2,2,4,4,4,4,4,4,4,4,4,3,4,4,2,3,4,4,4,3,4,3,2,5,3,4,3,4,4,3,4,4,3,3,3,3,4,2,4,4,5,3,4,1,3,4
139,10,5,1,1,2,2,3,3,2,2,2,2,2,2,2,4,2,2,2,3,4,2,3,4,2,2,4,2,2,2,4,2,2,2,4,2,2,2,4,4,4,4,2,3,2,4,4,4,2,2,4,3,3,4,4,3,4,4,4,3,4,4,4,4,2,2,4,4,3,4,2,3,3,4,3,3,3,3,3,3,3,4,4,3,2,2,3,4,4,3,4,4,4,2,4,3,4,4,4,5,1,4,10,77,179,175,206,203,228,122,35,7,6,5,3,2,4,3,3,4,3,4,4,4,4,4,5,4,4,4,2,3,3,2,3,4,2,3,4,3,2,3,4,4,4,3,2,4,4,2,3,4,3,4,4,3,3,4,4,4,3,4,5,5,4,4,4,4,4,3,4,3,3,4,2,3,2,3,2,3,4,4,3,3,3,4,2,3,3,4,3,2,3,3,3,3,4,2,2,2,2,2,4,2,3,1,2,4,3,4,4,4,3,2,3,3,4,2,5,2,4,4,4,1,2,4,3,2,4,4,4,4,4,4,3,4,3,4,4,3,2,4,2,3,2,3,2,4,3,2,4,4,2,3,2,2,3,4,2,5,2,4,2,4,3,4,4,2,4,4,2,3,4,3,4,4,4,4,3,3,4,3,3,3,3,4,4,4,4,4,4,3,3,3,3,4,3,4,4,4,3,4,4,4,4,4,4,3,2,4,4,4,4,4,4,4,4,4,4,3,4,4,4,3,4,2,3,4,4,4,4,4,4,4,4,4,3,3,4,3,4,2,4,4,4,3,4,1,4,3
10,6,4,1,1,1,4,2,2,2,3,4,4,2,4,3,2,2,2,2,2,4,2,2,2,4,1,4,1,4,2,4,4,3,3,3,3,3,4,2,3,3,4,2,5,2,4,4,4,1,3,2,2,2,2,3,4,4,2,4,4,2,4,4,4,3,2,4,4,4,3,1,3,3,2,4,2,2,2,3,2,2,4,2,4,4,4,3,4,4,4,4,3,2,3,4,3,4,4,4,4,2,4,5,8,80,155,185,224,225,67,7,5,5,3,3,3,2,4,3,4,4,4,5,4,5,3,4,4,3,4,3,4,3,3,4,3,4,4,3,3,2,2,4,3,3,3,3,3,4,2,2,3,4,4,4,2,2,3,4,4,3,4,4,4,4,4,4,2,3,4,4,3,3,3,2,3,2,4,2,4,3,4,3,3,4,4,3,2,3,4,4,3,2,2,3,3,3,2,3,2,3,3,2,2,4,3,2,2,3,2,3,3,3,3,4,4,2,4,4,4,3,4,4,3,4,4,3,3,3,4,4,3,4,2,4,3,5,2,4,4,4,1,1,3,2,2,2,4,4,2,4,4,4,2,1,4,4,4,2,4,3,3,1,4,2,4,3,3,3,4,3,3,4,4,4,4,2,4,3,4,3,3,4,4,4,3,3,3,3,2,3,3,2,4,4,4,3,4,3,3,3,4,4,4,3,2,4,4,4,4,4,4,4,4,4,3,4,3,3,4,4,4,4,4,3,4,4,4,4,4,4,4,4,4,4,3,2,3,3,3,4,3,4,4,4,4,4,4,4,2
6,4,4,1,1,2,2,2,2,2,2,4,4,4,2,2,2,2,2,4,2,3,2,2,4,2,4,2,3,2,2,3,2,3,4,2,4,4,2,3,2,2,3,4,4,5,5,3,4,5,2,5,4,4,2,2,4,4,4,2,3,5,3,4,2,2,4,4,4,4,3,2,3,3,4,3,3,3,4,3,3,4,4,3,2,4,5,2,2,4,4,2,4,4,2,3,3,3,5,4,4,4,4,4,5,10,42,139,179,122,22,5,3,2,3,4,4,4,3,4,3,4,2,4,4,3,3,3,4,3,3,3,4,2,4,4,3,4,4,3,3,4,2,4,4,3,4,3,4,2,3,2,2,3,2,3,4,2,4,4,4,4,3,3,2,4,4,3,3,4,3,4,4,2,4,2,3,3,1,2,4,3,2,3,2,3,3,2,2,3,4,3,3,4,2,1,3,4,2,2,3,2,2,2,4,4,2,2,2,2,3,3,3,4,4,2,2,3,4,2,2,4,4,4,4,3,3,2,2,4,3,3,4,4,3,3,4,3,5,4,4,3,3,4,1,4,4,4,4,3,2,3,2,3,4,4,4,4,3,4,3,3,4,2,2,3,4,4,4,4,2,4,3,2,4,3,3,2,3,4,3,3,3,4,3,3,3,3,2,2,3,3,3,4,4,3,4,4,4,3,5,4,4,3,4,4,3,4,4,4,3,4,4,4,4,2,4,4,4,3,3,2,4,4,4,4,4,4,3,4,4,4,4,4,4,4,4,4,4,4,3,4,4,4,4,4,4,4,4,4,3
5,2,2,1,2,3,2,2,3,2,2,3,3,2,2,2,4,2,2,2,3,2,2,2,2,3,1,4,2,1,4,2,2,2,3,2,2,4,4,1,1,2,5,5,5,5,5,5,2,2,3,2,4,2,2,3,2,3,4,3,4,4,4,4,2,4,2,4,4,3,4,3,3,3,4,3,2,4,4,4,2,3,4,2,4,3,4,4,3,2,4,2,2,4,3,4,4,3,3,4,4,4,4,2,2,5,6,8,12,7,5,5,4,4,4,3,4,3,4,3,3,4,4,2,4,4,3,3,3,2,3,2,4,3,3,4,3,2,3,4,4,3,2,3,4,2,3,4,4,2,4,2,2,3,2,2,4,3,2,4,4,4,4,4,2,4,4,4,4,4,4,2,3,3,4,4,2,3,2,4,4,3,3,2,3,4,3,2,2,3,4,3,4,3,2,3,3,3,2,4,2,4,2,3,4,4,4,4,2,2,4,3,2,3,4,4,2,3,2,4,4,4,3,2,4,2,3,4,4,4,4,2,2,2,4,2,4,5,4,4,4,4,1,2,2,2,4,4,4,4,4,4,4,3,4,3,3,4,2,4,4,3,4,2,5,4,4,2,3,4,4,2,4,2,4,4,3,2,4,3,2,4,2,3,2,3,4,3,4,2,2,3,3,4,4,4,4,4,3,4,5,2,4,4,4,4,4,4,4,4,4,4,4,3,4,3,3,4,2,4,1,4,4,4,4,4,4,4,4,3,4,4,4,4,4,4,4,4,4,4,4,3,3,2,4,4,4,4,4,4,4
5,2,1,3,2,2,2,2,2,2,2,2,2,2,2,2,2,4,2,1,2,2,2,2,2,2,2,2,2,2,3,3,3,2,2,2,4,4,2,2,2,2,5,6,7,5,5,2,2,3,2,2,2,2,2,2,2,3,4,4,3,4,4,2,4,3,5,2,4,4,4,4,4,4,3,4,4,3,2,4,4,5,1,5,3,4,2,2,4,3,4,4,3,3,3,4,4,2,4,5,4,3,4,3,1,2,1,5,5,5,2,3,4,4,4,3,4,4,4,2,4,3,4,4,2,2,3,3,3,2,3,3,4,2,3,4,2,3,2,2,2,2,3,4,3,2,3,4,3,3,3,2,3,2,2,3,2,3,3,4,4,2,2,4,3,4,4,4,3,2,2,4,4,3,2,3,2,2,3,4,2,4,2,2,4,3,3,4,3,4,4,4,2,3,3,3,2,3,2,2,4,4,4,3,2,3,4,4,4,4,3,3,4,2,2,4,1,3,4,4,2,2,3,2,2,2,4,4,3,4,3,3,2,4,4,4,2,4,3,4,3,4,4,2,2,3,2,2,4,4,2,4,4,4,3,4,3,4,3,4,5,3,4,4,5,4,4,4,4,4,5,4,5,4,4,4,4,5,5,3,4,3,2,3,3,4,2,3,2,3,3,2,3,4,4,4,4,4,4,5,2,5,4,4,4,3,4,3,3,3,4,4,3,4,4,4,3,4,4,4,3,4,4,4,4,4,4,4,3,3,3,4,4,4,4,4,4,2,4,4,4,4,4,4,4,4,4,4,4,4,4
5,4,2,2,2,3,2,2,2,2,1,3,4,4,4,2,2,2,3,2,3,2,4,2,2,4,3,2,4,2,2,3,2,2,2,3,2,2,4,4,3,2,4,6,9,6,5,2,2,2,2,1,1,1,2,2,3,2,2,4,2,4,4,3,4,4,4,4,2,4,4,4,4,4,4,3,2,3,4,4,3,3,4,2,3,2,4,3,3,3,2,5,3,3,4,2,2,3,4,4,4,4,4,1,3,1,2,3,2,2,3,3,3,2,2,2,4,4,4,4,4,3,3,2,3,2,3,2,3,2,2,2,3,4,4,2,2,2,2,2,2,2,2,3,3,3,3,2,3,3,2,3,4,2,2,3,2,3,2,4,3,2,4,3,2,4,4,4,2,3,4,4,2,4,2,2,2,2,3,4,3,4,3,3,4,4,4,3,2,3,4,4,2,4,3,2,1,3,1,2,3,4,4,3,2,3,3,4,3,3,3,3,3,2,3,3,4,1,4,2,3,3,2,1,3,3,3,3,4,3,3,4,4,4,2,3,3,4,2,4,2,2,4,3,3,3,2,4,4,5,4,4,4,3,2,4,3,4,4,3,3,2,3,4,4,4,4,5,4,4,4,3,4,4,4,5,4,4,4,5,4,2,3,3,4,4,3,3,4,3,3,2,4,3,3,4,4,4,4,4,4,4,4,4,4,4,2,3,4,4,4,4,4,3,4,4,4,4,5,3,4,4,4,4,4,4,4,4,4,4,3,4,2,4,4,2,4,3,4,4,4,3,4,4,3,4,4,4,4,4,4
7,5,2,2,2,1,2,2,1,3,2,2,2,4,4,2,2,2,2,4,3,2,2,2,2,2,3,4,2,2,3,2,2,2,2,2,3,2,2,2,2,3,4,5,5,5,4,2,1,2,2,2,2,2,4,4,4,2,1,2,4,3,4,2,2,4,3,3,4,4,4,2,4,4,4,4,4,5,4,3,1,4,4,4,3,2,4,2,4,2,4,2,3,4,2,4,5,4,4,5,4,3,2,4,3,3,2,2,2,1,2,3,4,4,2,3,4,3,3,4,4,3,1,3,3,2,4,3,3,2,2,4,2,4,3,2,3,3,4,2,4,4,2,3,4,3,2,2,3,3,3,4,3,4,3,3,2,2,2,3,4,2,2,3,3,3,3,3,3,4,4,3,3,4,4,2,2,3,2,3,4,4,3,3,3,4,4,3,4,4,2,4,4,4,3,2,2,3,2,3,2,3,4,3,2,3,2,3,3,3,4,2,2,3,2,3,3,2,4,2,4,3,1,4,4,4,4,3,2,2,2,3,3,4,2,4,2,3,4,4,2,4,1,3,5,4,2,3,4,3,3,3,2,4,4,2,4,2,3,2,3,3,2,3,4,4,4,4,4,4,4,3,4,4,4,4,4,3,3,3,4,3,2,3,3,4,3,2,4,3,4,4,3,4,4,4,4,4,4,3,3,3,4,3,4,4,4,4,4,3,4,4,4,4,2,3,4,2,4,4,4,4,4,4,4,4,4,3,4,4,3,3,2,4,4,2,4,4,4,4,4,4,4,4,4,3,4,4,4,4,4
16,5,2,1,2,1,3,2,2,2,2,1,2,3,2,2,2,4,4,2,3,2,2,2,2,4,2,2,2,1,3,3,2,2,3,2,2,2,2,2,2,3,4,3,4,4,2,2,2,2,2,2,2,4,5,5,5,4,3,4,2,3,4,4,2,4,4,4,3,2,2,4,4,4,4,4,5,4,3,3,4,4,2,4,3,4,3,2,4,4,1,2,4,3,4,3,4,4,4,4,3,4,3,3,3,4,4,2,3,2,5,4,2,4,2,4,2,2,4,3,3,3,3,2,2,4,3,2,4,2,2,2,4,2,2,3,3,4,4,2,3,3,4,4,3,4,3,2,1,4,3,3,4,3,2,3,4,2,2,3,3,3,3,2,2,3,3,4,4,3,2,3,4,4,2,2,3,3,3,3,4,4,4,4,2,4,3,3,4,3,3,4,3,4,4,3,3,4,2,3,3,4,4,4,4,3,2,2,2,3,4,2,2,3,2,4,3,3,3,4,4,3,3,3,3,4,4,1,3,3,2,4,3,4,2,4,2,5,4,2,4,2,4,3,2,4,4,3,4,4,3,3,4,4,3,4,2,4,3,3,4,4,2,5,2,4,3,3,5,4,3,4,4,2,3,4,5,2,3,2,4,3,3,4,4,4,3,3,3,4,4,4,3,2,4,4,2,4,2,3,3,3,4,4,4,4,4,4,2,3,4,3,4,4,3,4,4,3,4,4,3,4,4,4,4,4,4,4,4,4,4,3,4,3,4,3,3,4,4,5,4,4,4,4,4,4,3,5,4,2,4
16,5,2,2,1,2,3,2,3,2,3,2,2,4,2,2,3,2,4,4,4,4,3,2,3,4,2,2,3,2,2,4,2,3,4,2,2,4,2,2,2,3,3,2,2,2,2,2,2,2,2,1,2,5,6,7,7,5,5,4,2,4,4,4,4,2,2,4,2,2,2,4,3,4,4,4,4,4,4,4,2,3,4,4,4,4,4,4,2,1,3,4,2,3,4,3,3,5,5,4,4,3,3,2,4,2,3,2,4,3,4,4,3,4,3,4,4,3,3,4,2,3,2,2,2,3,2,2,2,2,4,2,3,2,4,2,4,3,3,4,3,2,4,4,4,4,1,4,3,4,3,3,2,2,4,3,3,4,4,3,4,3,3,4,4,3,2,2,4,2,3,4,4,3,3,2,2,3,3,3,4,4,4,4,3,3,4,4,4,3,3,4,4,4,4,3,4,3,2,3,2,4,4,3,4,3,4,2,2,4,4,2,2,2,3,4,3,2,3,2,4,3,4,3,4,4,2,3,3,3,3,3,3,4,4,2,4,4,2,2,4,2,2,4,3,3,3,4,4,2,3,4,4,3,3,4,4,2,3,4,2,4,4,2,4,4,4,4,2,4,3,3,3,3,4,4,2,3,3,3,4,2,4,3,4,4,2,2,4,3,2,3,4,4,3,3,2,4,3,4,4,3,4,3,3,4,4,4,4,4,4,3,2,4,4,4,2,4,3,3,4,4,4,4,4,4,4,4,4,4,4,4,4,4,4,4,4,3,4,4,4,3,4,4,5,4,3,4,4,4,4
6,4,1,1,1,2,1,2,3,3,2,3,2,2,2,2,3,2,4,2,2,4,3,2,3,3,4,2,2,4,2,2,1,2,4,4,4,3,2,2,2,2,2,2,3,3,3,2,5,1,2,1,4,6,14,49,18,6,4,2,1,2,4,4,4,2,4,4,4,4,4,4,3,4,5,4,3,4,4,3,3,4,2,4,4,4,4,4,4,3,2,2,3,2,3,4,5,4,4,3,2,3,4,3,3,3,4,4,2,3,4,4,4,3,3,3,3,4,4,4,4,2,4,4,4,1,3,3,3,4,2,2,2,3,4,4,2,3,4,4,3,3,3,2,3,4,3,3,4,3,3,3,3,4,3,4,3,3,4,4,4,3,4,4,2,3,3,4,3,2,4,3,3,4,3,3,2,3,4,2,2,4,3,4,3,4,4,3,2,4,3,3,3,3,3,2,3,2,4,4,3,3,4,2,2,3,3,2,4,4,4,2,2,4,3,4,2,3,3,2,2,4,4,2,3,4,4,3,4,4,4,4,4,4,3,4,3,2,4,4,3,2,2,4,3,4,3,2,2,3,4,3,2,4,4,5,3,3,2,2,3,3,1,5,3,4,5,2,2,4,4,4,4,4,3,3,3,4,2,4,4,3,2,4,3,2,4,3,4,2,2,3,2,2,2,4,3,2,4,2,2,2,4,4,4,4,4,4,4,4,2,4,4,4,4,2,4,4,4,3,4,4,4,4,4,3,4,4,4,4,4,4,3,4,4,4,2,4,3,2,4,4,4,5,4,4,4,4,4,4,4
5,4,1,1,2,2,2,2,2,3,2,2,3,2,2,3,2,3,4,4,3,4,2,3,4,5,2,4,2,4,2,1,2,3,2,4,2,2,2,4,2,2,2,4,2,2,3,4,5,2,1,2,3,6,11,30,10,6,4,1,1,2,2,2,3,4,2,4,4,4,2,4,4,2,4,4,3,4,4,3,4,4,3,4,4,4,2,3,2,3,2,3,2,3,3,4,3,3,4,4,4,4,3,3,4,3,2,4,3,4,4,4,4,3,3,3,3,2,3,3,4,2,3,5,4,4,3,3,4,2,3,3,2,4,4,4,4,3,3,3,3,4,4,3,3,2,3,3,3,4,4,4,3,3,3,3,3,3,2,3,3,4,4,4,4,3,4,2,5,4,4,3,2,3,4,2,3,2,4,3,4,4,2,4,3,2,4,4,4,3,3,4,2,2,2,2,3,2,4,3,2,4,4,3,2,4,4,2,4,4,4,3,2,2,3,4,2,4,5,4,2,4,4,2,3,4,4,4,3,3,4,4,4,4,4,4,4,3,4,3,2,2,3,3,3,4,3,2,2,4,4,4,4,4,3,4,4,4,3,2,4,4,5,4,3,4,5,2,3,3,4,4,4,4,4,3,3,3,5,3,3,4,3,2,2,3,3,4,4,4,4,3,2,3,3,4,2,4,4,2,3,3,4,3,2,3,4,3,4,4,4,4,4,4,4,3,4,3,5,4,4,3,4,3,4,4,4,4,4,4,4,4,4,4,2,2,3,4,4,4,4,4,4,4,3,4,4,4,4,4,4
4,4,2,1,2,2,2,2,2,4,4,2,2,3,1,1,2,3,4,4,4,2,3,3,4,4,4,3,2,4,2,2,2,3,2,2,2,2,2,4,2,3,2,3,2,4,5,4,4,4,2,3,2,4,5,6,6,4,4,2,2,3,3,2,4,4,2,3,2,2,2,4,4,4,4,4,4,4,4,2,2,2,4,3,2,4,2,3,4,3,2,3,4,2,2,1,3,4,3,4,4,4,3,4,4,4,3,4,4,2,5,4,4,3,2,2,3,3,2,5,5,5,2,4,5,3,3,3,4,4,2,3,3,3,4,3,2,4,3,3,3,3,3,3,3,4,3,4,2,3,2,3,3,4,4,3,4,3,3,3,3,3,4,3,4,4,4,2,3,4,4,4,2,3,4,2,2,4,4,4,4,4,2,2,4,2,4,4,4,2,3,3,2,3,1,3,2,2,4,3,4,4,3,4,3,4,3,4,4,4,4,2,3,3,3,4,3,4,5,4,3,4,3,2,2,3,5,4,4,2,3,4,2,3,4,4,3,3,2,4,3,4,3,4,5,4,4,4,4,4,4,3,4,4,4,3,2,4,4,3,5,5,4,4,4,4,3,3,3,3,4,4,4,4,4,3,4,4,4,3,5,4,3,4,3,3,4,4,4,3,2,3,3,2,1,4,4,3,4,4,4,4,2,4,3,2,4,4,4,4,4,4,4,4,2,4,3,3,4,2,4,4,4,4,2,4,3,4,4,2,4,4,4,3,3,4,4,4,2,3,4,4,4,4,4,3,4,4,4,3,3
2,3,4,1,2,2,2,3,3,3,2,2,2,3,2,2,2,3,1,3,2,3,2,1,2,4,3,3,2,3,4,2,1,2,1,2,3,2,2,2,2,2,2,2,2,4,4,4,4,2,2,4,4,5,4,4,4,3,3,2,3,3,2,4,2,2,4,2,3,2,4,4,4,4,2,4,4,4,4,2,2,4,4,2,4,4,3,5,2,4,4,4,4,2,2,2,3,5,4,5,4,4,4,4,3,5,4,4,4,3,3,2,4,4,3,4,2,1,3,4,5,2,4,3,2,4,2,4,1,2,3,3,4,3,2,3,2,2,4,4,4,2,4,4,3,4,4,3,2,3,4,4,4,4,3,2,2,3,3,4,3,3,3,4,4,3,2,4,2,3,4,2,2,3,3,3,3,4,4,4,3,3,3,3,4,4,2,4,3,2,2,4,3,3,4,2,2,2,4,3,3,2,3,4,2,2,4,3,2,2,2,3,4,4,3,2,2,4,3,4,4,3,3,3,2,4,4,4,4,4,4,4,3,4,4,4,4,4,4,4,3,3,4,4,5,5,4,4,4,3,4,4,3,4,4,2,4,3,4,4,4,3,4,4,3,3,4,3,4,3,4,4,5,4,4,4,4,4,4,5,5,3,3,3,3,2,3,4,4,2,3,4,2,2,2,4,3,4,4,2,4,2,2,3,4,4,4,4,4,4,4,4,4,4,4,4,3,2,4,4,5,4,4,2,5,3,4,4,4,3,4,4,4,4,4,4,4,4,4,4,3,4,4,4,3,4,5,5,3,4,4
3,2,2,3,2,2,2,2,3,2,2,2,2,3,2,2,1,3,3,2,2,2,2,2,2,2,3,2,2,2,2,4,2,2,2,3,5,4,2,2,2,3,2,2,4,2,4,3,2,1,3,5,7,7,6,5,2,3,3,4,3,2,2,3,2,2,4,2,2,3,4,3,3,3,4,4,4,4,4,4,3,4,4,4,2,4,4,2,4,4,4,4,4,3,2,3,4,5,6,4,3,4,3,2,4,4,4,4,3,1,3,3,4,2,1,2,3,2,4,4,4,3,4,3,3,4,2,2,4,2,5,4,2,3,2,2,3,4,4,3,4,3,3,3,3,4,3,3,3,3,3,4,4,4,3,4,2,3,4,4,2,3,3,3,4,4,2,4,2,2,3,2,3,2,2,3,4,3,4,3,3,4,4,4,2,4,4,4,2,2,2,2,3,4,4,3,3,2,3,4,4,2,2,2,2,2,2,3,3,2,2,4,3,4,4,2,4,3,2,3,4,2,2,3,4,3,4,2,3,4,4,2,4,4,4,4,4,4,5,4,4,4,2,4,5,5,4,3,4,3,3,3,3,2,2,4,5,4,4,4,2,3,4,4,4,3,3,2,3,4,4,3,4,3,3,4,2,4,5,4,4,4,4,4,2,2,4,4,4,3,3,4,4,2,3,2,2,2,4,3,3,3,3,3,4,3,4,4,4,4,4,4,4,4,4,3,3,4,4,2,4,3,4,4,4,4,4,4,2,4,4,4,4,4,4,4,4,4,3,4,4,5,3,4,2,4,2,5,4,4,5
3,2,2,3,4,4,3,3,2,2,4,4,2,2,2,2,3,4,2,3,4,3,3,3,2,2,2,2,2,2,3,3,4,3,2,4,4,2,2,3,4,3,3,2,4,4,2,3,2,2,2,7,21,44,14,6,2,4,4,3,3,4,2,1,2,4,3,4,3,2,2,2,2,2,4,4,4,3,2,4,4,4,4,4,3,4,3,4,4,3,3,4,4,3,3,3,4,5,6,4,4,3,3,3,3,3,3,3,2,4,2,3,3,4,2,2,2,2,4,4,4,4,2,3,4,3,3,3,2,4,4,2,4,3,3,3,2,4,4,4,4,5,4,4,4,3,3,3,2,4,1,2,3,2,3,4,4,2,3,5,3,4,4,2,3,4,2,2,3,2,2,3,3,2,2,2,2,4,3,2,4,3,4,3,4,4,3,3,3,2,1,3,2,4,4,4,2,2,3,2,4,2,2,2,2,2,2,3,3,2,3,4,2,2,2,2,3,2,2,3,3,3,2,4,4,3,3,2,4,4,2,3,5,3,5,3,5,4,4,4,4,3,4,4,5,4,3,4,4,3,3,3,3,3,3,4,4,4,2,4,3,4,4,4,4,4,3,4,4,2,5,4,3,4,2,5,3,4,2,4,3,4,3,3,4,3,3,3,4,4,4,4,3,2,2,3,3,3,1,4,4,4,4,4,3,4,3,3,4,4,4,4,4,4,4,3,3,3,5,4,4,4,4,4,4,2,4,4,4,4,4,4,5,4,4,5,4,4,4,4,4,5,2,3,3,4,5,4,4,4,5
2,4,2,2,4,4,2,2,2,3,4,4,4,2,4,3,3,3,2,3,3,2,3,4,2,2,3,2,3,2,3,2,2,4,4,2,3,4,2,2,2,1,4,4,5,6,5,3,2,3,2,7,22,114,117,13,6,4,2,2,4,2,1,1,2,5,5,5,2,2,2,2,3,2,2,4,2,2,2,2,3,4,4,4,4,3,2,4,3,2,2,2,2,2,4,4,4,4,4,4,4,2,3,4,3,2,2,3,5,3,4,3,3,4,2,3,2,2,3,3,4,4,3,4,2,4,4,4,3,3,2,4,4,2,2,3,4,4,4,5,4,3,4,2,3,2,4,4,1,4,2,2,3,2,3,3,4,3,4,4,3,3,4,4,2,2,4,2,4,2,4,2,2,5,3,4,4,4,3,2,4,4,3,3,4,4,2,3,2,3,3,2,3,2,4,2,2,2,2,2,4,3,2,2,2,4,2,2,2,2,2,2,2,2,2,3,3,3,4,4,2,2,3,4,2,2,2,2,3,4,3,4,4,4,4,4,5,4,4,4,2,2,4,4,4,4,4,4,4,3,4,4,4,3,4,5,4,3,2,4,3,4,4,4,2,3,2,4,3,2,4,4,3,4,2,4,2,4,4,4,3,3,3,4,4,2,2,3,3,3,4,4,4,4,3,4,2,3,4,4,4,4,4,4,2,4,2,2,4,4,4,4,4,4,3,3,4,4,4,4,4,4,4,4,4,4,4,4,4,4,4,4,4,5,4,4,4,4,4,4,4,2,4,4,4,2,4,5,4,4,4
3,2,4,4,2,4,4,2,2,2,4,4,3,2,4,2,4,4,4,3,4,2,4,2,2,2,2,3,2,2,1,2,5,2,2,2,4,3,2,2,1,2,3,6,7,10,6,4,3,2,5,5,7,34,131,51,7,4,1,2,3,2,3,1,2,5,6,4,4,2,2,2,4,4,4,4,3,3,2,2,2,4,4,4,4,2,2,2,3,3,4,2,2,3,4,2,3,4,4,4,5,4,4,4,4,2,2,3,5,4,3,4,3,3,2,3,4,2,3,4,4,3,2,2,4,3,4,3,3,4,3,4,2,4,3,3,4,4,4,3,3,4,3,2,3,2,3,4,4,3,2,1,3,4,4,4,3,4,4,4,4,3,3,2,4,4,2,4,2,4,2,4,4,1,3,4,3,2,4,4,3,2,4,3,2,2,2,2,3,3,3,4,3,3,3,3,4,3,3,4,3,3,3,2,3,2,2,2,3,4,3,3,3,2,1,2,2,4,4,2,2,4,3,3,4,3,3,3,2,3,4,2,4,4,4,4,4,4,4,5,4,4,3,3,2,3,4,4,4,3,5,4,4,4,4,5,4,2,2,3,4,3,4,4,3,3,2,2,3,4,2,3,4,4,4,3,3,4,4,4,4,3,4,3,2,2,3,3,2,4,3,3,3,3,2,4,4,3,4,4,4,4,3,3,4,3,4,4,4,4,3,3,4,4,4,2,2,2,4,4,4,4,4,4,4,4,4,4,4,4,4,4,4,4,4,4,4,4,4,4,4,4,4,4,4,4,4,4,5,4,4
2,3,4,5,2,2,4,4,4,4,2,3,4,4,4,3,4,5,2,2,4,5,3,4,2,3,2,2,2,2,2,2,2,2,2,3,4,5,4,2,2,1,2,6,24,27,7,5,2,2,4,5,5,7,29,30,7,2,1,1,3,4,3,2,4,5,5,4,4,2,3,4,4,4,4,4,4,3,2,4,2,4,4,2,3,4,2,4,3,3,2,2,2,2,3,2,3,2,2,4,4,3,4,4,4,3,4,4,5,4,2,4,4,4,3,3,4,3,2,4,4,3,4,3,3,4,2,3,3,4,2,3,3,3,3,3,4,4,4,3,2,2,2,3,1,4,2,2,4,2,1,4,3,3,3,3,4,4,2,3,4,4,3,4,4,4,3,4,3,4,4,4,4,4,4,3,3,3,2,3,2,2,3,2,2,3,2,4,2,3,3,3,4,2,2,4,4,4,3,4,4,2,1,2,2,4,3,3,3,4,4,2,4,2,2,2,4,4,4,4,3,2,3,3,4,3,4,4,2,4,2,2,4,4,4,4,4,4,4,4,4,3,2,3,4,3,4,4,4,4,4,4,4,4,4,4,4,4,3,3,4,4,4,4,3,4,2,2,3,4,4,4,4,4,4,3,4,2,2,5,4,3,4,2,3,4,3,3,3,4,3,3,2,3,3,4,4,4,4,3,4,5,2,3,2,4,4,4,3,4,3,3,4,4,4,3,4,4,4,4,3,4,3,4,4,4,4,4,4,4,4,4,4,4,4,4,4,4,4,4,3,3,4,4,4,4,5,4,4,4,4
2,2,2,2,4,5,5,5,4,2,2,4,4,2,4,4,4,4,4,4,4,4,2,4,3,4,5,2,2,2,2,4,4,4,2,2,2,5,4,4,4,2,3,6,8,10,5,4,2,3,3,2,5,5,7,8,6,4,1,3,2,4,4,4,4,4,2,5,4,2,2,4,2,4,4,4,4,2,4,4,2,4,2,3,3,3,2,4,3,3,4,2,3,3,2,4,2,1,2,2,4,2,3,4,4,3,3,4,4,3,3,4,3,3,4,2,2,3,4,4,3,3,4,4,3,4,4,5,4,3,3,2,4,4,2,3,4,5,3,2,3,4,3,2,3,3,3,3,4,4,3,2,4,3,3,4,4,4,4,3,2,3,4,2,2,3,4,4,4,4,2,4,4,4,3,4,3,2,2,3,4,4,4,3,3,2,2,1,4,2,4,4,3,1,4,3,4,4,4,2,4,4,3,4,4,4,2,2,4,2,4,4,2,4,3,4,3,4,3,4,2,2,3,4,3,4,2,4,3,3,3,3,3,4,2,3,4,3,3,3,4,3,3,4,4,3,3,4,4,3,4,4,5,4,2,3,4,4,4,3,4,4,4,4,4,4,3,3,3,4,4,4,4,2,2,4,4,3,3,4,4,4,4,3,4,3,3,4,4,4,4,3,3,4,4,2,4,4,2,4,3,4,3,3,3,2,4,4,3,3,4,4,4,4,3,3,3,4,4,4,3,4,4,4,2,5,2,4,4,3,4,3,3,4,3,4,3,4,3,2,4,4,4,5,4,4,5,4,4,5,4
2,2,2,4,4,3,4,5,2,4,2,4,4,4,4,4,4,3,5,5,2,4,4,4,4,2,4,4,3,4,5,5,4,2,3,2,1,5,5,6,6,2,2,5,5,4,5,3,2,3,3,2,3,5,5,5,5,4,2,2,4,4,2,4,3,2,4,4,2,2,2,2,3,2,4,4,4,4,4,3,2,3,2,4,2,2,2,2,3,2,3,3,3,2,3,4,2,2,2,2,2,3,4,3,4,2,5,4,3,4,2,4,2,4,4,4,3,2,2,2,3,4,3,4,4,4,5,4,3,3,2,2,3,4,3,2,2,4,2,3,4,3,3,2,2,4,3,2,2,4,2,2,4,4,4,2,4,4,3,4,4,4,3,2,4,4,3,4,4,2,4,3,4,4,2,2,4,4,2,4,4,3,3,3,2,4,2,2,4,2,4,3,2,4,4,3,4,2,3,3,3,4,3,4,3,4,4,2,1,4,4,3,3,4,4,3,3,3,3,2,3,3,2,4,2,2,4,4,3,3,4,4,4,2,3,4,4,2,4,4,2,4,2,4,4,2,3,4,4,2,4,4,4,3,2,4,4,4,4,2,4,3,4,5,4,3,4,3,4,4,4,2,3,4,4,4,4,4,4,4,4,4,4,4,3,3,3,4,4,4,4,4,3,2,3,4,3,3,2,4,3,2,4,3,3,4,4,4,4,4,3,3,2,2,3,2,3,4,4,3,4,4,4,4,3,2,4,4,4,4,4,4,2,4,3,4,2,4,4,4,3,4,4,4,4,4,4,4,4,4,4
2,2,3,1,4,4,5,4,4,4,2,5,4,3,2,2,2,5,4,4,5,4,5,4,4,2,2,5,5,5,5,4,4,4,1,1,1,5,7,18,8,5,5,5,5,5,5,5,3,3,2,2,2,2,3,5,4,3,3,2,3,4,4,4,2,3,4,4,2,2,2,2,4,3,4,4,4,4,4,4,4,4,4,2,3,4,2,4,1,4,2,3,2,2,2,4,4,2,2,2,3,3,3,2,4,2,5,4,1,4,3,4,3,2,4,4,3,2,2,2,3,4,2,3,5,5,5,3,2,2,3,2,2,3,3,3,3,2,3,3,4,4,2,4,2,3,2,2,2,3,4,3,3,4,2,4,4,4,5,4,4,4,4,3,4,3,4,4,4,2,2,3,4,4,4,4,4,4,3,2,3,2,1,3,4,3,3,4,3,2,2,4,3,3,3,4,3,3,4,4,2,2,2,3,4,3,2,3,4,4,4,4,2,4,2,4,2,4,4,3,2,2,2,4,3,2,4,3,4,2,3,2,4,3,4,4,4,4,4,4,4,4,4,4,3,4,2,4,3,3,4,4,5,3,5,3,3,4,4,2,3,3,3,4,4,2,4,4,4,4,3,2,4,4,4,4,4,3,4,4,3,3,4,4,4,4,4,4,4,4,4,4,3,2,4,4,3,4,3,3,3,2,4,4,3,4,3,4,2,4,2,3,3,3,4,4,4,4,4,4,4,4,4,4,2,3,3,4,3,4,2,4,4,3,3,3,4,4,4,3,4,4,4,3,4,4,5,5,3,4,4
4,4,4,4,2,4,4,4,5,4,4,4,4,4,2,2,4,2,2,2,5,5,4,5,4,3,5,6,7,6,5,5,4,2,2,1,1,4,7,34,17,8,9,8,11,9,7,5,5,4,2,3,3,3,2,3,4,3,2,2,3,4,4,3,4,4,4,2,4,4,3,4,4,4,4,4,3,2,2,4,2,2,4,4,4,4,4,3,2,2,2,2,2,3,3,2,2,2,2,2,3,2,2,2,3,4,4,4,2,4,3,3,5,4,4,2,3,3,4,4,3,2,4,5,5,6,5,3,2,4,3,3,3,3,4,4,3,2,2,3,4,2,2,4,4,3,1,4,3,3,2,2,4,4,3,4,3,4,4,4,5,3,2,3,4,4,4,4,3,3,4,4,3,4,4,2,2,4,3,2,2,3,2,2,4,2,4,3,2,3,2,4,4,3,3,4,4,4,3,3,3,4,3,2,3,3,4,3,2,3,4,4,3,4,4,4,3,4,4,3,1,3,3,2,4,4,2,2,2,4,2,3,4,4,2,3,4,4,4,4,4,4,2,5,3,4,3,4,4,3,4,2,4,4,4,3,4,4,4,3,2,4,4,2,4,3,3,3,4,3,3,4,4,4,4,4,3,4,4,4,3,4,4,3,3,4,2,3,4,4,4,3,3,3,3,4,4,4,2,3,2,2,4,4,2,4,4,4,3,3,3,4,2,4,4,4,4,4,4,4,4,4,4,4,3,3,4,4,2,4,4,4,4,2,3,4,4,3,2,4,4,4,4,4,4,5,4,4,4,4,4
4,5,2,5,3,4,4,4,4,4,5,4,1,4,4,2,1,4,4,5,5,5,5,3,4,5,5,6,7,6,5,2,4,4,1,1,1,5,8,77,139,117,117,61,111,47,9,6,5,3,2,3,5,3,4,1,4,4,3,2,4,4,4,4,4,4,4,4,4,4,4,4,4,3,4,4,3,3,1,2,4,4,4,3,4,4,3,4,2,2,4,3,4,2,2,2,1,3,5,5,5,4,3,2,4,4,4,3,2,4,4,4,4,4,3,4,4,4,4,3,3,3,5,4,5,5,5,3,2,2,3,4,4,5,3,4,3,2,2,2,2,2,3,2,5,3,2,4,3,2,2,4,4,3,5,3,4,4,3,4,5,4,3,3,2,2,4,2,3,3,3,3,4,3,4,2,2,4,3,4,2,3,3,2,3,3,2,2,2,4,1,4,3,4,4,4,4,3,4,4,4,3,2,2,3,2,2,4,3,3,4,3,4,3,3,4,4,4,4,2,3,3,3,2,3,3,3,4,3,2,4,2,3,3,3,4,3,3,3,4,2,4,4,4,2,3,3,4,4,3,3,4,3,3,4,4,4,3,4,2,2,2,3,4,2,3,2,4,3,2,2,3,3,4,4,2,4,3,4,4,4,3,3,2,4,4,3,3,3,4,3,3,4,4,3,3,4,3,3,2,2,4,3,4,3,4,4,3,3,3,3,2,4,4,4,4,4,4,4,4,4,4,3,4,4,3,4,4,4,4,4,4,3,3,3,4,4,4,4,4,4,4,4,5,4,4,4,4,4,4,3
3,4,4,4,4,4,4,2,2,3,2,4,3,4,4,4,5,2,4,5,4,4,4,4,5,4,4,5,6,5,4,5,5,2,2,1,3,6,42,131,229,173,209,203,209,173,35,6,4,4,2,4,2,4,2,4,4,3,4,2,4,3,5,4,2,2,4,3,4,4,4,4,4,4,4,3,2,2,4,2,4,4,3,4,4,3,2,2,2,2,2,2,2,4,2,1,2,5,9,22,9,5,4,2,3,4,3,3,4,3,4,4,3,3,4,4,4,4,4,3,4,3,4,3,4,3,5,2,3,3,3,3,4,4,2,4,4,2,2,2,3,3,3,1,2,3,2,2,2,3,4,4,4,4,3,4,3,3,3,2,4,4,4,1,3,3,4,2,4,2,4,2,3,3,4,4,2,3,3,3,3,3,3,3,2,5,3,4,2,4,3,1,2,3,4,3,2,2,4,2,2,3,2,4,3,2,4,4,3,3,3,3,4,5,3,2,2,3,4,1,2,4,4,4,3,5,4,2,3,3,4,3,4,4,4,3,4,2,3,3,2,4,3,3,2,3,4,4,4,4,2,3,3,3,3,3,2,2,2,3,4,4,3,3,2,4,4,4,2,4,2,2,3,4,3,3,4,3,3,4,2,2,3,2,3,4,4,2,4,4,4,3,4,4,4,4,2,3,4,2,3,3,4,3,3,4,4,3,4,3,3,2,4,4,4,4,4,4,4,4,4,2,3,4,4,3,4,4,4,4,4,4,4,2,3,3,4,4,4,4,4,4,5,4,4,4,4,4,4,4,4
4,2,4,2,4,2,2,2,2,5,4,5,5,5,6,6,6,7,6,5,5,4,4,4,5,5,4,5,5,5,4,4,2,2,3,1,5,7,10,69,123,162,216,218,219,136,35,6,4,4,2,4,4,4,5,5,2,4,4,4,4,4,4,4,1,4,4,3,4,5,2,2,4,4,2,2,4,3,4,4,4,3,3,5,4,3,3,4,3,3,2,3,3,3,1,1,5,9,91,177,100,16,6,4,3,3,4,4,4,3,3,3,3,2,3,4,3,2,4,3,4,4,4,2,2,3,3,3,4,4,4,3,3,4,4,4,4,2,2,3,4,3,3,3,2,2,4,4,4,4,3,3,4,4,3,4,3,3,3,2,2,4,2,4,3,2,4,2,4,1,3,3,1,4,4,2,4,4,4,4,2,2,3,4,2,4,2,4,2,3,4,2,2,4,4,3,4,2,3,4,2,4,2,4,2,3,3,4,3,4,4,4,3,2,4,4,4,4,4,3,2,3,2,2,4,4,4,2,4,3,4,3,4,2,3,4,3,2,4,4,3,3,4,4,4,3,3,4,4,3,2,2,2,2,4,4,3,2,4,4,3,3,4,3,2,4,2,4,4,4,4,3,4,4,4,4,3,4,4,4,2,2,3,4,3,4,4,2,4,3,5,4,4,3,4,3,4,4,3,2,4,3,2,2,4,2,4,4,4,4,3,4,4,4,4,4,4,4,4,4,4,3,4,4,4,4,3,4,4,4,4,4,3,2,2,3,4,4,4,4,4,4,4,3,4,4,4,4,4,4,4
4,3,2,3,2,2,2,1,1,4,5,8,18,23,35,56,20,13,15,7,5,4,5,5,4,5,5,5,5,5,5,4,4,4,4,3,5,7,7,7,9,20,123,125,117,44,7,5,2,2,2,4,4,4,4,4,5,4,4,4,5,4,4,3,1,5,4,4,4,4,2,3,4,3,2,4,4,4,4,4,4,3,3,4,4,4,3,4,3,4,2,2,3,1,2,3,6,69,169,223,198,141,24,6,3,4,3,2,4,2,3,4,3,3,3,2,2,3,3,2,2,2,3,3,4,3,4,3,2,3,4,4,4,4,2,3,2,2,2,3,4,4,2,3,3,2,4,2,4,4,1,4,3,2,5,4,3,3,3,2,2,2,2,4,3,3,3,3,2,2,2,3,3,3,3,3,4,3,2,3,2,3,3,4,4,4,3,4,3,3,4,4,3,3,2,3,4,4,4,4,3,3,3,3,3,2,3,3,4,3,4,3,4,3,3,2,2,3,3,2,3,4,3,2,3,4,4,4,2,4,3,2,2,4,4,3,4,3,4,4,3,4,4,3,2,1,4,3,2,4,4,4,4,4,4,2,3,4,4,4,4,4,3,3,4,4,2,4,2,2,5,4,3,3,3,4,4,4,3,2,3,3,4,4,2,4,3,4,2,2,4,4,4,2,3,4,3,3,4,4,4,3,3,4,4,3,4,3,4,4,4,4,4,4,5,4,4,4,4,4,3,2,4,4,4,4,4,4,4,3,3,3,2,2,2,4,4,4,3,4,4,4,4,4,4,4,4,4,4,4,4
4,2,4,4,3,2,5,4,5,6,18,88,136,155,169,179,155,120,44,8,6,4,4,5,5,5,5,5,4,4,4,4,2,4,4,4,5,9,14,6,6,7,8,10,7,6,5,4,2,3,2,3,4,4,4,2,4,4,3,3,4,3,3,3,4,4,4,4,4,4,4,4,4,2,4,4,4,4,4,4,4,5,4,4,4,3,2,4,4,4,3,2,2,1,2,4,7,120,183,173,216,151,103,7,4,4,3,4,4,3,3,4,4,4,3,2,4,4,2,2,2,4,4,4,3,3,3,3,5,1,5,4,4,4,4,2,2,3,3,2,3,4,2,2,2,3,2,3,4,2,3,2,4,4,4,2,3,3,3,2,2,2,3,3,2,3,4,4,3,3,2,3,2,3,3,3,4,4,3,2,3,3,3,4,3,3,2,4,4,3,3,3,4,3,2,4,2,4,4,3,4,3,3,3,3,3,2,5,2,4,4,4,4,2,4,2,2,2,3,3,2,3,4,4,4,5,2,4,4,4,2,3,3,2,4,2,3,4,4,4,3,4,4,2,4,3,4,2,3,3,4,3,4,4,2,3,4,3,4,4,4,4,4,3,3,5,2,4,4,2,4,4,4,3,3,4,4,4,4,3,4,4,2,2,4,4,4,4,3,4,4,4,3,4,4,4,4,2,4,4,3,3,4,4,3,4,3,3,4,3,4,4,3,5,4,4,4,4,4,4,4,4,4,4,4,3,3,4,4,2,4,3,4,4,4,4,4,4,3,4,4,4,4,4,4,4,4,4,4,4,4
2,2,2,2,2,5,6,7,14,77,128,162,179,214,183,206,189,165,167,69,7,5,5,7,7,5,5,5,4,4,4,5,4,4,3,4,5,6,6,5,4,4,4,4,5,3,2,4,4,5,5,2,2,3,4,4,2,2,4,4,3,4,4,4,2,4,4,4,4,4,4,4,3,4,4,4,4,3,4,2,4,4,4,4,3,4,2,4,3,3,3,2,2,2,3,5,14,155,183,187,175,193,100,6,4,3,2,3,4,3,4,4,4,3,4,3,2,2,3,3,4,2,5,4,4,3,2,3,2,4,4,4,3,4,4,2,2,3,3,3,3,3,2,2,3,3,3,4,2,2,3,3,3,2,4,2,2,2,3,2,2,2,3,2,2,3,4,4,3,2,2,3,3,3,3,2,4,3,3,3,3,2,3,2,2,3,4,4,4,2,3,3,2,2,2,4,2,3,4,4,3,4,4,3,3,3,2,3,3,3,4,3,4,4,3,4,2,4,4,2,4,3,4,4,4,4,3,4,3,2,4,4,3,3,3,4,4,4,4,3,3,4,3,4,3,3,2,2,4,2,4,4,3,2,4,2,3,4,4,3,4,4,4,4,2,3,2,3,4,4,4,4,3,4,3,3,4,2,4,4,2,4,4,3,3,3,3,4,4,4,4,5,4,4,3,2,4,4,2,2,3,4,3,3,3,4,4,3,4,4,4,4,4,4,4,4,4,4,3,4,4,4,4,4,4,2,4,4,4,4,3,4,4,4,4,4,4,4,4,4,4,5,4,4,5,4,5,4,2,4,4
2,2,3,5,6,8,23,71,100,149,181,162,160,194,155,169,169,196,162,158,13,6,7,26,13,5,4,5,4,5,4,4,4,4,4,4,5,4,5,2,1,1,1,1,1,1,2,1,4,4,4,5,4,4,2,4,2,4,4,2,3,2,4,2,3,4,5,4,4,5,4,3,4,4,4,2,3,2,4,4,2,5,4,4,3,4,2,2,4,4,3,4,3,1,3,5,22,194,194,187,216,193,74,7,4,4,3,4,2,4,4,4,2,4,3,2,3,2,3,4,4,4,2,4,3,3,2,3,4,3,4,2,4,3,3,2,4,3,3,4,2,3,3,2,2,2,4,2,3,2,3,3,4,3,4,2,2,3,3,2,3,3,2,2,4,4,2,3,2,2,3,2,4,3,3,3,3,4,2,2,2,4,4,2,4,4,2,4,3,2,2,2,2,2,4,3,4,3,3,4,4,2,2,3,3,4,2,4,4,2,5,3,3,5,3,2,4,4,4,3,3,4,4,3,4,3,4,3,3,4,4,3,4,2,4,4,4,4,3,2,3,4,3,4,4,3,3,2,4,4,4,4,4,3,4,4,4,4,4,4,4,4,5,4,3,3,3,2,2,5,5,4,4,4,5,4,2,2,2,4,4,3,4,4,4,4,4,4,3,2,4,4,3,4,4,4,4,4,3,4,4,3,2,3,3,4,4,3,4,4,4,4,3,2,4,4,4,4,4,4,4,4,4,4,4,4,3,2,3,4,3,4,4,4,4,4,4,4,4,4,4,4,4,4,4,4,5,4,4,4,4
1,5,7,12,69,123,149,179,167,136,155,146,143,136,136,117,179,177,183,196,71,11,37,34,7,5,2,3,4,5,5,2,4,2,4,2,5,5,3,4,2,1,2,2,2,2,2,3,4,4,4,5,2,4,4,2,4,2,4,4,4,4,5,2,2,2,4,4,4,4,4,2,3,5,3,4,4,4,4,4,4,4,4,4,4,2,3,3,3,3,4,4,4,1,2,5,17,179,183,194,226,191,69,6,4,4,3,4,4,4,3,3,2,3,4,4,3,4,4,3,4,4,4,4,3,3,3,4,2,4,4,3,3,4,3,2,4,3,2,2,4,4,2,2,2,3,4,2,2,3,3,3,3,3,4,3,3,3,2,2,2,3,2,3,3,3,3,4,2,2,3,4,4,4,3,2,3,4,2,4,4,2,3,2,3,4,2,3,3,3,4,2,3,3,4,3,3,4,4,3,2,2,2,2,2,3,3,2,4,3,3,4,3,4,2,4,4,4,4,4,2,4,4,4,4,3,4,2,4,3,4,4,3,4,5,4,4,4,4,3,3,4,4,2,4,4,4,4,4,2,4,4,4,3,3,4,4,2,2,3,2,3,3,4,4,3,4,4,3,4,4,4,4,3,4,3,2,4,2,2,3,3,4,4,3,4,4,2,4,2,4,4,3,4,3,4,4,3,4,2,3,4,3,3,4,3,3,3,4,4,4,2,3,4,4,4,4,4,4,4,3,4,4,4,4,4,2,4,4,4,4,4,4,4,4,4,4,4,4,4,4,5,4,4,4,4,4,4,4,4,4
4,7,42,155,194,200,187,179,160,123,136,123,114,123,123,128,139,155,194,201,136,39,35,9,7,5,2,3,2,5,5,4,4,5,4,2,5,2,2,2,2,3,4,3,2,2,4,4,2,2,5,3,5,2,2,4,4,4,2,1,4,4,5,3,2,3,4,2,4,4,4,5,4,4,2,4,4,2,4,2,5,4,4,4,2,2,2,4,4,3,3,3,2,1,2,5,10,120,194,167,201,179,19,5,2,3,3,5,4,3,3,4,4,3,2,3,4,4,3,2,2,4,4,3,3,4,3,2,5,4,4,3,3,3,3,3,3,3,2,3,4,2,4,1,4,4,4,4,1,3,3,3,4,2,2,2,4,4,3,4,4,2,2,3,3,2,5,4,2,2,4,2,4,2,2,4,3,4,3,2,3,2,3,4,3,3,3,4,4,4,4,2,4,3,3,4,4,4,3,4,3,2,2,2,2,1,4,2,4,3,3,4,3,4,4,3,2,4,4,4,3,4,4,4,3,3,3,3,2,4,4,4,5,4,4,5,4,5,2,2,5,3,2,3,4,4,4,3,4,3,5,4,2,3,5,4,3,3,4,3,3,3,4,4,4,2,2,4,4,4,3,3,4,4,2,4,4,4,4,4,4,4,3,4,5,4,4,2,4,2,5,2,4,3,4,2,4,2,2,3,4,4,4,3,4,2,4,3,4,4,5,3,4,2,2,4,4,4,4,4,4,4,4,4,3,4,2,4,4,4,4,4,4,4,4,4,4,4,4,4,4,4,4,4,4,4,4,4,4,3,4
6,42,179,219,205,179,160,146,136,143,125,91,114,151,136,114,97,149,160,183,151,97,22,7,5,4,4,5,4,5,4,5,5,4,4,4,2,2,2,3,3,2,4,3,4,4,4,4,2,3,4,4,3,4,2,4,2,2,5,4,4,2,3,5,4,4,4,5,4,4,4,4,4,4,5,2,4,2,5,4,4,3,4,4,4,4,3,3,3,3,3,4,3,1,3,3,7,97,175,179,187,42,6,2,1,4,5,4,3,5,4,4,4,4,2,2,4,3,3,4,3,3,4,3,3,4,3,3,4,3,2,4,3,3,3,3,3,3,2,4,4,2,2,3,2,3,2,4,4,2,3,4,2,2,2,2,2,4,3,3,3,2,4,2,4,3,4,4,2,4,2,4,4,3,2,4,4,4,4,2,4,2,4,3,3,2,3,2,4,2,2,4,3,2,2,4,3,2,4,4,4,2,4,3,3,2,4,3,2,4,3,4,3,3,3,2,3,3,4,4,3,4,4,4,4,4,3,4,4,3,4,4,4,3,5,5,4,4,3,3,4,3,2,3,4,4,3,2,2,2,4,4,4,4,4,4,4,4,4,2,4,4,4,2,3,3,3,4,3,3,4,4,3,2,3,5,3,3,2,4,3,4,4,4,4,4,4,3,2,4,2,5,3,3,2,4,4,3,4,3,4,4,4,4,3,4,4,4,4,4,4,4,4,3,4,3,4,4,4,3,4,4,4,4,3,4,4,4,3,2,4,4,4,4,4,3,4,4,4,4,4,3,5,4,4,4,4,4,4,4,3
6,120,198,179,185,169,155,146,136,100,100,131,131,136,128,125,128,111,128,177,169,131,42,7,5,4,2,4,5,5,5,5,4,4,4,5,4,5,4,2,2,4,4,2,3,4,2,2,4,4,4,4,4,4,4,2,4,4,4,2,4,2,3,5,5,4,2,4,4,3,4,4,4,3,4,3,4,3,5,4,3,4,4,4,2,4,4,4,3,3,3,4,3,4,2,4,5,14,143,160,61,7,5,2,1,3,5,4,3,4,5,4,2,4,3,3,4,4,3,2,3,3,3,3,4,4,2,2,4,3,3,2,4,3,3,3,4,2,3,4,4,2,2,4,4,2,2,3,3,3,2,2,2,2,3,4,4,2,2,3,4,3,2,3,2,2,2,4,4,2,2,4,4,3,3,2,3,3,3,4,3,4,3,4,3,1,4,2,4,3,3,3,2,2,4,3,3,4,2,3,3,2,4,4,3,3,3,3,2,4,2,4,2,3,2,3,2,2,3,4,4,2,2,3,2,4,4,5,4,4,4,4,4,5,3,3,4,3,3,3,4,3,2,2,3,3,2,3,3,2,2,3,4,4,4,5,4,2,4,4,4,2,4,3,3,3,3,3,3,4,4,4,3,4,3,2,3,4,4,3,3,3,3,3,3,4,4,3,4,2,4,5,3,4,4,2,3,2,4,3,4,5,3,3,4,3,4,4,3,3,3,2,4,4,4,2,4,4,4,4,4,4,4,4,4,4,2,3,2,4,4,4,4,4,3,2,4,4,4,4,4,4,4,4,4,4,4,4,4,4,4
8,91,185,187,185,158,153,165,120,94,146,143,128,136,133,136,123,114,139,194,162,97,54,9,5,4,2,4,5,4,4,5,5,4,4,4,4,3,4,4,3,2,3,4,4,4,3,4,4,3,3,3,2,3,4,4,3,3,4,2,4,4,4,4,2,3,3,3,4,4,4,3,4,4,4,4,4,4,4,4,4,5,4,4,4,4,4,3,3,3,4,4,3,4,4,2,5,6,18,10,6,5,1,1,2,3,4,4,3,3,5,4,4,3,3,4,3,3,3,3,2,4,2,4,4,3,3,3,3,3,2,4,4,4,3,2,4,3,3,3,2,2,3,3,3,3,2,2,3,4,4,3,2,2,3,4,2,3,3,3,4,4,2,2,4,4,3,4,4,3,4,3,2,2,2,2,2,3,4,2,2,2,2,4,2,2,2,3,2,2,2,2,3,3,3,3,4,3,3,2,2,2,4,4,4,3,3,2,3,3,3,3,4,3,3,3,2,2,3,4,2,2,3,4,4,4,4,5,2,4,4,4,4,4,4,2,4,3,2,3,3,3,2,2,2,4,4,4,2,3,4,2,4,4,4,4,2,3,4,4,4,4,3,4,4,2,3,3,2,4,3,3,3,3,2,2,2,4,3,3,3,2,2,2,4,3,4,4,3,4,2,3,4,4,3,3,4,4,4,3,3,4,4,4,4,4,4,4,2,3,4,4,4,4,4,2,4,4,3,4,4,4,3,4,5,4,3,3,5,4,4,4,4,4,4,4,4,4,3,5,4,4,4,4,4,4,4,4,4,4,4
35,136,155,162,153,133,136,139,141,128,143,143,155,117,169,83,125,169,153,169,146,69,17,7,5,2,3,2,5,4,4,4,5,3,4,4,2,4,4,4,4,2,3,4,4,4,4,2,2,2,2,2,2,3,3,4,4,4,3,2,2,2,4,4,2,3,4,4,4,4,2,4,4,4,4,2,4,3,4,5,5,4,4,4,4,4,4,3,3,3,4,4,2,2,4,2,3,5,5,5,5,1,1,1,3,4,3,2,3,4,3,3,4,5,2,3,3,5,3,4,2,4,4,4,4,4,5,4,3,3,4,4,4,5,2,4,4,3,2,3,4,3,3,3,2,2,3,2,2,3,4,2,2,2,4,4,4,2,2,4,4,4,4,2,3,4,3,4,3,4,4,2,4,3,2,2,2,2,3,4,3,4,4,2,4,2,3,2,3,2,4,3,2,3,3,3,4,3,3,3,2,2,4,4,4,3,1,4,3,2,4,2,4,2,3,2,2,3,2,3,3,4,4,3,3,4,3,3,3,3,4,4,2,4,4,3,4,3,4,3,4,3,3,3,3,3,2,2,4,4,4,4,3,2,2,4,4,2,4,3,3,3,2,3,3,4,2,4,4,2,3,3,2,2,3,4,2,2,4,4,3,3,3,3,4,4,4,4,3,3,5,3,3,3,5,4,2,4,4,2,4,4,4,4,2,4,4,3,3,4,3,3,2,2,4,3,4,4,4,4,4,4,3,4,4,4,5,4,4,4,5,4,4,4,4,5,4,4,4,4,4,4,4,4,4,5,4,5,4,4,4
69,205,169,131,77,131,158,88,136,136,136,139,114,123,136,108,173,83,171,179,125,13,6,3,4,3,3,4,5,4,4,4,4,2,2,2,4,4,4,4,5,4,4,4,2,3,2,4,2,2,2,1,2,4,4,4,4,2,4,2,2,2,4,4,4,4,4,4,4,4,4,4,4,3,3,4,4,4,5,4,4,4,5,3,4,4,4,4,2,2,4,4,3,4,4,2,1,2,3,3,1,1,4,3,3,4,2,3,4,2,2,4,3,1,3,5,3,5,3,5,2,4,4,4,4,4,4,4,4,4,4,4,4,4,4,3,3,1,3,2,4,2,4,4,2,1,3,2,4,4,3,4,4,4,4,4,3,3,3,4,4,4,2,4,3,4,3,4,4,4,2,3,2,3,2,3,3,4,4,2,4,4,3,3,4,2,3,3,4,2,3,4,3,3,4,4,4,3,3,3,2,3,4,2,4,3,4,4,4,4,3,3,4,4,2,2,3,3,4,2,2,4,3,3,3,4,3,1,4,3,5,4,4,3,4,4,4,3,4,4,2,3,4,4,2,2,4,4,4,4,2,4,4,4,2,4,4,3,3,2,4,3,4,2,3,3,3,3,1,4,3,3,2,3,2,2,4,4,4,3,3,2,3,2,4,3,4,3,5,4,3,3,3,3,4,4,4,3,2,4,4,4,4,4,4,4,4,3,3,3,4,4,4,3,3,4,3,4,4,4,4,4,4,3,3,4,4,4,4,4,5,4,4,4,4,4,4,4,4,4,4,4,4,4,4,4,5,4,4,4,4
97,185,143,131,125,114,139,108,128,149,128,143,165,88,136,139,139,146,173,158,108,10,7,5,2,4,4,4,4,4,3,4,4,2,2,4,4,2,5,2,4,4,4,2,4,3,3,5,5,4,4,4,2,4,4,2,4,2,2,3,2,2,4,4,3,2,4,4,3,2,4,2,4,4,4,4,4,4,4,3,4,5,4,4,4,4,4,4,5,4,4,5,4,2,4,4,2,1,1,1,2,2,4,5,4,4,3,2,3,4,4,4,4,3,5,3,4,2,4,3,3,4,3,4,4,4,3,3,2,4,2,4,3,3,4,3,2,3,2,2,2,2,4,4,2,3,2,4,3,4,3,4,3,3,3,3,3,3,4,4,4,4,3,4,4,4,2,4,4,2,4,3,2,3,3,3,2,2,4,2,2,4,3,5,3,3,3,4,4,2,2,4,4,3,4,3,3,3,4,4,3,4,4,4,3,4,4,2,4,4,3,3,3,3,3,2,3,4,4,3,2,4,4,3,2,3,4,3,3,4,3,4,4,3,3,3,3,2,3,4,4,4,3,3,2,4,4,4,3,4,3,4,3,3,3,4,4,4,3,2,3,2,2,2,4,2,4,1,3,2,2,2,4,2,4,2,3,3,2,2,4,4,4,3,4,4,2,3,3,2,4,2,4,4,3,4,4,4,4,4,4,4,4,3,3,4,2,3,4,4,3,4,3,3,4,4,4,4,3,3,4,4,4,4,4,3,4,4,5,4,4,4,3,4,4,4,4,4,4,4,4,4,4,4,4,4,4,4,2,2,5
88,185,179,100,120,136,141,153,120,125,193,169,106,91,165,114,106,175,136,155,169,77,26,14,6,4,2,4,5,4,4,5,3,4,4,4,4,3,2,4,2,2,3,2,2,1,1,5,7,9,7,5,5,3,2,3,3,4,2,4,2,4,2,4,4,2,3,4,4,4,2,4,4,4,4,4,3,4,4,4,5,3,3,4,2,3,5,4,4,4,4,4,4,4,5,3,3,3,2,2,3,4,4,4,4,3,4,2,4,4,2,2,3,3,4,3,2,4,4,4,4,2,3,3,4,4,3,4,4,3,3,3,4,4,3,3,2,3,2,2,1,4,4,2,4,3,3,4,2,4,4,4,3,2,4,3,4,1,3,4,4,2,4,2,4,3,4,4,2,4,3,4,4,4,3,4,4,3,4,3,3,4,4,1,2,3,4,2,3,4,5,4,2,4,3,4,2,4,4,4,4,3,4,4,2,3,2,4,3,4,4,4,2,2,2,4,3,2,3,3,4,4,3,4,4,3,4,2,2,4,2,4,4,4,4,3,3,2,2,4,4,3,3,2,2,5,4,4,4,4,4,3,3,2,3,3,4,4,4,4,3,3,3,2,4,2,2,4,1,3,3,4,2,3,4,3,2,2,3,2,4,4,4,4,4,3,3,4,4,2,4,2,5,4,4,5,2,4,4,4,4,4,4,3,3,2,2,4,4,4,3,4,3,4,4,4,3,2,3,4,4,4,4,4,4,4,4,4,4,4,4,4,4,4,4,4,4,5,4,4,4,4,4,4,4,5,4,4,4,4,4
69,179,177,146,111,143,149,123,123,169,177,125,117,139,139,155,143,136,169,185,162,146,155,94,10,5,2,4,5,3,2,4,5,3,4,4,2,4,3,4,2,4,2,2,1,1,1,6,49,146,34,7,5,2,2,3,2,5,2,3,2,4,3,4,5,3,2,2,4,4,2,4,4,5,4,5,2,4,4,4,4,4,3,4,4,2,3,4,4,5,4,4,4,3,4,3,3,4,4,4,4,5,4,4,3,2,4,4,3,3,4,2,3,3,3,4,3,3,5,4,3,2,4,4,4,4,4,4,2,2,3,4,4,4,4,4,3,4,3,2,3,3,3,3,4,3,3,2,2,3,4,3,3,4,4,4,4,4,3,4,1,1,4,2,4,4,3,2,4,2,4,4,2,4,3,4,4,4,4,4,4,3,3,5,2,4,4,3,4,5,4,4,4,3,4,4,4,4,3,4,3,4,2,4,4,4,3,4,3,3,2,4,2,2,3,4,3,3,2,4,4,4,2,4,4,4,2,4,4,4,2,2,3,3,3,3,3,3,3,4,4,4,3,2,2,2,2,4,4,4,4,4,3,2,2,4,4,4,4,4,3,3,3,4,3,2,3,3,1,4,3,2,3,4,4,2,3,2,2,2,4,4,4,4,4,4,4,4,5,2,4,4,4,4,3,4,4,4,4,3,4,4,2,4,4,4,4,4,2,3,4,2,4,4,4,4,4,2,4,3,4,4,4,5,2,4,3,4,3,4,4,5,4,4,4,4,5,5,3,4,4,4,4,4,4,3,4,4,4,3,5
27,191,196,155,133,131,143,136,143,123,173,139,158,153,131,149,151,155,194,177,100,56,83,108,16,5,4,4,2,2,4,5,3,5,4,5,4,4,4,2,5,5,2,2,2,1,2,7,133,241,167,9,5,2,2,5,4,2,4,2,4,3,4,4,4,1,2,4,3,3,3,2,5,5,3,4,3,4,3,4,4,4,4,4,3,4,4,4,4,4,4,4,4,4,4,4,4,2,5,4,5,4,4,4,2,4,4,3,3,4,3,3,4,2,4,3,2,3,4,4,3,4,4,2,3,5,4,4,3,4,4,2,3,4,2,3,4,3,4,2,3,2,4,4,4,4,4,4,2,2,4,3,2,4,4,2,4,4,3,2,2,3,2,3,4,3,3,3,4,2,3,4,2,3,3,3,4,4,4,2,3,4,4,3,4,4,4,3,3,4,2,4,4,4,2,2,5,5,4,4,4,3,3,3,4,4,3,2,3,4,3,2,4,2,2,4,4,4,4,4,4,3,3,4,4,4,3,4,3,3,4,2,3,2,2,3,2,4,3,4,4,3,4,4,4,3,1,2,4,3,4,3,4,4,4,4,4,4,4,5,4,4,3,3,4,4,3,2,2,3,4,3,3,2,4,3,3,2,2,3,3,4,4,5,4,4,4,3,2,4,2,3,4,4,4,3,4,4,4,3,4,4,4,2,2,4,4,3,3,4,2,5,3,4,4,2,3,4,4,4,3,4,2,2,5,4,2,5,4,4,5,3,4,5,3,4,3,4,5,4,4,4,4,4,4,4,3,4,4,4,5
8,139,212,203,162,136,136,114,114,160,123,177,133,141,136,123,173,189,196,169,49,10,10,44,64,7,5,4,3,5,5,5,4,2,2,4,3,2,5,4,4,5,2,3,2,1,3,7,64,219,143,8,5,3,1,4,4,4,4,2,2,2,4,4,4,2,2,4,4,2,2,4,4,3,4,4,5,4,2,5,4,4,4,3,4,4,4,3,3,4,5,4,4,5,4,2,4,2,5,3,4,4,4,4,3,3,3,4,3,3,3,3,4,4,3,4,4,4,4,4,4,4,3,5,2,3,4,3,2,2,2,3,4,3,3,3,4,2,2,4,3,3,2,3,4,4,4,2,2,4,3,4,2,4,4,4,4,4,4,3,4,4,2,3,4,4,4,4,4,4,3,2,4,3,2,2,2,2,4,2,5,4,3,4,2,3,3,4,3,3,2,3,4,4,3,3,4,4,4,2,3,4,5,3,3,3,3,4,3,3,3,3,3,5,4,3,4,2,2,4,4,2,4,4,3,4,2,4,5,3,5,3,2,2,2,4,4,4,2,2,3,5,3,3,5,2,1,2,2,3,4,2,4,4,2,3,3,4,3,3,4,4,3,4,3,4,2,3,3,3,4,2,2,3,4,4,4,2,3,4,4,4,4,3,4,4,4,4,2,2,4,5,4,4,4,4,4,4,4,4,4,4,4,3,3,4,3,3,4,4,3,3,2,4,4,4,3,4,4,4,3,2,4,4,3,4,4,4,3,4,2,5,4,3,4,4,5,5,4,3,4,4,4,5,4,4,5,2,4,3,4
6,88,167,177,200,149,114,106,160,136,149,160,133,136,128,165,143,173,209,100,10,6,10,69,117,44,7,5,5,7,7,2,3,1,2,4,4,5,4,5,4,2,3,3,4,1,2,5,9,56,15,5,5,2,1,4,5,4,2,4,4,4,2,2,2,4,2,4,4,3,2,4,3,2,4,4,4,4,5,4,4,4,3,3,4,4,4,4,4,4,4,4,4,4,4,3,2,4,4,4,4,3,4,4,2,4,4,2,3,4,4,3,3,3,2,4,5,2,5,4,3,4,3,4,3,3,5,4,3,4,3,3,4,2,4,4,4,3,3,4,4,4,3,4,4,4,3,2,2,4,4,5,4,3,3,3,2,2,2,3,4,3,2,4,4,2,3,3,2,3,2,3,2,2,3,2,2,3,2,3,4,2,3,4,4,2,2,4,3,3,3,4,3,3,3,3,4,4,4,3,3,4,3,4,4,4,4,5,4,3,4,3,4,4,4,2,4,4,4,3,4,3,4,2,3,2,4,4,2,4,4,2,2,3,4,4,3,3,2,2,4,3,2,4,4,2,4,2,3,2,4,3,3,4,4,3,3,3,3,3,3,4,3,5,2,2,3,3,4,2,2,2,3,2,2,3,4,2,3,2,4,2,4,3,4,4,4,3,4,3,4,4,4,4,4,4,4,4,4,4,3,3,4,3,4,4,2,4,4,4,3,4,4,4,3,4,3,4,2,4,4,2,4,4,3,2,3,3,4,4,4,4,5,4,4,4,4,5,5,3,3,4,5,4,4,4,4,4,4,2,4
5,7,151,219,179,160,146,173,125,141,162,91,136,91,175,139,196,123,153,69,11,18,94,153,153,165,42,6,6,22,8,5,2,4,4,4,4,4,4,4,3,3,4,2,4,3,3,5,6,7,6,5,2,2,2,4,5,4,4,4,2,4,4,3,3,2,4,4,4,2,3,4,4,2,3,4,3,5,5,4,4,4,4,4,3,4,4,4,4,4,4,3,3,4,4,2,3,4,3,2,4,2,4,2,2,4,3,4,4,4,2,2,4,3,2,5,4,4,4,4,4,3,4,3,3,3,4,4,4,3,4,4,3,4,4,2,4,2,4,4,4,3,5,1,4,3,2,2,2,4,4,4,4,4,4,3,2,3,4,4,5,3,3,4,4,3,3,4,3,4,4,2,3,2,2,2,3,3,4,3,4,4,3,4,4,2,3,3,4,3,3,2,2,2,2,4,4,4,4,4,4,4,3,4,3,4,4,4,4,3,4,3,3,5,4,4,3,4,4,4,2,3,2,3,4,4,2,2,5,3,4,3,4,4,4,3,3,4,3,2,2,2,3,2,2,5,2,4,2,2,3,4,2,3,4,2,2,2,2,3,2,4,4,4,2,3,2,3,2,2,3,2,2,2,2,3,2,3,3,2,4,3,4,4,3,2,4,3,4,3,4,4,4,4,4,4,3,3,3,4,4,3,4,4,4,2,3,4,4,4,4,4,4,4,4,4,2,2,3,3,4,3,2,4,4,3,4,4,4,4,4,4,4,5,4,4,4,4,4,3,4,4,4,4,5,4,3,4,4,4,4
4,6,26,189,228,205,179,162,169,111,136,151,133,175,173,158,165,208,97,56,39,59,86,167,198,200,106,14,18,49,14,5,5,7,6,5,2,5,4,4,4,4,3,4,4,3,2,4,4,4,4,5,4,2,2,3,2,4,2,2,4,4,3,3,3,4,5,4,2,4,4,3,4,4,2,4,3,2,4,4,2,3,4,4,2,4,4,4,4,4,2,3,4,4,4,2,3,4,4,4,4,2,2,3,4,4,3,3,4,4,4,3,3,4,2,3,3,4,4,4,4,4,4,4,2,3,4,4,4,4,3,4,4,2,3,4,3,2,4,4,5,1,4,4,3,4,4,2,2,4,4,4,3,5,4,4,1,3,4,2,4,4,5,4,4,4,4,4,4,4,4,3,3,3,2,2,3,4,2,4,4,3,3,1,2,4,4,3,3,4,2,1,2,3,2,4,4,2,3,4,2,2,3,3,3,3,2,4,3,3,4,2,3,4,4,4,3,5,4,2,4,4,4,3,4,1,4,4,3,3,4,2,3,3,4,3,3,4,2,4,3,1,3,2,4,4,4,4,4,3,3,4,2,3,2,4,2,3,3,4,2,2,4,4,2,2,2,3,3,2,2,2,4,3,2,2,3,3,2,2,4,3,4,4,4,3,4,3,2,2,4,4,4,4,4,4,3,2,2,4,4,3,4,4,3,4,4,2,3,4,3,3,4,4,3,4,4,4,4,4,3,4,3,4,4,4,4,4,4,3,5,5,4,5,4,4,4,4,4,4,4,4,4,3,2,4,4,4,4,4,4
1,4,7,83,211,223,214,201,177,165,114,179,183,201,151,181,205,167,97,21,22,94,155,149,185,183,100,51,97,54,9,7,6,14,6,5,4,2,5,4,5,4,4,4,4,4,2,2,2,4,5,4,2,3,4,4,2,2,3,2,4,4,2,4,2,3,4,4,3,4,2,4,4,4,4,2,4,3,4,2,4,3,4,4,4,4,4,4,4,4,3,3,4,4,4,4,3,5,5,4,4,4,4,4,4,3,2,2,4,4,3,3,4,4,3,3,2,3,5,4,4,3,4,5,3,3,3,4,4,4,2,3,3,2,3,4,2,4,4,4,5,4,2,4,4,4,2,4,3,3,3,3,3,5,4,3,4,2,4,2,4,5,4,5,4,4,5,4,2,4,3,3,4,3,4,4,1,4,3,3,4,3,3,2,2,3,4,4,2,3,2,2,1,3,3,2,3,4,2,4,3,4,2,2,3,4,2,4,4,4,4,4,4,4,3,4,4,3,3,4,4,4,5,3,3,4,2,4,4,3,3,2,3,3,2,3,3,2,2,1,2,4,3,2,4,4,4,2,3,4,3,1,4,3,3,4,3,3,2,2,3,4,4,4,4,4,4,2,3,3,3,3,4,3,4,3,3,2,2,3,4,4,4,4,1,3,2,4,2,3,4,3,4,4,5,4,2,4,3,3,4,4,4,4,4,3,3,4,4,4,4,4,4,4,2,4,3,3,4,4,4,3,3,4,4,4,4,4,5,4,4,5,4,4,4,4,4,4,4,4,4,4,4,4,4,4,2,4,3,5,4
3,3,5,7,47,165,179,179,205,205,196,212,203,181,193,201,151,162,141,39,29,114,128,160,185,136,100,80,54,108,29,6,6,7,5,5,5,4,5,4,4,3,2,4,4,3,4,3,3,4,4,2,5,4,3,4,4,2,2,4,2,2,4,4,4,4,4,4,4,2,5,2,4,5,2,4,4,3,4,4,3,4,4,3,3,4,4,4,4,4,4,4,4,4,4,4,5,6,6,4,4,4,3,4,4,2,3,4,4,3,4,4,4,4,5,4,3,2,5,4,3,4,4,3,3,3,3,5,4,3,4,3,4,4,4,3,3,5,4,4,4,4,3,4,4,4,4,3,3,3,2,3,3,4,4,2,3,3,2,4,4,3,5,4,3,4,4,4,3,4,4,2,3,4,4,4,3,4,4,2,4,3,1,2,2,4,2,2,2,3,2,3,4,3,4,2,4,4,4,4,4,2,2,2,2,5,3,4,4,4,4,4,4,4,4,4,4,3,2,3,3,3,4,4,4,4,3,3,4,2,3,3,3,4,2,3,2,2,2,3,3,2,3,2,4,4,4,4,2,3,2,2,4,4,3,3,2,4,4,3,3,2,2,3,4,4,2,4,2,2,2,3,3,4,4,2,3,2,2,2,4,3,4,4,2,3,3,3,2,5,4,4,5,4,5,4,4,4,3,4,4,4,4,4,4,2,4,3,4,4,4,3,3,2,3,3,3,4,4,4,4,3,3,4,3,3,4,4,4,4,4,4,4,4,4,4,4,5,5,4,4,4,3,4,4,4,4,4,3,5,5
2,2,3,5,7,23,59,83,114,175,205,189,143,123,69,69,141,175,179,128,77,136,191,171,117,114,155,185,103,18,9,6,5,6,5,4,4,4,2,5,4,4,2,3,4,3,2,2,2,3,4,4,4,4,4,2,4,4,2,4,2,4,2,4,2,3,4,3,4,4,5,4,2,2,2,4,4,2,4,4,3,2,4,3,4,4,3,3,3,4,4,4,4,5,4,5,5,5,5,4,5,5,3,4,5,3,3,3,3,3,4,4,4,4,4,4,4,4,4,3,3,4,4,4,3,3,2,4,3,3,4,4,4,4,3,3,4,4,5,4,4,4,3,4,2,4,4,4,2,2,2,2,3,2,4,4,2,3,2,3,3,2,3,4,4,3,3,3,3,4,3,4,2,3,3,3,4,4,2,4,2,2,2,2,2,3,3,3,2,2,4,4,2,3,4,3,4,4,3,4,4,2,4,3,3,4,4,3,5,4,4,4,3,4,4,2,3,3,4,2,4,4,2,4,3,4,2,4,3,2,4,4,2,4,3,3,3,3,4,3,1,2,2,2,2,2,2,3,3,1,2,4,3,2,3,2,2,3,4,2,2,3,3,4,2,2,3,2,2,4,2,2,4,4,4,4,2,3,3,2,3,4,4,4,3,2,2,4,2,4,2,5,4,4,4,4,4,3,3,4,4,3,4,4,4,3,3,3,4,4,4,2,1,3,3,3,3,4,2,3,4,4,3,2,4,2,4,4,3,4,4,4,4,5,4,4,5,5,4,3,4,4,3,5,4,4,4,4,4,4,5
4,2,2,3,5,6,7,8,14,54,42,21,16,7,7,7,10,123,201,189,106,69,117,100,56,80,125,179,100,7,5,5,4,4,5,5,4,4,2,4,4,3,2,4,4,3,2,3,3,3,3,2,4,2,5,4,4,3,5,3,4,2,4,3,3,2,4,3,4,4,2,4,4,2,4,4,4,5,2,2,4,4,3,4,4,4,4,4,3,4,5,4,5,4,5,5,4,3,3,5,4,5,3,3,3,4,4,4,4,2,4,5,4,2,4,2,4,4,3,3,3,2,4,4,4,4,3,4,4,4,4,4,3,3,4,4,4,4,4,4,4,4,4,4,3,2,2,4,2,2,3,4,4,3,3,4,3,4,2,3,2,4,5,3,4,3,4,4,2,3,3,4,2,4,4,3,4,4,4,4,3,2,3,2,2,4,3,3,2,3,4,4,4,3,4,4,2,3,3,4,3,2,4,2,4,2,3,4,4,4,4,4,4,4,3,2,3,3,4,3,4,3,2,4,3,4,2,4,4,3,2,3,4,3,3,2,2,2,3,2,2,4,2,2,2,3,2,2,2,2,2,3,3,3,4,3,4,4,3,3,2,2,2,3,3,3,2,2,2,3,4,2,4,2,2,4,2,2,2,3,4,4,4,4,2,3,3,4,3,3,4,5,3,3,3,4,4,3,4,4,4,3,3,4,4,4,4,4,3,4,3,4,3,3,2,4,4,4,3,2,4,4,4,3,4,4,4,2,4,3,5,4,5,4,4,5,4,4,4,4,4,4,4,5,4,5,2,4,4,4,2
5,2,2,2,3,5,5,6,7,10,7,6,6,5,5,6,6,24,111,155,61,10,11,20,13,21,94,114,49,6,5,2,3,4,5,4,2,4,2,2,4,4,3,4,4,5,4,4,5,2,4,4,4,3,4,4,3,2,4,4,4,4,4,3,4,4,4,4,2,4,2,3,2,3,2,2,4,4,4,4,4,3,3,4,4,3,3,4,4,4,4,5,4,4,4,4,2,4,5,3,4,3,5,4,2,3,4,2,3,2,2,3,4,2,5,2,3,4,3,2,3,4,2,3,4,4,4,5,5,3,4,5,2,3,4,3,4,5,3,3,5,4,4,4,3,4,3,3,2,4,5,4,4,3,2,5,4,3,2,3,3,2,4,5,4,3,2,3,4,4,4,3,4,4,3,2,2,3,2,3,3,3,2,3,4,2,3,3,4,4,4,4,4,2,4,4,4,2,2,4,4,4,4,4,3,3,3,4,4,4,3,2,2,4,4,3,5,2,4,3,3,3,2,3,4,4,2,4,4,2,3,3,3,2,2,3,2,4,1,3,3,2,3,3,2,2,2,2,3,4,2,2,3,3,3,4,4,4,4,2,2,3,4,4,2,4,4,2,3,2,4,4,3,3,3,2,4,3,2,3,3,4,4,3,3,4,4,2,3,4,4,4,4,3,3,2,4,4,4,4,4,4,3,3,4,4,4,4,4,4,4,4,4,3,4,4,4,3,3,2,4,4,4,4,4,4,4,3,4,2,5,4,4,4,5,4,4,4,4,4,4,5,3,4,4,3,4,4,3,4,4
4,4,4,4,4,5,5,5,5,6,6,5,4,2,2,4,5,7,13,26,11,6,6,6,6,9,86,61,7,5,2,4,3,4,4,4,4,4,4,2,4,4,2,4,4,4,4,3,4,2,4,4,2,2,2,2,3,3,4,2,4,5,4,3,3,5,5,5,4,2,2,2,2,2,1,2,4,2,3,4,4,4,4,3,5,4,4,4,5,4,4,4,5,4,4,4,4,4,3,4,4,5,3,4,3,4,2,4,4,3,2,3,5,2,3,2,4,3,4,4,5,4,4,4,4,3,4,4,4,4,4,4,3,4,4,4,4,4,3,3,5,4,4,4,4,5,4,3,4,4,4,4,4,4,4,4,4,3,4,4,4,3,3,4,3,2,2,2,4,4,4,3,3,4,3,3,2,2,2,2,2,4,4,2,4,3,4,4,2,3,4,3,3,4,4,3,2,3,4,4,4,4,4,4,4,4,4,2,4,4,4,2,2,4,4,4,4,3,2,5,2,3,2,4,3,4,4,2,4,4,4,4,4,4,3,4,2,2,1,4,4,2,4,4,2,2,3,2,3,3,2,3,3,3,3,4,3,2,2,3,4,3,2,4,4,2,4,3,4,4,4,2,3,2,3,4,2,2,3,3,4,4,2,3,2,3,4,4,2,4,4,4,4,2,2,4,4,4,3,4,3,2,3,3,4,4,3,4,2,4,4,3,4,3,4,4,4,2,4,3,4,4,4,4,4,4,4,4,4,4,4,4,4,4,4,4,4,4,4,4,4,4,4,4,4,3,4,4,4,3,4
5,5,5,4,4,4,4,4,5,5,5,2,2,1,1,2,4,6,7,7,6,5,3,2,5,8,42,26,6,5,5,4,3,4,4,5,5,4,4,4,4,5,4,4,5,4,4,2,5,4,4,2,4,4,2,2,3,2,4,4,4,4,4,4,2,2,4,4,3,3,4,3,5,5,5,5,4,2,2,4,4,4,3,3,4,4,4,4,4,5,5,4,4,5,5,4,4,4,4,5,4,3,3,4,5,4,3,2,3,4,4,3,4,3,3,3,2,2,5,2,3,4,4,4,4,3,3,3,5,4,4,4,4,2,4,4,3,4,5,4,4,4,4,3,3,5,4,4,3,3,3,4,5,4,4,4,3,3,4,3,3,2,4,2,4,2,3,3,4,2,3,4,2,4,4,3,3,3,2,2,3,3,4,3,4,4,4,3,2,3,2,2,4,4,2,2,4,3,4,3,4,4,4,4,3,4,4,2,3,4,3,2,4,4,4,4,4,4,3,3,4,2,2,4,4,4,2,3,3,4,4,4,4,2,3,4,3,1,2,2,2,2,3,2,3,2,4,2,2,4,3,3,3,3,2,3,3,2,4,4,4,4,3,2,4,4,4,2,2,4,2,3,3,4,2,3,2,3,4,3,4,2,4,2,4,3,4,4,5,1,4,4,4,4,4,4,2,3,4,4,3,4,4,3,3,3,4,4,4,4,4,4,4,4,4,4,4,4,3,3,4,4,4,4,2,4,5,4,4,4,4,4,4,4,4,4,4,4,4,4,4,3,4,4,4,4,4,4,4,5,4
5,5,5,5,5,4,4,4,5,4,4,4,4,4,2,3,4,5,5,5,5,4,2,2,4,6,7,7,5,4,5,2,4,4,5,5,5,4,4,4,5,4,5,4,3,4,4,4,4,2,3,5,4,4,2,2,2,4,4,3,3,4,2,2,4,5,5,5,4,3,2,6,8,20,20,7,5,2,4,4,4,4,4,4,4,4,4,4,4,4,4,5,4,4,2,4,4,4,4,4,4,4,5,4,4,3,4,3,3,3,2,3,4,4,4,4,3,3,4,5,4,4,3,4,3,4,4,4,4,4,3,3,2,2,2,4,2,3,4,4,2,5,3,3,4,4,5,3,4,3,3,4,3,5,3,4,4,3,4,4,4,2,3,1,5,1,3,3,3,4,4,4,3,4,4,3,3,2,3,3,4,2,4,3,4,4,3,3,4,3,4,2,3,4,3,2,3,2,3,2,4,4,4,4,3,4,3,3,4,4,3,4,3,3,4,4,2,3,4,3,2,4,3,3,4,2,2,2,2,4,4,2,2,2,2,4,3,3,1,2,3,2,2,2,3,2,2,3,2,3,4,4,3,2,3,2,3,4,4,4,4,2,4,2,4,4,4,2,3,2,4,4,4,2,1,2,4,4,3,3,4,4,3,1,3,2,4,2,5,2,4,4,4,4,4,4,4,3,2,3,3,4,4,2,4,4,3,4,4,2,5,4,4,5,4,2,4,4,3,3,4,3,3,4,4,2,3,4,4,4,4,4,4,4,4,4,4,4,4,4,4,4,4,4,4,4,4,4,4,4,4
4,4,5,5,5,4,4,4,4,4,4,4,4,5,4,4,4,4,2,5,5,2,3,2,4,5,5,5,4,5,4,4,4,4,5,4,5,4,4,2,5,2,4,4,3,2,5,4,4,4,5,5,4,2,2,2,2,4,3,3,2,4,3,4,4,4,5,6,5,2,6,16,56,83,69,22,6,5,2,3,3,3,3,2,4,3,4,5,4,4,4,4,5,4,3,3,4,3,5,3,2,4,4,4,4,4,3,4,3,3,2,3,4,3,4,4,4,4,4,4,4,4,2,3,4,4,4,4,4,4,4,3,2,4,2,2,4,3,4,4,3,4,4,4,4,4,4,4,5,4,2,4,4,5,4,3,2,4,3,4,2,4,4,3,4,2,2,3,4,4,4,2,2,4,3,4,4,3,3,3,2,4,2,4,2,4,4,3,3,4,4,3,4,2,4,3,3,3,4,2,4,4,3,4,5,4,4,4,4,4,3,2,3,4,4,3,4,4,2,2,4,4,3,4,4,3,2,3,3,3,4,2,2,4,4,4,2,3,4,4,3,3,4,3,1,2,2,3,2,4,4,4,4,2,2,3,3,3,2,3,4,3,4,3,2,2,4,4,2,3,4,4,4,4,3,3,3,4,2,4,3,2,3,3,2,2,4,3,3,5,4,4,5,2,4,4,4,3,3,3,3,3,3,3,3,2,4,2,4,3,4,3,4,4,4,4,4,3,3,3,3,2,4,3,3,3,3,4,4,4,4,4,4,4,4,4,4,4,3,4,4,4,4,4,4,4,4,5,4,4,4
4,2,5,5,5,4,4,4,5,5,4,4,4,4,5,4,5,4,5,5,4,2,4,4,4,4,5,5,4,5,4,4,4,4,2,3,4,4,4,3,4,2,4,4,4,4,5,5,5,5,5,2,4,3,3,2,5,5,1,4,3,4,4,3,3,5,5,4,2,4,8,97,141,155,160,83,7,4,4,2,4,4,4,3,4,5,5,4,4,4,4,5,5,1,5,4,4,2,4,5,5,3,4,5,4,2,2,3,3,2,4,5,2,4,4,3,4,4,4,5,5,2,4,4,4,2,3,3,3,5,4,4,3,3,2,2,4,4,4,4,4,5,4,4,4,2,2,4,4,3,4,4,3,3,4,4,3,4,3,4,4,4,4,3,3,3,4,3,4,4,3,3,4,4,4,4,2,4,3,4,3,4,2,4,1,4,4,4,2,4,3,3,4,3,3,3,2,4,4,4,4,4,4,3,5,4,5,4,4,4,4,4,4,4,3,4,4,4,3,4,4,2,4,3,2,3,3,2,2,2,2,3,2,2,4,4,2,2,2,2,4,3,3,3,2,4,3,2,3,3,4,4,3,4,3,2,1,2,3,2,2,4,3,2,3,2,4,4,2,4,2,4,4,4,4,3,4,4,2,4,4,3,4,3,3,3,3,4,4,4,5,4,5,4,5,5,4,4,3,4,4,3,5,4,3,5,5,2,4,4,5,2,4,2,4,3,3,4,3,4,4,2,4,3,3,4,4,4,4,3,2,4,4,4,4,4,4,4,3,3,4,4,4,4,4,4,4,4,4,3,4
5,5,4,5,5,4,4,4,4,5,3,4,5,4,4,2,5,4,4,4,4,5,5,4,5,4,4,5,4,4,4,4,4,4,4,2,4,4,4,3,3,2,4,4,4,2,4,5,4,4,4,2,4,3,4,4,3,3,5,5,4,3,4,5,4,4,5,2,2,5,7,162,179,162,187,49,8,5,4,4,4,2,4,4,4,4,5,4,4,5,4,4,4,5,2,4,4,4,4,1,5,3,4,4,3,3,4,4,3,4,4,4,3,4,4,2,4,3,3,4,2,3,3,3,3,3,4,4,3,4,4,4,4,3,4,4,3,4,4,4,4,4,4,4,4,3,2,3,3,4,3,4,2,4,2,3,4,3,4,4,4,4,4,4,3,3,4,4,4,4,4,4,4,4,4,4,2,5,3,4,2,3,3,3,2,4,4,2,4,4,3,3,3,3,3,4,4,3,4,3,4,2,4,2,3,3,3,3,5,4,3,4,4,4,3,4,4,4,3,4,4,2,4,4,4,4,2,4,3,3,2,2,2,4,3,3,4,4,2,3,2,2,2,3,3,2,3,4,4,4,2,4,3,2,4,4,2,2,3,4,4,3,4,2,4,2,3,4,4,3,2,4,3,3,3,3,4,3,3,3,5,4,3,4,4,3,2,3,5,4,4,4,4,4,4,5,4,4,3,3,5,3,4,2,4,5,4,2,4,4,3,4,4,4,3,4,4,4,4,4,4,3,4,4,4,5,4,4,4,3,4,4,4,4,4,4,4,3,4,3,4,5,4,4,4,5,2,4,4,4,4
4,4,3,5,5,4,4,5,4,5,4,3,4,4,2,4,5,3,4,4,4,5,4,5,4,5,4,4,5,5,3,4,4,4,4,4,5,3,2,2,3,3,4,4,4,4,4,5,4,4,4,4,3,2,4,4,3,4,4,4,4,4,4,4,4,5,5,2,3,5,7,91,203,160,162,80,15,5,2,4,4,4,5,5,4,4,4,4,4,5,4,4,4,2,4,2,4,4,4,5,2,3,4,5,4,4,4,2,4,4,3,3,4,2,4,5,4,4,5,4,5,3,3,3,4,4,4,5,4,2,4,4,4,2,3,4,4,5,3,4,3,4,2,3,3,4,4,4,3,4,3,2,4,3,4,4,2,3,3,4,4,4,3,3,3,4,4,4,4,5,4,4,4,4,4,4,4,4,4,4,2,4,4,3,4,4,3,3,3,4,2,3,3,3,2,4,4,4,3,4,4,2,4,2,4,2,2,4,3,3,3,3,4,3,3,4,2,4,3,3,3,4,3,3,5,4,5,4,2,2,2,2,3,2,3,3,3,3,2,3,4,2,3,4,2,5,4,2,2,4,4,2,4,4,4,4,3,3,4,3,4,4,3,2,4,4,2,3,4,3,2,3,4,3,2,4,3,4,4,4,4,4,2,4,4,2,3,3,4,4,4,4,4,4,4,3,4,4,5,4,4,4,2,4,3,2,3,4,1,4,5,3,4,4,4,4,4,4,5,4,4,4,4,5,4,4,4,3,4,4,4,4,2,4,4,4,4,2,4,4,4,4,4,3,5,2,4,4,4,3,4
2,2,4,4,5,4,4,5,5,4,4,5,4,4,4,5,5,2,4,5,4,2,4,5,4,5,5,2,4,5,4,4,4,4,4,3,4,4,4,2,4,4,4,4,4,5,4,5,4,4,4,4,4,2,4,4,4,4,4,4,4,4,4,2,4,5,4,2,5,4,6,32,167,162,158,74,7,5,4,4,4,5,4,4,2,3,2,3,4,4,4,4,4,4,4,4,4,4,4,3,4,4,4,4,3,2,4,4,3,4,4,3,4,4,3,2,3,5,2,4,2,4,2,4,4,3,4,4,4,5,4,3,2,3,4,3,5,4,2,5,3,3,4,4,4,4,3,4,3,3,3,5,4,3,2,3,2,4,3,3,5,4,3,3,2,4,3,4,3,4,4,3,4,4,4,4,3,2,4,3,2,2,4,2,3,4,4,3,2,3,3,4,3,4,3,3,4,4,4,4,4,4,3,3,3,3,2,4,4,4,4,3,4,4,3,2,3,2,4,4,3,4,2,3,4,4,3,2,2,2,2,2,2,4,4,4,3,1,4,2,3,2,2,2,4,3,4,4,3,4,3,2,4,4,3,3,3,4,2,4,3,4,3,4,4,4,4,2,4,3,3,3,3,3,3,3,3,4,4,3,2,4,3,3,3,4,3,3,4,5,4,4,4,4,4,4,4,4,4,4,4,3,2,4,3,3,4,3,4,4,4,4,3,2,4,4,4,4,4,4,3,4,4,4,4,4,4,4,4,4,4,4,4,4,4,4,4,4,4,4,4,4,4,4,4,4,4,4,4,3,4
2,4,4,3,5,4,4,4,5,4,4,5,4,4,4,4,4,5,4,4,4,5,4,5,4,4,4,4,4,5,2,4,4,2,4,4,4,3,4,5,5,6,5,4,4,5,5,4,4,5,4,4,5,2,3,4,5,5,4,4,4,4,5,5,4,4,4,4,4,1,5,14,103,125,114,27,6,5,4,4,4,4,4,2,4,4,4,3,4,4,4,4,4,3,4,4,2,4,4,5,4,4,4,4,3,3,4,2,3,4,4,3,4,3,4,4,3,4,4,4,5,4,4,4,3,4,4,4,4,4,2,3,4,2,3,4,2,5,4,4,3,4,2,2,4,4,3,2,3,4,4,4,2,5,3,2,4,4,2,4,5,4,4,3,4,4,4,2,3,2,3,4,4,3,4,3,2,4,2,2,4,2,4,3,2,2,4,4,2,1,3,4,3,3,4,4,2,4,4,2,3,3,2,2,4,3,2,3,3,3,2,2,3,4,3,4,4,3,2,4,4,4,5,4,4,2,2,3,2,2,2,3,3,4,4,4,3,2,2,2,3,2,2,2,2,4,3,4,2,4,3,3,2,4,4,2,4,3,4,3,4,1,3,4,4,4,2,5,3,3,3,4,4,3,2,2,4,3,4,3,3,2,4,3,2,4,2,4,4,4,2,3,4,4,4,4,4,4,4,2,4,3,4,3,4,4,4,4,4,4,4,4,4,3,4,4,4,4,4,3,4,4,4,4,4,3,4,4,4,4,4,3,4,4,4,4,4,4,4,4,4,4,5,4,3,4,4,4,4,3,4
