3968,3969,3970,3971,3972,3973,3974,3975,3976,3977,3978,3979,3980,3981,3982,3983,3984,3985,3986,3987,3988,3989,3990,3991,3992,3993,3994,3995,3996,3997,3998,3999,4000,4001,4002,4003,4004,4005,4006,4007,4008,4009,4010,4011,4012,4013,4014,4015,4016,4017,4018,4019,4020,4021,4022,4023,4024,4025,4026,4027,4028,4029,4030,4031,4032,4033,4034,4035,4036,4037,4038,4039,4040,4041,4042,4043,4044,4045,4046,4047,4048,4049,4050,4051,4052,4053,4054,4055,4056,4057,4058,4059,4060,4061,4062,4063,4064,4065,4066,4067,4068,4069,4070,4071,4072,4073,4074,4075,4076,4077,4078,4079,4080,4081,4082,4083,4084,4085,4086,4087,4088,4089,4090,4091,4092,4093,4094,4095,4096,4097,4098,4099,4100,4101,4102,4103,4104,4105,4106,4107,4108,4109,4110,4111,4112,4113,4114,4115,4116,4117,4118,4119,4120,4121,4122,4123,4124,4125,4126,4127,4128,4129,4130,4131,4132,4133,4134,4135,4136,4137,4138,4139,4140,4141,4142,4143,4144,4145,4146,4147,4148,4149,4150,4151,4152,4153,4154,4155,4156,4157,4158,4159,4160,4161,4162,4163,4164,4165,4166,4167,4168,4169,4170,4171,4172,4173,4174,4175,4176,4177,4178,4179,4180,4181,4182,4183,4184,4185,4186,4187,4188,4189,4190,4191,4192,4193,4194,4195,4196,4197,4198,4199,4200,4201,4202,4203,4204,4205,4206,4207,4208,4209,4210,4211,4212,4213,4214,4215,4216,4217,4218,4219,4220,4221,4222,4223,4224,4225,4226,4227,4228,4229,4230,4231,4232,4233,4234,4235,4236,4237,4238,4239,4240,4241,4242,4243,4244,4245,4246,4247,4248,4249,4250,4251,4252,4253,4254,4255,4256,4257,4258,4259,4260,4261,4262,4263,4264,4265,4266,4267,4268,4269,4270,4271,4272,4273,4274,4275,4276,4277,4278,4279,4280,4281,4282,4283,4284,4285,4286,4287,4288,4289,4290,4291,4292,4293,4294,4295,4296,4297,4298,4299,4300,4301,4302,4303,4304,4305,4306,4307,4308,4309,4310,4311,4312,4313,4314,4315,4316,4317,4318
215,234,215,204,223,205,134,178,223,200,178,168,170,239,144,204,178,189,195,174,156,163,163,228,223,168,112,91,88,82,142,180,219,225,204,222,246,235,219,199,180,156,129,154,163,129,142,174,123,97,100,82,91,161,161,168,168,137,163,242,222,215,246,223,129,121,149,154,161,137,186,215,211,168,137,134,205,149,106,144,144,170,195,178,168,112,121,186,154,180,123,213,82,163,121,97,137,184,193,170,180,144,211,208,174,184,168,168,174,174,208,137,91,100,149,184,115,88,120,115,88,123,100,91,88,144,115,120,88,112,149,178,161,161,204,174,156,161,205,232,234,211,204,156,91,17,6,5,5,3,3,3,4,4,11,21,120,161,134,149,178,208,170,123,97,128,137,156,128,168,205,184,193,215,195,184,204,184,115,120,144,88,123,174,174,170,142,137,156,137,163,195,144,134,112,115,168,189,180,147,144,168,174,174,178,144,180,199,199,186,128,123,186,213,211,180,211,178,195,142,163,178,223,180,161,189,142,115,144,174,211,193,184,184,106,163,144,214,174,168,134,172,199,214,205,205,228,222,204,199,180,213,170,199,186,168,184,180,154,137,161,168,154,144,139,154,123,82,156,184,180,184,178,174,197,200,202,208,211,200,200,180,205,215,170,100,97,144,159,180,149,189,180,163,123,156,213,219,161,147,189,178,149,137,128,88,59,59,168,174,161,97,82,74,134,184,189,205,232,200,115,115,120,106,159,174,170,154,154,170,193,156,144,200,184,186,218,200,200,170,163,156,243,178,219,91,128,195,193,170,199
228,178,219,219,199,200,180,154,195,186,154,161,200,223,217,178,178,204,178,156,112,129,195,222,215,186,134,65,106,88,57,170,217,232,237,235,240,240,225,215,208,193,180,170,178,178,161,168,134,123,115,100,123,142,142,168,144,154,163,208,205,174,168,161,121,149,174,121,168,149,184,208,222,178,129,174,180,174,168,208,170,163,208,193,199,161,156,163,156,123,163,174,163,156,149,123,156,205,200,129,149,144,195,204,195,174,123,142,156,204,215,142,88,97,134,180,149,91,100,123,112,74,59,79,94,106,59,142,91,115,154,154,161,174,205,193,193,142,184,228,250,205,195,211,163,123,36,6,8,7,4,4,4,4,3,16,8,57,57,168,174,178,170,239,189,123,123,154,178,186,210,213,170,208,200,211,142,180,156,112,112,106,142,229,238,200,195,213,195,170,154,193,163,142,112,154,193,170,163,156,166,156,170,184,156,156,193,208,195,142,115,163,199,205,189,186,222,134,170,120,112,154,182,178,197,168,142,149,178,199,234,226,195,178,205,211,166,228,213,202,200,195,199,180,170,205,223,180,180,209,189,232,170,170,189,184,186,200,163,184,184,163,156,142,142,120,123,137,186,123,156,163,144,174,168,195,180,189,213,170,134,154,208,174,134,112,91,142,161,170,186,205,180,120,137,163,176,176,159,154,163,161,144,156,126,82,76,82,174,163,159,115,85,57,109,195,219,195,199,189,142,144,159,161,142,170,176,142,137,186,180,168,161,195,191,170,232,226,197,180,200,128,251,217,186,174,193,154,214,197,184
199,170,199,178,178,149,161,142,149,168,195,208,211,174,217,213,172,200,178,129,129,163,211,241,234,208,161,88,51,67,67,65,208,225,239,226,242,200,144,199,217,184,186,213,225,205,156,129,142,80,74,97,134,134,180,170,168,170,189,184,129,106,154,195,163,115,170,170,134,144,144,186,193,189,184,208,208,213,213,217,199,154,193,204,184,142,170,123,134,142,161,200,205,186,168,144,154,189,204,129,115,134,144,211,189,184,121,144,156,193,215,195,120,88,129,178,193,129,74,123,106,46,74,67,67,74,74,115,97,115,144,144,163,170,174,186,193,137,163,184,213,189,229,222,208,211,88,31,64,59,28,17,7,14,5,5,8,27,38,123,156,193,174,170,156,144,168,193,186,170,228,193,170,189,163,178,170,67,128,180,144,137,180,219,241,217,184,205,174,225,180,163,156,144,154,174,200,149,142,178,180,168,163,184,159,180,227,170,170,204,205,217,200,184,193,209,195,156,186,149,112,154,163,166,178,137,156,170,193,207,195,154,184,174,178,199,200,199,240,235,202,211,238,205,195,208,211,217,188,186,215,232,154,213,154,180,180,222,184,204,168,213,193,161,178,137,112,211,134,156,149,142,120,154,170,137,184,178,209,186,170,168,168,189,106,100,74,128,193,197,242,217,180,137,161,180,176,163,123,100,112,128,137,163,91,54,82,100,156,156,144,123,82,79,128,219,219,172,184,195,142,142,180,204,163,149,170,139,142,168,159,197,204,193,200,208,223,222,208,204,200,168,200,195,208,178,154,156,200,168,186
178,170,184,168,161,137,161,142,156,189,184,200,186,189,195,217,189,184,137,163,161,229,213,208,246,225,170,115,65,106,43,74,154,211,242,238,168,213,163,112,170,195,184,195,205,213,156,121,82,65,100,137,163,178,213,163,149,225,193,154,156,134,174,211,163,97,149,193,161,149,200,168,184,180,161,225,211,144,195,234,189,137,186,178,170,161,178,186,144,142,156,213,219,215,161,144,156,168,193,178,178,161,129,215,180,193,161,161,180,193,211,199,137,82,115,170,180,134,82,123,79,97,64,46,82,67,79,100,123,149,161,189,184,184,199,170,137,144,156,137,195,204,199,204,226,199,106,154,215,204,170,106,46,51,25,14,21,36,74,123,112,168,128,156,178,180,168,178,195,186,180,228,211,219,168,51,82,168,144,208,178,144,199,208,195,180,106,137,195,161,174,189,211,170,161,170,134,166,163,211,211,142,106,163,195,193,193,168,178,211,228,229,191,163,193,205,178,174,215,204,144,131,170,182,180,184,186,180,186,186,184,174,128,156,191,200,211,178,241,211,189,223,223,213,204,235,220,161,193,205,213,211,211,174,199,219,202,226,205,199,232,204,142,144,178,161,159,170,128,142,128,120,163,154,142,149,184,137,134,204,226,182,144,204,97,97,79,161,204,242,234,215,191,188,189,215,193,131,79,82,106,106,120,106,76,67,88,134,123,123,154,137,120,149,163,215,217,199,217,170,112,123,189,204,163,126,134,149,142,166,168,189,225,219,202,208,237,238,213,193,182,168,161,170,180,178,170,163,163,184,199
186,168,180,186,174,170,170,161,156,178,189,186,161,172,195,204,180,170,156,180,156,186,215,223,232,193,180,174,88,82,88,74,112,211,228,241,225,178,137,115,154,213,195,154,106,91,121,137,59,154,147,161,178,213,121,180,211,195,200,204,174,161,186,222,129,134,161,180,211,154,200,168,186,174,154,211,174,144,215,204,184,163,163,129,57,149,208,180,168,123,121,222,235,205,180,137,156,178,186,195,163,129,142,184,178,174,163,129,170,213,193,144,100,59,79,137,184,144,120,112,82,82,82,74,82,88,129,142,142,170,170,184,186,178,195,159,129,161,184,168,142,154,149,163,180,149,144,204,252,251,211,170,144,112,112,115,115,100,134,79,97,178,154,204,186,156,142,134,180,215,213,244,217,204,115,36,97,217,170,188,186,205,170,156,163,163,115,161,178,180,59,222,234,144,156,180,168,174,200,147,163,100,88,174,180,168,134,178,131,144,195,149,178,134,161,156,161,180,205,223,159,82,120,180,204,204,195,180,170,170,184,170,161,156,180,193,178,163,161,149,156,170,180,195,217,186,189,200,199,202,195,228,211,205,226,225,188,205,195,180,128,142,139,144,186,170,161,174,163,149,134,163,200,128,184,172,103,64,79,149,205,215,184,128,147,115,142,223,168,249,178,213,211,213,215,176,149,128,128,123,137,112,97,91,137,120,97,106,67,74,100,180,144,182,186,184,200,202,211,159,112,189,166,191,149,109,82,139,154,154,195,205,204,217,211,219,249,243,213,213,163,170,168,174,180,159,170,156,170,199,176
199,156,149,186,204,211,180,161,163,184,211,199,129,142,189,208,200,184,180,144,161,189,223,211,193,200,193,184,106,67,80,123,97,193,234,241,204,137,154,123,142,168,161,112,74,38,57,100,129,134,149,204,205,163,129,161,199,208,170,180,195,189,186,154,199,156,123,189,168,149,200,163,195,208,161,222,239,178,174,232,205,129,134,80,193,161,184,112,174,106,180,211,246,204,121,134,163,193,200,178,115,144,142,144,184,184,161,170,193,170,184,144,115,59,28,134,205,161,79,97,100,91,123,82,115,180,200,180,161,178,163,142,166,161,149,168,154,188,195,163,115,123,161,134,134,144,178,226,248,235,154,128,178,161,142,208,186,168,128,82,137,200,219,213,163,149,163,144,144,193,207,202,200,154,186,74,168,106,168,205,178,174,178,189,174,184,184,128,211,199,178,182,64,208,178,193,208,189,112,100,161,170,123,161,128,112,149,142,67,123,220,184,200,184,112,123,163,163,149,161,161,100,100,200,189,228,154,219,163,154,189,197,199,189,184,200,189,178,195,200,195,170,180,195,199,180,156,200,213,163,156,193,240,242,200,219,205,188,142,166,178,193,199,189,189,163,115,163,126,159,189,205,195,208,193,163,161,79,46,88,205,225,156,115,161,161,195,149,234,168,180,205,180,142,144,137,134,188,193,156,144,159,142,128,170,184,91,79,109,51,112,142,112,144,174,137,144,154,193,205,170,217,156,172,123,117,64,88,170,168,195,189,168,204,229,223,242,240,204,197,163,193,195,195,161,149,168,174,199,200,189
180,142,142,156,204,211,161,156,204,193,195,174,137,142,170,215,214,184,180,161,168,184,213,222,213,204,195,174,156,144,106,112,121,180,238,244,199,168,178,176,137,154,178,97,43,67,57,74,156,211,163,199,186,184,168,188,228,222,213,199,189,189,180,199,168,174,180,129,137,168,154,163,184,170,223,222,241,189,134,184,204,149,174,215,174,129,232,168,161,142,180,154,228,189,144,149,195,217,189,134,134,189,156,154,211,123,163,112,154,156,186,170,88,91,82,97,168,163,97,106,120,120,170,144,186,213,215,213,149,129,154,91,134,205,161,144,129,142,178,180,142,174,170,139,115,144,189,217,228,189,100,115,195,205,204,211,219,193,144,163,205,211,200,195,163,154,156,142,195,217,154,149,202,184,204,156,106,137,199,174,134,115,82,64,168,219,215,195,219,227,222,115,57,211,189,215,128,91,128,180,195,209,189,144,159,168,156,97,82,168,178,213,213,197,163,204,205,106,178,240,170,120,156,208,180,166,186,180,144,174,224,237,240,242,189,204,237,223,204,200,200,184,168,176,178,204,200,174,174,147,142,211,226,223,193,186,200,200,137,112,170,161,163,178,144,137,123,115,137,131,178,154,199,226,223,134,154,170,51,79,184,213,180,156,170,154,142,163,163,109,46,79,59,174,106,128,137,154,180,184,174,137,156,142,170,151,137,142,115,123,128,64,106,117,147,168,128,144,204,200,213,189,178,137,142,71,97,106,161,217,154,144,186,199,204,204,200,224,200,156,205,200,214,156,186,195,180,200,213,219,195
168,144,112,142,178,168,137,170,213,211,180,154,161,163,174,189,204,184,180,163,168,199,223,225,205,186,184,174,142,154,137,163,134,180,228,235,213,180,211,213,195,168,149,112,82,100,100,137,215,213,195,213,178,184,161,204,240,223,204,195,170,186,208,193,205,199,137,137,178,156,168,149,163,184,178,163,228,193,129,219,226,189,178,168,180,223,193,178,189,168,129,186,195,226,156,100,154,204,121,129,200,178,123,161,205,186,91,149,154,189,180,156,154,100,67,112,178,142,123,123,97,115,168,134,205,195,200,154,154,137,134,129,154,222,195,149,91,120,178,170,156,184,144,168,106,193,204,199,215,184,137,163,219,217,219,180,213,226,217,219,219,193,189,199,168,134,134,156,191,154,131,174,200,195,180,163,178,184,156,137,142,67,25,59,178,200,223,240,232,205,115,123,128,186,223,222,128,161,137,195,234,213,195,180,193,215,195,142,144,174,219,154,200,228,184,172,217,242,191,134,161,168,180,222,237,154,180,174,168,180,240,248,253,237,205,204,238,232,199,142,189,134,149,115,159,161,154,134,142,168,170,154,161,149,131,149,178,195,161,94,149,186,149,144,149,170,168,142,154,137,163,168,156,163,168,180,211,222,106,64,186,224,213,168,139,100,115,112,64,17,20,48,97,134,142,128,115,128,154,170,170,144,115,67,97,144,161,168,128,120,134,88,131,156,189,208,149,142,186,168,217,195,178,168,134,64,170,172,174,195,142,112,189,211,156,154,178,191,195,186,204,178,186,142,193,189,180,219,220,205,168
193,142,123,137,129,65,115,213,222,195,168,156,168,156,174,180,180,168,186,180,180,208,208,184,189,186,195,174,115,149,193,193,178,204,208,211,219,223,237,237,235,204,168,189,178,163,174,199,235,243,200,199,235,223,208,184,222,232,200,178,211,204,178,180,154,137,184,211,205,170,149,163,174,154,74,80,142,170,186,211,204,178,174,217,180,154,174,195,211,154,184,199,180,91,106,80,100,123,170,163,115,163,142,184,156,163,168,168,134,174,184,112,142,149,64,115,189,170,184,100,137,91,144,170,217,144,204,123,100,88,134,211,226,195,186,168,123,144,154,142,174,137,100,163,123,200,199,180,186,184,178,170,215,163,204,170,193,232,244,229,184,166,163,168,154,128,134,154,134,91,144,178,204,189,170,195,211,195,168,154,120,123,144,161,168,168,208,193,178,199,115,168,174,184,193,180,174,204,199,199,208,168,123,163,205,232,217,193,193,174,149,156,211,219,215,176,168,189,189,142,154,189,170,213,200,156,100,74,163,154,168,217,229,235,213,211,205,213,178,128,100,120,120,76,134,59,154,137,154,154,184,163,137,134,82,123,142,142,144,163,189,180,149,142,149,182,193,205,223,200,186,189,186,200,168,195,214,213,163,166,226,238,205,154,67,35,25,28,16,20,48,79,120,156,168,149,137,149,123,97,59,43,79,91,82,154,139,123,134,67,134,156,161,195,163,142,188,189,193,180,195,215,180,100,91,200,217,195,176,120,120,117,176,189,134,106,154,163,156,205,154,172,174,163,149,144,170,220,215,199,189
189,193,129,149,59,29,126,235,211,170,161,184,186,161,170,180,156,163,195,193,163,163,184,180,184,189,186,174,134,184,186,199,204,189,200,189,222,223,240,238,225,223,200,178,174,184,193,208,235,217,134,112,235,248,219,154,170,204,193,180,184,186,156,180,137,134,199,229,239,199,137,154,154,137,57,43,144,189,168,195,195,168,193,205,193,219,184,170,137,106,195,199,121,91,123,134,121,129,123,163,195,174,168,178,170,189,184,174,142,129,189,186,100,120,180,154,154,189,205,161,120,91,193,137,163,195,144,178,106,88,163,222,213,200,129,137,137,170,129,163,142,163,79,174,174,128,170,180,189,168,128,82,106,123,199,200,199,193,239,199,123,134,154,149,168,149,115,112,74,123,178,168,213,178,154,178,204,186,184,180,149,149,178,161,115,142,180,120,74,193,195,144,134,154,180,189,211,205,184,156,156,163,154,134,170,213,199,163,189,161,186,207,154,168,217,163,163,161,186,223,186,154,184,200,217,184,100,137,174,120,115,142,134,123,180,232,235,209,199,134,123,180,85,85,46,156,178,189,156,189,161,166,154,142,74,100,137,134,189,180,170,168,172,168,168,186,208,189,205,226,149,199,161,222,154,144,195,215,223,215,202,189,219,168,31,21,17,17,8,28,106,91,149,186,137,115,123,131,134,134,100,79,74,71,97,131,142,85,79,174,161,161,163,170,170,123,142,205,197,163,161,154,134,97,100,247,228,149,137,137,97,120,156,174,144,109,91,151,174,204,163,163,180,170,131,149,195,213,211,217,200
174,215,163,174,65,82,174,225,204,134,149,204,205,170,168,170,142,170,184,161,156,180,178,161,168,168,163,180,174,178,195,210,193,161,180,223,208,217,219,232,204,193,199,168,156,180,199,180,189,161,31,51,174,204,180,134,137,168,180,186,154,170,204,195,137,129,156,234,242,186,129,154,170,161,80,51,129,163,170,180,184,170,223,229,189,180,174,163,170,142,154,234,199,154,178,215,204,156,154,189,170,174,195,186,142,168,168,168,199,193,174,156,115,120,180,193,149,134,174,189,200,149,174,174,184,154,97,142,149,123,168,191,193,161,154,174,154,161,149,189,161,97,144,180,178,100,154,174,149,180,106,25,67,170,215,223,180,178,163,88,97,142,163,168,168,137,144,115,57,149,163,204,163,174,154,161,112,161,163,204,178,120,161,161,106,154,154,106,163,211,210,149,123,156,178,219,232,180,174,170,149,159,128,123,186,200,186,168,184,180,174,195,178,163,144,126,134,178,211,195,174,137,128,180,189,204,168,163,163,163,174,154,79,37,82,219,244,219,199,211,168,156,91,57,100,134,131,204,193,202,156,154,154,161,161,123,174,156,209,156,123,211,163,197,154,159,178,186,195,205,180,170,186,204,156,134,195,223,226,208,228,228,144,64,19,31,62,59,74,82,168,142,149,149,161,144,161,123,115,163,106,97,97,97,100,106,51,100,137,180,199,156,139,137,156,156,134,144,161,123,106,163,82,106,213,235,202,134,142,120,94,88,134,180,144,128,88,115,204,222,170,144,189,199,154,189,200,204,170,195,186
189,211,199,163,137,142,222,215,180,134,142,193,186,142,170,184,161,186,168,144,163,199,144,156,180,178,170,193,200,199,204,204,186,156,180,225,215,228,217,226,199,180,200,189,180,195,184,180,129,149,57,51,67,46,123,129,161,100,156,204,174,161,193,168,123,137,100,239,252,222,170,174,156,200,115,65,106,137,186,200,154,156,195,240,205,121,200,213,225,180,180,186,154,161,217,238,208,170,156,178,211,213,199,200,123,97,204,228,205,204,168,163,149,170,193,176,106,79,168,208,156,180,193,204,170,129,174,170,170,170,144,120,149,189,156,142,168,149,178,142,154,137,163,115,161,144,128,144,149,166,163,88,170,214,184,168,137,195,91,67,100,144,142,180,205,170,170,137,88,106,115,228,161,184,170,134,79,174,134,168,193,168,149,166,170,161,106,144,205,184,189,168,168,137,225,223,229,219,205,195,128,100,184,215,184,168,186,184,120,168,202,176,149,142,97,106,137,134,172,199,180,128,137,174,170,217,186,120,134,156,195,149,37,43,128,205,244,242,225,208,189,149,91,43,76,178,137,180,178,200,195,163,170,154,161,197,154,144,144,161,184,195,170,156,161,156,131,205,195,186,193,168,184,199,168,161,178,226,232,219,220,208,128,64,35,106,199,123,112,182,204,189,184,120,193,134,97,137,106,115,112,91,120,112,67,74,64,64,115,174,134,117,103,106,134,137,137,184,161,126,134,168,154,184,235,228,163,112,123,109,112,134,120,142,156,137,144,191,215,211,139,144,156,218,170,161,208,200,134,137,186
218,219,178,180,208,208,205,168,142,134,149,184,184,174,168,184,199,204,156,144,186,213,161,142,186,180,180,200,195,199,200,186,163,163,178,204,205,213,223,225,208,199,199,208,215,204,189,193,115,149,149,46,38,11,88,144,168,106,142,186,149,123,106,134,161,168,154,240,252,235,213,170,178,193,149,100,123,168,195,205,168,149,193,186,186,149,161,237,243,154,178,223,200,149,174,211,205,174,149,129,223,222,189,184,112,200,184,219,195,174,184,161,154,154,149,106,74,112,134,163,199,211,204,204,197,170,156,170,200,208,156,123,149,123,142,174,184,159,170,186,184,139,137,168,163,163,163,163,163,180,163,170,199,166,123,156,213,184,161,184,180,144,200,189,211,215,163,149,123,156,180,222,204,178,156,154,184,180,91,154,199,174,149,186,180,120,91,144,168,154,174,112,149,137,211,208,199,226,211,180,156,142,189,199,174,123,156,178,144,199,191,174,128,137,115,142,156,137,142,195,193,144,161,149,184,186,189,142,142,123,193,223,163,120,170,223,242,238,238,241,204,137,74,82,128,149,189,186,211,193,134,151,144,142,142,178,128,82,137,195,161,178,161,156,178,163,156,180,205,213,186,161,163,178,189,163,170,184,238,238,215,195,178,178,168,178,186,156,144,215,200,149,137,112,204,163,97,88,97,64,59,74,134,88,137,51,94,67,35,43,134,67,91,166,191,184,172,174,180,149,180,176,156,199,235,239,161,123,123,112,174,174,131,106,149,168,161,182,170,147,128,154,186,222,180,204,205,188,163,149,195
225,213,217,223,225,211,161,137,134,149,195,204,195,200,156,193,222,219,161,142,200,204,149,149,180,193,200,180,180,219,217,170,142,156,170,174,200,180,217,223,205,200,200,205,205,211,205,184,142,149,161,112,100,67,88,170,161,134,142,163,134,100,115,186,213,238,237,238,200,204,223,213,205,184,156,154,163,168,200,211,170,163,195,163,134,121,170,217,240,189,195,208,195,149,149,168,178,205,142,170,195,226,223,193,137,170,213,193,189,168,170,163,134,154,134,97,64,129,174,186,211,213,170,204,180,154,184,195,180,193,184,137,137,142,106,144,195,151,142,161,134,144,178,149,174,204,193,184,156,170,180,163,186,115,128,211,219,223,238,242,204,128,189,200,174,186,178,204,217,217,204,178,193,186,180,170,195,161,115,178,180,163,208,204,115,112,168,149,174,163,144,85,144,195,174,144,161,174,186,174,174,156,154,186,178,154,154,195,186,186,211,144,144,156,168,180,163,106,161,213,205,137,134,186,154,168,161,174,156,103,168,195,232,204,170,217,232,213,222,217,186,123,123,91,123,174,193,193,186,180,156,163,168,161,184,178,134,128,163,168,186,195,174,184,168,170,154,191,213,184,154,144,144,149,184,163,168,211,244,239,205,186,199,240,217,144,144,166,170,163,144,117,97,88,137,142,106,59,82,112,97,128,137,120,123,74,57,67,67,82,51,94,134,200,205,195,184,163,202,189,174,156,97,186,244,205,184,137,144,186,193,161,142,149,137,144,106,91,115,67,106,186,193,189,204,241,226,204,200,174,151
213,226,215,239,184,178,144,168,163,184,213,200,193,208,186,222,239,228,149,154,178,168,156,180,193,222,208,180,182,213,200,180,149,144,154,174,208,195,193,195,193,195,199,204,189,180,186,170,159,168,195,178,168,168,174,180,180,163,178,211,193,156,174,213,239,253,241,208,180,184,180,195,223,211,134,134,137,163,217,226,184,170,205,154,149,156,134,174,241,199,156,154,134,142,156,161,186,222,193,180,217,211,217,199,129,154,199,215,186,186,151,163,144,144,156,139,134,161,184,235,134,120,123,154,184,178,129,156,174,174,149,123,161,106,134,204,186,174,120,142,134,186,193,195,186,211,213,193,154,144,170,149,149,200,128,161,193,211,229,223,189,97,100,174,170,144,178,204,195,170,137,168,200,193,156,120,115,120,154,174,168,186,199,180,123,149,189,161,163,170,156,161,170,211,170,128,147,115,168,193,168,128,144,199,186,193,170,184,174,193,163,106,142,170,193,142,128,149,161,193,195,174,170,200,144,134,156,180,170,184,144,163,226,236,202,197,205,199,204,174,144,134,128,106,123,142,180,166,137,186,184,161,186,195,170,174,180,186,199,193,199,199,182,174,180,180,178,186,215,147,109,154,149,161,195,197,184,235,237,217,168,200,243,213,144,97,112,149,174,115,106,144,91,91,137,137,115,88,97,123,126,120,120,134,106,106,64,91,57,59,85,149,142,184,204,137,120,184,204,200,208,174,161,170,219,156,195,178,134,225,217,200,182,149,156,144,91,74,59,149,91,184,174,195,225,180,214,199,156,159,188
219,220,193,223,168,142,134,156,168,228,189,156,205,217,195,205,247,200,154,191,134,174,161,208,200,215,161,156,186,178,195,195,154,144,134,149,215,178,170,163,178,205,195,215,184,121,149,142,142,189,195,180,154,195,204,195,193,189,217,235,225,214,217,215,225,240,208,189,199,144,100,123,211,186,154,180,184,186,217,228,193,121,180,154,154,112,129,195,239,193,144,154,154,149,178,174,205,239,195,161,211,200,161,186,156,156,180,225,170,199,205,180,112,88,163,170,200,193,186,184,100,82,115,154,195,112,137,170,142,106,156,156,174,174,178,222,217,163,144,134,178,134,193,189,144,149,195,193,163,142,142,168,100,97,170,228,193,156,170,223,193,134,64,137,144,120,154,88,51,120,189,168,166,163,120,106,137,149,128,142,195,219,184,174,204,200,180,161,154,182,200,208,189,193,184,174,144,120,163,189,163,149,170,199,178,174,174,168,163,161,100,149,137,180,123,123,149,168,156,151,154,184,222,168,208,144,174,200,215,195,163,188,189,214,211,189,180,189,199,178,163,123,112,106,112,189,178,168,186,195,174,193,211,178,163,186,218,205,180,142,208,170,195,156,156,161,163,154,156,144,142,163,142,163,205,186,239,234,207,168,191,193,222,186,97,94,115,170,170,180,149,106,100,112,163,144,100,154,137,115,134,149,131,128,156,168,134,88,64,88,120,156,172,172,142,134,144,170,223,232,241,213,128,154,200,174,195,142,208,193,219,204,189,174,163,142,82,82,142,166,154,193,180,199,174,180,193,170,144,154,142
213,238,172,161,137,112,137,186,170,213,170,134,213,219,204,226,208,168,184,174,178,154,200,195,178,178,123,149,174,178,205,174,144,170,149,156,149,121,168,174,168,168,195,180,161,123,112,129,134,170,161,161,144,184,205,211,168,156,226,225,226,238,228,193,186,174,184,199,178,137,121,121,154,178,189,211,208,186,195,199,168,106,123,156,142,121,163,219,235,193,186,195,186,178,168,156,178,213,200,186,178,174,142,180,161,154,184,205,184,178,211,204,120,100,174,170,161,156,170,100,178,79,161,193,195,174,129,163,174,97,142,189,144,166,180,200,180,144,161,170,123,134,168,128,149,134,156,149,156,168,142,144,170,115,161,217,180,217,144,200,184,142,149,144,115,100,142,91,88,161,137,115,174,134,161,142,100,213,193,161,195,193,128,115,193,195,180,174,149,134,161,211,204,205,200,204,189,174,149,134,147,174,193,174,163,161,178,180,156,144,142,161,180,170,106,147,184,178,163,112,79,168,235,193,156,115,200,199,205,184,161,144,91,97,163,189,163,156,217,211,193,115,123,137,149,174,213,208,200,213,193,218,174,154,174,161,193,142,156,166,142,184,170,159,123,154,91,134,154,161,151,123,79,168,193,200,208,204,214,215,242,217,215,205,134,120,120,115,180,184,159,100,97,142,156,170,170,178,120,120,156,168,115,154,226,217,200,180,142,149,184,200,195,176,137,139,163,168,214,229,223,200,154,144,149,163,189,154,91,120,200,204,137,142,137,82,97,142,120,134,178,154,178,184,211,186,170,184,170,156,178
170,163,178,161,134,121,121,199,242,200,156,178,225,226,204,219,178,208,199,161,193,178,217,137,180,149,156,163,137,154,170,144,161,174,189,154,134,123,170,134,149,149,184,144,142,142,112,144,170,149,174,204,178,186,186,170,134,123,178,228,223,223,222,184,134,134,184,195,200,184,129,142,195,204,180,184,193,161,161,156,144,144,154,142,174,142,121,211,235,213,186,213,226,180,121,129,168,193,215,223,129,123,174,161,178,154,178,200,186,161,163,163,156,168,195,180,97,112,178,195,156,174,186,205,204,106,154,144,149,142,144,178,156,170,142,149,144,178,149,161,134,163,154,170,156,137,161,180,128,154,174,168,123,134,208,242,242,237,200,170,204,200,142,137,170,174,168,189,163,100,100,106,170,120,100,163,186,205,208,174,144,115,137,189,180,170,184,180,91,174,199,217,184,195,223,200,178,184,134,97,134,137,137,168,193,200,200,161,168,163,134,174,195,163,163,168,195,195,149,100,91,168,232,170,79,142,200,174,174,178,142,82,51,79,178,199,161,137,211,242,208,134,123,91,180,193,199,204,215,213,199,193,197,174,154,134,159,137,156,137,144,123,134,144,180,109,106,170,174,170,137,123,172,144,149,193,168,170,211,232,222,195,204,225,189,97,106,156,208,213,149,100,54,149,208,161,234,134,106,189,184,137,168,200,213,205,228,239,197,189,223,222,178,180,156,123,120,142,163,170,228,242,209,137,134,156,193,182,142,123,115,115,43,51,144,137,112,168,149,168,186,178,170,199,180,202,208,189,170,184,199
154,112,97,163,142,123,184,222,241,189,163,205,240,238,168,170,204,184,195,193,178,223,154,137,170,142,170,178,161,156,144,134,178,178,200,161,178,161,174,115,161,178,180,193,156,163,174,193,211,168,195,235,186,195,112,112,170,144,129,205,204,178,195,137,88,106,129,178,199,199,106,205,247,186,170,180,186,174,156,149,142,161,163,137,134,106,123,178,208,189,144,204,225,168,134,123,137,208,234,228,112,154,193,149,168,144,178,199,156,142,137,170,204,211,213,200,154,189,219,211,195,204,200,211,204,129,163,142,144,189,186,168,149,137,120,129,180,199,129,163,168,149,184,193,163,189,168,137,178,193,168,128,142,134,200,208,213,240,229,193,168,170,178,144,168,217,211,215,204,43,28,149,170,168,142,180,184,163,154,142,91,142,186,154,174,186,154,154,168,161,154,161,178,219,193,217,151,156,144,82,139,163,156,163,149,195,213,149,193,112,128,154,186,170,189,178,161,168,161,163,156,174,174,149,170,186,186,174,128,144,154,134,142,186,225,213,204,193,217,240,222,144,64,57,128,191,195,211,199,184,195,208,200,142,123,151,144,126,82,67,91,100,115,120,142,100,178,205,215,188,156,106,142,168,120,200,170,123,193,189,189,204,186,205,186,109,79,137,180,205,189,142,159,154,115,246,100,142,144,178,186,195,180,174,184,193,219,225,193,211,189,200,144,117,106,91,79,149,126,161,251,253,235,186,161,180,223,223,154,57,25,51,91,106,154,170,170,144,180,195,156,154,149,172,163,149,189,219,226,193,163
163,161,123,174,168,161,204,226,219,163,161,213,228,199,186,184,184,154,174,178,154,170,156,149,129,189,211,174,142,144,161,156,163,195,219,184,193,184,184,168,134,174,174,189,161,180,200,215,223,189,154,205,218,174,142,142,184,154,178,142,186,142,134,129,100,129,142,156,186,193,112,240,238,144,174,189,217,215,208,170,161,137,106,137,106,142,123,170,174,178,163,161,170,180,186,134,112,208,225,180,174,170,161,168,195,142,180,163,144,149,193,211,189,211,215,225,189,213,213,213,211,193,193,184,193,184,180,184,170,180,184,161,170,154,123,174,195,200,184,211,163,128,193,211,204,222,228,208,186,170,163,137,144,144,159,112,163,215,222,193,168,134,91,123,137,200,228,178,128,156,149,161,168,97,149,204,137,168,128,156,170,195,217,200,106,100,144,178,154,154,57,170,163,217,199,200,223,199,123,120,144,161,142,163,163,200,199,200,213,144,137,189,142,172,154,137,186,215,178,170,193,174,161,211,154,200,200,154,79,142,180,189,200,211,235,222,217,215,211,220,211,144,82,79,106,161,217,211,180,189,195,189,176,137,137,144,144,120,64,91,100,123,142,128,112,170,211,195,174,154,134,154,151,134,163,193,134,128,144,144,242,223,197,184,149,115,137,137,186,197,204,200,180,97,176,170,142,182,144,144,180,205,184,134,172,184,161,156,142,218,123,215,154,9,37,97,142,163,170,213,253,253,238,213,170,156,238,205,97,59,88,134,180,204,189,161,163,168,195,184,142,168,154,137,156,163,184,214,219,213,193
97,241,208,204,204,163,186,161,200,210,193,219,235,193,137,123,154,193,174,161,123,142,161,144,161,219,208,134,112,170,193,174,174,186,186,186,195,195,204,184,144,163,174,180,161,149,170,200,205,184,144,154,228,191,232,186,178,170,193,121,174,193,156,144,149,178,195,184,195,174,168,180,184,163,184,225,246,229,213,195,178,115,82,129,156,149,149,189,184,180,174,178,170,184,184,149,129,174,184,144,174,154,144,189,200,168,144,154,217,213,186,180,156,189,217,204,144,154,180,193,186,168,184,189,184,186,184,199,180,144,174,199,178,137,106,142,149,213,226,168,139,123,180,211,211,225,228,208,184,193,174,137,170,142,57,64,144,200,170,168,204,134,156,174,144,144,186,193,163,120,178,193,170,193,163,168,199,186,154,178,154,178,189,134,82,71,195,200,168,79,168,137,120,178,219,178,170,195,137,144,163,154,180,106,215,180,156,174,168,120,186,154,178,137,193,211,189,161,195,205,189,195,154,176,163,178,144,174,144,211,178,186,199,199,200,200,178,180,213,199,205,156,120,142,142,156,200,200,195,178,163,186,161,134,137,156,163,161,120,134,134,144,163,168,211,217,195,180,128,97,137,186,189,178,193,163,134,134,154,172,180,222,170,163,115,74,115,184,195,193,205,238,213,213,88,149,180,156,88,106,180,154,142,106,115,161,123,154,225,144,238,186,151,64,88,178,161,156,226,252,253,252,234,186,149,149,215,163,123,97,241,174,213,199,123,156,189,163,178,180,142,137,156,137,112,144,188,195,215,222,200
189,242,225,235,186,134,149,115,80,156,193,193,163,142,186,144,219,170,180,168,204,100,134,170,186,225,228,161,129,142,156,156,182,156,168,180,154,199,219,180,161,163,161,106,57,59,97,142,180,213,199,121,199,232,235,208,186,154,137,149,178,217,208,163,186,204,222,204,142,129,208,161,189,195,200,232,222,205,186,204,193,121,106,168,189,154,213,200,186,174,156,178,163,205,170,144,174,189,178,123,149,170,189,156,180,193,142,174,235,232,142,134,163,170,199,170,120,123,144,156,144,137,178,129,174,174,184,180,193,178,200,219,156,134,123,106,118,174,189,134,74,120,184,195,193,200,205,186,149,161,156,112,161,149,74,91,189,204,156,161,186,161,197,228,186,154,195,195,170,163,149,154,195,240,208,184,199,200,147,144,180,137,161,174,137,137,205,208,195,189,170,128,163,213,123,142,186,123,100,174,180,144,156,193,163,128,189,126,170,168,213,170,193,170,234,225,170,174,163,178,186,204,204,149,170,137,97,163,178,205,180,174,195,178,137,137,137,178,184,170,189,128,137,180,163,142,156,170,186,149,154,195,186,147,156,189,170,180,144,170,144,134,178,195,229,219,180,154,123,91,142,208,217,215,186,134,174,195,120,170,193,170,128,91,82,100,123,163,170,180,200,223,213,170,97,112,180,149,112,168,144,115,123,120,100,115,120,147,186,197,232,180,144,170,137,109,205,195,226,253,253,251,213,176,134,170,166,205,195,163,163,197,207,180,123,184,180,156,174,154,106,134,154,137,115,144,199,217,214,226,222
210,246,186,208,161,195,65,100,88,88,149,170,156,134,186,178,219,178,184,149,137,149,186,189,204,223,195,137,184,180,123,174,156,184,186,147,163,204,200,189,144,170,144,100,43,43,67,121,222,223,161,112,156,208,170,168,161,115,149,193,184,199,223,208,200,227,223,180,121,156,234,239,228,213,189,178,184,178,186,200,193,134,142,193,154,149,226,184,168,134,134,156,211,193,156,161,199,189,168,129,161,211,186,154,178,154,144,168,195,215,168,144,149,144,163,156,142,149,129,120,97,115,142,88,168,129,163,174,193,195,168,180,178,178,180,129,118,134,180,106,120,137,172,170,174,170,154,142,120,142,161,168,142,205,144,204,213,211,154,163,199,228,227,225,217,193,178,205,200,168,163,115,213,251,217,234,213,204,178,154,199,217,199,180,174,161,205,217,193,142,154,193,193,184,178,144,82,174,156,134,142,154,174,184,180,137,161,144,180,144,97,205,213,229,213,186,170,156,156,195,205,184,193,180,154,180,100,134,168,161,178,178,174,170,142,137,149,142,142,137,128,149,193,208,186,79,79,134,149,120,163,200,189,174,180,178,163,174,156,163,123,115,174,199,222,238,180,156,144,137,156,219,232,205,142,134,178,170,178,211,199,134,106,97,112,88,115,174,170,156,163,161,144,128,100,91,120,161,186,182,134,91,115,161,123,115,168,186,208,234,199,170,163,161,74,97,226,222,156,217,237,226,217,186,156,142,180,217,120,184,163,174,204,195,199,134,149,142,161,176,137,139,137,137,137,156,199,225,226,211,204
205,208,134,97,195,200,134,51,46,121,189,186,154,123,184,204,215,154,186,137,91,161,189,115,182,204,186,178,134,149,168,163,154,200,161,186,163,208,161,235,154,168,144,115,80,115,149,154,193,199,199,129,149,100,134,137,121,137,184,180,200,199,199,189,193,217,208,168,189,219,235,247,240,213,168,161,184,174,200,189,156,154,156,154,137,139,184,170,149,129,106,161,223,168,178,186,166,163,134,144,178,215,189,129,161,134,149,149,134,199,205,193,149,137,168,178,168,154,149,100,100,100,115,154,142,106,142,189,188,180,163,163,199,199,213,186,115,142,168,100,154,144,161,161,189,189,134,120,161,178,161,174,134,174,186,208,200,178,128,128,195,205,226,215,195,199,213,174,170,222,189,168,234,239,244,195,204,193,170,154,211,217,195,186,144,195,217,204,200,200,168,186,137,151,106,134,189,168,142,144,222,237,186,144,142,149,123,170,172,199,193,170,223,232,184,170,163,180,199,186,204,200,199,213,161,199,161,195,174,142,199,205,154,161,184,170,149,137,112,100,180,180,234,223,161,74,88,74,100,88,193,200,156,184,189,163,174,174,174,123,142,142,163,222,208,225,208,186,161,142,170,193,223,182,134,163,144,131,204,214,204,156,163,142,100,91,115,134,128,128,137,112,120,142,120,115,120,156,180,180,154,97,82,144,163,144,204,213,170,189,211,199,205,186,186,200,219,193,120,159,205,186,184,154,106,123,144,178,199,170,186,180,189,184,168,202,208,161,149,189,184,123,106,128,156,163,204,225,217,178,178
204,163,65,121,225,215,149,46,80,208,247,184,134,180,142,180,199,100,220,156,154,163,142,121,178,195,199,178,174,156,154,149,134,195,184,180,184,204,178,228,168,134,174,170,142,144,161,156,184,163,213,178,154,121,144,137,121,129,205,193,223,184,149,199,186,180,180,186,200,238,222,215,204,186,199,180,178,195,161,137,163,170,134,121,154,154,161,174,144,112,121,123,163,199,219,204,163,137,123,115,144,163,178,161,161,174,170,137,97,186,219,213,156,170,186,195,189,184,178,163,106,100,142,170,144,154,180,208,205,204,199,189,189,189,219,204,115,170,156,149,129,180,205,199,226,237,208,174,180,200,178,184,134,97,168,174,195,97,79,137,195,225,208,170,161,200,215,128,174,218,174,186,222,228,200,199,180,161,149,168,208,205,134,156,161,240,226,213,204,205,211,170,91,156,134,120,186,217,180,180,200,180,115,174,186,195,123,174,215,154,163,205,170,174,156,142,174,137,178,200,178,180,217,217,193,237,215,154,197,186,156,159,168,170,163,163,170,174,123,163,184,200,219,235,174,112,59,46,82,115,184,195,163,174,168,154,161,180,142,174,149,180,184,202,217,180,204,204,149,137,163,161,180,163,168,189,142,149,144,184,195,156,205,174,156,120,100,123,79,88,120,120,139,149,131,137,144,106,128,170,123,144,149,170,211,211,161,128,170,174,207,199,217,217,199,200,180,142,149,123,100,154,163,134,112,100,142,94,142,205,193,200,186,178,211,222,186,154,142,154,188,149,117,134,178,193,170,204,205,205,213
180,156,115,161,193,137,65,38,161,243,240,149,54,129,184,154,161,178,168,161,154,156,163,142,189,178,205,163,142,149,118,159,186,174,161,195,197,195,170,172,115,168,149,195,168,134,142,170,154,228,178,180,161,193,168,88,131,156,200,226,217,195,168,154,161,142,129,154,215,184,170,184,156,208,225,208,178,149,129,100,189,211,149,129,129,174,195,186,142,142,178,77,121,195,205,195,154,163,170,134,129,112,200,217,208,189,156,134,142,184,199,204,186,174,186,219,215,193,195,180,106,112,149,174,195,199,186,195,195,200,208,193,170,178,204,178,144,180,163,163,170,222,234,222,234,239,232,213,174,184,193,186,142,74,195,172,195,106,120,149,184,211,149,144,199,186,180,178,156,144,156,178,195,213,156,168,170,193,128,168,202,186,149,170,228,248,228,241,184,211,213,193,123,149,126,168,186,215,178,149,170,163,168,217,205,166,161,186,120,170,178,149,82,149,213,208,193,180,188,178,163,174,223,235,225,211,137,91,186,184,137,154,149,144,191,215,217,191,156,180,193,186,170,228,226,174,115,59,97,126,161,178,154,149,142,128,168,189,144,168,178,174,178,174,211,154,154,199,144,144,159,161,161,137,204,180,180,184,120,163,170,123,202,178,168,159,123,142,106,64,112,123,137,137,163,144,163,120,149,156,134,156,189,208,222,208,186,156,156,120,149,137,200,137,134,189,142,100,106,128,120,168,219,184,128,137,170,180,174,156,195,180,195,193,217,213,186,163,168,137,134,168,142,189,144,180,195,205,241,225,161
186,193,195,168,144,137,137,134,200,241,199,123,74,112,193,195,184,207,178,156,142,156,174,184,170,186,193,154,112,134,161,189,204,193,170,154,195,137,137,142,106,91,195,174,163,168,156,174,184,123,184,170,208,180,217,200,134,166,205,184,149,109,142,123,97,163,142,106,137,168,144,149,189,200,205,142,189,168,154,168,199,217,184,180,180,184,193,204,178,228,161,144,156,142,180,178,180,193,215,184,154,174,217,234,211,170,168,186,180,180,184,174,186,170,193,219,223,217,200,193,156,154,174,208,225,200,189,137,129,174,205,195,168,184,184,168,184,189,170,163,170,205,222,205,204,208,215,205,174,174,199,184,163,154,208,210,215,193,184,142,161,178,170,174,178,168,170,154,168,123,134,144,186,161,142,180,170,163,134,144,174,186,154,161,248,238,229,237,228,241,238,240,186,144,97,142,213,208,186,189,213,144,174,172,193,115,189,106,161,174,205,100,51,170,208,219,215,219,219,174,200,156,180,225,228,172,174,161,170,182,161,137,154,180,223,235,233,215,184,186,161,178,208,197,193,204,149,106,144,149,161,144,142,156,134,123,154,193,186,200,180,144,174,168,156,137,156,170,174,174,154,149,168,128,191,199,202,161,151,174,161,144,112,106,142,178,170,144,137,82,79,112,115,117,184,168,200,219,199,134,149,159,170,200,222,228,232,193,123,112,144,149,142,91,163,163,100,82,43,91,222,226,223,205,128,225,237,170,170,100,199,211,226,204,208,195,180,163,174,156,100,126,149,156,184,178,213,204,174,241,242
193,204,228,182,154,186,204,172,211,223,178,142,115,184,219,228,195,184,106,112,144,204,208,188,161,174,170,137,156,161,168,186,170,161,211,184,156,154,88,112,142,144,154,163,161,178,170,137,154,163,193,200,193,217,208,149,156,144,186,134,115,106,100,121,156,193,189,115,163,170,161,178,170,186,184,186,195,204,200,204,180,180,208,223,225,168,219,199,195,180,161,168,189,144,170,200,204,184,180,184,174,213,225,200,205,189,208,149,180,174,184,156,170,186,189,195,205,219,217,217,205,170,204,217,229,217,200,123,67,168,189,156,156,195,208,204,204,211,204,184,154,180,208,184,168,191,208,200,168,184,195,178,199,199,189,223,223,222,202,142,154,205,217,170,144,174,161,131,180,168,100,128,134,142,161,170,168,137,144,149,106,120,144,174,234,228,233,222,217,238,242,243,226,137,128,137,174,170,193,205,184,170,200,189,163,112,120,120,215,174,142,139,142,142,189,219,248,225,204,191,180,142,163,180,235,211,219,178,182,195,193,156,149,180,204,225,215,211,144,168,100,180,161,200,200,200,199,170,184,163,142,144,144,154,168,163,161,186,200,128,144,163,184,170,142,128,168,195,208,180,142,156,205,182,115,168,144,137,154,161,170,106,67,67,112,156,163,144,115,97,79,97,123,91,123,170,229,251,199,144,134,170,159,170,217,239,234,213,188,205,168,208,123,161,178,184,154,82,74,144,238,223,134,109,144,242,243,186,79,134,213,232,226,189,193,205,205,184,161,168,147,134,144,170,193,168,186,97,100,154,128
195,211,228,195,188,211,231,195,186,204,174,156,174,186,186,199,144,142,129,121,121,220,222,222,163,106,115,142,142,170,189,178,134,170,180,161,170,134,91,112,170,163,156,186,186,170,163,163,168,200,178,163,186,208,215,170,123,129,193,217,161,149,186,217,217,199,168,163,156,154,200,180,156,186,200,168,226,211,161,184,186,195,217,223,226,195,213,168,149,106,106,200,168,142,149,174,142,106,137,142,144,211,239,178,225,174,144,74,154,163,168,149,170,189,170,170,189,200,215,222,204,180,200,211,225,226,184,134,64,178,156,109,144,199,229,226,205,226,234,195,142,170,189,193,154,180,222,225,199,195,195,193,195,186,184,174,186,200,211,149,149,208,217,170,149,168,161,142,161,156,134,120,106,170,144,123,156,88,74,112,100,120,178,223,242,242,222,205,213,204,226,240,237,172,112,100,156,137,168,205,154,134,144,156,144,178,134,154,168,184,211,193,189,184,232,219,176,186,186,199,184,208,151,144,195,131,195,137,178,200,163,100,134,154,163,195,193,199,154,151,168,193,103,161,156,200,128,163,193,199,195,170,178,223,168,168,184,174,193,170,170,199,205,195,149,161,200,211,204,170,142,184,193,168,112,123,120,137,180,174,163,91,91,97,91,128,144,112,103,112,120,91,88,79,97,180,229,242,195,168,156,170,154,163,195,195,193,215,234,217,174,186,178,137,168,168,137,115,139,144,218,199,59,79,211,235,217,170,137,168,209,200,217,144,156,193,195,197,195,193,186,123,170,199,154,205,161,21,79,16,16
178,195,213,189,191,215,189,168,180,200,184,161,184,195,186,170,109,161,149,100,178,184,222,225,144,65,123,200,213,180,204,149,134,139,174,193,168,123,142,129,144,170,174,189,170,142,142,170,163,178,154,180,189,208,200,174,121,154,195,213,211,222,200,168,193,180,154,174,178,215,242,174,168,200,200,211,215,213,154,129,137,163,208,189,178,204,154,115,161,137,199,163,178,154,112,123,112,123,134,97,149,228,228,204,163,134,67,67,186,161,163,149,226,178,161,180,178,199,211,211,205,134,154,211,204,225,168,168,161,178,156,115,134,200,228,208,204,208,211,184,186,195,123,154,156,213,223,222,174,186,217,199,170,120,170,156,172,189,195,154,149,184,184,170,168,156,161,161,91,137,180,170,154,174,159,149,106,38,57,120,137,161,213,251,253,251,241,219,180,163,225,242,242,208,120,91,137,170,189,195,170,142,142,156,161,163,156,186,178,199,211,154,178,223,222,186,189,232,225,195,215,174,200,197,100,137,154,199,180,144,189,123,144,154,149,161,180,174,144,204,186,137,144,142,229,139,144,149,199,235,211,211,223,184,180,142,137,168,202,170,137,168,189,154,168,168,180,189,168,154,154,168,120,112,142,144,123,149,205,189,139,100,91,100,79,106,168,123,112,137,123,100,71,100,120,156,184,199,205,211,178,144,142,161,176,142,115,156,163,154,142,123,154,85,112,64,79,149,154,161,170,163,137,149,199,199,195,217,197,156,154,200,186,186,186,170,205,209,205,207,182,144,142,193,199,193,180,82,76,43,30
161,168,168,178,199,195,137,147,184,199,193,184,174,170,129,163,142,163,115,156,161,195,205,186,134,82,144,219,200,193,200,142,189,129,184,134,161,163,112,184,199,186,184,170,121,97,149,163,163,156,129,186,170,219,156,154,178,213,211,204,211,195,199,178,137,168,174,178,197,204,193,199,195,163,168,232,205,184,174,161,144,144,168,193,186,170,156,193,226,211,134,142,174,144,149,106,121,106,80,100,184,215,204,168,121,180,137,195,211,184,174,213,174,170,142,163,170,199,223,200,154,82,115,186,186,174,217,195,199,168,168,154,178,219,223,199,195,161,154,186,174,186,106,112,174,211,193,161,186,204,204,180,134,134,180,170,184,189,195,180,120,170,205,189,168,168,168,163,134,163,200,195,200,168,149,174,115,91,100,142,163,174,205,247,253,249,252,242,205,208,242,252,253,237,134,112,144,174,195,195,195,180,156,193,188,144,137,170,168,170,199,170,178,205,199,200,235,219,186,186,178,193,228,170,137,199,174,200,182,163,178,137,142,189,170,170,120,174,204,103,112,115,154,193,128,184,163,128,193,202,213,204,186,166,112,123,134,189,161,180,163,156,195,156,139,182,151,134,156,144,186,193,144,156,134,123,120,161,193,174,112,120,126,88,100,106,161,170,144,161,156,156,151,134,142,120,134,180,223,235,195,151,142,139,144,120,64,51,106,161,134,91,106,79,43,37,67,137,174,163,142,142,182,163,174,200,219,224,195,149,137,184,184,218,200,189,200,205,195,197,178,149,149,176,205,178,200,149,142,112,184
205,186,151,174,154,142,184,174,149,184,184,180,168,129,142,178,168,142,142,156,137,182,205,156,123,142,200,239,215,163,168,154,168,154,115,161,168,170,154,154,178,161,142,137,134,106,161,211,174,97,80,142,189,193,178,204,170,195,204,186,195,205,200,166,134,121,180,189,149,149,170,174,163,154,163,208,223,211,184,184,184,161,97,123,134,174,189,215,186,137,178,137,123,142,154,144,174,134,121,137,174,180,189,170,184,213,204,213,199,186,199,178,154,149,154,163,161,170,208,184,134,142,120,137,144,186,204,168,170,168,170,170,195,205,208,199,186,170,163,174,137,156,168,149,186,156,161,168,213,189,156,156,142,170,204,189,205,195,200,208,74,154,217,186,154,184,195,170,163,163,195,186,195,161,109,161,174,174,142,144,186,156,154,205,235,234,250,226,238,243,242,255,255,250,208,184,154,82,154,226,215,205,186,195,204,168,79,115,180,180,161,170,154,170,208,235,242,186,161,186,159,205,235,200,208,208,211,189,189,217,142,128,200,205,156,156,184,123,137,115,31,149,137,199,199,168,137,161,174,189,205,189,115,100,112,149,195,137,154,195,189,149,189,142,123,57,174,142,134,178,149,174,174,142,161,142,134,154,154,67,154,134,76,43,37,82,147,186,137,134,142,161,134,91,142,180,103,195,217,208,234,149,120,170,123,115,106,137,161,178,147,106,142,115,79,97,94,106,176,170,142,128,172,200,186,186,222,229,200,184,168,166,168,174,180,178,180,204,189,186,200,184,156,142,184,208,204,186,178,199,211
234,229,189,161,142,163,189,184,154,166,170,161,168,156,168,154,154,134,129,156,161,178,186,163,144,168,237,244,222,180,168,180,170,174,161,121,195,156,174,112,144,106,82,118,123,129,184,228,161,88,20,29,129,129,149,142,199,204,178,189,222,223,200,174,156,142,170,178,112,25,97,112,144,161,174,178,217,226,193,215,204,149,121,134,204,154,168,168,163,112,88,154,161,156,178,200,180,195,163,170,170,168,163,186,199,184,225,225,184,144,163,161,123,144,168,163,149,134,161,163,144,149,91,88,142,186,180,168,186,184,168,156,156,170,168,170,189,184,178,186,154,156,163,170,193,174,170,217,189,168,180,163,161,170,193,205,211,208,219,159,82,149,180,204,163,193,168,184,205,168,168,184,156,168,134,163,204,200,161,168,174,163,137,128,161,189,208,197,225,217,240,251,254,252,249,228,149,38,100,228,193,189,195,195,195,178,97,128,200,142,144,144,134,168,242,237,204,205,193,170,128,144,228,217,184,200,208,199,170,186,193,186,207,204,178,161,128,168,142,57,57,170,211,184,176,217,189,156,144,156,189,149,106,149,149,144,163,163,211,144,188,144,163,134,112,184,144,147,195,204,168,180,144,149,161,149,106,154,123,126,184,184,37,17,9,20,115,134,109,106,120,144,82,142,154,154,178,200,242,193,149,137,112,156,144,144,180,186,120,149,134,149,178,142,180,161,112,182,207,182,137,154,180,186,166,156,208,232,222,186,189,168,154,137,142,178,186,184,189,180,193,170,156,156,137,225,211,199,211,199,208
195,242,197,178,186,199,186,195,184,180,178,170,170,149,134,149,137,123,144,168,154,166,178,170,154,180,237,242,242,239,205,186,170,159,147,106,180,170,189,115,59,46,74,74,88,144,195,193,154,36,20,7,25,43,43,156,184,195,193,208,213,211,193,178,139,129,156,161,106,100,163,156,142,168,137,121,180,246,248,225,200,156,129,112,142,123,106,142,137,142,134,134,134,215,213,213,174,189,229,168,142,154,193,184,161,134,199,184,161,144,144,163,163,154,193,200,189,174,174,129,144,129,100,193,115,134,184,180,184,184,168,189,193,137,134,174,195,204,215,200,170,186,161,200,208,204,225,226,178,178,200,163,163,180,154,170,168,189,204,168,154,163,170,189,170,163,161,199,200,137,120,170,128,142,161,193,199,193,168,174,200,184,154,120,154,166,163,142,128,154,186,200,251,244,248,242,156,67,112,180,142,154,188,186,168,205,174,184,178,142,163,154,123,168,229,234,204,199,193,193,163,91,178,184,189,170,180,180,170,161,197,219,215,213,204,195,184,137,115,94,123,180,161,174,186,178,178,178,170,161,184,186,156,142,163,156,156,211,204,154,134,128,154,154,74,137,142,168,215,199,156,112,137,180,149,123,149,184,163,178,117,149,59,31,25,35,64,88,120,154,172,120,120,144,128,186,168,184,202,154,100,120,168,174,178,193,186,186,120,142,120,168,128,137,142,151,142,205,225,204,204,191,163,163,168,170,186,225,225,184,142,195,188,151,144,186,180,172,200,184,174,163,134,137,112,222,184,211,200,186,200
204,189,178,191,144,180,204,211,186,174,205,200,193,170,170,156,129,154,170,163,134,156,161,149,144,170,208,234,251,251,222,186,174,161,103,100,170,195,195,100,25,31,67,59,80,123,137,142,100,22,10,5,5,10,25,97,168,178,154,180,186,193,174,142,154,156,189,154,205,189,154,204,174,180,115,149,223,241,243,223,170,149,129,106,112,174,91,149,189,178,154,215,154,211,174,88,195,199,178,199,170,180,205,154,178,154,134,156,186,168,184,134,144,199,229,223,219,211,163,120,120,144,180,154,137,82,204,189,174,163,184,200,178,149,161,178,186,208,189,149,205,205,219,241,219,229,211,156,168,204,211,186,161,178,149,154,154,144,168,189,186,149,149,174,168,172,180,174,144,139,120,149,123,88,163,202,200,180,159,154,211,170,161,156,156,142,115,88,79,100,144,161,195,232,234,208,189,154,149,154,142,142,161,120,200,200,199,211,182,186,144,174,144,161,200,213,186,163,200,217,193,82,168,215,199,134,174,195,208,223,211,200,208,214,205,195,134,115,137,168,174,170,154,134,166,174,156,184,170,161,168,174,163,144,131,151,161,180,229,223,180,154,168,142,161,163,180,188,195,186,170,161,123,128,106,142,178,204,161,128,172,144,115,137,112,97,123,85,74,174,170,144,211,178,178,180,154,202,180,128,112,174,174,170,149,180,195,137,217,180,193,163,163,149,131,154,184,149,199,200,219,217,144,149,168,161,202,219,189,134,174,163,213,178,149,115,161,156,168,170,163,195,112,112,147,180,170,200,180,151,176
168,137,149,178,163,163,208,222,204,163,193,205,195,204,144,149,121,156,174,186,161,142,151,180,163,134,163,211,244,239,213,189,163,129,80,121,168,204,170,134,91,67,97,106,106,129,134,100,74,36,10,6,5,5,10,88,154,170,134,154,154,174,163,142,156,178,178,121,156,195,178,225,174,168,142,154,170,174,213,213,154,123,112,123,139,170,144,174,57,208,178,199,199,200,129,161,156,217,204,184,180,163,217,170,200,100,213,137,215,137,186,174,163,170,223,219,195,189,156,149,115,154,161,129,149,168,115,195,170,186,149,154,154,163,178,156,134,67,142,115,123,208,234,215,219,163,189,174,211,205,204,210,184,161,184,178,156,156,128,156,178,134,186,156,142,142,134,156,174,168,142,149,142,115,163,199,189,154,134,115,142,154,166,142,115,128,154,97,88,144,168,161,178,204,200,186,200,200,170,163,149,123,123,168,205,186,199,219,188,161,156,166,204,186,189,189,182,193,195,211,193,154,241,242,217,193,163,211,244,239,180,193,217,199,174,163,115,182,142,188,195,170,184,195,134,142,166,170,189,182,166,144,161,144,128,115,154,186,178,195,180,163,178,204,195,180,156,161,178,180,139,106,120,144,137,137,142,123,144,137,151,154,142,154,156,112,64,112,123,134,168,178,236,217,234,184,161,115,137,137,112,215,211,161,168,174,184,208,237,211,219,131,204,106,82,100,128,128,161,168,161,195,205,174,144,137,211,213,195,91,170,97,229,170,178,106,115,149,142,156,163,186,161,168,123,142,200,156,156,156,142
142,115,178,195,182,172,172,204,193,154,154,174,149,142,163,186,142,142,180,189,144,129,174,180,154,118,161,215,219,204,163,168,149,74,129,161,174,200,134,137,156,142,142,151,170,168,154,97,51,36,29,25,10,5,15,91,137,154,168,161,144,154,144,142,156,168,149,112,91,121,149,144,142,137,123,134,134,142,180,174,106,106,129,129,174,161,184,149,100,174,149,180,228,219,156,123,149,161,178,161,156,144,204,149,200,205,184,112,142,180,120,91,174,193,204,226,211,186,186,123,88,144,115,178,142,129,174,174,137,161,115,149,134,115,163,154,129,115,67,170,170,154,204,170,186,184,225,180,195,178,178,195,186,186,163,178,195,154,128,174,215,186,154,91,100,106,142,189,178,170,180,163,163,156,170,178,137,100,144,91,88,166,161,134,112,144,200,174,180,184,174,208,193,174,199,174,168,193,174,149,144,163,168,168,199,186,193,213,168,137,168,184,226,199,193,223,199,163,170,168,204,208,238,251,222,204,161,208,226,211,191,199,211,195,193,200,168,180,120,168,178,191,195,154,163,180,134,163,204,193,149,168,193,184,176,59,115,123,174,189,193,199,180,199,217,168,189,211,193,161,149,144,144,180,151,154,142,115,100,100,123,149,163,161,149,161,120,112,134,128,182,202,178,180,161,142,166,144,123,168,195,180,202,195,184,161,208,217,211,186,159,142,142,174,97,137,117,144,142,156,195,156,120,174,168,144,161,186,209,193,120,149,180,161,137,128,128,163,161,161,170,170,193,163,115,180,178,137,156,170,163
65,106,195,200,170,180,129,65,142,174,156,142,91,147,237,180,129,112,168,137,115,156,134,129,156,170,184,211,222,205,123,186,163,144,163,154,199,191,82,57,149,178,172,174,170,149,142,123,91,22,100,88,46,22,38,80,156,163,170,174,166,149,115,129,154,142,163,134,82,82,100,97,100,142,156,144,174,186,134,134,134,91,137,129,134,161,156,129,121,129,168,200,239,232,174,121,100,97,131,180,154,137,156,208,208,199,142,134,178,168,28,112,189,193,204,204,200,195,186,106,57,144,178,137,184,241,193,178,168,144,129,134,123,186,170,82,144,193,163,100,174,97,195,200,184,228,195,174,186,205,219,213,186,156,149,193,163,168,189,208,205,204,106,64,120,128,149,134,134,154,174,174,174,178,123,134,142,112,163,137,149,184,193,163,156,149,195,219,199,137,163,200,178,156,200,170,137,186,174,144,170,170,161,168,195,184,170,180,149,142,180,193,205,200,186,199,180,128,128,174,208,188,211,250,186,204,217,178,156,217,234,188,178,200,205,217,199,142,115,174,156,174,170,174,163,149,120,156,174,168,149,144,204,205,180,112,123,123,163,134,189,186,161,161,197,204,211,226,186,123,88,156,200,144,170,163,123,149,112,100,112,134,149,174,161,174,156,106,184,188,200,213,170,137,128,137,174,178,159,161,186,180,205,215,195,168,161,225,199,134,134,168,142,149,149,128,144,134,97,142,195,174,120,134,144,128,142,180,214,229,184,142,144,156,182,186,170,163,151,128,174,180,168,156,134,159,149,178,144,170,159
46,123,200,225,208,161,149,149,161,178,163,186,184,193,213,161,97,154,161,144,144,154,88,144,168,174,186,193,219,208,137,193,156,170,106,100,202,189,59,22,115,191,189,168,80,46,129,186,100,43,134,137,142,121,95,100,178,168,156,186,189,129,121,137,115,151,193,144,161,137,82,88,91,137,174,211,205,184,137,154,154,88,103,144,112,144,121,144,195,154,186,228,240,219,142,121,123,134,149,189,186,184,161,144,193,208,174,163,168,154,193,134,170,193,215,205,208,168,106,156,106,106,193,180,199,168,156,204,180,142,88,106,142,144,170,112,156,205,144,186,137,129,193,199,154,193,200,205,229,223,229,200,144,137,82,154,120,213,200,223,189,161,100,161,144,174,163,180,168,144,178,215,188,154,137,137,137,168,170,204,204,199,228,163,120,144,174,193,134,106,137,142,163,144,186,204,186,199,154,149,186,170,144,178,168,120,115,123,134,142,184,193,204,189,149,142,170,137,156,195,200,184,180,195,208,235,241,186,174,228,240,178,134,186,204,211,195,134,154,184,154,184,149,180,128,144,142,131,128,137,154,154,180,195,186,170,142,168,142,161,174,186,142,170,186,161,156,168,149,115,149,156,120,161,170,123,189,161,120,128,142,149,112,154,154,120,161,156,161,215,205,208,161,131,174,142,170,186,204,215,168,178,199,186,154,154,137,199,149,151,154,195,208,97,154,134,137,134,126,174,189,115,97,131,120,156,142,180,225,188,149,186,170,149,137,170,195,168,147,137,180,193,134,149,178,161,170,163,142,161,170
112,142,180,223,225,154,144,186,178,161,163,154,180,217,199,199,149,180,215,156,100,137,100,142,195,191,197,204,200,208,168,142,134,97,82,106,200,232,71,17,161,217,184,149,82,57,161,204,142,106,100,154,156,189,112,121,144,168,211,199,174,154,144,115,106,178,142,142,170,200,121,121,142,100,170,200,204,200,184,168,142,97,91,115,134,149,149,184,215,178,170,215,250,225,189,168,129,163,205,235,222,200,170,180,195,144,186,137,154,189,161,129,168,199,178,156,156,189,200,142,115,97,163,195,163,193,184,193,174,142,100,106,120,129,189,213,163,186,200,195,163,178,184,91,100,168,180,168,156,214,219,213,170,186,178,161,193,208,222,184,163,204,166,218,154,208,184,163,186,161,186,234,189,205,161,180,156,200,180,225,204,195,186,120,100,180,189,120,88,128,168,170,193,180,208,234,213,156,149,170,163,168,156,174,149,97,82,88,115,161,217,195,163,144,100,163,178,180,180,204,195,186,174,174,215,223,213,199,195,223,223,149,100,166,204,200,184,149,174,193,178,170,144,168,174,180,154,137,149,170,170,163,149,199,213,186,208,195,154,180,128,163,142,123,154,156,123,128,144,115,100,94,100,170,163,178,195,170,170,128,154,120,97,100,91,128,199,174,180,202,200,232,186,149,217,144,174,182,195,100,168,211,180,156,180,142,200,219,232,154,144,184,142,123,123,142,147,144,120,137,149,144,134,170,178,142,189,193,106,128,170,211,144,134,154,161,168,154,168,176,128,154,199,168,178,186,180,199,156,144,195
149,134,163,200,215,211,184,195,178,163,161,142,163,180,174,178,174,174,217,237,166,97,91,134,211,238,200,156,149,168,137,134,163,189,142,123,217,238,123,41,156,205,186,142,137,174,186,195,217,142,149,115,142,180,80,57,129,184,195,195,193,186,112,91,137,154,106,129,149,222,213,154,142,95,149,149,178,211,199,156,137,137,115,137,184,144,189,184,170,149,149,217,228,217,186,159,154,168,215,235,208,211,211,186,154,121,144,149,123,142,168,144,156,144,106,134,217,235,219,154,144,137,184,200,170,154,178,161,186,161,120,134,137,163,180,199,208,205,223,195,163,205,170,154,186,154,161,163,154,163,156,115,88,115,217,217,222,229,213,168,161,170,205,208,199,193,217,211,195,180,178,225,237,234,238,178,211,208,213,186,200,174,120,134,142,180,182,120,144,200,200,240,229,235,225,239,204,115,163,174,134,174,184,168,186,154,134,156,115,204,204,161,128,106,137,174,184,186,163,180,204,200,180,191,195,174,189,200,154,163,178,144,100,128,163,193,180,134,156,205,189,156,186,204,199,199,195,186,202,195,123,115,184,219,211,184,205,205,161,156,67,112,137,128,161,161,134,149,154,149,120,79,137,142,161,159,142,156,174,147,134,120,106,97,100,142,168,197,213,178,205,200,197,178,163,154,163,182,184,163,149,144,174,184,123,106,144,213,234,200,180,232,115,137,106,149,180,134,142,163,184,142,200,211,213,186,195,156,170,195,144,186,174,134,204,193,178,217,205,170,180,197,180,205,223,186,154,170,195,180,170
139,100,189,223,222,219,186,174,174,151,161,170,229,195,142,142,172,211,195,163,106,74,71,106,189,223,195,189,174,129,112,166,178,134,178,142,163,184,95,106,180,217,184,163,168,180,199,200,205,204,129,65,137,168,149,88,121,156,180,200,217,168,134,137,121,121,137,112,180,170,205,115,100,184,142,144,156,180,170,142,149,154,137,142,166,184,163,115,168,97,170,199,170,178,178,149,193,200,193,189,156,180,161,180,106,156,142,168,115,115,163,199,149,168,137,123,213,241,200,186,129,144,186,186,180,204,178,170,178,184,184,199,208,200,180,163,199,232,161,193,193,156,178,161,208,199,112,129,144,115,115,88,91,174,232,223,223,222,200,217,154,142,199,208,204,195,217,228,208,199,204,211,228,222,213,225,234,184,189,180,174,144,178,161,154,115,149,168,168,235,252,246,244,250,229,219,199,166,156,170,161,178,211,222,225,232,223,208,174,205,134,180,128,109,170,174,178,178,154,154,204,225,205,178,174,205,205,211,142,144,174,144,115,120,163,195,166,123,163,195,200,180,193,205,211,211,193,189,200,168,67,106,222,211,154,154,174,178,170,137,67,91,134,142,137,142,154,163,170,178,170,142,168,120,112,120,134,137,156,161,168,139,115,115,106,112,159,184,180,180,178,186,106,51,128,193,209,204,188,168,170,168,200,170,57,25,142,202,208,235,213,219,214,161,189,156,180,123,156,128,91,211,225,168,161,232,174,149,168,163,161,193,106,144,180,233,217,195,170,149,217,144,195,180,226,204,163,186,193,134,184
134,88,189,242,213,168,184,199,180,149,170,149,213,195,106,170,200,205,154,161,106,59,51,112,186,213,195,204,180,154,121,163,163,149,106,115,82,123,121,106,137,195,208,174,121,123,195,213,195,180,134,95,115,161,163,91,59,154,195,195,199,178,115,142,178,154,134,129,144,129,159,129,168,232,186,161,163,106,137,156,154,134,82,121,178,204,149,134,154,134,178,156,180,149,144,184,223,222,154,154,134,180,161,204,134,186,112,189,123,161,142,199,211,193,149,106,205,228,200,163,129,170,180,193,184,168,205,211,195,189,217,215,186,142,120,115,112,234,149,217,170,168,199,200,199,217,178,115,106,112,97,120,123,128,199,211,199,213,128,168,174,154,193,189,178,195,215,200,208,219,199,168,161,154,213,232,241,235,217,208,184,199,180,137,142,128,128,170,222,246,222,228,243,247,217,204,213,156,149,163,134,178,238,225,234,251,241,213,234,208,223,200,149,149,195,199,193,149,128,184,208,205,204,180,174,235,217,199,199,170,174,134,149,168,202,174,134,128,154,163,178,154,186,163,193,193,168,151,144,120,91,123,154,144,115,163,137,144,161,82,106,112,112,128,128,156,156,144,178,170,178,186,154,144,161,142,156,154,142,128,144,142,128,142,147,184,199,163,154,161,156,151,67,64,189,199,213,213,174,163,174,168,170,170,79,82,154,180,205,200,213,168,205,222,156,149,161,134,112,144,174,205,223,156,142,193,182,228,149,170,134,189,131,189,137,88,142,154,137,163,180,204,134,154,195,199,176,128,200,174,134
142,163,154,213,211,115,195,226,156,154,129,178,211,186,137,174,161,195,174,195,168,137,80,142,186,193,228,204,144,144,144,170,159,154,112,112,97,123,142,137,186,200,168,163,121,106,170,223,193,184,170,144,134,137,129,91,123,178,204,204,180,178,163,134,174,156,112,134,142,168,142,163,205,219,223,154,144,134,144,168,154,121,91,137,168,174,163,174,156,186,170,168,184,174,163,222,228,200,156,154,174,178,199,180,163,151,161,205,129,208,142,178,229,204,156,170,178,193,193,144,178,154,195,123,204,149,215,186,204,200,200,217,161,100,106,123,120,186,208,180,200,200,195,208,244,252,144,38,79,129,106,137,180,142,180,170,170,134,100,43,134,217,189,180,137,137,170,189,200,174,123,142,170,211,168,204,228,241,239,226,234,234,193,213,225,208,154,170,204,217,199,193,208,211,213,204,170,178,154,134,142,142,186,225,217,213,217,200,211,225,232,225,189,178,208,235,199,118,137,191,163,172,199,180,161,217,204,168,215,213,154,168,199,204,186,170,156,137,149,144,144,149,134,123,180,154,137,120,117,112,115,112,134,161,149,128,106,154,149,97,137,117,106,137,134,142,142,115,144,144,180,163,144,200,199,144,178,137,149,123,112,156,156,163,195,204,217,200,149,123,149,156,120,142,193,195,205,200,134,123,178,170,156,174,149,134,186,144,163,180,186,156,180,170,149,149,154,144,142,156,170,189,189,156,154,180,208,168,106,97,168,156,163,204,142,97,120,128,120,154,178,168,204,200,154,170,193,163,112,112,168
82,123,178,189,222,199,178,180,166,195,106,208,214,193,199,137,154,195,217,189,217,195,142,144,199,193,199,199,156,142,180,170,106,170,170,106,215,184,156,186,204,226,217,163,100,80,161,166,200,195,174,161,129,91,82,137,142,180,208,211,174,163,149,161,144,149,123,174,129,121,156,188,186,189,204,178,174,168,163,149,137,149,142,112,137,174,184,193,180,163,188,189,168,186,199,208,186,178,170,144,174,156,149,186,142,163,215,189,191,213,184,149,186,213,170,174,189,144,137,134,193,129,163,154,180,182,174,154,149,184,170,213,208,174,163,142,134,149,154,215,199,199,219,217,244,193,144,154,186,195,189,163,168,82,168,186,154,137,67,97,237,178,174,128,106,128,184,208,225,168,91,170,186,199,184,205,142,205,189,213,213,217,242,244,243,243,240,217,213,186,208,180,163,149,161,144,186,208,189,170,74,38,112,168,120,123,193,180,161,208,246,244,200,178,170,205,215,149,120,149,163,204,189,100,149,180,180,154,189,223,128,178,237,223,184,149,144,156,174,168,161,161,97,115,137,128,106,154,128,106,144,137,174,184,161,137,142,170,142,134,128,120,123,134,112,120,128,120,115,142,144,156,186,184,144,161,144,88,151,144,106,142,156,154,178,178,186,217,193,134,120,120,137,156,174,208,208,189,106,106,161,142,154,161,170,156,149,115,142,109,144,156,163,154,120,156,149,134,142,174,159,134,120,137,168,182,154,163,142,88,170,186,180,154,174,137,142,134,91,103,112,184,193,189,174,174,134,120,106,137,178
144,106,186,219,184,121,126,195,195,149,168,215,222,213,204,163,156,180,229,222,208,215,170,180,168,215,200,184,144,161,180,178,193,211,204,184,239,226,161,204,225,217,208,156,97,180,205,144,184,184,154,170,134,74,121,156,186,204,205,200,193,144,123,154,134,115,149,134,134,144,174,170,193,144,186,204,193,184,156,137,142,144,106,144,174,178,186,186,174,170,168,178,170,184,186,170,168,170,144,149,168,154,154,170,144,163,184,163,195,195,161,156,156,163,149,112,156,170,137,129,174,161,149,189,184,154,186,184,156,163,184,195,225,200,154,180,178,180,180,199,186,200,178,168,156,168,211,232,242,240,242,237,161,97,128,205,170,186,161,189,170,189,189,74,142,149,186,184,163,193,161,161,238,161,195,217,211,217,128,215,142,226,219,229,217,229,228,211,149,161,163,178,120,97,154,208,178,184,189,178,112,115,100,64,59,82,144,195,174,217,235,229,189,137,161,161,161,178,144,156,211,200,189,149,149,170,156,161,154,199,184,178,229,232,193,106,144,195,195,205,217,193,154,128,134,134,154,184,123,137,161,163,154,156,168,149,156,161,144,123,123,106,123,123,131,115,100,100,123,151,156,168,178,144,115,144,88,142,128,100,112,128,137,149,156,137,144,219,205,156,142,134,120,161,170,205,208,204,134,106,137,137,168,178,161,100,154,112,100,100,142,161,154,149,142,149,154,149,120,97,123,134,123,134,106,134,182,174,94,97,178,193,193,161,154,168,142,142,100,115,149,170,225,180,174,199,128,106,144,120,154
174,176,161,184,178,154,154,180,170,163,219,215,213,251,250,211,184,174,237,248,170,154,184,142,156,246,189,161,142,180,184,180,204,200,186,222,235,217,205,208,205,205,193,156,161,180,184,208,180,200,134,193,74,91,161,189,229,237,205,154,115,134,144,137,134,106,144,144,137,129,156,208,195,174,142,161,189,189,178,161,137,112,137,156,178,144,188,137,211,178,134,189,168,163,154,156,168,142,170,199,195,215,163,142,149,134,137,134,174,186,156,163,142,106,67,64,121,193,161,112,180,195,149,168,174,180,215,226,184,154,184,205,199,156,154,195,184,174,186,180,180,170,97,129,174,163,184,213,223,225,239,205,156,189,174,195,170,170,149,149,142,193,156,134,163,193,174,170,168,174,199,189,134,184,205,163,234,219,199,178,199,168,204,189,161,170,186,154,154,137,170,128,112,149,137,186,178,186,161,112,161,161,79,74,123,123,188,205,149,82,222,229,186,161,106,144,161,166,188,205,217,223,204,211,227,170,156,168,163,161,193,208,211,208,184,156,163,205,213,215,225,229,217,189,195,184,184,186,137,144,156,174,142,115,156,144,137,154,154,134,128,82,115,112,156,115,97,106,137,176,170,149,168,168,128,120,115,142,120,88,115,106,126,168,142,100,161,184,197,178,199,161,156,137,161,186,178,174,182,142,149,170,161,186,163,100,180,115,144,149,134,109,126,178,156,149,168,161,74,64,161,120,67,82,97,106,211,176,112,154,170,186,168,137,123,137,128,128,137,137,161,170,199,186,170,197,115,79,120,163,161
186,193,178,174,163,154,189,214,189,213,200,159,211,251,253,238,199,217,225,193,178,144,121,161,223,238,161,137,204,168,163,178,204,199,180,207,219,207,234,213,180,193,184,170,168,180,195,211,174,168,154,137,112,149,123,220,241,229,211,156,142,97,88,137,123,142,154,131,193,178,123,200,199,200,137,67,142,195,178,170,142,115,154,199,170,184,174,166,144,121,161,168,184,144,134,134,178,172,178,217,231,193,184,144,178,129,144,163,149,219,189,154,142,123,112,134,163,213,142,154,184,195,168,142,134,199,228,222,180,161,189,199,184,180,170,174,184,142,134,163,156,193,134,161,186,154,137,149,170,186,215,219,195,186,178,180,156,144,161,120,120,180,189,180,161,134,168,178,161,156,156,170,137,174,161,161,142,205,195,217,178,213,168,178,184,180,156,137,195,161,178,115,211,106,211,134,142,106,144,134,163,156,97,79,128,163,189,161,106,186,248,215,213,186,115,189,144,204,214,223,237,232,229,219,217,232,211,163,100,200,200,193,180,174,178,178,199,213,178,161,211,242,232,213,213,217,170,168,149,123,142,170,178,139,142,115,137,161,161,144,120,82,106,134,137,147,137,149,144,147,161,170,170,168,137,137,128,100,100,115,100,120,137,142,134,112,142,174,186,180,184,174,174,115,144,170,142,149,186,161,161,174,168,186,180,144,202,134,168,174,170,106,163,156,184,182,193,178,131,126,178,154,79,74,100,170,193,184,149,163,170,170,154,154,144,151,137,126,142,156,168,154,168,222,199,174,174,163,156,182,189
217,195,180,186,115,149,182,222,235,223,163,156,228,242,253,238,168,200,229,217,168,134,134,176,205,163,163,161,161,168,144,156,204,205,199,142,144,211,235,205,154,172,156,163,170,168,211,200,123,82,154,137,156,170,156,218,219,204,189,149,154,149,115,123,115,123,193,180,219,208,199,217,195,178,97,180,131,144,195,161,168,163,208,211,199,134,134,174,144,137,195,186,163,137,149,168,178,144,137,195,186,161,193,144,189,163,186,184,189,211,228,211,142,154,195,178,211,211,174,154,161,200,178,137,112,186,234,204,149,163,186,195,202,174,168,204,137,129,97,120,123,184,142,142,193,170,144,144,142,184,217,223,204,219,184,180,195,144,128,144,174,186,195,161,170,163,144,156,186,186,168,178,170,100,128,154,161,174,200,204,178,186,170,161,219,193,178,186,170,199,193,178,170,193,134,180,149,100,193,180,170,144,120,115,168,204,193,163,211,248,250,237,242,170,142,144,215,186,161,161,195,226,229,219,244,237,195,189,200,195,144,149,144,137,156,168,174,120,142,178,205,204,211,200,195,195,149,149,170,142,156,178,149,123,144,137,142,156,156,144,120,106,126,134,156,170,170,170,120,115,144,168,144,142,149,134,128,120,134,144,123,134,100,112,131,149,154,156,156,142,174,180,174,147,137,156,149,180,176,168,170,180,189,186,163,156,174,126,123,163,195,168,195,163,189,193,235,229,204,184,180,200,186,142,120,161,120,193,120,134,170,120,184,205,211,195,182,168,144,106,200,128,199,204,229,134,195,156,211,243,209
200,195,161,112,226,193,154,219,242,184,168,115,222,253,239,174,144,189,215,178,118,137,170,134,178,189,142,168,142,156,139,142,156,168,154,142,137,193,200,213,184,156,106,85,156,195,213,193,91,29,149,217,200,186,142,154,204,205,193,178,189,184,149,142,149,149,178,163,215,217,193,200,161,178,178,163,161,144,163,144,154,199,144,186,184,137,149,156,184,149,163,151,149,144,180,129,115,195,195,154,137,180,129,184,208,193,174,204,225,193,219,222,199,180,180,178,208,184,178,170,186,199,112,154,180,168,225,189,123,149,174,193,186,144,217,204,88,115,67,97,74,82,120,144,170,170,156,149,149,193,228,235,208,204,193,195,178,186,184,184,178,195,193,161,161,184,170,163,186,200,193,144,134,170,180,195,219,193,186,195,174,174,178,144,168,180,142,156,154,195,205,186,180,180,204,128,168,186,195,180,174,174,180,193,193,211,199,144,182,239,240,236,205,178,161,154,142,178,137,161,215,215,156,100,205,178,149,106,195,213,222,134,170,128,149,134,123,128,137,200,200,208,156,200,186,163,120,154,154,144,222,193,128,142,144,123,115,112,128,137,134,149,128,168,154,137,161,168,126,137,120,123,142,134,134,134,123,142,170,178,156,142,115,115,120,154,156,142,128,134,154,178,193,168,134,156,168,189,189,144,144,182,195,170,137,91,100,115,79,149,195,193,225,188,161,195,228,243,225,184,189,211,215,202,123,134,170,200,186,170,163,144,219,204,199,200,205,213,168,149,195,184,180,156,233,163,197,156,213,205,213
205,178,149,137,134,211,217,195,214,154,142,106,251,252,244,156,149,178,189,149,80,74,170,149,168,129,129,199,174,163,137,208,161,149,149,142,154,161,174,205,161,106,57,46,195,208,172,193,112,38,123,232,205,163,112,91,223,228,184,168,178,163,149,154,178,149,134,149,178,161,129,178,211,211,186,184,166,156,142,174,161,161,180,154,163,163,170,154,168,186,178,184,204,168,168,170,188,208,184,180,161,112,97,134,200,180,193,184,170,180,200,199,219,197,156,163,163,161,186,195,215,200,142,184,142,178,189,189,161,156,174,168,156,149,219,156,168,97,79,74,57,51,144,189,170,178,154,168,204,219,225,205,123,120,184,174,112,237,211,168,200,211,204,168,172,199,193,178,186,180,137,120,149,204,195,174,238,241,205,223,193,170,182,163,163,168,134,156,204,163,154,156,163,168,163,184,186,195,211,184,180,184,211,204,168,156,204,199,204,184,197,199,174,189,168,178,134,156,163,184,193,180,204,189,142,128,106,149,208,219,225,180,204,149,142,106,31,79,154,144,219,248,225,228,144,142,115,161,128,222,225,134,142,168,137,142,163,120,79,134,134,142,142,106,137,137,144,170,149,154,172,154,137,123,134,123,120,106,156,195,184,178,168,163,134,137,168,154,161,161,120,144,178,178,163,163,154,163,168,154,154,163,170,154,112,115,128,134,123,180,202,200,218,168,161,195,193,199,200,193,211,205,184,197,154,174,228,225,242,205,163,174,195,180,174,170,178,193,200,205,205,163,142,123,195,189,180,137,184,200,218
204,149,137,163,174,204,215,180,211,149,91,137,199,244,204,180,137,168,161,88,100,142,178,205,109,161,217,184,159,168,142,180,186,170,149,137,163,188,213,149,154,144,142,189,195,232,222,186,109,82,112,193,184,88,106,154,215,217,129,142,149,88,170,144,182,186,129,97,137,134,129,178,195,200,186,149,163,174,161,154,144,137,149,161,134,144,180,178,156,134,144,193,226,219,199,204,204,204,199,217,200,91,88,106,106,174,180,123,170,144,137,191,193,193,174,144,142,149,120,174,242,211,199,137,149,180,149,211,184,156,163,137,112,156,184,180,200,149,64,112,79,97,149,222,211,174,156,186,226,241,219,163,106,128,149,163,115,217,184,178,204,199,178,186,217,202,170,195,195,208,174,189,189,199,178,211,252,246,219,213,199,168,168,168,200,186,156,163,163,134,123,137,112,142,178,134,134,168,199,170,174,199,199,168,142,134,137,184,180,195,217,213,186,184,232,199,163,161,200,228,211,180,163,214,193,180,217,137,219,213,235,219,222,226,186,82,106,82,106,128,200,249,248,170,134,200,161,139,168,184,170,134,168,163,139,174,149,144,112,128,115,134,128,88,186,134,106,144,149,170,193,134,91,137,137,112,128,91,100,213,223,199,184,189,128,128,168,174,163,161,97,88,128,199,189,120,79,126,168,182,144,142,154,163,168,161,144,163,174,204,217,184,163,168,184,208,184,128,161,208,204,193,170,180,180,195,226,239,241,208,189,193,174,156,193,184,149,170,200,205,156,128,144,123,174,211,161,142,180,200,191
149,134,142,163,174,129,186,234,219,161,163,147,134,163,123,154,189,174,142,112,170,186,142,186,211,204,144,154,174,149,200,170,189,161,154,106,154,178,189,234,186,213,193,226,222,200,208,134,134,100,154,137,134,154,129,174,204,184,137,129,77,100,170,115,129,134,80,100,142,174,174,180,193,174,144,161,178,184,178,180,170,168,178,163,129,170,161,161,178,186,137,168,228,235,208,215,229,238,214,200,200,205,184,156,129,142,163,123,100,121,121,174,170,149,156,134,131,161,129,156,242,208,184,223,168,163,195,211,178,149,178,184,184,200,193,168,137,137,100,123,154,170,168,200,205,156,123,195,235,240,213,163,142,154,168,217,163,178,184,168,128,170,168,200,199,170,168,186,200,229,219,168,189,186,222,222,241,222,223,178,213,178,137,144,178,180,154,174,163,134,134,115,149,170,161,128,112,123,161,180,180,195,195,178,137,97,91,128,219,200,200,149,193,217,226,222,195,189,213,219,213,223,215,215,238,225,234,213,199,193,161,189,215,211,213,205,154,74,64,137,208,234,184,120,134,137,178,144,205,170,120,142,106,142,137,149,156,120,149,115,128,120,174,195,100,88,137,91,163,176,142,112,123,156,137,120,112,76,168,200,226,226,176,134,156,154,144,163,154,142,97,74,147,149,156,74,82,156,199,189,163,170,156,168,215,199,163,170,174,195,195,154,168,182,186,204,211,174,149,174,193,184,156,154,161,180,211,239,242,200,200,217,199,174,208,211,174,180,178,149,120,137,144,161,184,195,186,186,161,168,184
154,189,180,137,137,149,205,226,208,189,189,184,100,115,149,144,204,195,156,174,174,154,149,178,184,199,219,178,202,149,193,200,184,142,144,154,129,168,193,222,199,186,57,195,225,211,180,112,129,134,142,170,178,178,174,174,219,208,220,65,97,129,142,115,100,82,59,193,170,195,178,154,189,180,137,211,161,195,205,199,217,213,205,178,137,178,163,178,178,149,134,186,215,217,213,215,217,235,250,232,200,217,184,168,195,161,170,144,137,163,134,134,154,134,144,186,170,134,79,120,215,217,168,204,204,142,191,205,170,142,144,195,228,211,137,82,100,168,134,134,195,195,163,156,156,170,170,168,200,211,174,129,128,161,204,235,195,180,168,154,88,154,180,186,142,144,178,174,205,226,180,170,193,213,205,178,193,189,211,186,178,180,144,144,170,178,161,163,184,142,163,142,205,213,163,168,123,128,112,184,199,204,217,205,142,46,67,144,163,189,170,142,195,228,238,225,217,219,211,205,204,170,215,242,243,243,238,219,142,189,200,137,161,199,215,178,134,91,128,193,223,205,120,43,137,168,168,178,182,174,134,161,137,154,149,115,137,137,123,112,128,170,204,170,115,123,154,97,144,97,115,142,163,154,115,142,144,161,163,184,178,199,97,123,189,161,112,137,163,168,142,106,144,134,128,126,163,166,163,163,204,168,151,163,217,213,168,154,168,163,149,142,178,154,211,174,224,213,174,156,178,163,131,115,154,178,184,213,236,193,200,193,213,205,186,184,170,170,142,154,161,134,144,184,174,174,204,184,151,174,180
211,199,184,123,149,174,168,178,180,184,205,186,156,156,170,168,189,195,156,154,147,123,142,184,195,154,180,205,178,134,163,217,186,142,129,123,142,186,228,211,144,67,106,186,232,144,74,149,205,161,178,193,189,168,186,189,178,225,178,129,137,163,100,178,180,161,193,186,200,208,156,142,211,200,213,170,144,232,199,222,241,223,217,213,156,149,161,168,149,144,144,180,204,200,213,204,168,200,253,252,219,142,168,137,174,184,168,195,168,193,174,137,174,170,154,161,100,170,186,161,174,180,200,193,180,161,199,213,184,156,149,217,232,156,67,74,144,174,199,174,180,174,163,161,168,178,184,189,180,172,134,144,193,193,193,208,189,186,184,170,170,174,184,170,134,123,161,170,180,178,170,200,189,208,163,170,180,200,154,174,180,208,199,186,200,204,180,161,186,195,186,178,205,215,168,184,170,174,128,168,168,191,240,213,170,120,156,182,163,199,144,180,211,235,232,215,200,161,142,154,193,208,174,238,228,252,235,244,235,222,226,168,144,200,184,106,123,174,186,213,228,180,178,156,142,156,178,178,154,178,211,225,197,142,128,137,106,128,137,120,144,186,168,142,112,128,100,115,82,112,161,137,137,144,115,144,184,174,154,142,97,144,142,200,178,134,123,123,168,180,184,137,112,189,163,178,204,112,112,184,112,115,149,144,170,180,170,144,142,149,154,178,174,178,209,115,204,200,193,149,154,144,123,123,168,178,154,144,217,205,163,163,193,193,174,168,161,161,178,204,193,163,168,174,197,154,170,142,168,154,149
195,159,156,137,154,170,134,168,163,161,238,200,186,137,161,188,189,161,115,126,123,97,154,180,189,144,156,149,123,142,180,195,172,137,129,161,186,195,189,174,156,142,184,228,228,174,163,208,199,184,184,161,142,170,161,156,186,163,129,189,129,137,189,195,184,222,219,186,163,144,170,170,200,166,74,139,193,204,208,223,213,195,195,229,193,85,123,149,134,149,161,168,193,200,174,180,180,199,241,253,208,156,186,161,163,178,184,205,186,142,178,178,149,149,154,178,161,180,180,211,180,170,161,172,149,170,178,186,195,168,170,193,204,144,57,88,200,178,142,184,178,178,186,178,142,189,193,178,184,168,115,154,156,163,195,174,156,186,186,184,189,195,200,170,106,67,115,168,163,149,178,180,163,186,168,168,195,186,149,184,215,204,199,205,223,217,180,178,189,163,189,184,193,163,180,189,184,170,178,128,149,208,235,225,215,174,123,178,199,195,106,189,178,193,193,204,154,112,137,180,156,144,154,215,223,219,184,204,163,223,205,156,149,168,144,144,115,154,193,193,205,161,156,174,189,174,178,178,195,170,223,225,195,149,128,149,123,112,123,137,115,134,115,115,144,142,112,106,128,100,74,117,123,106,137,137,144,176,170,161,142,156,193,168,149,168,191,144,142,172,163,144,178,189,144,205,199,134,154,163,134,106,156,154,144,149,156,142,161,180,178,205,213,223,109,67,174,189,195,170,168,154,120,149,161,180,161,137,209,204,134,123,180,186,174,156,154,186,213,211,215,184,178,178,200,120,137,154,123,112,103
154,144,142,144,154,154,174,174,208,184,215,178,142,121,174,205,154,91,100,149,142,142,189,161,142,168,168,129,134,161,189,184,134,144,170,189,178,156,170,161,168,186,213,211,180,195,199,186,200,193,178,178,178,163,170,178,180,149,149,154,161,156,142,161,149,180,129,144,186,168,112,121,154,115,59,121,193,106,170,161,184,195,154,154,154,163,142,168,168,154,189,204,168,186,137,163,204,189,193,243,208,180,211,170,189,200,200,189,174,170,174,184,174,178,189,168,178,204,205,248,225,223,97,193,178,106,163,156,195,200,149,163,205,204,137,154,170,112,149,193,168,200,184,154,174,184,174,161,168,168,142,115,120,134,120,128,120,168,170,180,204,186,189,174,79,36,82,154,178,134,128,156,170,161,189,170,163,156,168,142,134,178,189,174,193,200,178,170,142,97,186,178,170,120,163,189,163,170,154,118,156,193,199,225,213,170,154,123,134,144,134,154,106,112,161,154,144,174,199,180,128,115,170,149,200,154,120,144,161,193,154,186,156,189,100,31,51,67,154,205,204,168,232,204,178,156,154,144,195,223,219,205,174,161,120,112,112,137,154,156,97,128,120,174,189,154,128,120,149,147,82,79,97,100,134,142,112,170,168,144,142,156,168,170,163,149,154,154,156,178,159,168,193,180,168,186,163,128,100,120,200,195,186,193,156,144,195,193,163,174,189,228,232,186,100,57,168,161,193,223,186,154,149,161,178,197,189,137,180,168,163,134,163,186,178,144,186,205,213,200,188,149,180,168,168,137,144,161,149,128,106
151,154,156,180,163,121,195,191,225,193,184,97,134,144,193,186,121,109,170,170,170,208,154,137,137,193,208,163,178,170,154,199,193,213,222,180,161,193,217,161,154,200,239,168,208,208,191,186,186,189,174,161,172,188,189,184,174,168,121,59,129,156,144,154,129,91,106,134,168,156,100,144,205,142,80,149,144,74,97,134,180,168,149,144,180,200,180,170,180,193,222,217,170,184,170,154,163,142,204,227,168,174,195,168,217,223,180,161,180,180,182,184,204,208,204,208,193,180,228,249,235,199,200,129,149,168,163,189,184,193,137,91,178,235,217,168,205,199,170,106,208,219,208,186,149,204,193,200,204,168,154,100,115,120,67,100,64,178,128,178,180,149,170,174,123,123,199,200,170,144,123,112,149,219,229,161,163,161,142,46,79,174,184,134,120,195,199,120,74,100,189,174,156,120,123,149,144,156,134,106,134,168,186,219,223,180,144,106,76,91,163,134,97,118,156,168,213,211,195,168,139,154,172,168,186,180,128,228,195,186,142,193,193,142,51,14,20,43,123,222,180,199,213,178,223,161,142,170,178,163,241,204,156,134,120,115,161,134,131,161,120,134,120,149,223,163,170,168,144,154,128,91,115,112,120,134,180,200,149,123,149,154,142,112,163,168,170,166,154,156,91,131,204,204,193,199,191,112,112,195,222,200,200,168,166,186,215,205,170,170,199,226,213,170,100,74,109,128,215,229,199,195,199,174,184,186,163,128,149,170,193,161,128,189,184,170,213,178,176,168,137,147,144,134,144,149,174,163,163,163,161
170,174,204,199,147,123,180,180,184,170,189,67,184,186,193,170,144,121,174,193,193,205,112,112,180,204,184,215,189,170,142,204,242,226,193,174,168,215,242,184,178,193,244,174,204,172,186,144,208,174,174,174,189,200,189,189,163,137,67,57,193,186,178,188,154,112,97,174,204,184,186,211,222,200,168,142,199,170,121,123,137,189,193,144,142,112,121,156,168,189,200,193,200,184,170,186,189,156,168,170,97,106,134,193,195,178,154,156,180,186,193,195,193,211,195,208,211,193,238,243,226,200,189,144,154,189,189,193,144,112,134,161,180,195,199,200,178,170,170,115,225,219,213,178,163,223,249,242,225,163,137,189,178,163,100,115,46,142,204,186,174,120,137,174,193,223,232,195,178,178,142,128,213,225,213,222,193,156,128,88,100,163,184,142,106,180,195,112,115,161,200,161,174,161,100,120,170,178,161,154,154,184,204,200,199,178,142,115,106,137,200,211,163,137,149,199,223,189,168,161,134,144,199,211,204,222,208,242,219,232,174,195,174,123,67,64,67,91,142,199,199,186,205,184,163,168,168,200,189,215,215,205,168,142,134,174,154,156,142,180,149,123,184,215,225,226,134,144,154,128,128,180,195,142,115,91,156,184,82,161,144,82,168,174,223,200,156,168,154,131,144,195,208,205,174,195,189,144,149,193,188,217,184,142,159,205,184,168,184,186,163,211,217,199,163,149,142,142,205,219,195,200,180,161,163,149,144,134,180,193,149,142,149,180,178,168,170,115,112,142,156,156,128,123,166,184,186,168,161,142,211
154,161,204,184,139,137,161,149,149,144,144,156,213,226,174,170,170,121,134,217,217,163,137,189,189,170,186,213,180,156,189,174,205,178,115,163,219,225,235,213,211,180,252,174,189,200,149,154,208,180,186,200,208,204,170,174,137,74,65,74,219,215,219,225,199,193,236,226,242,248,240,229,222,251,151,129,166,219,168,129,219,199,174,129,106,115,91,134,178,195,223,199,168,161,154,189,170,149,106,137,100,91,115,156,193,178,149,166,170,200,178,184,193,170,189,200,213,215,234,240,213,170,149,129,189,199,174,163,149,129,137,174,186,168,163,195,215,204,156,163,211,193,154,100,168,253,255,253,229,178,156,174,184,184,200,115,128,154,215,195,195,174,128,184,223,193,199,219,178,178,180,200,237,211,250,180,195,174,168,144,184,239,235,170,149,180,178,168,170,168,184,149,211,208,137,170,223,219,195,193,174,186,186,174,156,170,170,115,174,178,211,238,168,128,170,163,170,199,200,189,144,115,170,200,217,234,223,217,215,195,178,154,120,97,91,97,123,137,144,166,208,180,123,217,178,180,180,193,204,232,184,149,163,154,170,156,168,144,128,186,161,144,106,142,202,174,115,137,120,149,154,163,193,170,88,128,112,106,211,161,106,106,163,186,144,222,204,161,180,154,149,225,186,174,151,156,170,161,128,217,204,174,178,208,189,149,144,147,170,189,178,178,163,205,178,195,151,137,182,161,156,186,170,168,199,174,123,144,193,154,128,137,166,154,199,180,115,100,128,174,180,178,163,142,176,199,161,161,156,176,200
170,131,168,178,129,129,178,142,134,161,142,156,168,156,142,174,184,186,184,191,174,163,200,219,156,178,226,189,180,178,180,161,149,170,134,156,217,232,205,180,180,211,253,215,205,163,144,170,174,186,163,199,200,170,204,193,134,121,115,195,218,219,219,238,238,211,215,238,239,242,238,238,228,204,178,174,184,193,211,156,200,234,170,149,142,168,144,156,200,226,222,184,168,163,161,154,168,144,100,170,170,154,123,144,170,168,144,170,159,195,205,170,156,154,195,180,208,246,241,217,170,134,120,134,204,199,120,161,184,161,154,168,199,186,170,193,161,134,163,193,208,205,163,156,225,235,251,248,200,144,178,186,189,208,199,204,205,170,195,204,193,174,168,161,149,144,123,137,186,193,184,217,193,239,178,178,204,217,178,186,238,242,240,205,156,180,200,205,161,149,161,120,156,189,195,235,234,234,208,170,156,156,199,199,161,142,170,161,193,189,180,222,144,180,142,120,170,238,242,232,199,144,154,222,246,222,200,211,195,163,144,137,112,106,115,128,159,154,128,156,163,149,163,186,170,170,163,204,193,200,199,149,128,123,161,189,161,211,217,168,154,134,88,174,100,163,139,156,189,154,91,134,142,115,112,54,106,156,154,156,97,161,137,120,197,178,170,156,180,197,174,168,223,120,97,154,91,156,205,215,180,191,195,180,149,151,144,142,193,223,205,154,137,213,163,213,180,154,161,178,88,142,120,142,180,168,142,147,149,163,128,123,182,189,208,161,137,120,120,163,186,163,161,170,163,184,163,128,193,174,168
195,137,112,144,137,186,163,142,170,170,144,154,100,121,144,161,163,193,213,168,112,166,199,178,186,186,210,178,144,139,144,184,195,195,178,180,188,223,204,168,178,214,250,229,168,137,186,184,161,174,170,189,208,213,226,222,184,186,170,210,217,200,223,215,238,174,168,228,241,217,193,189,180,144,223,161,163,170,208,235,213,193,149,178,161,163,170,195,228,204,184,178,180,149,180,170,121,161,156,154,163,149,129,142,144,178,180,180,205,134,154,134,121,178,134,178,235,224,244,204,149,134,156,168,156,161,168,174,195,193,178,168,211,184,170,189,129,142,174,208,200,211,199,200,213,205,226,217,161,168,161,180,180,168,213,219,193,199,204,246,229,200,184,195,154,88,106,149,186,178,168,199,180,168,170,154,154,186,208,174,199,208,225,222,144,128,217,228,186,120,91,112,156,186,223,242,200,156,184,170,149,200,225,211,195,149,180,186,186,154,186,168,170,204,137,134,186,235,251,242,217,174,222,244,251,228,205,180,189,170,149,137,120,142,161,168,180,178,142,156,112,189,170,137,178,208,188,180,168,154,161,142,128,154,186,189,193,219,200,149,154,123,123,134,106,144,154,170,211,204,170,115,88,115,120,123,128,100,178,156,134,144,128,123,163,174,161,156,174,159,163,200,163,106,100,156,161,170,79,168,106,161,149,180,200,205,195,184,205,205,161,149,200,189,200,200,232,223,215,186,168,100,82,115,163,154,195,174,168,193,106,156,197,189,199,156,137,100,64,137,191,193,163,161,154,172,174,149,120,156,154
174,184,163,174,186,174,168,200,204,168,121,200,137,144,161,144,174,178,195,178,115,97,137,134,180,202,168,142,134,129,156,204,205,184,170,163,163,211,200,184,204,199,208,193,189,208,199,199,211,204,211,200,225,246,228,208,208,195,180,178,149,195,180,168,178,161,178,184,154,123,112,112,121,142,168,142,151,134,161,246,218,184,189,134,174,200,161,137,205,228,168,142,168,178,142,204,223,121,106,134,184,199,211,188,199,178,156,144,189,161,137,142,180,170,163,211,215,242,163,189,163,170,199,205,178,156,199,115,199,226,215,189,168,180,156,168,144,178,189,199,193,170,170,193,180,163,193,211,170,168,186,199,156,168,193,170,195,211,226,244,248,223,193,208,211,204,186,200,184,186,180,170,170,156,168,144,174,180,189,174,178,186,180,199,180,174,204,170,142,137,137,170,161,189,217,186,142,100,134,184,215,213,205,208,213,195,199,178,137,154,205,142,211,170,199,178,184,213,238,225,199,180,243,241,247,237,193,168,189,193,137,137,163,180,186,195,213,211,163,128,137,184,174,193,193,223,168,137,170,166,180,178,149,170,199,219,204,174,163,154,137,137,128,115,144,137,178,170,163,195,170,137,106,134,137,174,200,163,172,174,144,97,128,120,134,184,178,149,137,156,163,128,134,184,120,120,115,79,184,112,115,97,170,178,193,180,178,204,184,156,180,115,213,200,252,241,252,244,231,211,204,149,123,106,88,106,115,106,126,195,163,182,144,184,154,204,131,100,115,123,184,184,156,142,168,149,174,128,161,142,156
199,226,137,154,178,208,182,199,226,210,242,189,163,168,163,142,163,186,170,144,129,59,65,149,184,184,180,156,149,142,200,193,184,163,142,142,163,217,156,174,218,193,168,193,199,208,186,225,225,199,193,204,225,211,200,200,204,170,161,170,168,156,121,134,123,170,139,97,97,97,103,129,161,154,137,142,97,134,178,223,235,199,213,205,199,208,129,115,208,211,149,134,137,129,161,222,193,74,121,170,186,222,223,213,199,168,109,154,170,161,168,163,170,100,174,156,178,180,228,170,178,184,219,186,163,178,180,129,235,204,200,186,200,180,156,120,186,186,208,161,149,120,142,170,168,134,163,205,204,168,178,199,170,170,144,156,204,225,234,228,223,204,174,211,217,180,186,234,213,199,168,226,170,144,154,149,186,211,215,219,142,134,174,200,200,149,142,112,120,213,184,178,200,193,184,128,154,178,204,234,223,184,213,222,193,193,156,123,200,178,170,156,186,195,178,184,156,151,168,184,195,223,217,228,200,211,184,191,228,174,154,123,163,168,180,208,215,211,163,115,144,170,208,208,170,191,154,161,184,186,186,195,189,208,205,208,195,137,154,142,144,123,120,134,149,137,149,161,144,137,163,174,142,154,180,168,134,168,188,149,170,178,156,149,180,180,168,193,178,159,161,137,154,178,137,128,120,142,123,142,115,103,156,189,174,178,168,170,168,123,115,151,154,225,252,253,252,249,228,234,213,200,204,156,134,134,100,144,154,149,163,115,144,142,186,186,100,123,174,137,144,154,115,154,156,163,115,180,115,189,147
193,163,144,74,156,168,211,211,222,235,178,211,211,199,174,163,142,134,149,142,80,51,57,88,195,228,186,134,121,163,200,200,180,174,142,156,161,154,123,161,156,193,172,199,149,144,234,222,161,168,142,189,208,161,208,210,170,163,168,223,211,142,106,137,163,144,88,121,178,178,170,174,168,168,121,100,134,193,174,154,200,238,251,247,211,186,211,189,106,137,163,134,106,163,213,184,129,174,195,142,163,223,204,208,213,188,161,134,142,134,193,180,149,156,94,199,222,231,205,178,149,184,189,199,184,200,186,184,184,156,142,174,213,186,199,168,195,217,154,134,100,112,134,204,134,204,137,184,193,154,149,204,189,174,120,170,219,193,168,161,170,180,186,189,174,142,180,217,204,178,142,226,215,163,115,123,199,232,200,168,156,137,200,168,137,149,161,170,208,234,193,204,222,163,156,142,163,213,238,213,144,137,193,205,170,168,178,180,149,154,106,115,178,200,161,156,128,100,134,161,170,204,195,199,163,208,186,189,200,222,100,67,142,168,178,205,200,170,137,106,144,149,139,137,142,123,204,207,193,180,174,207,211,211,200,166,142,106,109,170,163,115,123,112,115,142,128,137,154,142,120,161,184,163,163,170,112,123,178,154,174,178,178,213,180,161,161,174,178,137,154,123,170,193,170,137,128,137,106,128,151,154,180,161,115,142,115,137,186,168,128,137,170,234,250,235,228,235,204,195,217,219,232,239,213,184,109,91,115,131,137,137,144,161,205,178,134,200,189,170,170,170,134,149,156,134,154,137,128,204,134
170,121,106,97,174,186,178,204,172,195,193,204,186,180,174,154,115,154,168,82,97,82,65,144,163,223,217,180,100,168,170,180,195,210,161,137,142,82,91,112,186,204,184,166,156,154,168,189,170,144,170,163,200,210,225,208,156,168,193,229,195,134,142,195,178,123,121,186,229,234,218,204,149,144,97,134,170,229,208,121,149,246,242,237,228,222,238,204,88,115,178,142,161,168,200,213,200,228,208,149,154,156,182,223,234,208,174,137,137,156,156,188,178,142,112,189,228,247,225,199,161,172,161,174,184,163,195,178,163,174,100,219,199,225,195,200,180,189,154,88,94,137,215,180,74,154,142,184,134,149,112,208,188,195,156,195,211,149,79,106,168,195,215,178,134,170,161,163,156,163,200,211,242,195,161,156,226,217,178,149,137,174,195,168,142,178,205,223,238,204,186,195,228,213,137,154,189,208,200,211,213,178,174,174,163,178,205,161,91,149,134,123,186,163,134,134,161,128,115,142,168,161,161,161,189,174,156,170,184,156,123,57,112,184,200,217,170,156,168,115,149,106,74,134,123,180,180,204,186,186,180,186,204,186,184,168,106,112,120,208,163,67,100,82,123,137,120,142,134,137,128,134,161,142,137,184,106,123,123,137,67,142,186,178,174,149,115,115,156,142,154,186,156,178,199,134,74,57,144,161,163,149,144,180,82,21,106,195,178,156,142,134,144,156,142,170,168,115,88,184,228,242,242,243,232,186,112,91,97,128,161,163,163,222,225,211,195,170,189,193,149,137,123,168,170,97,120,128,120,137,180
168,166,85,77,168,195,170,195,204,163,97,195,195,154,137,168,189,170,134,154,149,154,163,137,219,211,229,154,134,134,154,147,170,149,156,154,144,100,134,200,170,163,134,106,161,191,168,193,180,156,204,204,184,215,204,195,156,180,144,205,170,180,225,189,180,180,156,208,232,235,226,200,137,121,154,168,178,229,213,142,118,199,178,186,235,242,225,223,199,168,186,139,139,142,184,228,226,225,217,161,97,112,204,242,228,199,174,178,159,163,142,168,142,134,163,174,237,247,225,184,163,156,154,154,170,154,178,193,144,154,168,178,195,223,176,199,222,144,79,106,154,189,163,168,170,142,137,170,134,120,142,200,235,205,189,180,170,149,100,137,184,186,222,200,97,217,112,161,174,186,225,226,225,204,184,149,174,161,142,123,163,200,199,186,170,161,180,242,251,204,208,193,184,200,128,128,208,199,163,186,199,149,115,120,189,211,170,149,168,180,204,170,228,199,178,204,180,144,120,112,154,184,163,168,161,123,137,200,170,134,149,120,88,168,208,195,200,178,144,128,154,156,144,174,200,168,142,200,161,168,156,161,170,180,180,199,168,142,184,174,144,46,88,134,134,123,154,149,115,100,154,156,144,120,79,120,91,97,97,120,35,193,128,154,134,106,106,161,161,128,123,142,202,178,237,97,112,168,134,163,170,115,137,134,97,79,137,193,211,180,161,211,120,123,46,112,51,79,184,214,229,242,242,223,217,180,115,100,115,156,147,180,172,189,208,184,168,154,168,174,97,91,154,178,186,144,144,170,144,144,174
129,156,174,189,205,218,213,170,129,163,142,121,154,142,137,168,180,178,149,149,144,178,200,174,184,204,154,156,161,121,142,115,115,170,161,142,123,137,161,161,97,115,154,168,180,200,213,163,144,211,204,188,163,137,163,174,186,149,129,170,170,204,205,142,161,211,199,189,174,215,234,168,144,168,193,161,193,199,163,115,100,137,163,149,211,237,204,204,238,204,168,142,91,112,163,186,208,208,211,180,123,154,193,217,211,199,199,199,200,208,186,178,121,142,168,170,211,241,193,142,123,134,149,144,137,149,163,184,189,195,186,199,195,204,200,189,161,156,142,120,163,170,178,180,137,106,100,120,142,170,200,205,208,204,199,170,144,168,149,128,156,163,215,208,161,120,184,195,193,204,240,240,184,186,156,128,168,156,156,180,200,222,180,149,161,163,222,252,248,215,123,137,195,168,144,106,208,211,170,180,168,128,142,170,200,204,168,186,142,186,204,213,184,180,170,168,154,170,161,112,170,142,156,149,100,97,149,168,170,137,123,161,168,163,200,199,156,142,123,156,193,170,193,204,195,161,174,186,144,184,180,163,174,184,199,195,204,156,170,134,151,97,149,170,134,149,161,142,112,112,174,199,134,97,67,100,59,79,142,120,142,142,120,161,91,88,149,178,137,79,134,178,200,213,217,115,161,115,180,205,163,123,134,128,156,180,174,205,219,168,180,180,91,134,112,112,109,100,199,204,217,195,189,219,228,211,88,97,144,184,149,168,161,128,180,186,147,144,154,137,115,137,199,197,174,168,174,178,180,195,142
161,200,154,200,231,197,195,174,112,168,178,77,65,123,129,149,204,200,156,139,154,142,168,168,193,213,188,195,170,106,88,112,123,161,178,142,134,149,154,154,131,121,156,195,147,189,178,170,184,213,215,200,154,74,142,168,137,103,199,186,200,161,137,142,131,200,189,129,156,195,219,202,195,195,178,74,199,137,121,149,144,134,199,193,180,204,195,189,217,189,142,134,91,106,154,156,149,204,186,193,144,156,149,168,204,204,193,208,225,211,200,204,112,134,134,211,219,239,184,154,163,154,154,149,149,163,170,205,199,199,229,219,186,200,199,170,178,163,180,174,134,123,106,149,195,180,142,163,161,168,174,199,170,172,184,184,156,149,123,128,134,144,211,186,134,161,223,195,195,238,242,213,144,154,142,137,186,180,168,222,217,193,200,100,134,170,211,237,213,142,120,184,184,161,142,142,189,223,205,170,134,142,174,184,186,168,82,112,115,100,174,204,115,123,112,174,189,144,174,149,128,134,115,161,88,67,195,163,189,205,193,174,204,204,174,144,115,128,168,180,204,168,178,200,186,195,168,170,186,184,144,161,189,168,178,180,156,142,154,142,137,144,189,156,142,120,128,151,144,178,200,184,128,106,82,79,74,88,144,137,184,142,100,170,142,106,149,123,82,100,115,156,168,215,193,180,193,180,229,242,200,154,106,170,195,189,204,193,149,168,161,156,163,120,208,193,195,156,170,205,161,186,215,238,208,170,170,97,144,161,134,142,149,134,180,195,144,137,128,144,137,123,154,178,161,137,151,178,195,180,193
142,188,163,137,172,174,154,189,112,134,149,123,121,115,115,144,195,217,229,174,156,67,142,170,174,193,219,222,154,115,134,161,186,172,184,184,137,123,180,193,129,142,142,163,121,178,211,186,195,223,238,232,168,129,166,180,149,161,204,186,174,166,156,170,172,170,168,199,189,142,174,234,232,180,142,134,200,186,180,191,189,213,229,204,174,170,199,217,195,178,170,154,156,115,142,174,123,193,142,195,163,156,180,154,180,204,186,170,170,211,217,180,142,123,161,224,234,229,205,184,174,222,237,213,174,156,211,217,204,211,189,234,219,189,211,195,184,204,170,168,137,106,79,149,248,248,250,253,222,161,154,161,144,137,163,170,156,128,149,156,144,149,178,193,174,156,217,229,225,229,186,199,170,128,142,189,186,186,168,180,205,163,168,144,149,178,168,149,184,112,154,193,178,161,163,184,184,205,211,170,161,200,222,213,204,219,205,154,82,106,168,144,128,97,112,163,211,168,156,163,156,163,184,91,123,199,200,228,213,213,199,200,163,186,204,186,149,123,106,161,156,200,91,213,195,186,163,154,163,193,189,154,168,170,184,199,154,142,184,174,137,137,134,154,134,79,88,137,170,189,200,142,123,128,82,51,82,112,149,142,161,180,112,134,163,149,88,67,74,106,74,100,170,211,193,189,195,235,251,246,200,168,128,142,123,134,168,144,115,88,115,228,142,149,204,199,195,154,142,161,149,178,225,232,204,128,120,154,128,112,168,200,123,88,237,163,149,154,149,144,170,149,128,144,163,172,193,134,193,161,193
109,74,115,115,100,126,115,163,137,184,188,137,170,100,106,184,208,244,251,217,142,57,144,147,139,170,166,178,195,161,115,129,200,238,215,180,149,193,154,129,154,170,161,168,156,156,170,163,213,234,213,186,144,178,174,182,205,178,168,142,161,195,180,180,174,170,217,199,178,161,147,195,235,208,170,172,214,225,178,123,193,229,225,180,156,142,156,186,215,208,208,200,199,149,134,142,161,123,178,195,184,186,184,156,163,195,174,170,156,193,228,200,193,195,168,225,229,223,195,163,170,242,253,246,204,170,211,211,195,178,199,228,189,195,223,213,199,154,137,161,163,129,154,211,242,248,253,253,252,239,229,205,174,156,168,154,163,180,134,161,213,211,186,184,184,161,205,239,193,154,168,180,149,154,178,170,163,149,59,88,189,168,156,193,193,205,142,100,142,170,186,186,144,149,193,193,184,195,186,163,178,229,252,253,248,199,120,120,106,174,180,204,156,128,170,154,193,195,149,154,208,199,142,193,193,193,205,154,219,180,163,200,170,137,134,137,149,120,82,189,174,128,154,163,170,134,128,137,219,204,184,149,128,195,225,199,184,204,228,200,168,168,174,128,120,88,82,100,123,156,163,123,100,100,97,43,74,142,149,144,137,149,142,85,128,126,46,74,88,115,134,112,189,208,163,100,149,228,229,211,170,170,178,156,123,74,97,142,134,115,180,189,142,156,178,161,163,134,142,168,186,151,184,199,170,137,106,134,137,115,200,174,59,137,137,178,184,180,204,161,137,168,144,123,128,156,57,172,193,184,137
134,49,74,161,131,154,149,137,195,211,163,195,174,134,161,211,225,225,228,174,142,57,154,184,97,149,88,163,208,168,100,186,211,180,199,189,180,186,195,161,184,174,184,149,156,180,163,161,178,186,170,163,174,154,189,174,161,184,149,115,180,170,168,186,180,154,178,223,228,217,178,137,170,199,208,204,186,199,180,144,199,208,170,142,137,161,168,149,156,205,228,217,205,180,137,147,156,178,205,184,180,186,163,174,170,174,178,174,174,195,234,233,204,219,151,195,215,191,156,142,154,219,250,242,217,193,186,219,186,199,223,189,168,225,217,223,180,134,144,156,142,180,205,161,149,222,168,240,208,246,238,219,178,144,161,128,106,154,156,134,229,215,186,144,168,149,184,211,120,137,134,154,149,142,178,156,144,178,144,163,204,174,163,180,211,156,189,193,174,168,184,170,88,142,184,189,211,193,137,134,180,223,251,253,217,142,106,106,154,193,200,195,174,112,112,134,163,184,174,205,208,219,213,225,217,208,186,123,170,91,106,128,112,120,161,163,134,123,161,193,144,156,213,174,156,170,142,204,217,204,170,149,115,154,184,168,226,232,234,213,240,199,215,163,123,137,97,112,97,91,120,142,97,74,112,82,100,163,100,147,134,88,115,100,82,112,94,106,149,161,186,163,170,174,120,97,154,163,137,163,154,199,228,213,154,88,106,149,149,178,174,123,128,156,168,154,161,154,154,174,178,149,144,156,163,156,97,100,142,134,142,156,161,91,88,161,184,184,161,170,215,184,128,149,131,134,64,151,156,163,154
161,115,115,178,186,217,186,205,217,161,184,225,204,166,211,223,215,205,178,161,186,88,129,112,156,65,36,170,195,170,137,134,163,174,184,184,168,163,180,168,226,180,193,163,144,199,163,144,163,180,208,154,112,163,121,186,163,215,129,134,186,168,142,178,161,174,156,199,237,223,223,195,129,178,218,204,154,134,174,199,219,161,115,154,170,170,149,142,161,189,217,217,208,170,193,184,178,186,184,200,193,204,186,149,161,189,178,129,189,241,217,193,199,184,149,154,184,154,129,123,129,178,205,204,200,189,178,229,234,226,193,149,161,222,213,208,189,174,170,156,174,208,208,180,123,134,120,142,88,159,144,208,149,137,193,134,74,137,193,163,180,178,195,189,238,184,211,156,115,166,200,200,156,161,205,200,134,168,149,222,168,178,168,195,229,232,222,219,156,154,184,211,123,112,200,189,193,174,51,100,178,232,189,178,134,100,106,120,178,205,208,180,161,168,154,154,161,170,170,178,205,225,200,186,213,193,200,180,144,91,112,79,82,123,161,154,144,137,144,174,178,232,156,170,156,184,123,184,161,189,142,112,123,106,144,149,142,199,149,228,217,213,211,168,115,149,106,100,106,106,142,123,128,91,137,115,174,142,57,134,115,82,88,74,137,168,144,161,180,161,149,168,144,200,156,193,182,156,123,137,170,220,235,205,168,144,149,137,154,154,161,106,154,170,163,178,189,180,168,161,184,184,137,156,170,156,123,97,97,139,123,161,193,142,115,142,174,168,168,170,176,168,128,137,106,112,174,144,161,134,174
170,174,144,184,208,225,213,215,168,144,170,202,189,180,211,225,222,211,200,178,174,137,97,57,129,65,115,176,178,174,161,168,154,161,170,121,121,159,100,142,205,229,154,154,166,184,134,200,241,223,193,180,137,149,172,180,180,184,142,204,112,170,163,154,149,161,222,225,208,213,218,189,100,174,170,222,144,106,106,174,202,189,134,142,178,174,170,156,154,139,186,200,215,204,178,170,204,172,168,193,208,215,200,180,170,178,174,178,189,222,208,195,195,137,149,178,170,161,154,149,137,163,156,154,178,168,163,225,240,234,174,129,168,186,199,178,184,174,156,180,208,204,208,209,174,142,163,115,120,120,144,168,144,172,199,161,115,144,193,205,168,163,199,219,156,170,217,163,178,193,161,137,180,217,205,186,142,128,170,134,103,91,112,213,228,246,189,184,200,189,180,161,170,170,195,186,156,154,128,137,200,180,163,142,115,59,74,142,168,178,186,178,170,226,193,154,144,144,168,170,156,168,174,174,156,144,204,208,134,112,115,100,100,100,144,168,168,144,137,215,204,180,200,144,178,170,195,163,204,168,115,123,137,88,79,149,144,200,128,170,115,120,163,106,180,174,137,112,142,123,123,134,97,112,67,156,161,149,115,71,100,100,128,154,137,161,186,186,159,115,134,106,200,229,186,223,204,193,128,174,154,200,205,180,161,163,163,163,168,134,161,112,184,156,189,189,189,147,128,180,195,161,144,170,182,163,128,112,85,156,170,186,178,144,161,178,174,156,149,176,170,159,115,100,149,154,168,137,149,168,168
170,211,199,184,193,211,217,184,106,106,161,180,168,184,211,199,168,180,180,154,149,156,112,137,154,134,208,186,170,184,193,139,134,189,180,134,112,137,161,115,178,186,142,154,115,205,195,222,240,225,217,199,97,121,213,163,205,200,163,170,174,144,115,149,144,170,142,199,211,193,191,170,189,149,199,180,161,142,163,137,168,215,225,174,170,154,137,159,204,174,156,186,193,213,180,213,215,204,174,168,186,208,208,178,168,172,178,186,168,193,204,189,172,137,178,184,170,204,217,204,178,154,156,170,154,170,170,215,238,238,200,174,178,172,208,211,161,129,161,217,229,215,195,211,223,186,186,186,168,174,193,161,156,154,161,170,184,170,184,225,204,144,156,200,144,156,184,186,184,170,163,168,211,170,154,154,128,88,21,46,79,57,161,137,234,193,97,168,156,168,178,178,156,170,168,180,156,91,161,217,134,163,208,154,97,120,91,142,184,163,161,195,211,195,170,79,128,144,149,154,100,106,161,156,123,168,186,163,106,123,123,112,106,112,161,186,166,154,149,156,189,170,149,156,184,180,193,215,178,170,144,134,115,120,144,149,174,211,186,88,59,46,100,134,174,200,174,180,142,100,100,134,97,74,74,128,219,156,120,64,100,193,205,149,142,200,222,193,156,106,106,161,182,188,195,168,134,156,205,156,142,142,149,112,117,144,163,189,200,115,123,115,184,137,217,156,154,112,115,161,137,120,163,191,195,174,106,88,88,144,178,186,134,142,170,180,191,137,149,193,178,126,149,137,151,112,161,154,170,166,161
154,202,200,163,168,193,219,186,97,63,123,156,168,174,189,163,115,154,154,154,172,168,137,144,174,193,186,168,178,161,154,129,129,193,184,149,137,115,159,178,195,186,193,142,112,174,205,180,174,199,186,178,178,168,174,193,199,195,178,161,156,115,195,186,186,180,174,178,200,174,178,199,184,170,174,149,161,129,144,121,163,112,174,142,139,129,106,168,195,189,144,189,217,220,234,219,223,217,184,129,144,180,215,200,161,186,163,170,170,134,205,193,163,156,204,186,163,226,229,211,170,156,161,163,168,189,211,217,226,217,229,189,178,211,223,215,174,163,189,195,215,195,193,193,205,189,205,178,163,211,195,170,163,151,149,149,170,180,189,222,186,123,123,178,186,170,163,156,168,195,161,115,106,115,161,142,67,57,51,97,168,154,184,126,211,156,161,195,115,149,217,184,144,149,144,163,170,137,199,128,154,199,193,144,123,189,170,137,134,149,163,170,193,154,154,120,91,144,79,154,156,170,134,128,137,149,137,91,123,115,137,91,115,137,154,174,168,168,170,137,149,134,97,134,211,219,205,208,184,154,137,115,126,142,137,120,154,163,189,156,144,137,134,128,178,170,128,134,123,115,120,91,91,112,128,64,211,161,64,112,149,154,170,184,120,123,200,189,156,120,64,149,161,156,170,88,97,178,137,156,144,134,112,112,142,159,142,156,168,100,142,134,170,186,195,134,161,168,137,106,112,149,180,180,174,163,79,123,91,137,134,189,120,128,149,134,144,123,123,178,186,168,163,142,156,144,154,156,161,161,213
129,149,149,91,88,168,229,215,144,118,139,163,186,186,163,163,163,178,184,204,195,195,142,142,217,174,161,134,168,156,106,151,166,161,170,178,174,137,144,213,239,219,207,184,156,184,170,137,144,163,161,184,180,156,159,170,174,186,200,195,205,168,195,180,156,174,180,172,186,154,149,184,180,178,186,142,178,65,88,178,168,121,123,112,139,186,193,156,156,180,186,174,200,225,186,204,163,225,188,129,204,232,161,186,199,154,195,163,161,168,156,219,154,137,174,199,208,184,170,178,161,154,154,149,205,186,241,170,205,217,195,200,156,241,211,215,243,232,178,161,144,142,168,112,154,208,178,137,189,225,195,178,199,184,163,144,142,156,174,193,106,88,149,149,178,178,134,144,168,186,161,112,97,112,149,134,112,128,154,184,156,189,204,149,204,180,184,170,161,149,199,193,154,170,184,178,204,200,180,170,229,228,199,195,200,184,149,128,120,106,128,149,170,163,211,156,112,149,142,137,134,174,199,120,123,106,106,144,161,174,106,128,156,163,156,149,180,170,144,139,189,128,120,154,219,217,199,174,144,144,134,137,156,142,142,137,74,168,232,223,178,100,82,134,74,97,142,134,120,97,74,97,134,123,137,144,115,106,106,156,161,137,106,134,120,97,163,178,115,137,137,149,217,156,149,112,103,134,134,144,161,128,131,91,134,151,82,79,112,180,205,112,168,204,174,193,170,186,115,112,156,193,195,184,156,106,100,161,106,149,142,195,144,115,106,57,79,106,106,180,222,193,174,156,156,170,163,137,168,195,180
134,174,134,36,31,154,223,223,186,180,200,193,180,180,166,186,195,193,213,208,193,200,100,189,215,178,121,115,168,193,161,144,142,163,180,193,237,180,168,189,204,184,199,180,161,174,168,168,161,154,142,189,184,161,178,154,134,180,195,189,200,199,172,184,186,156,193,180,178,186,174,189,195,178,149,154,156,112,180,211,184,170,115,134,180,170,199,213,174,168,154,154,178,217,208,180,149,184,168,204,184,213,211,180,204,178,184,170,149,174,184,195,156,178,189,200,217,154,174,149,142,149,156,170,129,184,204,174,205,170,195,211,170,228,222,242,247,228,170,134,106,91,123,88,149,189,142,149,174,205,195,154,189,195,161,168,154,170,184,115,59,88,134,149,163,204,144,161,156,189,195,161,109,100,137,174,178,128,144,149,149,163,168,168,189,168,149,178,199,189,186,144,115,170,200,193,226,235,239,229,217,223,229,234,232,193,134,123,100,82,137,204,204,208,161,170,168,161,112,115,144,142,174,144,128,178,142,128,170,123,142,205,195,189,195,178,156,168,170,193,204,154,170,189,180,186,184,204,184,156,149,163,156,134,131,120,106,161,226,168,97,144,97,79,79,100,120,91,112,91,88,154,115,79,154,170,134,174,180,149,97,79,82,100,97,100,128,154,161,137,174,163,170,156,163,170,97,91,161,142,142,100,137,199,142,128,97,46,100,180,147,120,213,222,200,219,178,168,88,97,189,217,213,199,142,97,106,142,180,156,174,174,178,144,79,76,74,100,142,200,213,193,208,149,178,128,128,149,195,180,170
184,200,137,65,85,137,199,213,170,144,180,170,154,144,180,191,193,180,184,180,178,161,91,170,186,188,82,144,174,178,154,103,134,193,204,200,242,234,193,137,129,106,197,184,184,180,154,195,174,129,142,184,168,142,186,170,142,199,161,151,186,214,180,170,193,186,159,188,205,205,180,168,178,174,174,112,100,215,193,186,241,217,161,154,193,204,199,193,202,180,129,149,193,213,112,134,137,161,144,129,208,217,215,219,217,200,137,112,186,199,154,184,186,172,178,180,154,154,186,168,178,186,149,137,161,186,178,184,91,184,170,204,186,195,200,204,217,193,142,91,88,115,129,137,163,100,168,137,168,170,180,118,149,193,193,161,193,204,180,57,82,74,74,154,195,186,149,170,170,204,184,174,137,123,168,163,163,134,123,123,120,120,115,142,144,128,161,189,184,163,170,174,142,161,195,204,213,217,242,235,184,180,219,241,229,184,149,123,137,168,174,178,163,170,174,168,156,123,120,106,144,178,170,208,217,219,223,161,128,195,237,225,215,209,205,184,193,180,193,222,154,189,170,193,161,154,200,226,211,144,178,161,128,115,117,134,123,134,154,123,120,168,106,100,161,123,88,123,142,115,106,170,137,120,163,242,252,238,170,170,106,64,123,154,120,120,128,128,170,178,180,128,79,139,137,170,217,189,168,134,97,82,120,168,186,149,97,91,142,144,154,154,178,217,184,184,178,163,186,154,168,193,204,199,168,115,115,149,180,156,178,184,154,156,100,120,120,123,163,193,205,189,178,149,142,79,115,180,204,154,208
215,217,180,168,170,154,180,204,121,121,134,137,121,142,172,205,205,168,139,178,174,112,97,163,189,178,129,144,142,121,100,137,142,176,204,170,229,244,174,149,142,168,223,178,195,193,199,195,170,161,174,170,163,161,195,193,149,163,137,204,168,199,186,178,178,184,193,193,188,154,184,189,208,161,193,100,97,186,200,180,235,252,200,168,222,219,197,184,142,168,180,163,137,178,178,134,170,161,154,174,170,170,199,214,208,176,180,180,189,208,200,204,163,121,170,115,170,195,178,149,184,205,184,199,219,200,178,163,168,134,123,178,174,163,195,193,200,184,144,123,156,178,149,163,163,129,168,142,204,189,144,112,170,184,211,174,195,208,154,142,74,120,79,149,156,82,142,170,154,154,144,168,154,137,174,174,147,174,163,115,142,123,120,128,88,106,149,142,142,168,174,186,163,120,186,208,195,204,200,163,120,100,168,199,211,200,180,156,163,180,161,134,88,106,142,123,134,100,120,142,174,156,195,213,226,232,193,174,186,211,226,234,222,193,161,208,208,184,178,208,184,154,161,174,189,170,213,199,142,144,149,161,128,88,117,163,97,149,88,154,149,154,154,112,163,137,100,134,134,112,120,180,199,123,134,232,223,217,211,191,144,161,123,144,161,134,128,149,137,174,193,142,82,123,217,186,211,193,205,128,46,31,137,223,178,128,112,112,123,154,174,161,180,156,170,170,217,226,204,174,168,161,180,213,197,144,156,144,149,186,170,174,161,137,115,112,149,184,189,168,144,134,137,161,120,134,180,178,186,174,204
204,205,217,211,195,195,193,174,149,170,154,115,88,88,161,211,204,156,149,178,154,123,149,200,193,178,161,115,106,112,123,151,149,142,180,170,215,222,161,178,174,199,208,163,178,184,189,170,156,168,184,176,186,208,211,200,168,184,184,217,123,170,213,161,154,180,204,184,137,137,170,156,161,223,139,163,161,137,170,197,204,228,211,193,200,174,144,142,204,193,200,189,170,156,147,163,170,144,174,161,149,208,238,232,213,205,193,178,172,205,193,163,174,184,134,154,186,195,188,174,168,204,219,200,213,205,174,137,142,137,137,129,168,154,168,204,180,213,219,229,232,217,180,161,85,161,178,163,184,186,142,149,184,180,204,222,205,204,217,226,154,200,178,137,74,112,115,142,112,88,115,144,144,156,211,219,199,217,228,163,186,134,154,154,142,144,128,134,128,156,166,161,163,134,156,193,170,178,144,120,149,123,137,154,199,189,186,174,154,161,134,67,59,67,74,128,184,144,137,137,178,168,186,195,163,156,163,144,168,195,204,189,161,180,180,189,199,199,180,186,144,154,186,228,237,225,199,208,204,144,168,144,112,97,134,170,115,115,134,170,182,128,163,112,91,149,120,137,128,128,163,168,154,142,161,200,200,174,170,144,156,137,106,123,112,120,156,154,178,180,174,170,120,144,184,149,193,149,120,115,51,82,137,154,163,142,123,128,154,161,166,193,217,180,184,208,208,189,204,188,163,154,134,180,215,163,134,154,123,154,180,180,170,74,88,128,156,180,186,156,100,112,168,186,180,176,184,180,170,144,163
137,186,226,225,228,236,204,149,193,228,204,121,71,49,166,219,161,147,159,163,144,163,186,199,180,161,170,139,91,112,154,178,154,137,180,200,193,188,176,174,163,178,180,149,168,149,142,161,137,137,161,180,200,208,200,186,189,193,219,163,137,170,195,211,163,168,163,170,156,161,184,137,97,174,211,193,154,168,123,217,163,178,189,163,134,137,168,200,170,191,223,199,168,180,149,182,178,168,115,170,199,174,226,228,193,193,186,200,176,186,163,168,112,154,170,217,186,189,200,217,200,180,205,204,144,168,186,129,142,168,174,163,186,189,154,170,170,211,242,248,225,161,144,139,97,120,186,161,142,156,168,154,149,180,219,217,205,204,195,213,247,225,225,222,170,64,91,144,112,100,88,128,156,193,204,208,219,228,242,200,142,178,154,186,205,186,184,178,112,123,161,142,161,186,128,142,168,156,156,178,193,154,189,184,195,211,149,156,161,137,91,79,64,112,134,144,178,144,154,168,137,211,217,170,142,161,149,168,168,184,193,128,123,149,186,184,156,193,170,144,149,168,217,248,250,232,189,163,174,134,168,144,115,166,88,120,154,137,180,156,156,123,106,170,134,123,137,115,112,137,184,137,91,149,142,149,123,128,97,123,137,137,106,91,115,142,180,156,144,178,215,184,205,193,123,144,82,205,123,82,120,149,200,178,184,195,137,170,161,59,189,170,186,163,199,211,195,193,170,161,184,163,168,170,144,184,178,161,159,166,213,189,123,128,134,161,163,174,170,137,154,163,168,161,200,168,195,186,170,123,144
115,154,168,219,242,237,211,163,213,234,195,115,106,100,189,217,170,149,154,163,174,161,154,189,211,180,200,186,134,142,193,189,170,184,170,174,178,163,178,186,186,170,161,161,168,163,154,168,134,112,142,170,186,174,186,189,189,170,186,163,161,154,168,211,156,154,180,174,184,174,168,142,123,174,242,156,137,174,154,191,180,170,174,156,115,170,226,186,115,184,205,180,184,168,178,112,205,178,137,123,180,115,97,184,189,204,204,156,186,168,174,137,161,178,161,168,178,213,208,170,186,180,156,129,168,129,129,168,178,178,168,204,208,208,161,180,204,211,223,186,154,97,67,112,142,100,120,142,97,129,184,137,142,170,199,200,154,129,144,180,235,228,242,250,193,123,123,168,134,142,128,128,168,180,144,149,200,189,156,142,120,161,154,186,200,222,222,144,79,123,156,134,144,180,142,123,163,144,184,195,154,184,223,199,195,178,115,128,156,106,91,106,128,180,156,163,134,178,142,144,144,217,219,208,184,156,144,134,161,180,170,154,178,170,178,217,161,180,163,142,154,161,204,239,235,178,142,161,178,163,195,189,106,91,137,128,193,195,142,115,97,134,142,106,97,112,137,82,88,149,106,154,151,142,123,106,67,112,106,91,144,154,154,134,134,144,149,137,109,142,205,199,243,244,178,180,205,186,137,154,186,156,195,242,170,64,106,168,123,161,195,178,204,142,189,163,223,106,223,205,142,144,128,144,178,202,195,156,205,195,174,156,144,137,142,161,170,156,154,200,215,154,123,128,174,180,154,199,180,161,161
134,88,91,211,242,215,232,204,242,215,200,168,168,180,219,228,195,178,186,186,180,151,170,219,219,205,200,200,189,168,180,195,168,178,134,123,156,159,180,200,208,204,184,172,186,174,163,156,149,118,121,149,163,178,199,180,161,168,149,163,106,106,161,159,154,163,195,180,178,168,137,184,213,223,234,151,163,156,211,204,193,200,205,180,161,184,200,168,156,184,161,174,180,121,142,168,180,200,163,129,168,129,112,180,178,189,211,163,178,208,168,161,182,100,163,154,180,168,200,178,163,180,154,168,142,106,178,168,137,174,123,168,195,200,205,186,174,161,161,97,64,79,74,178,154,156,129,170,166,156,223,229,170,156,184,178,168,112,178,184,195,218,223,241,199,168,156,154,156,123,142,134,128,134,120,128,156,106,91,88,112,170,163,142,170,215,174,134,137,144,180,154,128,142,174,142,137,149,166,163,120,186,163,161,154,142,134,137,137,134,106,100,134,149,144,134,134,115,142,134,120,144,195,208,163,112,100,100,163,195,149,168,134,193,142,200,156,178,168,178,154,156,193,204,186,166,115,115,144,186,144,144,112,144,154,149,208,180,100,112,142,120,106,142,112,97,112,123,100,120,137,168,149,137,137,100,115,128,128,156,189,178,204,205,161,168,144,115,112,137,184,213,229,229,208,215,211,174,189,213,188,144,149,170,161,115,115,180,205,205,241,242,172,112,142,168,213,213,163,180,142,115,151,156,128,180,156,178,193,184,170,112,88,115,126,199,182,180,193,193,195,144,180,115,163,186,139,195,219,178,123
163,74,137,237,249,222,204,218,241,180,229,239,228,225,225,217,193,217,213,200,204,193,184,220,186,184,174,178,195,129,170,168,161,163,149,137,144,178,207,200,207,235,193,180,211,142,134,144,161,147,112,123,142,156,195,180,156,161,154,112,57,82,137,123,168,168,168,186,163,123,149,184,235,242,228,200,184,195,204,189,200,205,193,184,184,174,184,184,168,180,170,178,134,106,161,213,180,208,193,156,168,168,134,163,149,149,180,205,211,193,154,161,168,170,180,204,161,184,200,213,184,195,144,79,100,170,172,97,129,134,161,161,215,202,204,163,170,193,195,142,57,123,170,106,193,180,180,142,100,156,168,174,154,142,200,213,186,178,149,205,142,154,186,178,178,163,161,144,163,154,134,126,128,144,115,88,115,120,144,168,168,199,142,123,142,199,189,161,174,170,180,178,123,112,144,123,100,134,134,149,142,163,123,137,79,137,149,142,128,128,123,106,112,79,112,67,88,82,120,97,88,120,97,128,91,74,123,161,156,168,142,128,123,208,112,178,156,186,184,184,142,168,186,161,168,142,134,154,154,168,128,144,120,142,142,144,186,144,100,106,97,120,120,97,123,97,91,106,91,128,180,142,144,161,168,139,106,120,144,174,200,195,225,241,231,208,186,156,151,123,154,205,188,204,208,189,189,178,174,200,186,163,174,170,144,144,149,184,232,248,241,189,134,134,120,100,170,144,174,137,147,170,166,154,144,137,170,208,174,144,154,123,120,100,168,223,213,154,128,134,168,186,189,142,163,120,200,178,204,184,154
170,170,232,247,242,223,168,193,180,168,184,251,240,234,199,172,204,189,184,204,204,195,178,193,174,134,142,161,149,121,156,189,178,174,149,174,199,204,226,235,223,235,189,166,156,115,129,163,163,142,115,88,112,156,207,213,170,163,174,115,88,97,115,137,178,186,172,168,134,121,142,156,222,219,240,222,200,217,189,156,168,174,184,184,178,174,163,174,186,180,189,180,142,161,199,215,170,168,208,180,156,193,180,154,149,137,191,200,154,174,154,91,115,163,204,168,186,208,213,195,186,134,129,121,156,186,144,180,112,123,205,184,208,215,184,142,180,204,211,193,120,129,189,228,232,211,168,106,178,115,186,178,129,142,170,163,134,129,174,174,120,82,137,161,123,128,174,168,170,168,154,144,128,134,142,137,123,156,142,186,170,156,123,154,186,174,161,184,174,168,137,123,112,97,120,123,112,106,88,112,137,123,142,156,106,134,134,128,137,128,128,120,97,64,64,74,74,106,82,106,79,88,51,82,100,106,149,178,163,123,123,112,123,199,139,189,168,200,204,186,180,180,163,161,156,178,199,168,100,154,144,59,170,82,163,161,149,97,120,88,100,115,106,79,120,74,88,106,168,128,128,170,151,180,120,88,97,106,137,168,168,199,219,248,244,228,222,184,134,134,112,134,186,189,186,161,193,186,123,178,211,199,174,149,149,174,170,186,222,241,234,195,184,174,134,134,174,142,123,168,186,178,163,144,178,195,213,189,170,178,178,156,144,137,178,195,178,120,59,112,193,180,184,195,142,193,178,186,174,163,189
163,215,242,225,228,214,121,121,172,154,170,213,223,211,193,204,144,80,161,195,189,200,184,166,178,134,106,144,149,161,131,234,184,161,134,213,241,222,228,243,228,215,205,134,137,176,170,208,154,137,134,106,129,188,223,225,193,186,222,174,149,88,137,149,186,213,211,168,112,123,161,170,193,215,240,200,199,213,199,166,137,163,197,189,174,186,180,193,213,186,184,186,168,149,215,186,106,149,204,193,186,199,174,129,134,186,213,204,121,123,88,46,129,149,172,200,180,193,161,123,123,142,156,134,115,180,193,129,178,237,170,189,200,170,154,134,134,189,208,199,161,159,199,211,241,204,200,199,82,174,154,74,67,88,170,186,115,115,168,144,120,134,97,17,174,142,189,186,174,134,142,168,142,154,174,144,115,156,154,184,154,120,128,120,115,142,115,178,161,123,163,128,115,120,100,120,120,67,137,91,100,134,163,178,180,128,115,156,142,115,100,100,88,88,88,97,88,112,100,112,100,97,100,97,100,128,149,163,156,144,142,120,149,184,170,180,170,213,195,161,163,195,184,186,178,163,208,144,134,115,115,88,156,74,168,115,112,128,154,128,97,131,112,128,103,137,128,137,163,180,161,100,168,182,67,112,156,163,195,174,134,161,154,200,239,223,213,149,139,115,134,137,154,159,186,215,205,219,170,163,174,208,144,178,156,199,178,161,225,237,186,211,242,211,154,184,213,180,161,186,178,144,170,149,128,174,195,178,205,197,154,178,134,123,154,144,139,100,82,115,174,193,168,142,115,154,168,149,199,149,168
184,225,227,205,199,161,100,156,195,129,149,180,211,223,211,151,51,118,170,193,172,186,180,168,174,161,121,134,180,184,161,211,189,163,184,240,239,213,204,200,205,219,217,172,189,193,202,215,193,193,178,168,200,199,229,219,204,202,225,211,170,82,176,151,204,223,199,184,137,170,182,189,222,229,195,189,189,204,195,200,174,184,200,193,180,193,211,195,189,211,184,156,137,91,211,180,137,200,208,211,200,161,156,134,154,223,223,189,144,97,82,137,168,178,200,205,154,115,115,137,213,209,170,166,154,170,180,168,186,174,163,184,180,123,85,129,168,170,193,180,120,123,186,234,253,242,228,142,180,168,154,115,54,59,142,208,193,134,142,174,144,184,82,149,144,163,202,195,168,195,100,128,199,170,149,103,144,184,134,120,144,144,97,128,137,149,106,163,178,170,189,161,134,154,161,149,128,154,142,137,123,120,205,180,178,180,180,170,91,82,112,154,91,120,144,154,91,123,128,128,180,168,144,170,144,112,120,137,156,170,186,170,154,184,200,178,184,186,161,137,156,211,200,186,180,161,184,204,120,100,161,134,120,144,120,112,97,139,144,137,115,123,144,142,154,204,120,178,178,195,149,106,178,142,180,134,184,208,211,174,161,142,91,188,217,184,170,151,79,163,97,144,137,149,178,205,228,205,163,180,88,170,189,170,149,123,174,184,223,186,134,224,252,223,156,199,223,195,161,174,178,156,170,174,168,178,170,161,186,204,161,156,149,112,149,156,120,137,137,137,170,180,170,134,137,112,82,163,182,168,137
199,220,208,193,176,180,184,174,161,178,142,97,161,210,170,144,154,115,142,186,163,149,184,195,186,170,142,154,174,174,191,184,172,193,228,239,208,163,142,139,159,178,204,205,178,189,238,226,225,219,200,200,223,200,200,178,184,208,213,226,161,149,193,184,161,174,178,208,199,193,186,205,235,213,161,184,186,202,189,193,199,204,195,178,180,186,193,189,211,226,168,134,137,144,214,213,184,195,222,199,161,156,168,163,186,225,222,200,149,142,168,186,149,193,186,163,147,134,172,213,238,243,232,184,161,137,186,195,178,149,134,149,137,131,168,163,149,178,180,156,134,129,154,225,252,249,235,226,199,184,144,199,161,142,189,193,180,161,161,204,204,161,168,163,193,205,195,170,161,149,170,156,154,163,144,144,82,170,156,128,88,170,106,142,67,142,161,128,178,193,168,154,193,168,174,168,144,205,229,223,178,195,229,204,174,161,144,112,112,128,184,193,154,134,128,180,137,120,137,144,200,200,213,235,199,88,97,161,180,161,211,174,180,223,241,234,213,170,156,174,170,211,232,199,178,174,170,161,128,144,174,142,144,123,128,88,112,123,156,149,134,142,142,156,211,213,174,184,163,137,106,142,161,202,213,189,195,211,189,200,174,103,115,178,178,189,91,120,186,213,213,168,161,149,161,199,184,168,144,144,123,163,223,154,74,106,213,195,106,59,184,195,217,228,156,168,228,168,161,174,222,205,156,174,195,170,161,149,144,134,144,163,149,106,156,222,204,170,186,188,168,184,134,128,97,134,106,112,154,195,186
151,211,225,200,219,217,228,213,174,137,154,129,115,161,208,200,186,106,65,100,129,142,137,193,215,156,137,156,142,156,154,156,213,213,211,204,193,151,156,134,134,168,180,168,154,186,223,222,213,199,199,204,204,184,163,161,142,174,217,202,174,213,193,149,161,193,186,204,191,161,204,200,211,199,186,180,170,202,182,186,205,193,195,178,193,197,186,184,213,223,180,170,204,226,222,200,161,180,219,168,170,184,178,204,200,184,222,195,142,200,204,168,186,180,161,189,163,168,211,226,246,249,205,149,142,147,213,161,178,161,134,120,129,149,184,184,174,180,168,144,134,163,211,225,222,237,251,234,219,211,178,195,211,189,161,147,156,174,156,186,234,200,161,168,186,195,128,142,195,170,137,154,184,180,142,154,189,178,154,178,77,139,137,120,161,174,100,123,178,174,142,170,174,170,186,137,205,239,226,229,213,226,204,200,178,142,123,142,149,184,199,232,180,170,170,208,189,112,91,144,204,208,219,225,170,128,112,134,180,186,204,195,229,242,251,246,234,200,161,161,178,222,244,234,189,149,144,137,144,163,154,134,156,142,120,106,123,115,128,115,128,149,134,156,211,195,178,168,106,139,128,134,195,215,180,137,144,149,154,170,142,91,156,163,178,174,74,137,213,229,215,204,186,161,134,174,163,106,123,170,229,170,174,142,144,170,174,115,115,123,154,199,223,205,137,154,200,195,149,186,186,199,156,170,188,154,154,170,115,106,149,156,142,134,180,227,211,174,174,174,137,170,154,144,97,123,82,123,149,115,100
200,189,189,186,234,245,238,222,139,97,159,129,180,178,193,180,149,178,88,59,137,174,161,149,184,180,134,142,168,137,112,170,225,213,213,189,180,186,184,184,170,178,168,134,161,193,222,208,195,204,184,189,199,174,163,154,129,154,189,193,207,208,149,156,226,213,178,163,163,156,163,170,184,213,208,178,170,199,207,205,193,184,156,174,189,200,195,144,200,223,199,204,235,227,205,163,144,174,199,174,178,193,168,170,180,168,193,154,195,184,174,163,223,199,199,213,163,161,204,238,239,208,170,161,137,184,170,204,180,134,161,142,154,174,170,168,174,186,163,154,142,172,195,193,170,199,223,186,134,180,161,156,208,186,123,154,168,156,178,161,248,229,180,195,184,163,100,142,180,186,170,137,142,149,97,137,189,184,134,163,149,131,168,123,120,149,149,161,142,142,170,186,161,168,200,186,205,208,186,226,161,170,180,149,106,112,64,91,137,156,242,217,193,204,79,189,161,142,134,168,137,149,174,180,178,106,57,88,154,189,213,234,228,238,168,211,240,204,128,120,186,199,242,244,170,128,144,142,168,163,149,134,156,144,149,149,134,112,112,97,112,156,137,128,156,156,163,161,144,170,149,137,178,174,134,106,88,91,115,120,100,88,142,176,174,163,115,91,205,225,219,225,199,193,199,189,134,57,100,193,195,193,170,186,170,189,134,137,156,161,189,222,193,134,128,184,225,128,134,174,195,163,195,168,112,168,97,176,161,112,168,174,144,180,193,182,180,163,137,137,128,156,170,161,120,123,106,168,115,163,180
144,137,189,219,226,238,211,242,154,144,129,137,174,121,115,174,242,237,208,137,149,115,129,186,161,180,151,161,142,151,186,178,213,232,211,156,144,215,229,204,186,168,180,129,182,205,228,204,186,180,184,178,189,197,154,163,191,170,174,193,204,184,174,215,223,195,170,186,178,154,129,163,195,193,184,178,170,172,204,211,200,154,137,189,178,174,186,199,215,213,178,193,219,208,178,154,144,163,184,184,195,186,129,123,170,174,154,161,168,139,163,195,211,223,234,193,208,178,193,219,199,189,195,137,142,174,137,211,161,161,200,189,184,161,156,134,156,170,166,142,129,168,134,156,184,161,161,184,129,112,188,174,170,170,118,134,170,180,191,180,223,195,199,195,186,174,128,154,166,149,161,161,112,137,128,156,193,184,211,180,168,134,88,88,82,137,178,154,115,128,144,180,193,149,170,174,168,189,200,184,154,120,161,154,128,74,115,97,91,134,180,161,82,112,100,156,112,200,88,144,59,115,156,178,154,79,51,115,120,189,199,240,242,142,199,154,219,195,137,100,128,189,248,234,128,168,123,170,180,142,154,128,168,149,144,144,154,154,112,120,154,156,161,137,137,144,144,163,205,178,174,163,174,161,134,123,115,97,100,100,112,142,149,123,156,199,168,170,217,225,215,170,156,200,225,217,170,79,100,180,154,193,186,161,174,186,208,213,217,199,189,223,204,134,178,189,189,154,142,174,195,170,128,123,186,159,137,163,186,144,170,217,174,123,134,170,128,144,112,120,172,161,144,137,144,144,142,184,134,174,178
156,154,180,184,213,211,225,170,217,178,200,121,74,74,149,222,200,235,205,178,115,80,139,217,186,193,168,137,200,144,200,115,223,238,222,191,215,223,219,176,170,195,149,144,174,219,204,218,144,154,205,205,251,248,205,226,242,189,137,208,184,204,217,200,205,168,161,217,178,144,149,180,193,156,166,161,186,163,184,215,168,142,161,186,182,156,170,219,234,223,174,149,204,211,186,149,154,184,186,211,200,170,137,149,168,144,163,161,137,161,172,176,204,229,237,218,211,186,163,163,170,199,186,137,156,121,142,123,156,161,222,208,195,180,176,154,174,174,142,123,100,137,129,129,156,137,178,134,131,170,126,149,115,149,149,170,217,189,189,205,178,207,170,134,88,79,180,123,120,168,161,142,154,156,195,134,161,168,156,161,128,97,82,97,82,97,161,170,163,178,180,161,82,100,128,112,97,128,154,112,134,128,137,154,112,120,97,97,59,74,97,120,142,142,137,142,149,149,112,115,97,106,142,189,134,82,134,189,180,205,184,219,184,170,149,142,213,238,128,67,142,217,248,232,149,174,189,163,163,144,115,144,142,106,112,149,156,168,151,144,154,144,170,144,120,134,142,178,208,200,195,174,106,97,106,137,161,120,100,112,67,112,128,154,180,205,205,180,115,170,223,161,178,223,232,232,200,168,163,195,186,193,205,204,170,163,193,189,211,174,180,180,186,168,199,180,211,228,178,163,154,163,134,195,186,180,178,163,163,186,180,154,178,149,123,163,120,67,200,149,195,174,115,123,178,180,180,199,144,112,147
170,170,174,161,186,193,199,223,205,228,199,174,144,106,154,97,186,180,193,189,161,112,149,227,232,186,163,186,121,219,106,178,200,250,238,205,186,189,161,123,91,149,129,154,193,184,204,189,137,154,211,248,248,242,238,241,223,199,178,170,161,211,189,210,178,156,200,204,204,147,168,178,186,142,123,168,184,168,189,180,144,137,178,186,197,168,142,200,238,232,174,121,195,232,200,178,161,195,207,211,193,168,180,178,134,178,211,168,174,204,149,100,161,215,228,213,184,168,154,129,156,186,211,211,170,121,142,121,144,144,217,208,225,195,204,213,232,225,156,137,142,103,120,144,137,154,180,161,161,174,131,134,142,137,139,129,184,238,225,204,170,178,180,112,82,64,170,168,161,170,168,161,168,161,123,134,100,137,154,115,120,79,100,142,178,154,200,223,204,193,170,156,128,123,88,79,97,128,120,100,106,115,97,100,97,100,79,97,79,57,123,142,123,112,142,144,144,123,144,82,88,88,178,226,186,163,142,176,225,213,208,189,193,144,217,193,234,219,161,128,149,237,250,239,174,128,149,186,168,134,134,161,79,154,112,163,134,149,144,144,112,161,178,106,82,100,170,184,186,200,161,123,43,88,88,97,149,120,88,100,57,91,156,199,189,204,205,134,48,149,204,193,193,205,213,211,195,195,180,195,213,170,205,200,174,137,156,172,189,174,176,170,161,186,195,178,205,186,186,195,174,184,134,74,149,178,170,142,100,97,163,195,161,151,97,88,154,142,168,168,200,199,134,149,193,204,211,163,142,126,154
174,186,163,123,134,156,189,195,178,217,193,161,149,103,144,121,115,168,186,170,154,180,219,215,191,195,215,199,186,197,163,154,193,242,199,186,168,121,97,82,88,144,144,180,170,144,217,129,159,215,186,168,225,235,220,186,129,142,166,168,184,186,163,178,199,180,200,211,227,195,170,204,170,137,112,151,170,189,189,200,161,144,186,204,213,144,176,193,213,211,180,168,200,213,200,193,193,200,208,154,184,144,168,161,161,205,242,244,229,215,97,49,67,168,189,195,168,161,149,144,170,193,208,224,199,163,166,163,154,154,195,211,205,174,204,228,247,238,186,147,144,137,170,195,186,184,170,170,161,154,193,186,170,144,106,112,204,252,234,180,120,186,156,144,106,170,137,205,178,170,170,163,161,144,134,106,115,144,97,100,97,120,115,134,161,195,219,232,211,180,156,120,134,112,137,134,123,91,144,79,100,88,67,88,51,115,154,115,115,120,144,149,161,128,134,88,128,134,120,115,79,88,174,217,149,91,200,208,211,205,199,170,168,204,235,238,211,178,149,163,184,213,225,189,134,112,168,161,144,123,199,134,168,144,149,144,115,144,115,123,134,137,170,106,88,106,222,163,195,154,149,82,79,112,100,64,120,137,88,100,144,154,184,193,144,186,200,154,88,163,142,204,178,163,186,186,149,137,186,193,178,149,170,168,195,120,161,149,168,188,156,174,184,178,186,199,208,168,193,193,189,142,161,149,137,91,128,128,91,142,186,174,100,88,91,97,149,144,200,223,235,211,174,178,163,186,189,149,120,149,154
195,142,129,121,88,123,134,115,147,170,170,178,178,163,154,156,100,147,186,161,186,200,199,223,186,199,215,205,180,180,184,161,184,205,223,195,180,144,82,82,134,161,178,144,156,121,208,129,129,129,189,168,161,180,180,137,109,112,137,182,197,161,161,213,195,180,200,215,228,240,195,163,174,123,154,186,211,189,238,200,226,170,225,205,205,149,170,184,189,186,184,189,199,186,195,199,199,200,205,149,170,154,144,184,213,226,250,253,252,195,106,59,51,134,209,178,189,178,154,156,200,186,189,186,184,184,184,170,161,137,180,195,184,163,161,180,225,222,189,168,156,195,213,213,199,208,184,154,178,186,211,208,170,180,154,106,163,228,223,193,180,178,112,142,163,200,174,200,200,178,178,168,180,186,170,134,67,156,106,142,112,219,149,137,156,229,223,204,208,193,144,134,123,180,134,163,123,106,149,174,149,128,100,106,91,112,144,137,142,137,144,137,200,100,149,88,123,142,134,142,91,79,134,161,168,180,178,211,195,180,144,193,228,200,213,244,213,199,200,170,161,189,178,149,174,170,137,142,156,168,184,134,191,208,189,115,134,144,149,106,100,128,199,174,120,128,223,200,180,128,156,115,79,82,112,88,106,128,144,174,163,180,193,144,134,180,199,180,97,134,163,204,161,149,156,156,154,154,180,142,174,120,156,144,193,123,142,154,170,174,178,168,182,170,163,186,178,213,128,163,189,208,120,156,154,106,120,144,170,186,178,154,97,88,123,154,137,154,161,228,229,211,174,186,189,176,168,174,123,112,149
168,174,144,137,137,85,134,180,129,144,170,184,180,180,161,193,208,168,151,154,163,225,200,220,174,159,170,184,195,163,156,178,184,168,178,168,142,154,126,85,129,186,184,137,144,204,149,123,163,184,154,168,195,199,178,137,134,163,174,211,193,176,208,200,223,189,199,239,225,225,184,161,134,112,186,237,214,237,215,213,248,232,200,193,186,189,199,193,186,161,154,163,184,199,197,207,186,184,161,184,156,210,123,213,234,243,252,255,252,199,137,115,126,184,238,163,208,144,161,184,186,170,168,163,168,178,184,154,137,134,154,161,186,168,170,184,200,204,186,189,184,204,213,211,200,205,189,170,182,182,189,204,195,205,195,120,97,178,204,204,184,156,144,154,184,200,217,215,225,200,156,170,208,223,193,134,112,168,154,186,195,223,186,219,222,243,208,154,154,186,168,134,149,180,154,174,142,168,195,154,178,163,142,137,134,128,156,154,123,128,142,144,134,123,115,100,137,134,156,112,120,91,144,144,137,178,195,189,178,189,161,168,178,189,208,211,193,161,193,217,195,186,195,217,184,142,134,156,163,149,154,142,170,186,154,137,149,168,144,79,100,178,219,215,156,128,180,184,88,120,134,123,91,88,100,67,88,168,199,184,128,174,170,115,142,174,178,161,100,115,180,184,170,205,186,154,178,184,200,149,163,128,186,170,217,149,128,115,170,156,161,123,120,180,168,144,115,178,134,178,215,241,144,178,156,144,144,168,170,156,144,82,97,142,120,115,120,168,225,208,204,219,195,134,106,178,222,178,174,163,156
168,178,174,172,180,178,186,189,156,142,161,163,161,215,180,178,186,193,180,163,137,161,225,174,163,154,184,161,123,137,189,161,163,174,163,144,137,168,170,142,166,199,156,170,156,204,168,154,193,161,147,156,195,170,163,178,174,193,161,199,218,199,193,213,215,189,205,200,189,204,170,156,80,112,186,228,237,215,200,204,224,178,186,189,189,184,226,184,199,168,154,174,208,222,208,168,170,129,151,154,161,195,191,200,237,234,243,243,241,204,142,156,186,222,208,195,184,123,180,168,178,142,154,178,170,154,154,129,91,100,115,149,199,204,223,170,222,199,199,184,170,184,174,193,208,186,178,182,170,184,186,200,208,200,195,182,137,137,154,156,106,120,139,142,184,223,219,199,193,193,174,174,199,200,189,180,180,211,199,184,215,204,156,229,219,199,120,112,161,200,178,106,161,189,168,115,120,142,161,103,156,137,134,112,106,149,142,106,123,100,82,85,156,142,112,120,64,91,142,120,137,180,128,142,184,199,189,142,186,193,235,205,204,219,199,174,174,205,211,215,195,189,211,213,154,161,180,156,186,149,144,106,115,149,180,134,154,189,128,91,144,178,193,186,184,120,100,128,97,97,82,115,123,112,51,74,115,144,161,156,178,166,128,115,120,184,178,161,91,112,154,204,217,224,193,161,168,178,200,184,128,106,180,195,195,163,142,154,189,180,88,74,123,186,168,88,100,186,223,229,219,213,168,200,178,149,168,195,156,128,88,79,137,106,106,131,180,200,232,193,156,180,182,112,174,180,193,186,144,142,120
193,189,205,205,178,205,189,222,174,149,134,121,161,186,170,149,204,228,226,199,144,154,199,199,161,217,211,161,142,163,137,137,174,168,161,180,178,189,195,180,224,219,223,215,223,202,131,126,91,88,121,97,115,123,142,208,205,178,186,186,215,205,225,195,199,204,142,74,139,204,200,151,174,184,174,154,189,195,217,178,161,178,168,154,195,186,205,170,174,199,174,174,225,222,154,163,139,129,161,163,170,156,205,178,213,163,200,229,213,193,168,168,211,223,200,219,174,184,178,186,149,134,123,112,129,106,88,97,106,97,137,178,199,232,208,215,213,215,200,195,168,166,174,186,189,178,189,178,189,199,184,170,204,204,193,222,186,134,134,134,74,74,79,174,193,204,170,134,100,115,149,163,154,137,163,193,235,237,184,178,193,180,142,161,161,74,74,149,204,189,149,134,156,189,149,112,120,161,134,100,137,120,100,71,128,142,120,106,91,79,100,134,123,115,97,91,123,112,161,178,180,186,142,154,240,243,189,137,204,215,238,243,205,222,168,205,213,222,242,226,208,186,174,154,144,161,142,186,161,149,137,106,168,154,154,128,137,189,174,137,137,168,195,193,149,100,100,123,115,88,67,137,123,128,142,97,123,154,161,154,178,156,91,64,128,189,195,154,91,115,168,211,211,193,149,134,144,137,161,180,115,91,180,144,123,189,205,186,211,219,156,112,161,186,163,100,142,219,249,246,180,200,195,149,199,178,186,223,168,106,120,134,144,106,112,184,170,142,142,137,91,128,144,193,134,115,163,142,123,144,142
211,217,223,211,163,156,193,161,195,156,134,134,168,161,142,168,180,223,228,200,144,103,151,195,213,232,232,204,184,168,57,149,170,204,217,204,186,163,199,217,238,247,225,200,242,189,123,144,129,106,88,112,97,137,149,184,242,239,205,200,211,200,142,223,139,103,74,82,144,184,226,217,184,200,156,112,142,186,213,170,115,147,184,174,232,217,174,184,174,172,195,228,204,168,174,178,184,204,161,100,191,214,202,163,156,144,195,208,186,178,168,170,204,213,200,200,193,208,170,200,154,137,123,79,91,112,115,149,163,149,184,199,176,219,184,208,204,232,189,189,156,184,202,184,180,184,170,170,184,200,161,168,178,199,195,204,199,147,134,129,91,82,91,134,161,178,144,115,64,25,74,154,134,97,137,195,223,222,178,168,134,142,142,144,137,64,100,180,193,174,154,149,163,170,134,137,149,144,134,97,112,134,123,88,91,112,100,106,67,82,142,123,112,120,106,106,115,180,161,154,193,211,184,168,225,248,219,186,195,232,243,252,205,239,180,222,234,238,234,228,226,199,144,149,137,170,163,134,134,174,128,142,134,112,144,115,134,180,202,168,128,112,149,144,100,134,88,161,67,106,112,112,180,142,123,142,149,174,170,142,195,180,64,46,156,228,205,180,88,142,189,193,170,149,134,144,156,184,149,149,137,168,154,100,142,208,204,174,205,238,232,195,180,174,170,168,161,184,241,250,205,193,178,120,213,228,228,215,128,91,161,149,106,144,154,170,142,100,91,59,79,91,137,142,112,100,142,123,120,144,142
199,213,219,211,163,134,142,170,200,189,174,168,174,154,163,149,184,214,229,195,129,109,144,195,191,215,244,199,168,174,139,154,219,243,232,186,199,161,131,213,211,232,204,232,223,163,174,186,197,180,129,85,170,193,176,186,235,228,223,213,231,168,129,211,67,142,106,131,134,193,178,210,211,178,178,186,147,161,200,223,91,213,186,142,193,240,223,200,193,178,189,184,186,184,184,170,234,215,134,85,204,186,186,144,118,142,163,170,168,186,154,174,208,208,184,186,184,204,200,180,199,174,144,121,131,170,199,200,174,174,189,197,180,200,180,178,223,241,211,115,142,200,217,163,174,174,137,199,193,178,134,168,172,168,205,186,189,170,144,159,137,106,115,120,142,168,170,144,82,54,103,154,137,144,178,205,168,211,178,149,120,91,156,151,137,100,115,184,195,174,128,123,163,170,123,123,137,128,149,144,128,137,137,123,123,128,100,88,91,115,154,88,97,128,128,128,112,144,170,142,178,180,174,161,205,219,170,137,161,204,228,246,252,144,226,234,226,237,235,242,222,215,211,186,149,82,161,229,186,180,149,123,82,186,134,149,174,163,184,170,120,142,156,97,106,112,120,195,128,88,97,97,168,180,163,156,137,142,106,144,163,217,142,112,174,235,168,195,79,154,208,213,149,88,115,199,208,186,161,178,200,149,123,159,174,193,168,156,180,208,224,226,215,189,186,178,156,154,238,217,204,174,123,154,204,235,250,204,82,57,156,170,123,156,156,120,134,97,74,74,67,79,123,106,106,137,115,106,115,120,137
170,189,186,205,197,168,154,186,208,207,195,180,170,180,176,168,193,211,229,213,168,137,144,186,144,195,226,191,170,184,219,207,235,225,205,170,168,163,134,161,186,204,161,134,195,184,168,199,223,199,189,191,161,186,180,189,211,170,168,208,199,159,156,51,142,154,159,123,144,180,217,156,193,228,200,163,204,149,178,134,161,204,123,225,193,237,161,174,170,170,129,129,142,178,178,199,225,208,144,184,197,186,154,134,129,154,156,184,184,161,149,163,184,199,178,200,200,205,205,170,200,199,178,186,168,186,217,180,161,178,180,186,189,172,186,211,228,241,222,115,149,223,195,156,184,174,168,200,193,186,156,186,197,184,213,174,186,180,156,149,154,142,144,149,184,170,204,195,142,142,174,168,149,163,199,195,156,156,168,142,142,100,149,112,123,106,100,193,205,137,123,149,161,123,112,156,178,178,154,189,137,168,170,142,142,154,112,59,115,100,82,106,100,134,149,128,137,142,149,128,137,161,163,161,149,156,120,142,180,168,219,243,217,199,199,211,213,226,197,215,226,211,211,180,137,186,154,186,156,199,120,120,184,123,120,144,193,123,128,142,112,137,112,137,134,199,142,106,149,115,97,149,144,168,137,154,170,142,100,144,234,184,174,163,156,199,193,134,204,168,178,184,161,149,174,174,200,154,180,208,134,163,88,170,142,142,149,154,134,195,217,211,211,186,170,170,144,180,174,170,204,161,142,178,186,219,242,193,91,79,144,205,161,115,123,88,144,106,115,115,74,97,168,149,137,149,112,120,161,170,170
186,195,156,200,205,180,170,178,204,195,172,142,168,195,199,199,180,199,223,217,204,197,195,184,168,170,172,180,200,219,205,204,184,178,170,172,134,126,121,139,189,180,123,129,195,168,170,195,219,235,180,193,195,200,210,178,151,144,170,180,149,129,129,207,142,174,195,142,142,129,161,193,163,205,195,144,168,144,129,222,161,156,200,184,178,191,91,149,199,137,88,112,195,186,222,242,208,184,123,142,163,193,151,180,174,208,223,180,178,184,172,174,170,223,161,205,200,208,189,208,163,202,170,189,199,174,211,186,161,180,199,205,195,170,168,217,208,228,223,217,211,189,168,189,178,186,195,156,170,204,222,235,215,219,199,213,199,191,168,156,204,200,178,180,178,193,237,223,186,174,180,163,120,120,163,156,149,154,134,149,154,154,142,142,168,142,134,189,204,161,180,229,199,100,189,193,199,180,156,178,137,186,184,178,144,100,115,100,91,82,88,112,134,115,156,128,208,180,112,168,180,161,142,128,134,142,163,174,154,199,211,228,168,161,170,170,178,178,180,180,186,208,200,170,149,184,186,193,180,137,112,144,128,100,170,149,106,64,46,128,161,128,154,180,120,137,142,123,163,123,120,154,115,163,149,142,154,149,170,184,180,234,200,223,91,180,208,174,193,161,149,168,195,189,142,120,144,161,123,168,161,205,161,211,184,134,156,144,137,168,195,208,199,156,182,211,168,134,137,137,174,128,170,174,222,199,193,168,161,170,144,174,120,97,82,123,156,156,156,170,168,178,180,168,161,161,137,137,193,195,189
199,217,208,178,156,207,200,184,186,161,115,142,161,184,204,211,184,200,211,189,176,211,224,195,193,154,129,161,193,195,174,144,168,193,178,149,144,121,129,168,189,163,170,200,189,144,161,217,200,186,200,205,202,204,199,163,142,134,137,144,163,144,226,174,156,189,149,154,142,149,149,156,156,134,161,142,149,149,189,149,161,178,168,134,161,149,211,149,186,129,95,149,170,228,226,237,180,163,235,156,200,137,184,184,219,215,232,223,144,195,200,161,199,208,170,180,195,217,200,197,193,215,204,184,223,189,137,193,193,120,204,200,168,180,186,199,208,225,219,234,193,154,184,178,178,213,215,178,204,228,225,213,199,219,232,219,205,223,213,195,213,205,147,123,134,178,219,199,168,163,168,195,79,59,144,174,178,134,123,163,180,174,156,149,163,170,178,195,199,184,200,228,208,170,232,154,156,161,161,161,106,168,199,204,170,142,189,193,128,149,128,100,156,115,178,184,222,174,161,168,163,142,154,154,156,180,168,149,161,208,168,215,115,178,199,174,168,161,163,170,193,213,205,168,178,208,217,199,134,115,144,137,134,161,161,120,82,79,100,112,142,149,168,178,100,112,184,174,88,178,115,106,134,134,170,149,149,170,163,163,211,193,189,168,149,134,163,178,195,186,204,184,184,184,149,91,88,123,97,161,204,156,217,156,199,168,128,97,172,170,163,170,184,168,189,163,215,137,142,123,149,100,174,219,174,161,170,189,174,178,123,88,91,106,149,180,139,189,174,208,213,180,170,168,154,154,142,123,193,195,156
213,240,213,199,200,237,163,170,144,121,142,193,137,200,214,231,219,199,186,163,168,161,217,170,149,151,106,112,137,154,144,163,211,214,193,170,154,151,147,144,184,204,189,182,191,178,180,211,197,184,208,204,182,182,144,137,137,139,161,174,193,195,184,202,199,200,161,149,142,178,215,199,129,121,174,172,168,180,193,193,180,121,115,144,137,186,184,170,178,174,106,134,184,184,211,186,174,213,217,217,211,195,186,215,225,248,215,156,184,208,239,199,229,149,186,200,199,200,204,213,180,144,184,195,199,149,100,178,161,208,204,178,182,184,178,174,204,208,228,178,182,168,137,186,228,243,225,200,238,235,174,174,168,223,222,219,204,228,229,180,144,174,134,120,134,142,142,161,174,199,208,199,79,88,174,180,174,156,139,154,174,180,170,163,137,163,204,189,144,161,208,211,204,211,200,154,144,142,149,134,128,180,205,193,205,239,217,199,189,170,142,128,134,208,193,222,193,178,163,112,137,144,154,154,174,178,144,142,174,137,170,168,134,134,222,195,213,217,213,208,189,205,208,213,193,199,178,134,168,149,156,144,120,134,174,180,142,115,128,128,123,178,144,142,142,106,128,168,142,120,123,115,112,144,149,168,186,189,170,195,208,199,134,123,174,120,168,163,142,161,189,200,199,184,112,88,112,100,144,205,215,200,193,204,200,195,79,67,174,184,186,195,188,211,189,184,189,106,106,144,128,184,226,208,205,163,180,170,123,88,128,100,97,144,222,223,202,200,193,184,204,178,178,154,149,112,134,161,178,178,144
202,228,199,205,232,199,217,163,184,144,170,200,170,234,219,232,215,178,174,174,197,149,144,142,123,178,106,97,142,142,144,184,213,193,178,174,161,163,134,151,200,176,144,149,211,208,195,195,204,219,205,219,225,174,112,126,118,121,154,178,149,174,161,199,186,186,168,129,121,189,223,211,178,161,193,180,178,161,168,186,184,142,144,193,193,112,161,189,178,168,129,115,168,195,168,137,186,178,137,235,242,195,195,229,223,232,211,144,168,211,208,184,154,195,211,213,161,226,168,154,156,178,180,202,180,147,129,163,205,217,189,197,182,137,199,178,195,228,215,205,180,195,205,208,239,238,219,231,225,241,188,161,156,170,178,189,204,223,217,154,123,168,186,142,112,156,137,200,193,234,217,182,170,161,149,161,193,178,134,134,159,163,149,163,137,154,200,161,100,156,211,204,193,186,163,149,134,137,156,163,189,200,205,205,189,200,200,168,168,163,189,134,142,208,161,180,161,174,128,149,137,137,142,154,186,199,193,154,163,156,168,154,123,134,184,199,193,228,226,217,170,174,211,200,213,195,137,156,170,154,147,112,144,170,170,193,161,128,128,123,142,161,120,137,142,142,134,144,154,180,200,213,195,189,193,195,199,208,186,217,154,128,156,144,154,161,137,142,154,180,199,226,235,184,74,82,193,189,200,223,180,200,223,195,168,156,134,154,205,213,174,180,195,199,174,142,142,134,144,180,189,235,250,204,193,149,134,106,115,115,120,184,156,199,228,237,224,149,144,142,186,205,134,144,154,142,134,180,149,154,161
186,200,204,189,213,199,168,163,200,137,163,189,211,186,199,149,184,204,168,163,174,154,106,163,163,161,170,156,134,106,163,129,208,193,115,142,180,168,193,222,204,149,139,82,213,193,208,189,163,188,211,239,234,180,139,174,134,118,137,168,106,170,170,193,154,186,178,149,142,154,180,193,178,168,180,163,174,134,134,168,151,180,205,189,195,172,222,237,182,129,129,115,149,174,142,123,193,213,205,193,205,186,178,193,204,200,184,144,186,205,168,149,186,161,144,163,154,199,170,156,112,142,170,180,168,163,200,193,193,204,199,174,180,166,204,178,208,219,205,208,205,189,195,217,219,215,217,239,205,199,178,211,191,191,112,137,205,205,200,170,163,180,168,170,97,189,193,205,184,195,208,180,204,182,149,178,178,149,115,149,199,178,142,166,174,168,170,134,112,168,226,204,137,149,134,97,100,134,184,189,174,189,184,154,120,149,180,163,149,178,200,178,149,168,144,149,144,178,156,144,144,123,128,170,215,224,213,189,200,200,154,163,112,144,91,204,163,163,217,213,149,134,199,170,222,200,161,184,134,137,112,137,137,137,149,163,163,144,106,112,170,142,156,184,128,154,144,161,200,180,228,240,226,184,163,195,199,199,195,149,195,178,193,163,163,199,168,163,142,134,149,178,205,205,208,156,100,174,178,223,223,193,235,199,156,144,154,180,163,168,154,134,180,186,178,156,137,144,123,205,240,235,215,174,120,128,106,106,120,180,184,195,222,199,195,184,188,120,137,178,195,188,120,144,174,195,161,134,128,134,137
178,208,207,182,154,144,154,204,178,178,161,168,161,193,168,142,168,217,184,161,159,121,134,100,193,156,174,174,137,91,174,163,211,174,100,123,184,225,235,225,200,180,163,80,174,200,207,178,134,142,213,223,186,174,189,180,170,180,149,134,115,184,178,199,199,182,200,161,172,195,195,189,174,168,168,174,174,170,154,121,156,144,186,172,170,199,222,219,178,144,149,123,137,161,168,134,211,199,189,209,166,163,170,178,159,137,94,57,154,213,213,205,161,121,168,163,168,195,186,174,174,154,161,186,195,161,120,178,186,142,178,195,149,154,156,235,222,186,204,186,180,168,215,240,229,178,189,222,211,213,186,242,242,204,142,100,195,208,195,200,195,208,189,149,123,184,180,186,204,106,128,174,154,199,178,178,161,134,154,200,195,163,156,176,161,128,154,106,112,174,191,180,120,128,91,59,100,170,195,142,115,161,144,112,112,156,189,186,199,205,204,195,186,178,168,174,186,178,137,142,174,174,163,186,211,204,211,204,209,195,156,168,149,100,88,170,128,137,193,217,186,154,163,168,178,225,170,174,154,144,106,112,123,134,195,174,156,142,106,120,163,149,149,200,163,123,115,156,123,142,186,205,184,204,204,199,199,184,144,154,199,161,149,142,178,193,234,163,134,144,91,82,174,215,200,172,112,156,149,195,189,234,170,193,156,79,46,142,225,178,115,128,142,170,180,144,149,126,200,235,242,223,128,97,115,123,128,154,204,199,180,180,193,182,154,134,168,137,144,178,184,178,161,142,180,174,100,82,115,123,161
208,193,193,199,129,115,170,217,156,112,168,178,168,170,161,178,174,178,170,134,123,168,156,80,189,184,106,161,168,180,147,178,163,147,134,154,205,215,208,205,211,178,193,168,156,184,151,180,147,161,168,161,129,154,193,172,174,200,134,154,170,184,207,211,223,186,204,163,189,215,211,184,163,180,170,154,168,223,149,174,170,100,154,213,184,195,184,172,200,170,106,121,144,142,193,184,229,228,180,129,211,174,168,184,129,97,112,88,154,217,195,170,163,142,154,186,170,189,211,180,174,139,154,163,156,178,205,193,163,154,170,217,166,144,205,199,184,184,199,184,199,222,215,223,229,180,149,205,174,211,223,225,247,222,186,137,180,207,189,211,213,213,211,174,180,188,195,170,100,120,120,97,142,154,178,174,144,161,208,204,144,134,149,174,134,106,115,97,74,120,174,200,149,137,120,112,170,197,159,115,131,161,137,142,189,170,186,215,232,219,202,204,215,195,170,163,178,156,154,168,205,225,226,189,170,193,199,180,170,168,170,208,184,120,100,123,137,144,180,217,204,168,163,180,144,189,213,178,193,149,134,112,142,168,223,208,156,149,174,170,120,134,144,154,144,79,142,112,88,161,142,168,163,174,184,168,200,199,144,142,149,142,149,170,204,205,226,193,123,128,144,149,178,156,115,170,178,180,184,225,163,144,228,170,149,37,59,193,204,154,134,161,144,149,178,193,134,174,225,238,204,134,112,112,112,112,142,184,217,208,161,144,115,100,161,128,128,79,134,195,200,205,180,142,106,91,100,112,142,142,170
174,189,211,186,184,184,204,184,178,129,159,144,134,180,178,137,170,180,159,154,170,144,100,129,195,189,126,154,163,134,154,144,142,142,176,217,219,189,199,204,189,184,178,213,189,199,144,154,154,154,100,97,121,142,168,161,106,123,154,191,189,154,217,204,186,186,163,154,199,228,193,163,200,195,163,144,161,211,156,178,134,137,163,163,180,163,184,178,180,161,91,123,149,163,189,226,253,226,154,129,193,174,180,186,129,88,163,156,154,199,180,195,174,184,211,161,134,147,207,184,204,199,170,154,174,191,174,186,154,178,186,147,149,170,199,223,205,214,205,193,195,213,208,199,186,170,163,134,184,213,178,161,170,208,199,170,202,232,204,200,223,208,170,128,180,217,204,154,64,149,137,112,123,112,112,82,156,217,208,180,144,123,211,161,161,156,134,142,88,144,205,184,174,195,195,195,200,193,161,163,170,163,163,149,163,149,168,213,199,199,204,213,211,195,154,142,154,144,168,189,184,225,238,184,137,174,184,163,144,156,184,213,172,149,115,123,156,163,204,195,154,200,204,166,120,149,205,193,184,156,161,142,137,178,229,226,180,168,204,180,120,128,115,97,128,91,156,88,144,163,149,144,154,142,128,142,180,184,149,123,120,137,142,156,193,180,178,137,120,154,174,205,180,144,149,178,217,213,211,200,199,168,193,195,161,79,115,211,219,174,115,112,163,174,168,149,208,142,219,195,120,154,91,154,163,149,137,156,163,142,156,128,123,115,156,120,142,154,144,154,225,193,134,109,128,112,106,142,154,156,134
204,180,211,186,223,195,211,211,189,161,129,106,106,97,103,137,166,178,174,166,170,170,178,193,191,186,174,121,131,174,129,134,134,134,163,200,232,204,191,186,178,189,193,219,208,178,142,97,115,149,142,123,129,144,134,142,112,88,142,149,170,174,170,170,144,154,129,156,199,208,184,199,228,191,149,137,154,193,174,100,178,178,149,163,149,163,180,161,161,180,149,134,156,174,178,244,252,211,100,142,129,195,225,174,180,186,168,184,174,147,184,189,180,163,174,168,156,134,149,156,163,174,193,189,180,186,180,189,184,211,161,170,154,200,156,189,193,193,166,170,186,186,170,174,189,176,142,156,170,170,189,161,163,200,178,172,219,235,208,163,195,178,163,170,170,211,195,174,193,186,170,168,112,115,144,161,189,208,222,208,154,170,222,142,200,180,178,180,219,170,184,205,213,213,220,213,144,134,168,168,199,149,147,123,82,137,112,137,109,168,163,189,180,170,154,123,144,189,163,168,156,184,204,161,149,115,142,170,163,174,149,168,170,134,106,142,189,200,199,189,178,219,217,161,149,142,161,180,174,178,170,142,149,180,235,241,211,161,149,163,123,100,112,123,112,91,134,123,184,174,184,142,106,128,144,154,174,193,142,79,79,100,97,97,123,154,112,97,106,163,174,180,180,163,184,211,234,217,180,184,161,156,199,235,178,154,168,208,208,163,134,128,144,156,142,170,142,123,168,82,142,142,144,149,149,166,115,100,174,180,74,154,120,161,195,195,142,178,142,149,217,170,149,106,123,154,106,168,184,168,195
191,154,184,199,170,184,184,168,184,170,142,123,82,91,123,142,170,163,163,170,180,170,100,161,186,184,129,161,134,115,134,121,142,131,163,186,200,217,195,184,174,154,174,184,186,184,144,121,109,174,200,178,178,186,161,174,142,74,137,168,159,178,121,134,154,142,163,170,170,178,204,214,213,186,134,134,180,195,191,163,204,200,184,142,149,193,178,178,193,174,161,178,180,174,193,225,237,161,51,134,174,199,226,193,193,208,186,174,184,149,189,168,204,193,174,174,174,79,103,188,142,180,195,178,170,172,174,205,219,123,161,228,204,134,174,200,213,242,222,170,174,217,205,180,204,170,189,144,222,189,178,213,205,225,226,228,241,232,223,186,161,208,180,189,205,204,217,223,191,211,214,156,112,142,178,184,219,250,240,178,126,120,156,186,217,208,205,205,134,163,184,215,163,137,193,191,82,59,186,189,174,180,115,112,128,74,100,82,82,120,128,149,168,144,120,120,178,193,168,193,161,144,142,144,142,115,134,174,168,149,128,120,123,120,88,154,204,205,208,215,217,213,199,180,154,134,156,199,204,199,156,161,156,156,225,217,184,156,106,137,106,142,128,123,112,94,123,120,170,168,161,134,112,156,156,170,215,205,142,106,100,59,51,106,88,128,67,97,100,112,144,178,211,180,184,217,219,184,156,174,97,180,174,217,178,174,211,225,232,219,180,149,134,112,112,142,128,170,142,139,134,184,137,174,142,161,154,134,156,174,199,134,144,193,178,180,186,161,174,106,186,186,149,106,128,142,128,178,195,128,126
156,121,154,211,161,161,182,199,178,142,189,142,134,193,189,174,174,137,137,186,154,112,74,154,178,168,149,142,184,137,115,149,170,168,156,199,199,199,199,174,121,106,178,156,142,176,184,161,170,189,199,222,226,199,193,191,180,178,189,199,178,178,144,123,149,180,193,186,195,204,186,204,225,182,144,178,200,161,180,189,232,243,217,142,161,208,211,200,200,163,154,195,199,189,178,184,154,134,106,170,204,176,193,186,208,228,215,189,189,174,149,170,211,186,134,144,168,115,139,137,199,168,199,186,149,163,195,151,134,174,225,234,184,178,232,234,252,253,235,195,232,228,218,211,186,189,232,205,208,174,204,237,224,242,223,215,217,208,200,197,193,199,205,219,205,200,200,211,215,189,195,184,170,200,154,184,239,232,199,112,137,106,64,189,215,186,211,186,100,144,204,161,134,137,163,163,120,137,170,163,161,189,120,97,106,137,79,67,79,88,144,154,115,88,134,193,174,144,193,170,154,161,156,112,154,163,170,170,184,161,112,115,134,106,142,193,213,222,217,226,226,215,193,149,137,149,199,205,226,200,178,170,184,180,204,184,144,161,120,137,142,120,115,115,134,97,134,91,115,134,120,134,128,144,142,174,237,219,144,144,79,43,123,128,79,91,88,112,123,100,154,199,200,163,184,186,168,170,178,115,67,170,170,156,106,186,215,234,228,211,211,213,174,115,106,57,128,170,128,142,154,134,174,200,205,178,174,170,189,205,161,178,213,186,134,163,123,106,134,120,154,170,123,115,112,100,112,97,74,134,137
88,147,197,184,176,193,186,204,178,131,193,161,191,211,193,174,168,142,149,178,121,123,163,97,149,144,168,195,129,149,182,180,115,142,184,174,134,123,186,134,144,134,129,204,174,170,174,134,154,168,199,229,232,200,205,208,142,156,205,217,195,154,174,144,168,189,193,186,180,193,213,174,168,189,168,168,204,154,115,193,242,244,219,178,137,193,218,215,213,149,118,159,204,200,178,156,97,121,174,156,168,172,180,180,208,235,200,168,178,200,200,195,189,123,97,134,121,115,170,154,147,189,215,208,161,174,184,115,67,186,222,213,219,193,211,248,252,252,222,189,232,241,189,195,211,225,191,170,180,223,222,219,229,189,205,178,200,217,208,193,195,215,200,174,211,208,170,142,208,204,219,211,180,180,200,174,149,163,217,193,163,137,170,174,180,193,191,170,142,123,186,186,163,174,156,142,120,142,174,170,154,149,144,128,176,154,91,64,115,115,115,128,100,106,161,195,154,178,186,142,163,156,144,112,163,174,180,219,208,186,168,184,195,163,189,226,223,226,225,241,241,228,195,134,100,186,204,197,215,180,174,186,174,184,178,178,163,149,137,142,137,134,134,115,137,123,128,142,74,134,106,106,100,123,142,170,217,239,204,120,82,123,120,142,88,120,120,128,174,189,205,204,186,193,174,134,149,142,154,161,131,180,156,91,79,149,205,205,193,195,223,242,193,88,106,137,100,123,144,174,195,168,193,223,200,144,161,186,186,180,180,217,211,156,161,123,156,123,88,134,142,144,106,106,123,79,97,115,112,112,115
184,161,180,97,144,180,168,166,189,156,91,163,204,193,161,144,149,156,161,168,151,154,112,112,115,144,188,235,195,174,178,154,112,139,154,154,139,129,180,144,184,142,195,163,228,174,137,156,189,178,174,178,220,219,191,222,199,176,178,174,156,193,170,168,178,174,204,186,156,168,186,211,178,163,195,154,189,168,163,211,232,240,223,199,142,137,228,237,168,129,154,199,193,208,195,149,121,106,134,129,154,170,168,170,178,178,161,168,186,228,234,204,121,57,97,100,129,142,154,142,129,180,193,184,200,184,170,149,137,170,174,178,168,178,178,219,252,232,213,223,219,217,197,200,237,208,186,178,195,219,211,219,200,204,137,170,193,204,225,200,128,115,180,211,174,137,144,193,200,186,184,204,156,174,184,156,154,178,205,211,149,123,134,128,184,168,156,161,204,170,174,223,217,174,128,112,123,100,120,154,144,120,156,184,154,149,106,79,128,134,82,79,79,128,149,142,163,154,174,174,161,115,134,161,174,161,174,218,218,215,239,234,241,242,174,217,219,204,223,242,242,222,156,137,134,195,168,156,168,128,142,163,134,170,154,163,189,161,137,154,163,137,142,134,154,142,137,156,100,112,91,79,88,123,123,142,211,240,244,144,195,186,88,174,144,163,149,137,219,235,204,184,189,178,112,120,161,120,168,208,184,156,82,82,64,156,208,200,168,161,208,235,161,134,180,200,112,106,193,184,168,178,170,168,174,170,163,186,199,189,199,168,128,91,88,120,120,100,128,112,112,115,163,120,134,163,144,168,156,147,156
189,208,147,77,98,126,195,161,142,129,142,178,178,156,121,88,91,168,174,142,178,149,82,147,100,115,189,204,193,184,170,149,149,156,142,137,151,154,184,211,215,205,144,223,232,199,112,112,163,149,142,180,205,213,174,207,237,232,156,154,176,189,154,204,163,154,174,186,154,180,170,118,161,142,191,193,147,129,139,204,208,199,208,211,172,172,205,172,91,154,219,205,200,215,186,134,149,129,142,156,186,189,134,129,149,142,156,186,200,238,228,178,65,46,106,129,159,168,161,154,137,166,199,161,178,199,156,180,195,168,118,142,178,144,156,222,244,222,217,215,211,223,222,199,208,215,184,200,205,204,193,208,215,205,129,149,137,144,184,161,115,134,142,170,186,112,149,59,134,178,156,170,149,163,144,147,161,174,180,170,184,97,74,208,174,180,118,200,168,217,242,235,223,205,156,149,131,149,151,115,71,106,82,163,67,120,161,115,85,123,100,79,128,161,163,115,144,168,168,142,137,178,184,144,123,142,161,186,199,200,219,243,248,237,156,154,205,211,189,215,204,199,128,168,174,163,142,142,131,142,163,161,123,137,156,142,170,154,154,154,156,137,128,137,161,154,134,128,112,82,91,100,112,123,128,154,204,228,240,219,215,228,170,184,195,186,137,166,213,213,163,154,149,128,123,128,149,180,195,170,186,128,64,91,142,193,225,199,156,142,174,217,184,200,228,213,149,120,186,168,154,142,168,163,180,168,134,144,163,184,215,137,67,46,67,82,137,91,128,144,142,170,193,193,184,200,195,168,193,144,195
232,184,137,121,82,129,172,168,174,222,229,154,137,142,134,189,170,174,200,137,115,137,174,154,178,131,147,163,156,163,163,174,168,161,174,174,161,154,178,211,161,149,199,193,195,189,112,123,123,106,121,156,161,195,197,144,199,178,115,134,168,149,193,174,174,205,137,161,195,193,168,129,159,195,131,193,88,121,142,115,170,134,144,189,199,186,129,59,51,121,161,137,186,225,163,144,139,208,189,199,180,184,134,67,142,189,142,149,193,222,199,121,51,36,134,163,156,184,189,156,163,195,211,184,174,204,180,170,188,142,137,149,184,161,170,228,248,223,200,189,204,226,204,180,184,205,199,184,178,170,149,178,219,232,193,144,129,134,154,178,193,174,213,234,204,178,120,128,82,123,137,168,120,180,235,178,120,163,186,156,120,142,154,199,128,168,120,193,215,239,207,189,215,217,193,156,149,120,156,134,91,112,97,31,168,180,115,91,112,123,112,134,184,178,123,149,134,106,144,180,178,178,156,128,142,123,154,168,189,184,186,211,222,211,163,137,197,213,200,180,193,204,149,144,142,149,170,154,161,199,205,174,144,144,156,144,144,156,161,106,106,123,137,128,154,154,91,74,112,97,115,144,149,168,163,174,193,184,170,204,215,219,211,195,208,156,170,154,180,174,147,134,123,142,149,115,178,205,189,154,178,156,88,168,208,199,204,170,170,180,186,235,232,213,243,223,217,144,154,134,128,170,170,156,161,123,112,144,180,205,180,134,51,51,115,120,168,174,156,163,184,174,200,204,189,208,200,163,149,174,186
222,205,163,129,51,144,211,189,195,234,219,131,129,200,174,126,186,217,211,142,156,199,161,123,168,156,126,154,100,67,123,193,184,168,193,174,156,154,168,184,149,178,215,186,178,178,134,115,129,149,121,129,156,172,151,82,134,170,112,123,161,168,97,161,186,159,144,137,161,178,176,170,103,100,156,176,180,57,142,74,134,67,106,134,168,199,163,57,43,67,123,142,129,178,168,170,161,170,186,193,184,123,131,156,174,184,156,142,154,166,199,129,38,27,112,137,174,161,184,161,163,191,195,193,200,202,219,156,174,142,163,168,139,189,178,242,241,223,174,170,174,144,154,208,204,189,184,205,204,137,142,184,219,223,195,211,200,195,178,168,217,242,235,237,222,217,170,156,149,149,163,170,149,195,215,180,149,156,156,142,115,120,174,147,161,137,184,174,176,200,199,182,154,168,188,186,123,123,168,144,149,97,74,128,163,149,142,128,134,137,115,161,195,180,134,163,154,134,156,186,193,134,161,142,156,134,168,178,204,199,156,195,225,215,211,168,232,225,180,134,200,204,154,156,184,180,163,178,186,200,186,168,170,174,168,156,128,154,180,123,85,128,144,142,144,123,97,82,100,100,100,142,170,217,211,186,170,163,156,163,186,215,193,195,174,134,154,168,186,184,156,168,144,134,180,161,195,168,184,184,178,184,156,195,208,156,170,174,205,213,225,240,228,228,235,223,193,139,115,149,178,200,186,142,144,134,161,180,180,186,204,195,79,79,163,178,213,208,200,168,195,170,163,228,225,184,180,195,134,97,128
195,159,191,137,144,211,222,176,213,229,213,186,159,137,178,178,174,180,172,170,184,213,123,151,170,208,154,142,134,144,178,184,193,195,184,163,176,184,186,149,161,211,211,193,163,174,154,129,137,156,178,156,142,156,144,121,154,154,147,112,137,137,154,144,161,193,168,156,174,200,178,170,129,106,193,174,149,189,186,149,118,77,100,97,137,137,118,100,121,121,77,154,154,172,199,168,134,174,195,193,189,161,170,213,204,184,147,137,134,129,213,134,67,97,64,129,205,121,207,134,163,186,174,178,204,193,213,180,142,186,174,161,112,199,170,228,226,199,163,159,161,106,137,204,189,186,180,215,184,144,142,186,178,180,189,226,248,242,238,232,227,241,225,238,223,214,154,134,123,144,193,189,180,168,134,97,144,193,154,120,120,100,128,149,168,184,186,137,215,188,137,137,120,120,154,154,134,106,137,149,120,180,189,154,178,219,154,134,97,168,195,166,184,180,161,137,168,149,193,208,200,184,149,154,215,215,200,184,193,174,161,219,244,240,228,237,243,229,204,137,180,180,170,195,225,189,163,134,156,180,204,161,156,215,161,134,134,168,174,170,134,128,154,134,120,112,137,120,137,128,97,137,199,229,217,178,154,163,137,149,180,180,180,168,142,134,106,144,195,195,174,186,205,200,195,200,184,149,193,168,144,193,217,174,193,170,168,193,211,204,211,224,208,213,199,156,115,120,123,161,178,236,186,137,123,168,178,154,178,225,213,219,168,207,213,228,226,217,211,180,200,193,211,219,213,184,154,154,115,151,144
123,204,174,193,223,211,180,154,246,211,189,161,176,149,149,161,180,184,199,199,188,211,154,182,204,208,180,226,161,174,161,180,211,204,199,213,115,161,199,154,182,204,149,178,149,144,156,144,134,154,208,170,129,115,180,163,149,123,144,106,142,174,200,186,178,208,205,147,137,189,184,149,154,170,149,123,199,222,199,163,180,149,129,134,59,49,121,161,144,142,154,180,191,168,186,137,149,159,156,159,186,200,174,163,199,222,180,129,154,170,195,199,123,112,166,184,213,159,174,170,170,163,142,161,189,193,204,186,137,215,178,106,184,170,184,193,232,168,170,161,170,168,142,193,204,189,199,144,123,142,149,163,142,170,137,217,253,252,228,232,208,199,211,238,239,195,115,163,97,51,226,226,180,134,100,120,168,180,161,137,161,180,189,174,149,186,142,115,199,217,144,103,149,128,161,163,100,120,144,163,144,142,142,200,215,161,180,134,161,186,199,200,168,161,154,189,213,211,186,234,195,211,211,128,248,241,215,180,204,204,163,195,223,214,184,244,219,225,189,112,128,186,204,184,195,205,144,123,142,189,112,184,195,174,168,112,149,134,163,168,170,115,144,134,123,137,115,144,163,123,120,178,193,170,149,174,134,134,168,156,137,154,184,161,142,154,106,149,226,204,189,195,193,211,225,204,170,180,174,154,178,219,223,200,200,189,199,204,184,156,154,154,170,184,142,115,115,142,144,144,168,229,193,149,128,170,154,137,211,234,204,222,225,228,211,211,184,154,189,205,241,239,242,223,180,193,137,100,178,142,100
168,191,161,225,211,142,142,144,199,80,166,176,186,168,142,180,184,199,170,168,170,193,142,199,200,213,213,161,208,184,149,178,184,159,156,161,205,147,200,229,144,144,163,126,161,161,176,147,144,134,134,174,129,106,204,163,142,106,106,154,129,200,210,195,172,170,180,163,174,199,142,121,168,178,174,174,205,174,174,180,186,178,174,184,65,25,100,154,176,170,178,174,195,180,142,134,161,149,74,115,142,134,156,199,217,184,154,123,144,207,211,144,142,154,189,223,232,195,144,163,180,163,134,166,205,204,211,199,137,195,184,129,195,149,180,170,211,174,174,184,174,178,170,205,199,193,184,115,123,134,180,142,178,154,106,200,252,248,211,204,149,123,189,219,242,163,184,204,161,97,238,193,120,97,134,161,168,156,137,168,200,213,219,200,204,199,178,137,184,200,159,134,144,147,186,189,149,137,174,161,172,161,128,168,180,163,204,170,186,184,217,200,142,142,180,211,226,184,184,186,217,199,178,186,170,211,213,178,199,204,137,106,128,161,123,134,180,168,204,123,128,170,163,184,178,156,154,161,154,123,106,137,195,163,163,120,137,149,200,174,174,120,149,161,134,156,142,137,106,128,144,168,128,97,134,156,142,100,154,142,97,137,208,205,178,168,154,193,239,204,186,163,142,170,205,204,178,180,170,178,200,208,217,215,186,204,235,223,142,88,106,134,170,174,128,154,144,115,163,200,199,223,219,180,199,186,161,186,189,168,204,223,215,208,208,178,154,149,208,242,253,252,246,226,163,156,168,106,154,115,156
144,154,184,217,193,137,112,91,134,103,174,199,163,137,129,174,200,170,182,168,142,142,109,225,170,225,156,178,168,134,163,134,134,180,178,176,208,178,239,205,129,123,168,121,170,170,170,161,121,170,193,172,129,74,184,170,137,156,121,156,161,184,186,189,163,100,112,200,178,144,156,134,156,163,123,174,161,97,149,189,142,213,189,112,38,43,115,170,195,168,142,163,170,168,186,161,137,186,168,126,121,129,186,184,186,195,144,134,161,193,170,149,166,154,156,205,223,184,97,123,184,123,137,199,204,193,229,184,106,168,161,129,161,178,149,163,163,163,166,200,184,174,193,219,211,178,154,174,161,142,123,186,186,178,149,184,217,225,208,168,97,57,142,205,219,226,234,205,174,186,188,161,134,144,170,199,204,184,100,134,189,199,213,220,205,204,205,189,195,142,144,137,144,199,239,229,200,178,178,137,144,142,149,170,189,174,168,168,170,163,120,154,149,134,170,193,178,161,156,199,228,184,137,149,168,184,195,168,123,142,163,123,97,142,115,97,161,223,186,120,46,82,180,219,154,134,180,200,170,144,189,163,154,123,149,161,168,178,209,189,178,154,142,142,123,149,163,128,112,154,144,120,97,174,128,178,193,112,144,142,79,128,208,223,184,144,186,184,204,170,134,137,112,97,189,205,170,149,156,180,199,195,204,193,184,228,241,217,161,142,154,174,195,195,170,137,128,120,168,219,235,229,215,205,219,217,193,199,170,156,195,193,186,213,199,178,180,199,215,242,252,247,232,205,156,128,168,142,100,120,131
115,142,178,184,174,161,142,115,174,163,193,172,88,38,142,199,178,168,168,118,121,129,123,213,211,170,161,168,142,149,166,154,184,199,142,170,222,200,193,154,211,186,154,178,154,163,170,168,154,168,184,123,129,112,213,154,184,112,161,156,199,142,166,170,147,121,112,161,178,129,191,123,156,103,129,112,126,112,154,149,156,195,186,193,123,106,178,195,115,82,106,142,204,204,195,172,91,115,184,178,170,161,205,208,184,184,154,180,161,144,142,178,189,57,97,156,178,170,149,174,174,129,100,137,186,213,211,144,142,161,156,161,147,142,161,142,142,170,193,211,215,195,199,248,239,166,178,195,193,154,137,184,168,204,186,189,180,170,170,161,129,88,115,200,195,237,225,200,168,208,170,163,170,144,174,228,250,228,85,100,208,193,174,225,168,176,172,223,144,106,91,180,204,229,237,219,204,217,144,161,161,189,161,134,112,128,144,156,128,128,149,159,137,82,137,189,128,149,137,149,163,142,137,184,168,161,174,144,161,178,156,154,144,142,134,156,156,211,186,79,31,67,163,225,195,213,240,240,186,128,120,144,178,154,184,189,180,166,199,170,142,123,120,128,144,142,134,120,120,134,142,120,123,134,184,219,239,193,193,170,106,100,144,184,174,123,180,142,106,115,67,137,128,123,193,156,149,134,123,161,178,168,163,163,186,217,215,229,168,205,208,184,211,219,193,163,144,142,154,193,223,208,195,213,229,223,199,204,217,199,193,180,161,195,170,186,161,163,208,238,241,205,178,178,156,115,137,137,137,128,123
139,121,134,182,161,142,180,149,156,170,170,121,80,106,193,211,199,178,134,115,121,142,161,182,223,163,154,149,159,161,170,180,186,180,170,178,205,168,161,205,213,193,210,186,161,199,189,154,142,149,156,134,151,229,205,184,142,97,174,174,193,193,178,186,186,121,115,137,180,213,142,115,149,57,163,97,166,170,149,115,200,184,199,226,180,168,156,112,106,115,129,97,184,219,168,222,149,142,137,129,149,189,222,195,134,172,213,213,129,156,161,188,97,166,144,123,161,193,149,151,163,121,82,82,182,213,219,161,156,154,200,186,156,82,100,168,213,218,186,186,208,202,223,248,233,199,189,193,225,217,161,79,129,204,184,178,163,144,151,184,217,200,154,199,178,189,189,156,215,199,189,184,189,154,170,248,253,234,91,142,197,180,156,184,161,144,126,163,112,147,142,180,195,195,222,193,193,161,168,186,170,161,154,97,91,100,91,180,204,180,134,115,112,88,178,199,170,134,126,163,100,154,218,208,180,161,149,163,211,205,211,215,180,149,112,142,178,178,217,163,64,97,149,200,242,219,186,189,178,174,193,168,168,180,193,156,161,144,156,154,115,115,142,149,128,106,112,154,144,123,142,128,170,149,189,213,239,205,200,219,156,134,128,137,170,156,178,106,74,154,115,161,156,156,174,163,128,137,123,154,149,112,163,200,144,186,200,222,178,195,204,208,223,232,204,178,144,142,170,170,223,211,204,200,215,217,195,193,213,199,180,205,149,176,149,163,178,170,204,205,200,178,142,137,128,112,106,154,161,144,184
95,106,115,163,142,123,174,178,166,137,123,134,134,156,211,224,213,186,154,149,168,174,186,170,195,176,163,184,184,178,168,154,163,182,200,172,191,186,161,154,186,182,182,178,144,151,182,174,149,168,170,144,186,222,205,195,129,88,178,189,186,186,189,149,163,154,149,204,199,123,149,170,115,129,176,178,208,180,149,112,156,184,208,235,222,186,121,80,163,142,121,168,193,232,200,217,121,174,163,137,142,204,200,161,106,156,218,222,168,156,129,129,156,168,161,57,123,195,195,180,189,142,100,137,149,186,199,182,142,154,226,144,121,121,180,170,246,238,161,156,178,199,213,204,208,184,170,217,199,156,88,51,120,195,189,161,129,129,163,204,223,208,186,189,184,189,178,204,228,174,186,199,199,184,180,240,253,218,128,168,161,120,100,134,186,156,134,100,161,170,161,144,168,184,193,186,161,154,180,142,166,163,200,137,112,115,112,180,186,123,149,137,97,163,180,149,149,123,170,163,120,163,219,217,170,163,180,180,211,232,182,193,144,112,144,137,168,217,234,193,120,106,106,156,223,168,120,178,204,189,180,219,189,128,170,137,142,184,149,112,123,144,168,144,142,154,149,134,120,106,123,123,180,170,161,204,144,168,174,200,204,184,156,120,184,184,186,186,142,174,170,186,184,193,174,174,123,149,142,134,166,161,180,180,144,178,204,199,184,170,174,222,213,213,180,156,170,180,199,199,232,186,211,163,180,215,178,193,200,178,170,180,168,156,144,134,174,193,217,186,144,180,174,115,123,123,112,149,137,142,174
59,121,151,154,200,159,193,193,182,161,161,166,142,142,184,200,208,202,189,204,213,161,188,168,193,184,180,204,205,200,170,149,186,174,189,188,184,170,178,156,156,174,188,191,161,121,178,180,112,100,168,174,188,211,195,172,168,134,142,195,180,134,180,213,168,161,168,144,161,200,166,151,163,180,178,156,184,184,142,147,139,189,189,208,217,189,168,154,199,213,209,238,195,241,213,184,184,232,168,142,147,184,184,180,149,144,204,186,189,123,67,123,149,180,134,77,129,184,193,170,204,193,134,139,142,191,217,186,199,170,235,154,189,106,142,178,242,250,170,134,178,199,199,205,208,189,163,174,180,154,85,134,154,170,232,193,97,134,189,204,195,208,193,168,186,211,232,222,199,213,204,200,200,172,161,205,247,213,149,149,137,88,79,163,211,163,123,137,178,180,168,149,168,193,204,186,161,144,149,123,142,208,217,128,147,106,139,202,205,154,156,180,163,174,142,137,149,137,144,163,168,186,184,170,168,170,156,174,134,154,180,123,142,123,174,163,200,204,189,232,156,100,123,154,112,74,144,211,186,186,211,120,120,178,134,144,168,163,115,100,137,161,154,137,134,123,128,120,128,134,137,142,154,128,120,128,120,161,168,170,234,242,195,184,204,193,178,200,193,186,205,178,213,215,189,154,128,128,142,156,199,208,178,142,186,180,184,154,170,154,184,189,199,170,156,168,174,178,195,213,200,195,180,149,170,193,161,180,134,163,149,149,144,170,163,149,168,199,217,208,161,178,186,142,128,137,106,134,106,174,106
144,123,195,174,224,200,219,172,211,205,193,186,134,123,156,170,210,228,193,189,204,170,193,178,208,178,178,154,193,193,154,149,180,186,193,195,189,168,213,193,168,134,189,184,189,156,137,168,163,147,156,174,170,170,211,205,170,189,156,161,199,174,222,204,154,137,151,142,137,149,174,154,163,195,163,112,168,142,163,163,161,149,131,134,199,213,180,180,224,253,252,228,195,200,204,186,199,211,154,156,149,142,163,170,184,178,178,170,149,134,112,123,193,189,106,137,184,161,191,204,205,219,178,144,142,97,137,204,222,211,213,222,134,134,184,207,225,237,209,134,139,156,163,204,208,199,195,144,156,174,129,161,189,231,237,208,151,174,180,156,170,168,176,170,222,223,225,207,205,170,193,199,178,120,131,189,215,189,142,128,134,106,149,204,193,137,149,193,200,178,123,123,142,163,193,204,156,123,174,195,156,151,161,142,142,97,184,226,200,154,178,219,213,161,123,174,88,170,120,189,174,186,178,170,149,128,154,168,154,144,184,128,163,166,170,199,205,229,234,215,200,186,180,168,103,168,204,180,170,154,144,193,161,208,188,142,142,199,137,94,97,137,154,154,144,112,123,115,123,91,128,154,88,142,168,193,186,161,163,222,215,205,215,213,174,161,195,200,178,199,208,193,215,178,163,163,115,97,161,193,137,161,199,189,184,156,174,174,180,161,137,180,178,180,195,154,74,88,149,180,168,161,144,168,168,154,186,120,82,106,120,163,142,144,174,178,156,163,208,208,205,195,199,182,142,134,106,134,154,168,142
191,106,195,199,193,208,189,210,213,220,207,174,156,139,161,161,208,211,189,186,172,195,197,208,220,161,161,170,168,180,137,126,154,186,200,217,186,211,217,200,186,184,166,204,200,186,137,149,174,174,170,149,180,172,180,217,211,208,189,170,226,195,202,208,174,144,137,170,176,142,115,115,149,131,176,67,97,137,174,149,121,115,170,208,184,144,154,163,241,251,242,199,121,161,195,208,112,59,168,213,156,137,147,161,208,189,184,184,129,112,129,178,213,193,134,144,142,154,178,176,217,193,137,154,154,134,211,217,199,193,204,195,123,112,154,170,219,228,193,137,91,129,154,180,189,208,97,137,134,186,149,170,223,237,217,200,184,142,139,112,112,178,123,189,186,186,217,217,149,170,168,195,180,149,156,184,193,186,163,128,174,184,195,184,193,195,211,200,178,103,82,118,134,144,180,205,168,154,180,144,88,123,189,156,128,154,178,178,174,154,174,209,219,186,170,154,106,189,174,170,180,163,180,189,106,126,168,168,154,134,149,204,195,193,186,235,215,180,200,217,215,204,180,149,170,170,154,156,170,144,123,186,115,223,161,178,149,137,149,199,88,123,166,154,149,163,88,74,134,106,149,195,163,142,154,184,184,128,154,128,163,222,199,161,193,128,200,186,217,178,180,195,161,134,123,120,82,64,106,134,180,170,228,184,142,120,184,163,154,184,163,199,204,204,170,128,67,79,137,154,97,97,149,184,186,193,184,128,97,79,137,174,163,144,170,174,137,134,186,213,219,170,174,170,144,142,154,149,168,170,170
118,134,195,170,142,174,213,226,213,170,168,156,180,172,156,189,174,168,189,197,180,180,193,228,195,161,156,189,154,178,144,154,149,144,204,200,176,199,222,193,193,205,163,193,180,170,174,184,189,168,193,197,178,195,219,137,195,189,200,200,189,211,197,193,154,142,149,154,134,129,168,161,112,142,100,82,149,154,142,112,156,193,205,200,149,163,202,204,215,228,213,178,97,161,156,178,49,123,213,219,142,100,137,174,129,178,142,112,144,142,159,189,200,208,149,142,115,129,189,193,204,161,129,178,168,163,223,215,139,154,204,163,149,159,156,163,219,223,168,97,79,91,174,214,178,180,189,163,170,217,199,205,217,209,180,156,134,129,123,154,134,129,120,137,180,219,97,170,197,142,204,219,222,193,123,112,193,219,168,142,215,219,163,174,178,200,184,180,142,123,106,168,193,168,161,168,149,161,120,74,79,189,208,170,168,186,168,137,144,144,149,170,197,184,134,142,174,193,184,174,193,184,195,156,106,134,174,184,174,142,174,213,211,217,239,235,154,219,149,208,186,189,191,142,137,168,154,156,163,117,109,208,144,184,174,180,144,180,174,134,106,134,144,144,134,128,170,100,112,154,200,144,193,178,168,137,156,142,79,149,168,142,156,156,180,189,115,79,184,195,163,149,123,144,100,74,59,43,120,195,242,252,226,154,134,112,123,149,168,193,154,211,238,229,180,112,120,142,163,154,97,120,137,163,215,199,168,156,163,142,154,174,174,168,168,154,144,161,156,193,180,134,144,149,137,156,170,149,156,170,178
189,178,139,163,144,123,242,237,204,151,142,151,142,142,189,213,193,197,189,182,172,151,193,204,147,180,180,154,144,149,174,182,168,161,186,144,168,154,217,184,184,163,193,97,163,168,180,199,211,199,204,219,168,139,215,154,208,186,178,193,172,199,193,208,193,137,168,174,178,149,144,161,144,134,112,156,137,123,139,186,189,193,178,170,213,213,174,189,161,151,240,161,137,174,121,149,134,142,211,195,106,80,142,205,178,189,166,65,205,159,134,180,180,200,121,142,174,159,217,200,154,182,189,208,142,161,204,168,149,154,205,189,156,144,149,178,200,184,142,82,103,149,195,207,186,156,174,200,168,178,223,222,222,204,149,97,112,186,180,142,161,159,161,154,184,149,184,193,186,235,195,226,222,211,115,128,215,204,161,161,186,184,184,154,161,163,100,174,168,144,106,144,189,159,142,106,120,149,103,88,142,195,178,156,184,211,184,149,137,163,178,149,154,154,118,170,170,168,195,184,208,208,170,123,112,154,180,186,199,195,195,200,213,248,251,225,186,170,168,195,174,178,163,163,142,120,137,149,154,137,154,180,193,163,170,149,193,170,174,134,88,156,154,154,142,97,163,178,91,170,128,134,149,154,144,100,82,57,128,67,67,120,156,168,120,134,91,120,120,168,163,137,106,134,137,106,100,128,174,217,235,252,253,144,91,106,82,134,186,128,154,219,250,235,168,134,154,161,156,163,144,97,128,195,189,168,142,154,178,178,144,163,178,180,168,161,161,144,120,180,144,142,168,156,161,144,170,170,156,161,178
129,112,154,211,174,129,228,207,163,170,161,149,142,142,174,189,213,199,178,170,115,106,174,172,161,200,195,142,129,168,205,199,195,208,199,149,156,144,161,151,149,193,191,137,168,161,193,211,223,205,199,199,137,121,142,166,168,161,161,163,199,168,199,238,210,211,225,225,200,174,97,142,178,168,106,184,115,46,144,222,180,82,112,174,195,186,168,134,137,149,200,211,213,205,112,100,161,180,182,193,142,123,184,189,118,174,180,139,200,88,100,134,204,204,142,195,234,219,188,180,137,199,211,219,112,149,149,142,186,170,232,213,180,156,129,154,208,213,168,120,142,178,200,200,213,195,211,208,199,189,168,97,161,225,184,112,123,195,204,161,156,189,180,154,144,154,154,208,193,170,163,204,213,147,154,178,205,211,195,123,205,161,115,91,120,156,120,163,163,112,123,142,144,156,151,100,112,142,106,106,156,161,139,137,200,186,191,208,215,204,186,142,123,134,180,205,168,184,178,168,215,204,161,142,178,178,161,199,219,217,193,215,234,248,240,200,189,168,163,184,168,168,163,103,120,134,142,134,142,154,161,168,137,161,168,156,142,168,163,120,112,134,170,134,134,149,161,144,142,137,134,178,120,161,115,144,79,115,91,79,100,134,149,139,142,156,97,100,168,154,204,204,205,180,144,200,208,229,226,174,208,244,238,161,123,156,123,144,144,120,168,178,232,237,178,154,142,137,149,137,161,204,43,137,128,115,149,128,163,156,189,161,193,195,180,154,112,137,115,163,163,178,144,142,163,163,168,178,168,174,184
88,163,215,180,180,174,195,184,170,166,131,142,144,112,142,168,204,174,149,186,121,74,182,213,184,161,147,121,129,178,199,205,193,199,217,217,180,159,137,121,163,225,241,231,178,154,195,213,219,211,189,184,156,129,106,137,115,154,156,149,172,174,226,228,222,238,228,225,226,204,161,174,200,168,115,134,121,144,159,217,178,77,74,170,213,199,184,161,144,176,193,217,211,199,106,168,186,163,178,139,142,144,142,170,193,163,154,186,174,168,129,154,176,199,208,199,199,180,161,121,137,186,213,199,195,82,180,204,163,189,242,213,189,182,142,134,178,200,199,202,205,208,208,193,134,174,211,213,200,174,142,142,178,224,208,170,168,170,174,193,180,137,144,170,168,174,180,128,106,134,156,174,156,115,120,154,211,239,217,168,176,144,103,106,142,193,137,134,59,137,159,128,142,128,97,97,85,123,123,97,115,112,137,154,199,180,225,240,232,199,123,115,128,137,228,195,222,180,186,168,168,178,174,184,229,186,128,209,232,178,180,222,211,184,174,180,178,193,180,178,154,168,154,106,134,154,149,120,128,134,137,115,156,163,156,154,178,156,149,163,163,149,161,144,142,159,142,149,142,137,156,106,149,123,137,128,115,106,97,115,161,115,123,178,174,186,91,115,186,180,205,242,144,170,180,161,195,195,163,128,161,219,222,142,178,168,193,123,174,161,178,170,219,200,128,123,142,112,142,142,134,174,170,120,79,79,144,137,134,144,178,168,168,193,112,163,184,115,142,128,184,100,178,170,156,205,161,178,168,149,174
123,193,200,161,161,156,137,199,144,161,134,129,170,123,154,174,142,154,168,123,121,163,215,204,174,142,123,91,131,197,215,215,178,174,204,228,186,161,163,156,174,213,235,243,214,189,180,204,220,180,161,168,154,121,112,129,144,134,156,154,176,202,205,199,204,225,205,195,225,219,193,184,178,149,142,123,106,154,178,163,170,142,115,134,156,199,199,189,195,200,193,219,217,189,174,142,103,174,129,144,123,129,149,168,180,200,144,163,204,134,161,156,199,174,197,200,222,195,134,137,142,137,211,223,184,170,195,178,178,199,223,193,199,213,228,142,170,228,215,234,241,244,211,204,154,199,231,199,228,211,184,137,180,225,225,170,163,178,163,156,129,134,129,180,149,142,106,64,134,137,120,168,178,149,128,180,240,222,195,172,188,193,91,170,195,204,120,123,154,161,159,142,142,134,57,74,134,137,123,64,128,88,128,176,170,186,222,213,170,178,149,106,149,180,186,223,234,204,199,149,168,168,193,229,213,184,120,170,204,161,184,213,174,100,161,174,161,174,200,142,149,170,178,180,168,137,120,91,74,115,115,134,178,156,170,168,174,154,163,178,178,168,149,137,120,137,149,163,144,120,163,142,161,193,123,82,100,82,115,97,128,134,100,180,189,142,134,100,137,168,174,163,123,112,154,163,144,156,67,97,199,228,211,154,180,128,149,195,208,156,189,156,142,115,156,128,115,120,120,178,149,120,106,97,88,100,137,184,180,174,137,184,161,170,193,106,123,149,142,142,112,166,204,168,184,205,189,199,156,168,163
211,147,172,193,65,149,195,184,142,134,178,163,178,199,112,129,163,137,199,144,161,178,144,180,174,161,129,137,180,213,217,204,199,200,193,170,186,184,199,142,174,156,188,208,208,193,178,211,195,134,134,144,163,144,149,172,144,134,180,172,174,161,161,154,163,199,189,184,186,168,174,186,184,129,149,156,115,161,184,129,168,200,156,91,115,184,199,200,184,168,189,213,219,211,195,149,129,144,156,112,115,129,154,170,202,186,163,163,191,170,112,163,180,180,184,195,129,88,156,168,121,156,219,243,222,170,170,174,178,184,144,220,217,225,228,195,195,237,189,199,238,253,217,222,178,208,235,186,250,240,170,106,174,235,247,199,123,156,161,163,144,161,142,186,134,161,142,144,180,106,97,186,186,137,142,193,200,156,176,211,189,228,195,154,161,186,199,180,149,168,137,100,64,46,82,144,156,163,161,123,79,77,204,115,142,142,149,161,144,139,142,112,142,189,184,189,251,189,195,134,217,211,189,225,154,161,120,91,195,226,184,219,204,168,168,161,147,115,163,142,184,178,182,193,170,115,74,79,97,112,79,106,137,168,163,149,128,142,149,161,154,120,120,120,88,154,189,144,154,134,112,144,180,134,106,91,91,91,97,115,123,123,100,112,142,123,137,106,106,161,100,91,128,97,120,170,161,137,115,128,178,215,211,204,156,128,178,120,163,199,168,123,163,137,134,156,128,134,142,123,100,134,170,142,163,163,149,106,170,193,178,178,178,120,88,149,178,154,144,142,168,193,170,189,178,208,205,205,189,168,163
163,219,137,129,85,154,100,103,178,154,137,195,178,95,144,180,170,118,204,154,186,174,170,129,199,193,193,168,218,222,213,184,161,186,225,215,193,214,208,129,139,193,186,189,168,149,199,191,180,163,134,154,163,144,189,174,126,178,184,189,139,134,156,144,149,149,154,163,129,144,186,195,156,163,199,163,154,178,168,168,178,186,180,180,129,147,184,170,161,195,223,193,189,226,228,189,121,97,134,112,129,142,149,156,166,178,174,193,189,156,123,137,184,193,144,82,85,159,193,189,144,186,219,207,200,118,156,161,172,200,180,149,163,208,205,186,213,215,232,229,184,215,219,208,168,225,208,215,217,215,186,144,168,229,249,232,129,91,137,170,178,195,137,193,154,161,142,199,161,74,174,217,213,184,161,186,189,161,219,222,234,170,170,134,112,154,180,168,142,134,97,82,97,67,59,94,161,154,149,151,168,106,115,149,123,134,123,137,137,161,149,120,137,211,229,178,200,193,195,211,219,219,178,205,186,161,128,144,219,232,195,193,228,205,134,149,161,103,123,205,178,156,134,142,176,115,43,67,59,43,59,46,134,144,134,112,112,120,142,128,106,91,112,128,137,168,144,97,142,144,106,154,142,128,123,137,128,97,59,91,106,128,163,137,134,161,149,120,142,163,115,97,57,97,174,178,170,161,120,123,186,186,199,200,200,156,149,184,161,154,154,128,112,134,115,123,161,144,142,161,112,82,180,193,189,199,161,134,154,161,154,161,128,134,163,168,170,178,193,163,186,144,156,144,156,170,178,142,188,189,154
182,180,174,149,172,161,134,161,163,168,170,144,200,211,174,174,137,174,189,166,186,134,121,112,215,149,170,149,170,193,195,170,137,199,199,232,213,217,218,211,82,186,197,154,154,137,174,188,168,129,137,215,149,134,142,154,156,161,174,174,161,144,193,200,178,144,161,180,121,163,200,161,170,234,112,186,176,166,172,205,184,193,202,208,156,106,161,154,163,211,205,161,149,241,234,195,170,115,129,97,112,142,123,174,174,106,154,174,159,129,103,142,115,151,129,123,123,123,121,123,170,154,184,193,163,137,134,149,186,189,178,156,123,97,161,204,232,246,215,147,161,199,186,193,195,223,199,163,168,199,219,213,168,209,247,238,180,82,156,180,200,200,118,200,178,174,189,229,142,57,174,211,186,184,144,142,174,178,208,219,208,208,205,144,97,79,123,144,154,154,112,123,128,31,17,64,163,123,137,144,137,170,161,120,161,176,142,163,186,163,123,112,142,184,225,178,154,193,208,225,184,211,205,219,193,149,144,208,205,186,208,178,186,195,106,142,174,123,163,163,161,120,123,144,178,134,51,35,31,67,91,106,149,142,123,112,149,97,134,120,115,106,112,134,142,154,115,128,128,137,128,100,106,174,134,174,134,134,59,74,128,137,180,149,168,161,123,128,163,137,142,106,79,115,180,178,142,134,154,168,174,211,199,225,195,226,142,200,137,134,156,142,88,88,120,120,161,168,149,120,82,88,200,232,189,163,149,134,120,137,161,163,128,149,205,163,161,223,195,163,170,170,128,149,134,106,120,154,174,149,174
213,200,225,199,174,168,193,161,178,168,184,184,168,193,172,163,195,217,184,161,168,182,156,121,163,97,129,91,142,191,204,205,195,200,219,226,204,204,237,195,178,213,211,211,112,156,168,137,134,144,168,219,200,137,151,129,154,159,159,178,168,174,204,195,211,195,174,189,156,123,178,134,195,211,85,205,217,184,168,208,184,195,195,193,144,57,137,204,163,121,144,144,182,180,223,234,199,112,137,134,100,131,144,149,118,106,151,149,129,121,156,88,100,161,144,151,149,112,131,144,170,121,149,217,166,178,137,142,178,186,168,144,134,186,193,219,225,228,202,178,161,219,213,195,211,195,213,199,204,215,200,208,178,91,182,228,186,156,184,174,166,123,163,149,205,205,208,217,161,74,137,217,178,134,128,103,144,161,161,172,195,238,193,144,74,79,149,195,174,161,161,174,161,74,36,97,120,144,115,97,199,249,252,211,180,178,178,180,208,200,156,154,134,147,178,204,186,199,161,163,161,184,199,170,156,154,168,200,199,193,208,208,178,168,170,174,134,156,97,137,163,112,128,128,142,144,91,74,134,161,115,168,163,137,137,149,163,128,115,144,144,112,112,134,120,142,144,142,97,142,137,142,112,170,154,193,123,134,120,97,137,131,144,137,144,128,128,134,115,115,115,103,128,128,144,170,168,161,168,149,149,180,208,228,208,225,222,163,144,149,137,123,67,74,100,88,123,142,106,64,64,137,189,184,154,134,100,59,123,205,184,168,168,149,174,186,189,200,180,186,161,156,91,100,123,106,128,161,186,186,186
234,191,184,186,178,189,149,159,182,137,142,199,184,121,142,193,178,193,195,137,134,88,134,115,149,163,154,149,129,178,228,231,208,178,188,205,163,219,225,223,199,193,232,180,147,195,156,137,149,147,172,178,186,176,106,112,168,195,144,199,170,232,174,154,168,186,144,154,186,126,80,88,186,193,184,129,193,218,184,200,142,156,186,174,142,82,178,234,121,67,161,170,180,106,213,197,178,131,144,156,149,151,134,59,159,186,134,112,121,161,88,184,161,174,168,144,154,123,91,144,137,123,163,199,197,144,174,149,154,170,134,204,213,215,202,180,232,228,163,168,189,225,222,193,189,184,204,217,188,215,219,211,172,129,161,193,174,172,168,129,142,123,154,168,215,215,154,191,184,142,174,213,178,115,142,100,134,137,134,195,154,213,178,154,103,134,180,184,170,154,174,176,120,46,82,112,112,149,118,193,213,235,250,229,184,154,142,156,226,234,168,137,120,137,97,199,200,168,156,161,200,199,215,189,115,128,180,193,180,200,219,223,156,186,195,159,154,174,161,139,137,137,106,144,154,163,144,154,163,115,120,168,142,115,120,144,161,161,112,156,161,112,115,134,134,123,123,156,144,100,168,170,120,137,154,168,131,128,112,134,137,106,112,100,112,123,91,120,59,100,174,106,149,100,149,174,186,174,161,163,128,128,188,193,204,199,163,208,142,161,120,82,91,82,91,115,112,74,79,64,74,112,123,120,142,120,59,51,115,189,208,180,178,193,189,168,208,184,170,168,211,137,128,137,170,161,149,193,195,174,222
229,176,161,186,168,144,189,151,123,100,129,180,156,80,91,178,189,115,80,57,74,134,115,82,149,186,149,161,180,186,235,235,172,170,142,129,195,225,210,232,217,176,178,156,178,170,115,112,142,142,170,182,174,184,200,144,170,178,161,172,193,188,186,144,129,147,172,144,178,154,31,103,211,195,178,178,131,223,211,142,137,163,154,149,178,195,211,219,154,142,163,142,112,129,156,151,149,142,144,149,180,170,123,112,184,174,97,74,134,142,118,235,204,189,193,129,112,112,123,144,106,154,168,174,144,149,186,156,156,121,137,147,200,211,205,205,240,232,193,178,163,199,219,211,186,184,205,134,154,213,209,170,180,184,180,168,170,149,168,137,129,123,129,193,186,134,97,142,217,204,189,193,195,176,128,106,137,156,163,204,118,154,186,174,170,128,184,217,178,161,178,156,115,137,149,154,180,137,168,200,142,226,168,211,154,106,97,115,189,228,186,161,147,144,123,174,166,144,186,178,204,174,184,144,163,174,193,211,199,170,204,168,161,193,134,180,217,180,161,174,131,170,195,156,186,200,161,170,159,149,88,97,88,134,161,134,134,163,163,163,137,123,106,123,144,120,97,142,142,149,174,144,144,144,97,144,186,144,120,142,123,106,120,88,112,134,123,112,112,137,168,154,142,134,149,174,170,168,178,189,128,115,149,193,180,154,137,142,115,142,97,97,67,115,142,134,112,82,46,37,91,112,120,35,199,82,97,46,82,137,189,178,200,234,189,178,186,144,178,161,180,199,134,204,168,154,137,137,170,205,213
166,149,142,123,149,193,149,88,139,172,159,149,134,112,129,193,195,77,51,106,123,65,91,142,213,242,219,191,208,189,195,207,134,59,71,149,193,205,191,204,193,189,142,134,156,174,154,106,46,134,189,213,215,211,178,178,154,174,168,154,204,215,137,80,118,168,200,180,156,163,88,131,186,199,204,170,142,170,149,123,170,163,163,163,184,222,219,204,180,144,134,115,100,103,139,170,163,163,154,144,156,154,168,193,168,137,115,121,129,106,168,200,223,184,137,106,112,166,144,112,123,174,199,131,109,184,163,189,154,137,142,154,211,223,217,223,238,241,213,178,215,178,193,184,228,211,229,131,168,168,144,88,149,180,189,178,156,163,199,211,129,170,142,142,123,74,134,184,205,195,172,204,200,156,123,154,156,184,200,188,168,134,174,174,149,178,213,235,195,154,168,161,163,195,200,186,178,128,134,142,139,189,208,213,149,88,97,115,134,156,191,184,174,100,168,120,174,168,193,189,186,174,205,170,166,204,211,215,199,184,193,170,128,186,174,238,115,200,170,156,161,193,186,178,208,213,174,149,163,144,123,88,174,184,144,120,97,168,202,154,106,88,91,120,137,128,106,142,170,180,174,178,156,106,67,163,217,163,134,139,178,168,123,115,154,161,161,142,149,134,142,178,178,142,142,174,189,170,174,184,163,126,168,195,137,142,46,82,57,82,106,120,82,170,208,142,106,97,43,51,161,134,123,134,205,100,67,82,91,112,156,193,211,228,189,170,174,178,174,163,142,184,208,168,154,142,161,168,154,156,163
98,174,80,134,134,144,106,103,168,205,204,199,200,202,189,199,191,184,121,103,163,123,149,215,241,215,208,226,215,170,137,144,154,144,188,161,142,204,180,189,115,134,180,161,195,204,163,100,134,168,211,219,163,199,123,106,193,195,204,180,186,161,180,168,168,195,186,211,151,170,193,174,180,215,219,176,88,129,161,163,147,129,137,142,180,193,186,178,149,134,156,168,142,100,142,170,180,180,144,123,123,134,174,195,163,123,154,180,131,97,137,195,211,137,82,168,189,189,170,142,163,149,149,161,121,163,180,193,142,134,149,195,219,227,219,202,215,219,211,229,232,188,197,234,184,222,161,220,163,67,129,67,74,215,213,154,120,144,174,142,204,174,112,142,129,142,184,205,193,180,166,161,149,168,178,120,174,180,174,128,142,180,172,174,144,204,242,238,217,142,97,168,195,202,223,186,128,100,82,154,128,180,215,189,189,142,115,85,91,128,168,174,178,184,156,225,211,195,156,154,163,142,120,137,163,184,205,168,123,142,137,128,205,154,178,229,100,115,184,195,205,208,223,205,163,168,161,134,154,88,163,217,166,178,144,106,128,205,204,161,134,100,123,137,123,120,120,156,149,161,174,178,112,97,112,180,222,161,142,200,208,208,180,186,186,161,142,134,144,142,144,174,161,142,168,163,189,195,174,144,134,137,163,186,174,149,97,100,134,128,115,193,226,205,178,170,120,97,120,128,170,180,170,189,168,100,64,91,142,189,180,200,200,170,178,180,180,180,134,161,154,168,178,168,156,137,142,137,170,168,134
139,208,134,184,163,178,170,184,134,193,238,231,217,213,204,211,202,170,166,170,112,142,191,195,218,180,213,184,156,161,134,139,161,204,195,191,193,184,147,174,225,213,174,204,211,178,208,186,134,211,222,161,168,149,144,123,180,193,200,159,205,215,142,199,217,186,195,168,170,156,137,154,170,193,211,178,168,156,149,144,100,91,144,184,180,154,129,112,149,174,189,208,199,144,149,144,129,168,166,123,121,129,154,170,142,121,176,184,144,112,168,205,184,163,144,180,193,154,200,200,161,121,129,168,142,123,174,193,154,134,142,199,229,215,213,191,211,226,219,228,199,184,222,228,178,134,129,229,208,112,137,112,161,243,215,129,149,154,149,204,193,129,174,149,163,142,214,189,180,170,151,137,149,134,184,205,144,106,79,180,118,161,149,151,163,159,193,178,166,142,120,195,193,174,193,163,97,97,137,154,149,188,178,168,195,189,156,115,131,163,168,168,184,208,199,211,178,205,174,144,142,144,168,170,163,180,186,134,67,149,161,208,205,139,134,142,142,142,154,211,225,232,195,163,144,142,144,163,193,134,149,178,189,163,180,120,82,134,182,170,144,128,123,142,120,120,142,120,137,189,112,106,142,137,142,163,200,215,199,205,215,205,222,211,161,170,123,161,193,154,144,142,123,156,178,137,149,200,161,79,67,97,149,174,174,161,174,168,204,193,186,235,244,193,180,195,120,112,149,170,180,161,186,189,128,82,97,115,137,199,205,184,189,174,156,134,134,168,163,156,195,161,200,186,168,161,154,128,156,200,144
178,193,166,180,199,180,172,149,134,182,223,223,200,189,213,232,193,195,211,149,180,161,184,144,188,208,154,178,170,147,168,178,163,184,174,217,184,137,144,200,178,149,214,199,184,176,149,195,186,178,200,142,188,134,129,129,131,121,154,189,137,137,126,156,213,166,174,195,180,178,144,163,137,129,139,161,112,163,161,178,142,100,137,137,144,174,142,137,112,129,178,222,188,200,129,123,156,154,147,129,121,121,144,178,144,161,149,170,147,144,178,188,174,170,161,142,159,137,184,204,161,121,137,134,142,142,144,174,142,131,144,193,226,200,193,199,205,215,182,154,168,197,237,237,178,115,156,222,211,154,112,163,225,222,195,205,200,156,137,112,134,151,193,142,178,202,115,91,128,97,123,163,168,200,200,128,97,79,142,120,189,161,134,134,161,168,208,204,170,170,147,174,184,170,170,199,180,168,144,161,178,174,170,126,156,204,204,186,195,211,195,178,163,195,178,193,195,180,189,180,149,166,193,205,195,161,123,88,115,172,217,225,174,174,91,79,137,199,161,172,186,213,180,142,154,142,163,193,195,200,142,200,178,174,195,134,142,149,193,204,156,120,115,137,163,156,91,195,91,174,106,134,137,100,134,120,156,204,180,180,211,195,211,156,170,134,174,184,200,142,120,137,115,154,144,106,137,168,123,57,74,79,161,168,170,154,204,200,195,217,222,217,213,199,180,168,137,149,180,170,186,156,161,137,115,100,112,134,134,161,180,156,178,163,115,91,128,170,180,199,213,211,200,168,168,170,149,170,178,186,184
163,137,121,178,180,156,98,91,168,189,193,188,170,161,184,189,205,174,100,156,182,193,161,178,144,174,195,178,174,172,186,156,126,200,223,180,154,134,137,168,182,204,154,178,180,202,161,137,176,178,180,123,142,123,74,178,137,170,154,149,186,142,106,161,134,161,149,213,204,178,123,204,129,170,82,65,88,186,213,200,189,149,144,149,151,204,149,137,142,134,168,220,184,184,137,123,182,156,142,121,106,118,142,193,154,204,112,156,134,112,151,195,121,134,163,142,170,184,161,184,170,154,129,168,159,174,121,163,142,121,144,178,200,204,200,200,199,168,142,144,174,208,229,247,222,163,161,199,180,100,134,204,205,200,213,228,217,161,168,163,188,161,170,172,134,74,100,91,88,74,134,199,188,193,180,123,154,115,193,170,163,115,156,166,100,149,193,193,170,180,163,128,163,197,156,228,204,166,156,174,178,168,156,149,144,204,219,223,208,223,226,137,154,176,134,189,174,120,161,193,170,170,178,195,205,168,128,149,170,213,227,200,163,166,161,170,149,144,154,156,154,144,191,180,144,161,151,168,154,142,144,112,156,170,178,142,134,59,144,142,134,137,134,100,106,174,193,170,82,193,137,161,161,137,100,112,161,163,137,123,161,178,170,120,184,109,149,199,161,161,174,134,137,128,123,115,163,170,115,64,156,142,174,195,170,217,178,199,180,217,199,189,199,161,120,163,163,149,123,123,144,174,100,88,112,128,149,123,106,144,174,134,137,144,88,168,161,168,184,180,228,204,186,134,115,154,174,186,204,186,178
161,134,129,172,174,149,88,121,178,186,176,174,168,142,134,156,184,144,123,149,174,170,144,211,188,189,178,193,168,174,186,174,144,134,154,129,156,129,121,170,151,161,199,195,156,137,149,149,149,151,112,123,123,180,215,134,223,178,163,134,168,180,174,178,156,144,193,137,186,149,106,129,161,97,54,67,80,170,208,178,123,121,170,228,208,154,144,112,112,134,129,154,186,149,161,149,126,115,106,142,121,129,142,109,142,170,168,168,142,168,161,184,161,134,163,184,174,178,149,154,166,144,121,233,180,144,97,161,100,123,144,168,189,211,204,193,193,154,106,149,180,170,219,237,208,156,149,184,191,144,170,174,154,189,217,197,211,215,170,168,204,170,142,115,88,115,115,134,154,178,204,195,134,154,144,106,106,178,134,189,178,163,174,142,115,144,178,170,123,100,161,154,161,184,248,208,204,205,163,142,170,180,154,144,154,174,184,128,235,209,168,180,168,142,161,112,115,97,82,120,142,123,106,149,204,195,134,163,215,200,186,168,139,161,195,180,180,168,186,228,222,214,184,199,195,161,142,144,128,82,186,170,97,161,205,144,35,74,174,163,115,144,137,120,88,156,197,115,128,144,134,154,174,134,100,120,142,137,123,120,106,163,186,174,149,91,120,112,161,202,180,163,128,106,137,170,170,154,120,168,193,174,142,189,163,228,184,120,186,144,168,163,128,106,120,149,161,88,82,134,100,137,82,82,100,170,134,100,123,168,168,120,134,178,156,156,163,149,180,174,199,199,178,142,115,82,137,235,239,189,163
161,168,163,186,202,166,139,184,184,168,163,149,137,144,184,166,188,142,121,168,174,134,91,182,208,163,154,166,144,129,154,178,100,74,103,112,178,189,180,74,85,191,200,178,154,178,178,147,126,115,88,139,176,199,232,215,202,208,193,178,115,137,168,178,168,142,123,134,97,103,88,137,178,129,74,43,163,189,161,151,129,156,226,226,166,121,156,106,43,123,115,142,144,144,123,115,97,142,149,137,142,100,151,161,186,170,174,147,186,186,156,217,149,142,174,178,134,149,178,144,144,106,174,208,234,149,134,121,123,156,156,195,180,200,184,184,193,186,129,142,184,129,204,144,142,120,168,197,205,170,168,163,120,161,180,161,204,193,193,191,159,142,131,120,112,154,195,219,238,241,217,161,100,112,128,57,91,199,178,161,106,123,161,115,154,154,106,100,120,97,100,168,115,200,156,184,204,195,100,100,178,168,147,154,156,161,161,193,180,184,199,200,149,123,28,82,17,51,28,51,100,79,88,134,168,195,137,186,237,168,168,134,144,79,180,180,176,184,214,239,223,184,188,213,184,137,161,142,149,161,151,186,156,163,178,74,43,74,168,204,142,142,144,134,120,128,134,112,112,106,134,163,217,126,91,97,97,120,97,100,134,156,199,163,115,100,123,120,168,184,154,154,156,156,144,163,149,137,149,154,144,156,154,144,137,200,137,137,134,137,144,120,112,137,123,144,163,134,134,184,161,100,115,74,128,163,134,128,180,193,142,115,161,189,186,142,186,123,156,144,163,193,170,170,154,100,123,226,239,186,161
161,172,204,211,186,178,161,193,172,144,144,142,121,156,199,170,195,129,118,154,154,156,134,161,163,174,149,142,154,137,137,154,142,82,51,123,228,217,186,121,134,184,189,172,168,149,170,139,97,118,95,126,223,228,225,235,224,195,149,142,142,129,154,205,208,186,100,80,129,100,154,123,144,144,91,88,156,208,166,137,168,134,115,123,149,126,80,74,67,91,163,200,180,161,163,195,174,149,161,163,161,154,121,115,149,178,137,129,213,170,195,142,149,123,195,144,121,163,161,112,97,88,142,184,211,186,142,154,172,178,204,204,168,168,200,211,211,195,193,149,170,154,168,115,115,97,186,215,180,154,180,199,184,163,142,156,189,204,217,184,59,174,159,200,193,211,250,253,241,222,195,154,123,168,154,100,149,178,128,112,123,97,134,163,168,180,134,118,170,170,115,128,128,149,106,163,195,144,170,170,149,178,184,180,168,186,180,112,193,174,174,186,174,82,59,57,137,91,123,120,142,134,120,149,193,174,168,184,213,193,186,144,115,106,142,168,161,189,195,163,180,211,168,163,178,163,174,149,174,137,168,186,170,142,115,82,91,168,174,144,174,163,144,134,123,134,137,100,142,137,161,156,142,137,112,106,97,79,82,106,120,123,106,97,112,154,174,180,195,195,204,189,91,100,161,134,128,137,149,106,88,161,193,134,134,226,128,154,161,156,115,156,170,149,144,161,184,178,161,208,174,178,156,64,123,137,189,154,184,204,154,142,178,156,184,189,174,149,161,123,184,149,186,180,170,170,154,184,208,184,163
186,186,222,195,161,168,176,168,149,156,144,149,168,161,174,184,163,142,154,147,129,205,204,168,182,193,163,156,178,170,170,168,144,71,71,115,234,199,223,204,184,144,170,178,176,168,174,178,121,121,144,144,222,228,211,223,189,156,137,137,144,118,170,193,186,188,174,106,142,154,142,95,154,209,189,178,220,199,174,161,163,129,88,100,121,112,97,123,112,144,168,168,209,163,156,186,163,123,121,184,195,193,189,154,112,144,149,170,180,149,112,156,161,115,180,180,154,142,123,115,106,88,129,200,213,170,106,168,156,229,229,200,147,161,182,208,205,193,144,123,189,189,154,170,161,106,186,184,156,174,189,199,213,200,186,168,189,233,168,178,88,199,193,184,186,236,243,225,189,163,156,156,163,180,170,154,193,184,163,156,88,123,174,174,161,174,180,154,191,208,115,120,161,79,57,180,174,134,142,142,137,134,149,178,174,163,168,170,112,123,219,193,144,180,178,184,161,170,191,186,178,168,174,186,184,186,161,123,186,174,154,154,112,180,112,144,184,174,149,123,156,213,142,79,180,180,163,149,161,154,137,142,142,88,76,106,100,156,142,128,193,170,112,97,115,137,186,137,120,137,154,154,142,170,156,137,149,128,74,106,115,163,184,180,137,137,189,189,186,223,226,193,100,82,128,112,112,123,100,88,142,163,168,178,186,189,186,163,163,174,168,180,170,100,112,149,161,161,189,174,189,186,144,88,144,178,189,205,199,205,174,142,144,149,184,178,142,170,170,154,170,154,180,180,168,186,154,112,149,178,161
239,184,193,121,137,154,161,142,134,154,144,144,161,191,213,208,137,109,154,156,134,195,199,186,199,199,174,174,193,170,161,166,112,129,161,91,199,200,200,168,161,131,163,184,193,168,178,215,189,163,204,180,178,218,161,189,168,151,200,184,137,156,163,166,156,211,186,154,154,208,129,144,168,188,186,178,189,170,180,170,131,188,208,159,163,149,134,161,163,123,134,106,129,134,149,189,189,139,149,205,222,211,178,115,118,189,180,200,163,97,149,168,163,134,144,168,176,163,163,144,142,147,178,180,180,193,142,142,149,217,209,159,156,168,170,180,170,129,163,186,186,180,142,178,191,161,149,184,170,176,199,178,180,211,200,154,180,217,129,154,178,163,213,142,142,176,186,115,170,215,168,156,205,180,195,191,182,186,195,134,57,178,156,128,163,202,193,163,204,211,144,144,174,120,163,213,156,142,123,91,79,74,134,163,147,134,149,178,178,184,213,184,199,205,208,199,178,184,142,193,222,225,199,161,178,180,156,156,189,225,184,189,149,170,178,163,204,199,184,161,134,120,115,85,94,170,154,91,120,154,106,123,120,106,128,180,184,159,154,156,180,142,115,142,128,144,178,144,112,120,170,195,170,154,128,106,106,106,97,97,142,186,168,200,170,229,208,208,200,189,178,163,100,106,123,88,64,67,106,100,74,106,174,149,149,170,161,142,166,200,195,134,154,184,154,149,123,137,186,149,156,204,142,149,180,186,195,193,193,211,161,112,123,154,180,156,115,161,186,137,161,163,178,168,178,163,128,100,115,144,161
200,156,126,100,121,115,131,159,172,168,142,161,112,204,249,204,142,100,129,149,172,178,156,184,186,178,161,195,200,144,126,163,156,168,178,156,186,193,123,144,134,178,178,184,199,188,189,207,228,234,200,193,168,170,131,174,142,159,199,222,147,186,200,168,184,199,217,232,225,204,170,189,134,149,149,154,168,161,184,154,123,156,178,174,197,147,134,106,91,129,106,100,67,57,118,129,134,142,184,215,213,211,182,178,144,168,161,144,149,163,199,149,154,142,137,156,178,195,189,168,149,144,166,193,193,170,163,106,174,215,205,172,184,211,189,195,193,176,137,193,184,144,182,205,202,189,161,199,170,142,188,211,195,154,129,154,161,174,144,85,163,186,193,174,134,128,112,144,200,240,204,163,223,204,223,199,168,168,174,64,144,154,139,137,184,195,161,159,208,211,184,156,149,163,178,168,137,142,134,120,88,91,123,142,137,131,156,205,199,170,199,197,213,215,199,156,134,156,142,170,217,199,199,189,184,189,174,180,225,237,228,186,217,189,170,226,219,193,186,137,59,91,115,123,97,106,142,112,103,128,174,115,168,142,197,226,213,170,156,184,123,112,142,82,115,123,137,134,149,134,149,161,174,149,106,120,137,115,97,123,134,134,97,161,174,205,222,213,208,163,149,106,88,123,154,100,51,74,112,79,57,106,178,123,128,156,154,163,180,193,208,178,128,144,161,134,137,168,154,137,170,189,168,161,178,163,163,199,199,184,123,88,144,134,200,184,123,161,174,144,178,170,193,149,180,205,195,149,115,137,149
161,149,123,154,121,85,149,191,186,163,134,129,129,170,246,215,156,126,137,163,200,178,142,178,184,168,174,211,193,109,85,139,144,154,197,215,170,149,134,180,170,186,176,168,170,174,184,178,222,246,154,168,178,184,131,134,161,180,186,168,168,186,149,184,220,213,215,227,208,193,184,144,112,142,154,115,178,168,144,112,106,129,154,172,199,176,126,97,129,137,170,100,65,59,154,174,126,151,184,184,204,226,174,163,161,186,193,161,193,219,137,156,123,149,161,154,180,193,154,137,134,163,226,144,168,161,134,123,129,197,170,144,180,200,199,218,215,137,170,215,163,137,193,215,182,189,200,186,142,100,163,211,149,64,91,163,115,88,149,142,129,200,178,215,178,144,67,174,208,219,195,161,184,193,199,174,170,115,142,91,174,91,142,154,174,178,170,170,186,174,161,149,123,144,137,112,199,142,142,161,100,112,174,178,163,186,186,199,204,186,200,186,186,163,161,161,120,163,178,161,170,204,193,174,193,195,200,211,226,228,208,200,223,195,222,215,211,215,186,120,79,88,91,82,100,88,149,211,186,219,213,172,170,168,205,199,142,156,168,170,144,134,147,51,120,91,144,144,163,123,144,178,144,144,100,123,134,115,120,128,106,128,120,144,213,180,174,193,156,156,144,156,154,134,123,137,120,106,59,79,97,123,161,195,156,142,74,178,149,186,180,144,161,154,112,174,170,156,166,131,142,189,142,172,193,178,184,200,184,144,134,91,128,156,208,156,149,128,142,142,180,184,195,189,203,232,205,161,134,137,163
213,174,193,204,106,54,144,189,178,170,161,163,161,156,208,211,174,154,170,172,188,174,149,156,163,163,186,189,168,123,82,115,115,142,189,200,156,134,172,204,189,168,147,144,154,161,151,149,186,210,161,161,195,225,180,154,186,186,170,166,161,144,121,184,239,207,154,168,178,180,178,134,154,154,168,137,180,168,106,80,100,100,156,231,211,219,168,154,170,200,189,100,103,161,204,178,174,147,144,168,174,168,222,193,161,180,224,154,213,161,161,115,129,154,178,193,193,189,139,80,142,205,211,242,156,189,156,134,149,154,189,178,193,178,215,237,233,217,193,180,134,142,199,222,204,213,193,193,182,144,186,205,163,144,163,154,85,79,154,172,174,199,189,211,204,170,166,180,200,193,109,91,144,156,174,149,149,106,137,144,154,142,115,120,154,170,180,172,142,123,128,123,142,154,142,147,184,106,159,137,97,142,204,213,209,209,208,204,214,205,161,170,200,161,168,204,163,186,200,199,200,184,189,191,149,163,186,222,242,199,208,204,223,236,249,243,217,208,174,168,180,115,79,57,59,106,106,184,238,222,213,189,163,154,137,128,106,120,200,205,168,123,120,149,149,180,123,163,168,154,154,170,100,97,100,112,115,82,88,134,139,166,180,128,186,174,174,161,120,106,123,149,115,142,144,137,137,123,137,161,123,137,156,186,149,137,154,115,149,168,156,184,128,134,178,112,123,149,123,208,161,156,142,217,178,168,170,213,215,168,156,168,161,168,154,178,120,174,142,149,186,193,193,163,193,193,195,189,144,137,170
193,214,226,205,129,98,147,178,191,172,182,154,170,174,161,193,168,142,170,137,144,156,142,123,123,134,137,154,168,178,134,129,97,134,174,163,151,142,178,205,193,156,112,142,176,170,144,154,170,170,184,208,226,234,238,215,186,184,154,178,144,118,129,168,223,199,137,142,154,149,142,154,163,112,112,106,199,208,156,129,129,195,225,222,204,191,217,168,218,188,208,200,178,193,199,189,142,100,139,174,154,144,176,197,126,197,213,204,154,149,161,121,129,144,186,202,184,174,163,91,142,182,219,225,223,154,204,186,137,97,123,161,154,186,232,244,188,217,149,134,189,229,225,204,215,129,154,195,205,174,149,184,195,200,189,106,91,170,193,186,199,195,154,144,178,180,174,186,189,168,74,79,193,211,163,112,142,106,106,142,193,223,180,128,168,134,115,137,149,134,112,115,189,128,149,154,106,170,144,159,142,149,184,213,223,200,186,199,172,208,208,178,195,184,178,195,189,184,186,186,180,156,161,180,156,166,168,219,250,234,217,218,242,244,239,238,225,205,156,149,180,142,88,123,112,120,144,180,235,232,174,100,163,174,128,123,161,180,186,184,120,120,137,142,144,88,149,178,170,184,106,79,142,184,168,103,91,67,79,156,193,170,91,154,180,154,142,112,134,170,161,149,144,142,128,128,134,161,163,126,163,123,91,91,154,170,161,67,161,199,186,154,134,123,128,128,134,154,193,120,208,217,123,168,149,134,134,199,215,186,174,161,174,208,184,186,120,154,168,67,178,203,195,123,154,174,174,168,168,191,156
134,159,170,199,215,189,178,204,217,180,149,142,205,142,186,121,189,149,170,147,176,126,100,129,137,129,129,184,204,234,200,142,154,163,142,144,149,129,144,189,211,166,106,156,178,154,142,186,184,184,168,215,242,236,242,223,204,189,170,163,147,115,149,193,200,199,156,115,154,129,118,161,156,106,88,115,180,189,163,180,174,207,228,193,168,161,205,184,170,200,195,184,174,180,168,115,112,97,137,166,156,168,200,156,184,174,195,184,129,144,149,100,123,174,215,223,220,184,131,154,170,168,189,242,251,174,242,205,144,129,134,79,134,213,243,235,228,189,205,208,219,241,189,214,213,144,180,202,154,156,168,193,222,184,123,123,184,189,170,184,184,180,142,100,139,142,174,195,189,170,156,182,205,168,156,161,120,67,91,154,213,240,193,161,168,97,82,142,186,149,120,149,144,74,134,112,106,174,156,189,163,137,168,193,186,193,180,134,144,193,223,163,178,195,161,168,168,156,134,134,156,184,180,174,170,161,170,234,244,215,213,208,211,204,200,219,193,161,128,128,161,174,149,154,112,144,193,154,170,161,106,91,184,217,163,147,166,204,213,174,134,161,134,106,137,156,149,128,142,163,161,109,134,184,178,134,91,91,106,123,126,128,120,144,144,123,106,112,170,211,170,154,137,134,134,131,144,123,134,142,120,67,74,115,178,184,137,137,163,178,174,156,134,128,144,149,142,137,134,200,223,211,142,123,168,154,120,128,174,142,134,170,193,200,222,193,120,163,170,189,115,186,156,149,134,163,174,205,195,180,174
83,63,137,189,199,182,178,208,222,166,154,161,213,156,174,80,220,200,184,200,178,109,106,154,156,170,211,180,232,239,231,163,178,115,131,142,142,106,121,154,186,195,170,168,163,156,161,189,174,195,161,168,228,217,217,213,184,189,193,161,156,180,204,199,186,186,142,115,154,121,137,161,168,144,149,123,97,121,151,188,174,154,199,180,184,134,144,134,129,163,137,123,161,161,131,121,126,142,137,144,161,156,191,166,129,154,142,168,180,149,149,137,154,199,211,176,170,182,161,180,199,184,234,213,223,223,186,174,123,59,123,142,200,234,241,228,199,195,195,205,200,193,109,144,120,156,168,137,137,120,189,215,149,134,193,134,217,215,208,170,178,112,106,79,144,79,149,213,200,191,193,186,129,154,184,154,88,100,106,100,184,189,180,170,128,100,163,215,213,195,180,137,123,97,91,115,128,168,174,168,156,154,174,188,180,180,163,134,161,144,170,186,154,134,154,112,112,112,112,100,109,174,217,208,170,174,184,195,215,215,207,170,168,168,186,137,154,154,149,154,137,128,186,149,154,137,149,120,137,82,64,106,149,199,178,189,222,235,205,142,106,120,134,142,115,137,154,149,154,144,115,120,115,170,174,168,128,82,112,128,134,137,147,74,46,103,170,186,191,204,178,154,134,144,174,134,112,161,134,106,97,74,88,79,97,142,144,144,144,154,144,134,144,144,137,156,168,149,161,142,168,170,144,112,142,142,168,144,100,91,106,178,204,200,204,204,200,174,156,195,144,144,178,170,154,193,174,149,170,180,195
137,142,134,131,191,156,163,195,178,134,112,131,222,134,161,131,193,242,219,188,161,137,154,151,178,219,226,208,200,222,197,149,97,88,189,123,118,115,106,156,178,215,202,163,178,163,168,178,178,215,144,112,213,189,184,180,170,161,174,178,195,193,200,178,156,168,161,170,118,126,154,156,186,161,129,112,82,154,178,163,149,137,168,195,178,134,142,97,112,95,154,142,142,137,168,178,161,174,149,94,100,121,163,154,126,106,137,191,174,149,129,154,168,170,186,189,211,186,193,202,225,239,225,209,222,200,186,178,100,100,115,149,225,242,238,199,147,134,163,217,184,161,106,163,161,170,129,142,129,120,168,208,180,134,170,156,180,134,193,178,123,20,123,161,134,123,134,213,211,178,180,97,64,234,154,142,123,123,79,82,178,147,144,174,149,182,222,204,208,205,163,134,159,40,59,156,168,168,161,144,144,178,180,161,156,156,142,156,134,137,170,170,128,57,112,85,64,88,134,120,97,159,226,228,199,163,161,180,168,208,211,189,161,112,161,154,159,178,154,134,134,144,156,115,142,112,144,79,154,64,74,128,180,213,228,247,248,195,178,100,128,100,123,100,100,163,195,170,123,161,142,112,134,134,149,134,120,88,112,112,144,142,120,106,120,123,142,174,170,168,161,163,137,115,156,115,120,180,120,100,149,112,88,64,115,154,142,144,137,120,120,163,166,163,180,184,186,154,163,144,134,178,128,88,156,161,154,170,142,97,112,178,195,200,189,200,217,170,168,178,168,142,128,189,193,195,213,144,142,178,144
170,172,161,151,174,163,139,180,178,121,74,159,168,174,180,154,170,215,217,217,147,134,161,180,193,219,219,200,176,199,129,144,82,151,156,144,106,137,129,193,189,193,209,195,205,163,168,200,217,239,161,121,154,180,149,137,195,149,170,204,205,184,170,172,156,156,219,208,161,144,154,149,184,142,121,142,123,195,211,166,129,106,163,170,142,180,156,100,149,121,184,174,174,193,193,186,186,193,168,103,91,112,121,163,156,106,154,161,174,149,121,129,121,129,156,163,184,215,213,215,237,232,219,219,207,207,168,156,137,123,174,219,243,242,222,147,100,154,168,161,154,180,149,170,204,174,184,180,144,170,225,204,154,189,170,106,82,112,147,163,120,82,168,211,208,134,195,154,178,211,180,186,178,178,200,154,195,82,142,168,97,142,193,204,193,161,180,217,211,91,85,168,161,43,142,217,184,100,123,154,134,120,142,134,103,137,149,112,142,154,174,154,115,79,91,88,82,149,180,154,174,204,204,226,213,154,142,161,154,184,205,178,170,103,134,170,142,154,134,142,134,106,120,106,112,123,163,112,170,64,123,195,219,241,240,209,213,208,156,161,172,88,174,123,88,149,137,144,193,115,139,154,100,97,123,137,115,120,100,178,144,156,142,97,128,170,170,144,174,120,74,112,112,88,123,154,163,67,178,195,149,168,123,106,163,156,128,170,149,91,144,161,174,204,222,202,176,134,123,128,142,174,137,115,178,168,123,154,144,106,106,174,186,142,195,204,184,223,189,184,178,163,134,142,195,184,193,180,137,170,123
134,137,142,154,178,204,204,204,186,147,142,178,222,200,144,176,147,115,139,182,147,129,149,184,180,168,223,223,137,144,168,159,161,129,121,178,123,137,178,200,168,170,208,195,193,176,180,214,242,228,211,129,118,163,154,151,186,161,168,195,172,161,170,156,144,142,243,241,199,126,161,144,151,170,142,154,186,189,207,174,118,112,142,121,142,180,170,161,188,134,174,195,228,211,189,195,193,195,193,170,156,161,151,178,134,161,154,123,149,144,121,82,118,149,144,156,163,163,204,217,229,204,189,163,170,188,129,106,156,200,235,222,220,232,193,174,144,184,211,223,219,225,213,244,240,207,207,205,178,195,211,186,170,200,161,59,79,115,178,193,154,88,176,193,174,217,186,142,174,208,170,156,163,186,163,217,184,170,193,112,195,163,195,204,163,156,176,180,174,120,88,168,100,106,186,159,131,59,91,168,137,115,106,77,57,82,149,174,174,178,154,137,128,154,112,139,168,170,180,178,204,195,168,197,178,151,161,142,154,139,168,178,168,137,134,142,120,120,137,154,137,103,91,67,79,120,170,156,180,154,168,199,232,229,193,195,219,215,189,174,189,137,161,67,57,97,74,144,137,163,189,123,67,120,154,144,161,123,115,193,144,154,112,200,123,204,120,180,180,128,43,59,128,154,120,161,112,195,82,193,170,163,144,178,154,91,134,178,163,134,178,154,168,219,205,223,161,154,174,154,154,161,180,154,144,189,161,137,137,115,123,137,128,178,168,204,170,208,222,213,178,128,112,134,195,217,170,109,137,168,120
151,170,163,184,170,168,168,170,168,204,226,199,178,180,178,168,166,118,98,180,182,137,154,163,189,228,204,163,142,118,195,200,163,121,154,129,161,174,215,205,193,174,156,151,180,211,226,250,243,205,204,137,149,178,193,170,149,142,161,168,178,195,193,151,121,142,242,250,193,147,144,144,123,156,161,142,184,161,142,147,134,137,129,112,129,180,193,217,191,137,156,213,220,193,193,193,184,174,189,200,189,184,195,199,156,188,137,142,121,151,144,123,184,220,184,154,134,142,219,215,205,163,123,115,115,94,100,97,184,222,234,229,211,205,204,176,193,232,223,234,242,250,253,252,242,233,180,161,156,137,149,184,189,168,154,120,151,204,163,106,142,149,184,200,205,178,170,129,120,149,134,154,174,120,186,205,149,193,174,240,204,176,131,144,142,137,134,134,156,174,118,106,163,112,204,106,128,88,115,204,134,131,103,82,91,144,170,163,112,180,112,170,195,142,174,168,195,174,170,189,174,180,170,128,142,163,208,156,115,112,161,170,134,115,123,144,149,123,142,137,134,120,67,51,82,154,205,205,193,184,161,189,215,184,163,189,191,200,193,180,200,189,142,88,64,64,79,112,134,180,168,154,142,144,161,156,103,106,120,154,137,161,184,189,170,154,149,144,137,128,100,85,144,174,174,137,149,106,193,97,226,174,168,193,120,115,156,137,154,184,149,168,199,154,170,240,149,178,189,184,184,168,199,149,168,163,163,154,163,142,123,161,149,163,174,205,168,168,204,184,128,163,203,200,203,189,156,174,154,163,154
154,184,208,193,134,149,182,174,182,174,149,184,228,211,178,186,168,154,180,195,188,168,142,178,211,213,211,149,163,184,214,199,121,85,118,139,161,213,215,176,161,176,142,149,163,225,251,237,228,208,199,168,170,199,195,156,106,121,142,147,211,228,184,195,154,129,219,240,195,156,121,156,137,118,151,154,147,149,123,142,139,147,144,134,161,186,199,222,184,134,178,202,170,154,149,161,168,154,163,193,163,186,200,193,211,168,121,193,137,170,184,174,217,249,226,144,144,184,219,211,180,137,109,51,103,59,149,144,211,207,228,238,213,184,200,224,204,208,232,220,232,242,242,234,149,229,168,161,211,195,170,170,163,200,178,163,159,139,144,139,129,161,205,199,200,163,149,184,161,159,134,85,134,118,156,163,115,120,204,202,189,147,79,82,115,170,142,149,180,128,159,126,170,154,211,193,163,149,239,222,131,144,154,154,186,168,142,156,222,115,189,176,199,193,178,163,149,178,193,184,151,156,180,120,149,156,204,168,142,161,156,178,134,137,137,149,168,168,154,142,128,123,79,91,131,176,223,234,208,156,154,161,195,161,88,134,180,193,208,204,204,215,211,170,163,97,74,100,154,186,208,189,161,144,123,123,123,123,156,137,115,142,189,149,134,128,156,100,137,184,182,142,137,184,205,156,174,178,134,174,200,184,180,189,154,137,115,137,156,156,106,149,103,178,195,208,170,149,144,211,222,193,128,142,149,134,149,204,178,189,137,178,156,163,154,186,168,154,195,149,134,174,195,208,193,211,195,180,189,186,193
137,129,115,106,161,163,184,208,129,74,103,149,211,193,199,156,139,189,142,134,129,170,154,163,213,199,131,178,197,229,215,142,82,118,118,118,170,204,223,189,137,137,154,161,211,208,225,199,199,211,195,154,174,189,189,161,137,147,168,182,204,199,215,199,178,159,200,180,166,161,144,161,161,156,149,154,142,170,170,151,170,178,199,228,205,184,184,178,156,163,184,180,142,134,134,144,163,156,142,168,154,154,174,168,195,149,142,191,174,195,163,180,207,225,204,159,180,199,199,199,161,123,88,36,82,106,193,204,199,213,222,213,215,204,186,180,168,209,234,218,149,142,112,163,142,161,199,219,242,228,217,238,225,211,120,120,156,142,166,163,149,186,200,217,193,215,211,219,211,178,161,137,178,189,142,88,137,178,161,128,91,128,161,149,115,137,174,178,199,128,170,223,208,215,208,186,189,211,213,211,217,178,199,195,195,200,222,142,74,223,178,174,176,163,163,163,149,144,184,168,154,174,142,134,163,115,174,180,180,82,168,156,161,199,170,103,178,199,174,154,139,137,120,144,170,186,204,234,219,178,134,144,193,161,64,123,195,199,211,195,174,225,235,200,168,142,112,134,176,225,248,242,195,149,144,120,106,154,161,134,123,170,156,112,97,131,123,123,172,199,193,184,170,189,211,195,156,178,180,186,144,120,151,189,189,168,134,180,156,128,137,115,115,200,170,168,163,144,184,204,211,180,97,88,120,168,189,178,174,184,168,189,178,174,134,170,189,134,168,174,180,156,144,195,195,217,200,161,215,200,219
121,134,126,112,142,204,199,163,98,85,156,170,178,174,174,142,142,144,151,168,163,131,180,144,129,115,180,168,174,189,178,161,137,74,121,129,170,178,166,195,184,134,137,191,211,180,186,163,161,154,144,121,189,204,211,174,180,199,211,168,147,219,218,200,178,199,191,137,161,174,161,168,161,159,137,178,189,156,186,200,207,180,205,242,218,200,126,103,156,184,142,134,147,144,137,161,149,144,149,163,134,121,161,178,168,149,149,168,195,144,112,142,180,186,168,161,180,189,180,189,144,91,82,38,64,163,204,208,178,200,207,200,222,213,163,161,189,211,225,222,100,139,120,137,112,112,193,248,247,234,236,247,232,161,88,123,184,166,193,163,184,163,186,211,195,186,222,213,200,170,180,180,211,176,134,134,134,106,137,154,144,137,186,178,180,205,222,217,195,168,199,246,239,200,123,120,184,195,205,193,174,161,178,174,174,170,82,163,178,168,174,184,82,174,199,193,174,170,163,193,204,128,97,161,168,120,170,163,115,128,156,137,200,215,199,184,199,174,184,174,112,106,123,149,184,180,193,186,199,205,170,163,189,178,112,106,189,213,208,199,161,195,204,166,149,178,180,168,223,244,252,253,220,163,149,137,144,161,134,142,134,174,134,88,115,88,115,166,178,174,149,144,128,149,200,222,170,170,208,142,106,123,137,156,189,189,186,170,144,149,161,112,115,178,149,156,144,128,189,229,204,154,128,91,103,149,178,208,180,144,178,178,184,151,204,156,161,142,144,174,174,128,115,178,193,180,186,186,213,215,234
168,199,149,149,142,123,142,106,137,208,147,168,112,129,129,129,109,100,115,184,149,112,189,191,166,178,121,134,137,189,195,112,134,100,161,115,134,184,214,217,184,156,168,191,184,154,161,207,134,112,100,184,184,235,222,205,213,208,204,205,199,211,234,199,170,186,191,199,144,217,168,188,142,123,154,205,205,154,199,213,193,178,142,204,178,195,97,142,151,156,115,112,168,189,161,156,144,149,139,139,129,137,154,161,149,161,149,156,174,129,137,149,186,180,154,168,180,184,170,178,118,97,88,57,144,208,197,195,184,184,215,209,211,215,168,189,219,193,193,211,189,193,199,193,137,142,184,229,226,211,223,242,225,154,163,186,174,174,180,161,195,156,168,168,184,186,199,184,156,189,163,163,195,211,178,120,97,139,154,156,215,186,178,180,154,128,199,234,219,217,219,213,219,195,97,128,178,142,144,154,120,91,123,142,109,115,180,168,142,170,178,115,174,149,156,200,204,217,217,180,156,200,193,174,193,156,142,200,223,193,142,178,224,242,170,195,199,176,161,156,88,115,123,142,178,188,180,170,163,200,182,174,174,142,128,142,180,199,184,170,193,184,180,186,186,184,219,208,226,217,242,250,225,174,161,159,161,149,161,144,144,137,115,91,134,120,144,161,144,134,128,82,64,106,149,163,170,168,128,128,120,115,94,137,189,161,120,149,161,174,174,163,184,149,149,156,163,170,147,156,170,144,149,156,106,115,178,186,154,134,186,156,134,211,186,156,154,161,115,71,91,144,161,161,200,189,189,193,186,219,219
189,193,184,129,134,100,65,112,170,170,193,184,159,82,161,134,134,184,168,184,123,144,188,161,112,131,134,126,159,180,139,161,115,129,139,106,156,200,208,142,115,163,215,211,174,134,200,168,170,121,106,149,235,180,204,238,211,199,217,213,219,242,209,199,174,204,191,191,234,217,191,166,149,161,186,193,161,134,172,178,134,144,161,123,142,156,144,137,126,100,112,129,170,204,176,137,163,144,129,115,142,178,149,129,154,156,151,174,161,163,168,168,176,163,129,144,174,170,142,129,123,112,51,142,209,211,200,195,200,205,225,226,207,205,199,193,205,199,170,199,222,208,211,204,168,184,195,163,195,225,222,211,205,154,168,193,161,142,189,204,174,184,149,112,156,170,163,161,161,154,126,154,144,163,170,134,170,154,215,161,134,189,163,142,142,163,180,199,205,204,205,168,213,142,156,223,189,151,120,123,100,88,106,137,163,180,118,128,191,200,170,163,161,204,142,154,195,186,195,219,199,184,205,195,195,178,199,217,239,248,217,208,222,205,197,205,199,161,134,118,163,156,142,154,154,161,149,142,144,128,174,176,178,144,168,184,154,128,134,123,204,180,219,204,211,193,219,219,200,180,215,219,189,193,174,163,163,134,168,163,142,106,142,97,154,144,137,106,123,123,137,106,64,67,100,106,144,149,134,178,100,88,82,115,149,168,134,156,170,106,106,112,149,137,154,134,134,213,156,149,161,156,161,144,120,134,142,174,154,144,161,204,204,174,120,184,168,149,82,35,59,112,144,168,200,219,178,137,180,205,180
170,168,195,174,121,91,80,134,195,223,170,184,199,121,182,188,170,161,172,121,129,168,193,186,161,129,115,149,170,134,129,82,134,131,168,134,142,178,223,199,170,204,232,199,149,199,142,161,142,176,149,144,168,225,174,211,195,193,200,228,238,223,229,199,144,193,193,199,168,197,166,121,142,147,195,200,126,106,168,178,97,106,129,129,142,137,144,82,115,115,88,129,178,200,205,170,134,142,123,123,142,170,184,142,178,144,161,159,170,184,174,186,178,134,112,118,154,134,91,112,123,67,100,213,211,208,213,193,199,217,235,232,204,195,213,163,204,215,178,172,223,199,186,176,170,200,204,211,231,219,193,184,184,144,170,174,137,154,168,149,118,149,156,156,189,174,178,184,161,129,112,161,144,82,184,200,211,204,174,178,161,156,168,163,178,170,170,205,193,163,151,67,218,184,208,199,123,123,115,112,82,128,200,180,189,204,205,163,213,174,168,204,144,161,163,134,154,180,170,170,197,195,186,200,200,168,170,238,217,199,237,217,172,163,180,144,186,184,154,163,178,180,142,106,144,142,142,71,115,103,170,174,199,178,142,100,112,120,79,115,184,180,199,204,223,217,189,184,186,168,186,144,120,163,161,142,154,134,137,182,97,149,156,97,178,142,120,79,144,120,120,168,106,74,79,97,154,106,149,168,100,106,94,123,100,120,134,134,149,64,37,144,112,149,170,137,149,223,161,142,188,200,186,156,134,115,134,156,168,154,142,195,204,154,144,174,186,168,115,106,97,88,134,174,159,170,161,184,134,161,178
189,189,180,197,199,195,188,205,199,184,205,161,161,186,161,174,176,205,178,129,178,199,199,178,178,161,156,170,131,123,134,149,97,97,112,149,168,178,213,229,189,174,209,204,144,134,156,180,154,149,123,88,156,161,180,184,186,170,188,193,159,174,214,200,168,180,184,184,154,154,156,156,131,168,161,144,142,178,195,180,142,149,121,149,149,156,106,100,121,121,95,142,180,195,205,184,137,137,97,142,137,129,174,156,154,174,163,151,170,163,178,193,189,142,97,97,121,80,97,115,74,64,189,193,211,195,193,189,204,224,228,195,178,211,199,180,217,191,161,168,205,170,199,200,197,161,222,232,217,188,199,195,178,168,154,106,129,137,100,64,88,120,161,193,195,189,170,170,161,168,163,142,144,161,193,178,186,170,204,170,123,144,180,163,149,186,208,180,142,139,149,91,163,178,180,174,74,128,91,64,156,195,186,200,199,204,137,191,156,154,220,149,120,120,144,142,154,180,180,154,154,186,223,195,168,151,193,208,223,204,234,217,208,161,120,178,211,211,163,156,184,156,128,106,120,161,149,128,142,144,161,199,184,156,106,128,97,91,97,112,134,142,199,222,228,184,178,144,154,170,174,112,91,123,161,149,120,149,106,134,134,174,159,154,184,112,123,120,142,161,142,168,149,128,100,120,149,137,161,154,174,123,156,142,128,88,115,149,156,120,57,161,137,120,170,219,184,204,184,142,184,193,195,189,193,184,142,144,161,184,161,204,200,142,170,170,163,142,178,161,137,115,144,156,163,163,161,142,156,161,170
170,200,211,226,240,237,213,176,166,188,200,200,193,161,142,159,184,180,178,186,217,202,180,149,178,189,193,199,118,82,118,149,139,134,121,154,204,184,186,237,205,129,170,208,163,134,178,191,168,112,137,115,172,217,200,172,178,170,142,103,129,126,186,209,161,156,186,149,134,170,161,134,109,149,204,193,178,193,178,174,205,178,189,204,199,137,161,168,121,142,166,149,161,180,204,178,137,154,129,154,168,142,100,174,142,178,168,161,161,144,191,204,170,149,115,118,85,88,137,67,88,144,200,168,205,195,156,213,219,223,207,142,170,219,199,213,217,193,193,174,211,193,227,217,199,134,159,176,193,205,188,174,147,168,100,51,120,106,112,82,106,156,191,184,178,180,139,163,204,195,202,170,174,195,170,154,163,170,174,106,88,137,170,144,137,149,144,112,82,115,195,163,123,184,180,144,123,126,112,163,163,186,161,137,174,100,161,134,168,200,204,109,211,200,115,137,168,156,149,154,191,208,195,161,156,199,211,186,222,180,219,238,249,211,91,211,251,204,137,149,161,184,149,149,156,149,161,186,204,189,170,156,156,168,123,128,106,97,94,82,97,112,128,161,186,174,156,134,134,174,154,144,112,123,199,193,144,142,137,156,144,142,163,200,123,106,142,149,126,170,178,163,178,163,161,149,168,184,170,154,170,106,168,142,154,91,144,189,142,131,149,170,147,156,178,232,186,193,186,174,137,174,219,240,223,163,134,168,137,161,156,170,180,161,115,142,142,163,208,186,163,144,137,156,168,161,168,180,163,106,168
142,193,228,226,188,137,142,137,163,186,199,170,166,149,129,168,121,80,142,210,217,189,176,168,154,199,168,151,123,88,156,154,123,163,129,184,223,180,159,199,163,174,205,174,100,137,144,178,161,115,88,161,137,161,174,174,156,156,123,74,149,209,193,142,131,154,163,147,112,161,115,100,174,178,178,200,205,180,199,211,199,199,211,191,163,178,200,195,168,129,163,149,134,137,142,159,168,166,147,144,178,199,137,109,161,142,159,161,174,178,205,193,134,115,123,123,88,97,100,43,137,193,200,189,174,219,184,213,231,223,199,156,168,200,213,213,222,238,193,209,215,205,218,211,184,134,144,161,193,208,186,163,149,161,91,88,168,180,154,142,191,223,200,178,161,154,166,200,208,186,204,204,191,163,174,174,161,134,123,100,106,109,144,149,128,134,154,123,112,168,193,137,156,199,180,128,178,128,170,161,156,142,156,123,142,217,134,126,200,178,176,180,154,170,156,126,178,154,120,144,200,214,199,200,144,235,235,244,205,193,142,215,199,163,106,144,219,200,149,161,200,149,170,144,170,128,168,189,215,163,170,156,174,199,156,112,134,156,120,134,123,154,97,137,149,184,144,106,100,131,170,144,128,144,193,204,180,180,168,156,142,144,142,120,128,137,106,97,115,168,199,178,189,199,174,184,189,154,149,97,97,123,134,115,149,163,161,149,137,142,156,142,161,195,159,170,193,199,184,149,156,178,235,250,234,184,149,156,156,156,149,178,199,168,97,100,189,178,168,174,178,174,180,156,142,134,134,170,82,180,149
163,163,186,156,36,29,121,144,121,168,174,112,77,168,115,109,43,80,180,211,193,204,195,156,180,176,159,134,134,134,109,161,200,197,166,202,215,174,137,170,193,186,189,118,106,161,134,154,170,172,95,112,106,163,178,168,151,134,95,112,219,226,182,142,142,163,134,103,188,174,161,178,168,168,204,186,170,180,199,217,176,163,180,172,156,178,193,180,163,149,137,149,156,142,134,191,199,168,172,161,180,211,204,170,174,144,154,178,184,189,149,134,106,88,88,82,97,91,43,91,200,193,174,156,172,217,223,214,219,200,184,168,144,204,219,205,238,232,205,219,186,199,204,199,184,174,195,180,178,217,217,180,170,161,120,159,223,232,142,161,199,213,186,163,115,142,166,144,100,163,200,199,189,168,178,168,137,91,115,112,144,163,142,142,134,149,137,137,213,242,189,161,174,142,161,139,170,182,186,137,112,106,120,163,178,213,168,180,161,149,149,142,195,161,161,154,128,134,134,178,193,170,170,189,186,213,237,168,223,106,154,163,142,142,120,97,161,215,189,189,247,219,139,199,178,170,134,193,106,112,137,215,213,225,180,115,156,186,186,186,161,144,163,174,137,205,106,137,178,178,184,170,161,144,156,199,178,186,213,200,168,134,115,168,178,115,88,106,144,200,200,163,186,200,184,202,178,123,115,79,88,79,91,128,178,202,156,144,163,120,142,180,178,161,120,120,170,195,142,115,166,142,215,249,241,213,161,163,193,180,189,200,184,128,134,156,189,137,149,76,142,223,215,180,161,144,149,168,174,120,128
188,170,144,80,43,106,193,186,163,161,189,59,131,170,106,112,100,168,199,195,166,170,163,142,156,174,109,131,154,139,97,202,218,193,219,180,215,144,91,142,193,186,156,137,149,172,166,161,174,200,131,88,149,142,188,154,129,176,215,172,144,168,204,139,129,134,88,142,204,180,204,184,163,129,109,156,180,161,156,178,149,199,161,184,170,134,123,147,151,131,142,186,163,134,170,186,193,184,180,154,176,213,186,202,186,178,161,193,189,144,106,115,115,91,88,71,85,63,100,202,204,168,142,154,170,205,242,225,208,195,163,188,195,205,204,208,213,189,219,189,170,159,195,200,208,211,211,200,189,199,191,182,161,184,142,154,217,223,156,163,178,144,156,151,79,123,142,97,100,180,228,168,199,156,168,161,112,97,149,161,211,219,168,159,163,106,97,186,250,242,222,219,178,149,142,128,163,204,163,142,147,137,115,168,200,180,184,161,126,156,128,137,199,232,184,137,123,149,170,163,178,154,134,170,168,208,215,168,115,168,199,204,180,120,71,142,180,178,168,213,248,217,154,149,163,123,137,128,142,144,174,217,242,211,200,156,156,211,205,172,211,197,235,195,178,178,184,199,211,193,161,154,154,144,142,131,142,134,204,208,168,142,226,209,178,178,156,161,123,112,149,168,154,178,204,211,168,149,91,115,88,59,112,156,168,174,174,168,154,112,193,208,195,156,91,91,149,161,154,123,123,128,156,232,232,186,168,193,193,195,222,219,170,123,154,161,170,161,134,142,195,193,193,193,193,149,170,205,149,106,137
215,193,149,129,174,220,223,219,225,193,189,115,180,129,174,193,184,149,186,184,174,174,129,121,159,121,88,154,154,129,163,163,226,204,208,184,188,186,154,118,144,178,154,161,180,186,186,129,222,176,134,174,170,225,170,174,174,161,134,156,178,193,178,161,161,71,202,168,208,144,195,193,176,142,174,154,151,161,121,180,195,188,154,188,139,156,85,170,174,134,178,197,204,186,195,213,219,199,149,178,202,222,225,129,180,184,168,161,154,163,123,97,97,65,46,59,74,161,217,217,180,178,176,144,180,204,238,237,214,222,213,193,217,195,189,180,161,199,219,170,134,154,168,178,200,205,199,197,200,166,137,184,200,182,174,168,168,176,163,174,154,79,103,129,129,154,120,120,178,191,205,186,156,128,163,180,134,154,195,219,240,209,219,211,186,151,174,208,250,229,234,217,186,174,128,161,134,170,161,149,193,193,184,170,168,186,186,178,156,184,156,163,208,222,168,137,195,180,156,144,156,156,120,144,156,200,222,174,154,189,232,243,193,154,88,134,174,144,168,205,235,204,128,163,120,82,168,180,174,154,199,204,205,191,170,199,205,237,205,170,144,215,217,178,163,142,186,189,184,156,100,97,91,112,137,149,174,174,163,88,211,170,189,193,186,235,211,168,120,82,100,154,137,91,193,193,134,161,142,109,74,91,154,112,120,149,168,156,137,139,178,208,215,195,88,97,126,91,154,142,97,112,144,184,208,199,208,208,189,200,208,228,189,112,161,168,186,178,170,203,193,149,149,161,170,189,195,178,142,142,149
199,199,186,186,222,234,208,186,213,211,168,195,112,142,205,197,156,129,149,186,193,178,123,85,137,121,129,166,144,129,184,161,226,202,186,200,184,200,174,112,106,142,137,142,176,144,88,112,161,170,161,204,195,195,213,204,139,118,161,178,170,163,170,163,172,231,168,168,118,172,189,180,156,115,142,178,151,161,168,200,170,112,178,184,161,112,134,211,65,123,189,193,174,172,154,211,205,176,142,168,242,232,242,208,193,134,170,178,97,97,123,91,85,59,54,115,172,200,229,220,184,161,184,149,200,199,235,242,208,205,226,223,208,205,178,166,134,193,174,137,120,156,159,163,154,142,199,204,200,204,144,170,226,174,168,159,134,163,161,174,106,64,97,154,174,172,154,134,174,184,189,180,149,154,200,208,159,161,225,211,226,195,215,213,193,228,211,235,242,195,180,200,170,161,154,149,112,156,170,170,200,211,202,186,154,195,204,211,193,208,163,184,228,193,184,200,199,184,163,189,195,154,144,178,189,184,193,219,193,189,223,235,208,186,154,134,137,139,184,199,170,195,205,195,128,128,128,156,211,168,123,82,123,154,193,170,174,195,178,166,142,225,178,166,180,142,137,163,67,144,168,134,123,137,180,144,163,195,82,106,142,115,168,123,128,186,205,174,112,97,100,120,161,82,156,115,193,137,217,88,109,91,144,180,106,100,142,156,123,128,178,232,215,195,123,137,144,79,149,174,106,123,156,156,200,235,213,200,154,195,193,211,178,163,184,184,203,193,170,184,163,142,128,128,168,163,139,168,128,115,163
184,178,142,154,219,226,154,129,163,199,186,142,123,204,217,170,98,112,161,200,204,189,156,129,156,170,142,174,161,168,204,172,199,197,170,156,156,163,154,91,65,77,106,137,161,144,77,57,161,213,215,154,159,225,213,184,103,112,142,115,123,137,154,149,204,240,222,168,144,195,184,186,156,151,103,106,154,137,142,200,149,149,168,200,161,144,242,100,178,193,149,142,129,178,180,149,180,144,154,106,186,200,237,225,174,144,97,103,134,100,80,82,59,71,115,129,174,211,223,186,170,142,204,199,168,222,247,248,213,186,170,195,229,237,178,186,218,204,172,184,154,168,209,200,156,170,222,223,211,195,189,149,208,163,137,156,170,154,161,168,97,106,151,144,154,180,184,134,142,180,149,134,142,168,232,199,149,189,219,214,213,200,199,215,224,228,237,234,193,142,142,205,142,178,142,149,128,168,178,180,142,149,178,182,193,174,126,168,184,195,208,200,215,163,184,189,168,156,205,226,204,195,186,170,161,204,178,180,186,180,180,193,193,184,170,154,149,112,120,166,186,193,193,208,222,193,217,208,180,222,147,51,120,193,184,174,149,128,144,174,170,163,174,178,109,142,128,106,97,112,193,209,168,137,170,184,191,163,67,35,106,161,134,149,120,106,163,149,88,79,142,123,91,139,128,163,123,193,144,180,120,120,123,154,149,126,154,134,106,115,195,235,180,156,170,142,142,106,180,149,134,142,170,186,213,219,195,161,106,163,189,189,186,217,170,195,203,174,161,168,142,123,120,106,142,137,178,149,142,120,163
189,129,54,98,193,195,115,161,170,195,168,103,129,226,223,139,88,137,217,219,193,193,195,195,205,178,131,180,214,205,215,189,174,178,142,123,118,129,149,129,74,57,91,149,154,163,112,97,174,195,191,154,178,199,178,168,118,97,71,67,88,126,144,147,234,234,168,170,168,184,213,189,184,139,65,82,156,178,193,204,168,178,174,170,154,178,199,184,151,134,129,134,170,151,142,134,118,142,134,100,123,176,200,168,184,156,134,154,121,57,65,67,59,85,168,211,178,218,149,154,200,178,178,154,228,246,246,229,178,137,168,172,199,229,163,163,199,189,226,225,195,219,211,163,189,222,208,218,222,208,200,186,112,211,178,200,161,134,166,156,142,178,154,88,134,180,168,156,142,161,106,82,91,154,200,191,180,189,211,193,199,213,226,228,228,215,211,204,184,163,156,168,142,174,134,163,128,163,142,106,100,142,180,170,193,134,106,112,134,200,229,184,180,168,193,156,156,170,204,211,199,215,189,176,193,213,172,154,174,154,178,163,137,163,170,154,128,100,91,112,142,156,168,204,222,228,232,222,222,222,161,100,137,184,170,144,178,142,112,142,174,170,154,184,131,144,178,149,184,197,204,215,172,128,174,220,174,88,74,64,184,154,154,88,154,142,120,115,123,112,88,57,67,163,154,178,163,178,142,222,134,149,137,106,100,154,149,123,142,207,204,199,168,144,168,163,134,174,103,134,144,106,137,204,219,184,161,180,123,161,193,219,195,180,184,163,168,144,156,154,163,161,154,134,123,154,222,161,168,123,170
166,77,95,142,137,147,144,178,161,106,98,156,159,193,184,142,197,178,217,217,180,195,202,193,205,156,156,195,235,186,170,172,142,147,142,97,103,151,170,170,154,134,154,186,184,166,163,134,156,186,184,174,193,170,159,142,118,97,112,100,166,170,163,211,217,208,137,144,170,176,207,199,178,170,163,149,174,213,204,222,217,168,156,170,184,163,172,163,149,199,176,176,184,188,166,144,123,142,159,134,142,123,129,126,168,161,154,103,121,59,46,91,94,137,168,205,195,161,134,161,156,184,182,174,182,204,222,222,213,189,170,170,168,211,204,219,211,204,204,204,186,168,163,186,178,228,219,200,244,235,193,168,170,213,222,228,186,149,142,159,200,193,134,100,149,161,142,174,129,142,147,88,97,168,211,217,195,163,149,170,213,205,219,213,205,195,168,186,215,189,154,193,170,154,161,168,147,123,142,106,156,186,180,168,156,144,170,106,142,211,217,168,189,184,186,149,142,168,170,189,199,199,176,199,217,217,223,163,161,137,161,144,142,103,128,142,149,149,123,106,137,149,156,168,120,200,189,225,189,180,170,156,163,168,161,139,156,168,161,174,149,178,106,97,168,200,200,178,128,161,215,239,226,174,134,163,199,137,100,134,174,170,163,128,161,174,128,149,149,88,59,64,88,161,156,97,161,180,123,137,137,88,97,82,51,100,178,204,184,142,134,120,142,161,161,193,180,189,161,94,67,59,112,186,184,174,174,168,156,170,199,193,170,200,120,100,137,142,161,161,168,178,170,149,112,156,189,182,156,134,163
180,184,178,180,174,174,176,168,112,129,98,100,193,168,170,225,214,217,184,186,180,161,186,184,161,186,199,142,182,112,129,186,144,163,168,137,139,168,178,186,205,215,188,200,200,161,154,154,161,174,195,184,182,156,170,156,154,142,134,180,189,170,199,231,209,161,112,100,168,180,174,204,195,178,200,211,195,186,204,189,186,204,209,180,174,161,168,168,134,178,202,168,174,195,191,184,161,163,174,170,163,154,170,151,123,112,115,154,121,100,80,88,134,154,182,204,172,154,188,174,168,204,180,170,156,149,195,222,235,219,168,144,186,200,170,200,168,178,134,134,100,97,159,170,241,234,222,215,251,252,163,149,232,137,237,228,139,144,172,163,193,180,154,156,137,142,154,144,137,168,172,137,144,217,237,232,199,123,112,161,195,149,120,163,193,186,161,186,225,197,170,225,200,168,189,195,170,126,134,151,168,191,180,174,182,174,137,134,178,176,213,184,184,112,149,184,168,161,163,180,193,172,154,189,211,228,197,189,184,149,137,142,137,115,142,178,174,180,154,144,123,166,163,128,100,180,123,204,168,168,149,144,163,163,128,112,149,195,199,142,128,168,94,200,215,204,123,186,186,163,219,248,251,211,180,147,161,91,115,178,186,168,174,161,97,128,156,154,123,79,74,128,106,91,120,128,106,137,91,91,128,120,112,67,48,149,200,205,174,128,123,115,134,142,154,195,222,144,144,128,51,59,142,189,193,163,161,163,163,144,178,193,219,199,142,82,154,176,144,156,156,163,142,117,128,163,134,144,163,170,137
199,166,118,168,193,180,202,225,163,142,161,172,186,186,219,213,188,242,174,156,144,112,163,211,178,182,166,100,149,106,195,228,219,215,195,149,126,144,200,217,228,229,178,199,217,134,170,137,161,131,202,200,144,134,170,180,174,170,161,178,134,144,176,184,174,88,77,74,197,215,184,195,178,137,174,213,199,159,139,137,225,163,217,163,149,182,178,170,184,191,186,170,161,163,168,174,180,168,180,193,205,142,154,149,121,112,121,112,71,74,97,112,168,174,186,149,193,193,161,214,200,149,213,211,147,170,191,217,217,166,144,178,205,199,156,170,154,144,134,109,123,126,174,204,214,222,204,207,208,229,219,180,168,147,178,147,144,168,154,189,168,161,172,163,142,131,207,213,186,180,161,193,211,233,222,205,178,137,112,79,112,106,51,115,208,186,161,166,189,195,199,219,220,200,226,217,168,137,120,154,174,180,219,217,204,168,149,154,134,134,217,195,142,115,176,195,170,149,149,168,161,154,161,184,205,208,149,200,213,178,144,163,154,178,170,174,178,193,193,154,149,180,144,174,161,174,112,128,120,149,144,168,154,112,120,142,184,219,97,109,123,154,142,228,170,149,137,184,170,161,228,253,254,252,154,142,120,88,154,178,170,170,149,128,120,106,144,144,120,123,115,88,79,91,79,144,106,134,170,180,168,170,134,112,161,178,156,168,174,139,149,178,170,156,168,184,193,199,115,120,106,59,115,193,204,174,149,161,154,134,154,149,193,213,174,120,195,180,161,161,134,128,128,142,156,137,161,149,184,174,156
170,176,137,168,222,193,180,205,129,178,178,168,161,218,241,226,213,237,180,174,178,154,172,184,137,88,217,213,178,202,213,235,241,240,168,74,97,168,213,208,215,200,139,178,184,178,134,123,144,118,180,163,131,134,168,195,184,168,174,166,149,95,142,149,200,123,137,100,193,222,168,186,188,106,97,178,189,199,168,193,159,134,211,170,142,154,193,200,193,186,161,163,189,170,161,193,176,170,178,211,142,121,154,144,144,115,82,97,57,59,159,211,219,178,211,211,176,191,172,211,218,174,156,211,202,189,174,154,184,184,200,242,208,178,151,134,137,174,228,211,174,174,154,180,215,195,156,168,189,161,199,189,147,161,112,134,204,123,163,189,186,137,176,176,123,156,211,217,186,199,180,208,237,219,178,154,134,128,115,100,91,106,79,67,184,200,161,168,154,205,219,170,186,211,217,184,123,156,161,154,163,178,223,223,174,161,144,118,123,156,189,180,156,156,161,163,168,156,151,170,149,154,180,170,184,184,178,189,180,188,156,161,186,215,199,178,180,191,193,156,154,149,186,211,193,161,134,112,115,112,174,200,186,142,128,156,184,163,88,161,161,142,195,128,137,178,178,208,178,142,184,242,253,249,144,115,67,137,176,142,176,137,106,137,180,144,137,168,149,117,112,97,115,106,149,156,142,178,163,156,195,123,134,163,170,144,137,193,184,142,100,144,195,208,176,163,170,170,170,128,74,64,120,189,223,199,163,103,134,106,149,170,144,186,205,200,178,163,106,100,142,142,170,170,178,170,163,180,168,163,170
170,161,180,163,161,161,142,163,151,168,139,186,188,225,247,222,228,223,223,217,217,180,156,186,189,174,223,241,199,215,211,222,199,199,123,77,147,204,215,170,161,178,134,88,142,204,134,112,134,129,144,129,142,161,180,193,199,189,170,178,189,123,134,178,218,208,208,197,193,170,134,163,168,129,88,156,202,195,204,195,129,184,191,168,144,156,176,178,199,184,176,168,161,154,142,161,147,209,156,154,184,137,129,142,134,149,97,57,59,100,188,223,208,186,186,178,123,200,180,170,195,178,204,222,207,161,139,168,193,211,227,235,223,156,134,161,156,195,242,213,163,170,200,186,142,129,137,168,213,199,193,156,123,142,168,178,154,156,144,142,189,178,134,168,178,163,163,137,189,200,199,205,178,225,189,170,144,149,195,174,131,112,112,91,88,154,180,172,178,215,209,156,128,163,154,120,128,186,211,134,144,174,170,180,115,128,144,106,163,184,154,184,186,178,137,154,211,211,163,174,168,149,161,156,180,168,178,178,149,163,137,137,174,219,229,193,149,168,191,180,142,168,204,186,178,154,170,144,137,123,174,208,202,204,178,156,161,120,170,184,180,128,120,178,178,195,213,174,142,134,100,149,186,134,142,149,134,161,180,168,115,109,128,106,184,178,156,170,144,74,79,137,120,137,128,142,120,184,134,149,163,112,112,161,193,172,154,178,123,112,115,120,168,178,180,126,120,142,112,112,128,115,154,211,208,168,137,142,97,137,112,134,144,154,217,205,142,174,149,91,115,120,170,178,161,161,168,156,128,161,149
144,106,147,178,156,166,151,166,137,184,168,129,188,186,225,223,213,211,229,241,186,161,156,170,238,248,200,214,184,131,209,191,170,156,134,161,204,197,168,176,197,205,156,112,168,211,178,129,123,129,144,137,154,199,219,186,193,199,168,163,215,161,142,144,178,232,220,243,166,142,121,129,144,213,222,180,168,154,184,195,178,199,166,170,186,161,168,178,202,163,163,168,131,121,144,176,161,195,123,174,154,156,154,180,115,88,97,51,67,129,199,219,211,178,193,154,159,168,154,193,142,195,223,226,208,151,159,168,178,195,174,219,244,151,174,100,184,184,172,182,189,193,123,159,178,170,168,156,174,217,184,129,109,168,178,120,115,178,154,112,184,215,144,74,134,174,172,154,174,178,161,115,170,217,200,208,205,186,170,229,168,82,120,149,123,149,120,159,197,200,193,170,123,134,112,103,174,193,184,195,163,142,134,106,123,112,142,142,168,170,186,199,170,174,144,156,226,235,195,184,188,100,142,134,137,137,144,144,154,144,156,163,144,168,195,154,123,149,172,174,170,159,166,170,174,170,186,168,144,142,156,204,204,189,174,156,180,178,159,154,170,100,159,247,213,180,154,168,120,142,112,64,64,79,137,161,174,144,184,174,112,137,88,170,163,154,174,159,100,82,82,112,149,168,43,97,88,161,163,195,97,174,178,208,154,100,131,106,91,149,115,166,163,170,142,123,106,126,156,128,174,159,184,222,217,161,134,91,91,134,184,59,156,142,178,193,163,156,137,88,123,112,137,195,156,168,174,123,134,161,163
149,109,156,200,159,121,118,121,225,186,184,131,137,168,205,235,231,174,200,213,161,149,195,209,235,250,211,170,168,154,174,219,178,97,100,170,200,211,197,180,195,193,174,168,189,193,166,134,123,142,112,134,163,211,228,195,184,174,211,217,170,161,129,88,156,204,225,211,121,106,142,149,166,239,251,193,100,109,137,144,184,215,189,208,200,204,163,168,170,168,184,178,149,163,168,182,182,154,144,195,137,186,156,159,67,91,88,82,80,142,199,199,195,186,144,163,189,161,163,170,163,199,213,217,223,174,163,189,163,161,178,180,211,154,174,168,134,161,178,149,161,168,180,147,144,163,178,144,161,208,156,178,184,168,139,170,163,168,156,123,195,189,120,106,142,189,170,156,170,129,129,137,168,232,186,178,144,170,222,217,161,94,120,142,88,88,161,144,170,213,228,156,115,120,144,112,134,178,178,189,178,106,100,97,144,128,74,176,168,154,204,180,161,147,120,149,208,228,224,199,161,88,91,59,79,88,154,184,186,178,180,174,128,97,100,106,100,112,123,156,154,154,170,174,189,161,170,180,128,120,168,199,168,100,120,147,199,204,123,134,166,163,193,226,215,156,94,120,156,189,154,74,88,154,178,161,174,189,168,174,156,115,134,123,149,168,154,144,156,142,82,112,161,170,74,79,79,97,178,211,142,189,193,142,149,144,120,67,82,200,199,182,112,120,163,149,180,59,128,186,161,195,239,240,178,112,79,97,120,100,144,163,115,123,189,149,234,170,200,149,67,100,144,154,189,195,178,161,195,170,161
126,131,178,170,129,106,103,134,213,207,195,129,142,172,184,207,200,166,151,168,168,174,184,211,246,242,142,134,193,204,186,208,168,100,100,147,213,222,184,156,174,129,142,166,154,134,137,109,121,149,137,170,223,178,170,163,161,180,151,193,195,137,103,88,149,166,161,178,129,121,202,195,154,178,229,195,80,59,51,106,208,219,200,219,213,213,204,199,195,189,184,170,195,208,180,186,186,154,161,197,178,161,123,103,82,85,65,88,137,174,191,178,161,154,156,186,193,151,180,174,200,213,228,205,195,172,156,170,163,156,188,134,205,204,180,207,142,163,174,200,193,200,176,178,174,144,170,189,112,100,200,215,178,193,137,115,226,57,137,178,200,174,106,149,213,191,163,137,149,163,106,180,189,184,180,149,129,129,188,195,128,123,134,154,170,202,217,168,154,213,217,147,88,74,128,91,64,166,222,172,120,134,97,126,88,128,123,154,149,168,134,154,144,134,100,161,195,204,217,184,106,128,57,43,97,115,180,184,204,180,163,137,115,74,64,97,100,88,128,106,159,154,156,168,163,94,128,149,123,168,186,193,128,79,131,170,193,180,163,163,154,174,154,128,189,186,142,134,184,215,161,88,142,186,184,174,213,184,120,142,161,170,128,115,174,182,144,134,159,137,97,115,161,178,112,97,161,137,195,214,174,184,195,193,144,154,134,91,123,178,156,144,91,91,193,168,106,120,134,112,123,215,246,238,163,115,134,144,106,106,168,163,115,168,170,170,211,186,186,174,100,100,144,174,207,222,91,174,205,193,156
98,195,193,82,154,174,172,193,208,178,193,199,193,211,223,214,199,154,131,161,189,161,118,199,228,218,100,137,211,147,147,163,168,168,134,142,199,195,168,184,144,95,163,134,134,142,97,134,178,170,156,131,103,103,121,168,168,178,129,82,174,106,137,88,154,91,112,193,168,197,232,217,168,156,178,184,106,57,121,204,237,228,215,224,233,229,249,234,180,170,166,174,211,208,188,200,180,178,178,166,193,168,129,129,80,59,82,118,178,211,195,180,168,168,200,189,149,154,193,193,186,199,228,195,178,170,147,172,174,154,170,193,240,239,232,180,219,225,184,219,225,204,178,115,123,149,170,180,129,106,163,151,239,178,129,168,64,91,174,195,205,193,170,156,149,161,112,154,115,156,142,142,139,97,174,151,88,156,180,154,120,134,174,204,228,232,178,154,195,193,170,137,112,131,100,88,120,147,161,161,128,120,120,128,149,134,147,100,161,154,106,126,149,142,128,174,215,189,186,154,106,128,106,120,137,168,142,161,154,161,100,85,100,120,112,112,134,142,120,97,128,142,144,151,106,35,120,142,161,131,182,174,134,91,151,195,195,186,215,170,134,170,134,91,184,193,195,199,207,174,91,91,142,163,170,228,222,137,161,161,163,195,149,178,176,161,163,106,106,115,112,128,144,163,142,137,174,189,199,186,149,163,137,106,161,149,142,134,112,115,156,159,161,142,120,97,74,59,59,100,123,180,211,199,170,154,144,123,137,128,180,168,149,144,168,170,188,218,184,134,137,115,144,211,180,163,156,178,163,193,189
193,193,134,186,208,226,213,226,184,170,213,232,219,235,232,211,186,149,121,159,168,134,129,191,204,195,168,186,180,139,38,115,184,211,154,123,129,174,156,134,161,139,200,154,106,51,88,161,200,112,149,178,121,97,156,180,184,121,180,168,106,170,178,142,161,134,147,149,161,174,211,208,163,134,186,208,178,180,197,186,239,246,205,199,242,222,228,199,154,163,178,174,189,189,207,200,195,186,184,149,186,154,134,129,65,97,129,161,204,213,193,191,178,186,204,170,156,197,205,184,184,172,182,200,188,180,170,184,191,184,204,225,246,235,226,227,213,202,178,168,204,168,134,106,97,137,174,168,137,149,149,134,197,180,178,137,174,106,178,220,182,156,91,139,184,109,166,161,118,154,161,240,57,88,123,195,134,115,186,176,154,178,193,184,215,209,174,154,199,137,131,134,82,97,115,106,123,123,144,184,178,134,106,161,178,156,202,189,178,178,137,134,168,161,149,195,213,193,180,180,123,139,191,159,142,168,123,154,142,100,100,91,97,115,134,134,149,170,134,115,57,120,147,149,100,64,76,161,156,97,149,159,117,139,144,189,199,154,211,156,178,149,120,161,234,193,184,228,219,97,57,142,156,174,199,227,168,215,205,168,156,189,178,154,142,134,149,112,82,112,106,97,134,189,163,144,178,163,144,168,120,106,128,134,156,142,134,123,151,161,168,204,199,168,97,74,43,112,112,120,154,163,174,168,178,134,100,134,142,163,195,154,115,137,144,144,193,193,200,149,156,168,154,178,186,137,112,168,161,149,189
168,95,193,204,174,215,176,204,189,226,197,161,229,232,189,184,205,129,174,106,178,166,121,134,178,202,215,205,170,123,88,123,168,178,106,91,100,121,159,161,178,161,168,211,97,65,112,139,170,134,118,134,80,80,142,168,166,191,186,208,238,193,131,166,115,172,186,144,149,129,222,217,118,189,237,217,219,219,211,166,154,184,178,172,213,195,154,159,156,170,163,144,134,199,219,207,180,191,154,170,137,123,123,103,109,149,163,188,204,193,200,170,174,189,174,168,186,204,204,182,174,161,163,186,178,163,168,195,222,193,208,225,225,199,211,180,149,178,184,156,137,166,142,106,123,170,199,186,129,109,129,168,200,215,193,144,154,178,163,180,144,134,161,100,71,168,180,120,134,186,156,142,120,129,156,189,106,85,170,242,217,193,217,170,211,200,120,219,142,134,123,142,142,142,154,174,151,161,168,154,134,134,120,154,180,178,228,249,217,178,144,163,172,168,180,195,189,180,204,195,154,156,211,205,184,168,85,112,156,115,97,91,64,79,137,168,168,168,156,100,106,112,174,170,168,123,120,174,112,100,115,134,128,178,172,147,156,97,193,172,161,149,151,204,231,180,186,219,195,142,161,200,184,174,213,174,195,195,163,163,195,156,137,88,91,106,142,149,91,88,106,91,142,180,184,168,180,168,115,144,154,128,170,168,128,115,123,142,189,168,204,189,193,211,91,123,142,193,154,142,154,128,168,186,115,137,142,115,168,189,161,128,123,88,120,178,154,144,161,154,144,195,184,149,142,163,161,120,163,174,203
65,98,184,227,188,154,134,137,161,134,147,188,193,168,121,168,199,134,142,168,184,178,74,106,174,193,223,191,134,134,134,149,161,137,100,123,131,106,121,149,163,170,188,178,59,29,131,137,159,137,126,142,46,49,170,174,159,180,226,219,219,184,144,142,149,134,211,202,174,144,159,200,193,193,172,184,215,180,195,134,115,74,156,142,204,189,142,126,163,144,142,134,134,137,188,176,204,178,142,199,82,123,88,112,118,144,189,193,200,200,195,174,184,189,178,168,188,209,204,211,186,184,168,166,137,129,137,163,184,176,186,178,211,142,178,193,149,186,211,156,134,170,189,170,170,193,211,204,149,88,100,154,178,199,195,103,120,189,154,129,149,131,144,109,97,170,154,106,168,208,189,211,161,142,200,156,97,144,174,172,204,213,186,161,184,149,163,200,100,149,193,134,115,142,112,161,137,106,134,134,134,120,128,131,241,217,231,213,222,178,154,178,163,149,151,154,159,170,208,189,100,123,235,239,170,211,211,128,149,156,94,91,115,128,149,168,163,170,161,137,123,137,163,178,168,168,208,166,106,106,115,131,170,189,193,142,128,142,163,123,170,142,161,189,182,168,180,189,180,180,200,205,193,178,204,217,178,97,149,174,178,126,115,97,106,168,161,163,115,64,112,128,128,142,211,170,170,170,156,128,202,170,170,154,100,120,178,168,168,154,186,142,161,168,134,170,193,186,161,112,106,88,115,163,163,186,149,156,180,186,161,134,137,128,137,180,128,106,156,174,184,205,200,142,149,128,142,137,149,193,195
149,142,235,227,195,149,98,51,41,112,176,149,121,163,178,159,168,178,139,149,184,154,51,161,156,170,174,174,144,151,156,174,189,144,149,182,139,118,103,100,142,178,161,123,71,97,184,139,115,139,154,129,174,193,200,166,149,186,172,225,204,188,182,121,149,170,168,168,202,163,168,199,176,121,80,142,209,163,222,142,106,147,115,139,174,85,189,106,188,163,134,142,115,156,168,163,217,161,174,159,106,91,80,121,131,161,184,191,195,211,204,204,195,191,170,208,170,213,197,218,202,217,193,149,121,126,126,82,121,149,131,112,161,154,156,156,184,195,225,137,134,163,213,214,191,186,184,211,170,129,118,168,154,161,176,123,97,142,144,154,163,142,134,144,156,199,163,106,115,166,208,137,174,193,168,142,142,184,129,123,180,211,168,115,82,112,174,170,142,166,128,189,142,168,144,134,139,123,144,123,131,134,134,217,149,200,204,186,204,191,186,128,137,144,144,137,134,163,161,154,123,77,235,235,229,180,156,186,156,144,142,115,128,134,88,137,161,154,170,161,149,168,176,156,161,184,184,174,137,137,163,156,144,170,189,200,195,163,100,120,195,137,134,147,168,168,97,67,123,189,195,195,208,207,208,205,161,82,154,174,134,142,154,144,154,170,149,115,144,106,57,128,134,123,215,154,137,117,193,174,195,151,134,123,112,156,195,174,144,100,79,142,112,100,184,154,178,156,170,88,88,100,91,144,208,170,149,215,186,203,168,168,156,161,134,100,161,178,137,156,205,208,161,144,161,144,115,170,144,211,154
151,217,243,223,180,186,115,88,129,159,195,189,139,168,174,139,112,97,123,134,163,144,142,200,168,156,200,197,180,163,123,170,222,189,184,200,139,156,112,82,131,168,142,112,118,149,178,142,112,147,129,112,178,219,215,178,139,176,223,199,172,204,186,170,154,149,134,137,180,170,121,170,156,51,36,115,219,217,186,134,139,123,121,156,156,184,156,174,180,178,129,149,142,134,163,154,174,174,103,106,43,121,97,154,154,161,189,211,195,193,222,223,211,168,147,199,191,199,191,189,213,239,163,151,144,161,159,123,129,123,112,106,94,139,134,100,207,144,199,163,142,161,184,184,178,178,123,186,174,106,129,209,154,161,154,131,115,154,142,154,170,129,103,170,178,144,137,134,161,163,170,180,180,170,142,151,103,103,144,149,149,134,154,170,128,91,168,174,134,161,186,195,142,156,178,195,213,170,142,142,170,186,174,222,123,170,156,205,189,193,154,163,200,170,128,154,156,161,189,186,123,88,205,225,219,144,193,159,186,154,168,144,97,112,161,161,137,144,120,156,222,115,200,170,163,88,106,144,156,174,180,156,106,180,211,193,137,137,139,186,178,149,154,120,161,170,51,8,74,191,199,180,186,208,200,193,170,88,161,156,115,147,200,170,170,147,137,128,144,134,76,120,159,142,189,156,142,149,186,163,134,120,128,149,144,149,178,180,123,74,134,180,134,144,161,120,144,195,180,126,106,154,131,142,189,161,120,215,144,149,168,161,142,134,94,91,142,168,149,156,199,211,178,168,112,115,142,168,168,161,134
154,211,241,225,199,238,180,134,172,205,215,199,156,174,121,137,176,142,144,139,126,180,163,186,191,178,166,189,180,205,213,180,161,178,186,189,154,129,142,142,91,149,134,106,137,137,149,161,134,134,123,115,193,234,225,174,126,178,223,199,174,199,200,174,144,88,121,161,154,144,161,176,115,28,59,144,193,214,178,159,142,161,170,170,184,184,182,174,156,163,151,154,178,189,189,170,161,137,97,91,91,74,147,178,172,180,180,213,191,186,217,195,168,219,199,163,222,219,197,180,228,166,163,161,174,193,208,211,188,149,142,79,88,79,134,129,154,156,193,163,161,170,170,142,129,123,88,131,123,43,115,204,166,193,211,172,137,142,103,154,178,142,129,170,174,149,137,142,134,115,144,154,112,149,131,79,59,91,134,170,174,163,178,137,144,205,195,172,149,149,168,189,184,168,215,215,195,156,168,137,100,217,209,219,161,106,174,134,144,142,180,156,189,228,195,172,199,193,174,200,134,115,184,219,149,123,82,149,161,156,168,191,214,217,168,168,184,106,134,142,176,199,123,163,128,67,82,147,193,180,149,134,156,174,211,170,134,189,208,195,184,168,156,163,178,161,112,74,137,195,195,200,161,186,154,178,180,149,174,137,112,184,215,186,184,172,156,163,184,170,128,134,168,186,184,200,174,178,170,128,123,123,161,142,126,142,156,161,142,156,228,219,168,195,134,156,204,199,168,174,168,180,170,156,170,131,106,142,97,100,97,82,88,59,79,106,142,168,174,163,180,199,200,144,120,154,144,161,163,149,178
154,239,200,217,234,222,172,98,154,223,180,139,193,172,144,106,142,134,170,156,166,129,95,178,163,161,121,161,178,121,154,134,134,174,200,170,154,144,137,149,121,156,149,41,57,166,142,97,161,103,137,131,199,250,186,118,100,156,199,193,170,184,208,172,144,121,156,186,139,142,163,147,80,57,163,202,170,166,193,184,208,144,178,189,184,156,156,161,144,149,137,159,214,218,176,195,142,97,88,51,65,151,142,178,180,178,174,176,199,217,189,163,193,225,217,137,200,240,214,199,170,149,176,156,184,211,213,213,195,142,123,88,100,91,115,112,137,180,180,156,166,168,174,134,91,103,134,112,97,106,97,178,186,211,211,184,142,123,112,142,151,154,149,134,189,156,144,123,106,100,149,82,123,149,159,59,97,161,180,204,213,180,163,170,217,238,199,134,91,149,180,189,215,197,211,188,161,159,137,142,168,218,215,142,137,120,64,88,112,154,215,211,195,217,200,174,200,213,204,161,147,142,186,180,120,154,170,180,168,204,211,234,209,199,204,144,174,115,170,142,209,120,48,149,106,156,142,163,205,178,142,161,186,204,202,149,154,170,170,170,193,120,178,209,199,163,193,226,215,213,200,208,176,186,120,144,226,199,156,144,180,211,217,204,200,215,205,180,174,180,112,147,163,195,205,193,186,149,142,144,128,149,178,168,149,168,156,163,204,200,225,217,168,178,178,213,219,180,178,178,168,149,161,178,161,134,97,74,79,115,74,37,51,31,51,131,163,161,154,134,142,174,195,195,137,123,123,156,149,154,170
189,199,161,184,112,156,121,144,208,215,195,147,144,168,174,106,184,184,186,161,142,112,213,159,178,142,103,54,115,178,161,151,193,161,170,100,156,142,161,97,134,156,142,88,137,174,129,115,154,100,154,161,205,219,149,106,106,134,161,172,168,168,156,142,180,166,172,191,170,161,163,178,170,142,170,199,161,118,168,166,174,178,193,174,193,182,161,170,134,168,199,193,215,166,168,180,100,118,71,82,97,142,163,180,180,168,205,235,223,202,168,178,199,186,205,211,208,234,225,195,174,144,168,170,159,195,211,174,154,106,97,123,121,112,91,134,137,178,174,149,106,109,142,134,91,115,156,154,142,166,91,161,211,191,129,184,161,82,112,100,100,129,123,149,204,120,144,97,115,106,100,129,142,168,204,129,186,199,161,193,191,168,137,180,202,240,180,120,79,134,134,128,170,134,154,200,159,115,144,147,163,178,174,163,151,142,120,100,149,193,180,205,211,170,188,204,199,205,208,237,232,142,128,154,199,180,154,222,195,211,217,223,213,149,123,163,163,161,163,142,137,103,195,137,184,156,149,215,180,195,199,182,204,200,178,168,178,134,161,195,134,149,186,195,211,205,226,241,237,213,174,168,149,156,120,215,184,222,134,193,242,236,225,222,225,241,219,161,134,144,112,178,149,199,193,186,168,134,131,142,115,142,178,195,163,161,174,161,178,213,226,170,163,147,213,200,184,193,156,144,144,128,134,142,137,123,82,88,82,91,74,57,59,43,59,154,154,137,134,123,134,161,189,200,142,100,97,112,142,156,149
170,186,180,144,80,159,142,170,204,205,178,129,88,184,174,154,156,189,193,126,121,176,109,154,207,147,63,57,134,154,65,82,159,168,149,139,123,186,106,137,142,131,142,134,121,142,156,184,115,159,97,189,129,213,154,112,142,159,97,180,159,129,126,156,217,211,144,199,159,144,149,168,170,168,174,178,144,121,189,170,174,215,178,188,178,178,197,161,156,186,223,193,193,219,142,123,121,91,65,88,170,163,174,156,168,161,224,224,200,208,178,134,197,239,237,204,204,222,222,163,154,174,159,142,144,159,184,184,100,64,112,195,142,106,149,131,161,195,154,121,57,67,129,142,121,118,151,170,142,134,112,174,193,180,126,188,170,123,123,112,88,120,144,161,178,120,129,161,134,120,156,178,149,193,184,200,199,199,149,154,170,142,109,213,211,226,131,166,112,137,154,170,134,100,147,168,142,128,91,120,149,170,211,204,142,156,184,186,172,178,204,197,195,199,154,170,204,200,191,193,225,163,97,156,161,189,172,128,163,191,200,189,161,151,97,57,97,91,163,180,186,195,159,163,170,178,188,168,213,199,178,149,154,189,161,156,149,163,174,156,112,202,142,149,219,184,170,217,204,180,137,120,74,137,189,200,156,200,193,195,234,237,180,217,237,226,154,97,123,123,180,144,156,184,178,186,149,161,134,149,120,123,156,180,178,134,186,137,156,222,211,189,178,174,204,174,142,109,134,142,149,137,115,115,120,106,106,112,82,74,79,106,82,64,123,168,144,123,149,154,144,144,170,163,134,112,100,115,128,128,161
195,191,118,115,163,189,151,154,205,213,163,129,151,168,129,174,172,178,154,163,180,134,137,154,200,137,100,156,142,67,129,163,121,147,100,129,186,106,100,166,163,97,123,163,149,134,156,142,161,149,149,115,147,197,151,144,131,100,168,144,159,134,163,200,215,189,168,170,163,168,147,161,154,193,189,137,142,144,178,184,184,209,204,213,174,156,186,168,191,215,211,226,208,174,180,77,80,82,121,121,154,195,184,178,200,186,163,205,189,178,156,166,154,174,223,226,193,205,228,205,168,180,180,168,168,163,168,204,178,115,142,211,123,129,174,217,180,188,170,123,88,88,170,202,151,112,134,168,123,82,168,191,172,178,161,178,180,193,193,170,112,103,156,161,156,137,178,220,151,170,199,172,176,154,129,186,163,172,163,163,180,156,174,163,184,199,91,174,106,178,144,182,151,154,161,134,128,142,137,137,123,156,239,184,213,193,184,199,191,163,180,186,200,184,115,154,219,197,168,220,213,204,142,163,166,115,123,149,142,163,163,144,134,112,51,20,74,112,163,188,163,193,166,178,184,168,174,174,149,144,134,156,142,115,154,147,142,134,123,170,168,186,189,161,166,112,120,161,91,51,142,139,128,128,163,91,205,189,244,220,178,193,154,184,174,115,106,100,134,88,144,161,137,193,161,170,170,161,166,123,115,100,112,134,154,156,170,106,137,237,211,228,170,200,189,154,82,120,166,163,156,123,97,120,128,120,128,88,97,106,123,134,144,120,163,176,149,128,156,170,170,144,149,149,144,134,178,144,120,134,161
182,126,91,168,191,184,137,118,204,225,189,156,161,166,149,170,204,149,142,204,182,123,149,170,149,112,144,126,85,131,174,154,100,97,95,123,106,112,163,154,129,106,134,149,123,144,161,142,154,149,149,184,161,144,137,154,174,109,123,156,178,189,149,161,154,188,180,149,161,161,186,166,243,195,168,156,163,178,168,178,176,204,228,202,170,149,184,193,200,217,219,211,193,147,134,54,65,74,123,170,186,174,213,200,137,170,204,199,189,161,168,161,156,219,223,225,170,215,199,225,217,161,168,161,161,191,193,170,186,184,184,163,178,168,186,217,163,163,180,144,137,129,170,188,156,149,142,142,94,126,134,142,174,170,163,137,126,199,214,161,120,118,149,161,112,159,222,217,184,154,139,129,142,100,123,156,147,142,161,189,211,189,170,97,120,178,134,134,94,178,142,174,178,161,161,168,154,142,123,112,106,172,195,178,205,199,170,163,180,154,163,213,188,170,178,193,200,205,199,204,193,209,170,154,91,184,193,134,112,142,137,115,134,120,82,74,106,134,170,168,193,189,188,213,172,123,156,204,161,134,123,120,180,174,154,120,82,91,149,189,186,154,154,170,142,106,163,200,154,64,106,180,184,156,134,106,174,168,218,228,195,186,200,97,74,106,134,134,79,71,174,106,172,161,134,176,180,163,128,106,112,88,91,120,156,195,142,115,161,238,225,195,168,156,156,163,112,149,186,154,134,112,97,115,128,115,112,100,112,106,128,134,168,123,154,149,168,123,123,170,174,149,154,142,154,174,203,180,115,154,120
112,85,159,211,156,134,112,98,176,224,197,156,137,109,129,147,178,161,172,195,186,168,154,161,149,106,129,112,144,180,144,149,123,82,74,106,172,176,156,142,112,134,121,71,100,161,161,161,149,168,112,77,88,74,97,129,142,193,161,142,200,211,134,115,174,188,214,186,137,144,234,213,180,217,174,161,174,213,163,103,156,180,180,170,184,154,184,199,226,207,197,191,149,134,97,67,80,91,168,195,178,163,199,170,174,200,184,156,180,186,168,154,156,219,208,200,235,178,205,231,172,137,166,189,211,211,207,208,211,195,180,131,161,195,199,134,149,137,174,180,168,139,189,217,170,161,161,139,189,142,161,144,195,195,163,106,193,202,189,151,149,149,129,106,134,184,211,202,163,67,51,88,100,88,129,144,142,168,195,215,215,202,161,88,100,219,200,161,149,161,168,139,112,120,100,106,106,77,57,59,115,149,163,168,154,79,172,195,166,154,182,219,211,174,170,170,168,178,199,222,235,193,156,211,137,193,154,142,149,147,154,151,115,137,170,123,97,139,120,134,184,213,204,200,137,193,180,178,186,142,100,134,184,184,161,123,106,131,154,103,115,193,170,131,142,154,193,202,180,112,91,199,237,174,186,189,137,128,128,204,189,178,144,149,82,115,123,88,79,112,112,134,168,123,149,178,159,163,131,151,134,97,106,137,180,195,123,123,189,178,195,120,134,100,106,184,180,170,154,139,166,161,100,88,106,128,97,144,100,82,115,106,174,128,115,137,142,123,137,170,156,163,170,103,178,156,195,156,144,149,137
129,154,188,191,115,98,109,137,168,197,199,184,137,91,82,161,168,197,180,189,222,170,170,170,174,163,98,106,170,168,137,137,106,77,126,188,144,134,161,186,161,147,163,163,166,174,168,149,142,142,154,121,91,80,74,134,121,131,174,142,161,204,178,123,77,115,184,223,207,191,156,163,186,228,211,151,178,204,180,121,154,211,163,154,215,170,178,223,223,228,161,134,115,131,129,97,123,144,184,195,193,195,189,182,184,193,180,161,178,184,156,186,215,205,215,193,170,156,223,170,197,184,156,199,240,208,163,195,219,199,170,142,159,82,97,223,156,131,154,193,161,129,184,223,161,106,168,180,120,134,144,208,219,189,184,184,180,178,168,163,154,147,115,120,120,178,193,142,129,74,91,112,142,142,161,193,174,200,226,211,189,213,193,128,180,240,208,163,168,134,128,82,31,57,38,31,36,51,31,31,100,134,147,161,97,64,193,226,161,156,205,222,193,154,184,184,168,199,225,215,220,168,178,144,184,154,154,193,170,144,163,200,191,195,180,106,128,161,178,172,222,219,186,170,200,180,199,161,161,142,100,149,163,205,168,178,88,149,142,154,200,91,137,161,142,161,193,208,195,193,161,193,195,131,123,215,128,59,97,163,178,180,115,109,100,97,100,100,123,120,142,178,166,131,128,142,170,184,180,161,134,142,170,189,189,193,156,115,149,103,139,120,109,76,103,197,200,191,161,163,178,168,123,82,137,168,170,168,123,106,106,134,156,163,134,161,128,120,174,170,154,161,154,137,188,161,178,142,170,97,174
174,208,174,184,112,163,178,204,186,170,205,193,149,80,103,191,174,222,163,188,225,195,189,189,204,208,106,80,178,163,154,106,97,85,186,209,149,168,186,180,199,163,156,154,193,215,191,161,151,188,184,200,195,142,144,170,123,129,184,154,129,170,174,137,126,166,168,215,225,217,123,100,200,225,209,189,178,191,180,178,204,211,189,193,189,220,184,204,225,180,106,100,109,65,115,174,186,193,204,199,205,219,199,151,178,189,178,170,174,170,154,174,195,208,202,154,121,131,168,184,134,142,176,220,232,222,204,186,161,184,168,163,121,67,174,178,163,172,149,134,144,156,180,142,131,156,156,217,142,142,213,217,186,168,186,204,139,112,156,149,161,174,161,100,163,149,109,120,123,129,174,174,184,213,232,242,223,174,176,195,204,207,208,200,200,222,174,97,134,57,25,51,28,31,46,64,74,67,38,38,100,159,144,128,128,149,197,180,137,184,204,168,134,142,217,228,195,219,225,193,144,142,142,134,178,134,178,195,154,154,161,178,200,208,217,156,154,118,195,161,199,199,180,180,202,186,180,163,204,168,88,149,195,156,161,137,79,163,208,213,88,156,208,205,204,200,184,186,200,211,213,137,128,223,199,154,217,154,106,156,184,115,82,134,149,112,103,128,112,170,154,170,161,128,199,174,168,199,168,134,137,174,208,211,204,178,189,123,64,88,184,156,91,79,123,208,205,184,178,163,166,142,137,128,168,211,215,195,184,168,184,193,168,174,174,154,134,144,184,154,131,134,123,144,128,174,149,168,134,91,168
137,215,112,180,149,223,189,208,208,168,193,186,106,98,168,142,180,217,174,204,225,193,186,222,209,180,144,149,199,161,142,137,131,103,163,229,174,195,178,176,200,142,144,163,161,182,163,161,193,215,161,217,193,204,211,184,134,168,176,149,129,178,211,191,100,142,186,161,174,154,137,200,168,204,200,184,161,151,219,228,208,193,211,208,174,186,220,149,215,144,126,100,97,123,186,219,213,213,228,204,156,184,163,156,147,184,200,208,159,161,161,178,193,208,204,161,131,163,188,147,126,156,191,223,247,250,227,170,154,186,144,121,159,184,184,200,174,168,134,97,154,144,154,176,184,204,186,205,174,161,195,199,123,193,223,178,134,134,154,186,214,186,120,149,100,79,129,147,74,112,131,156,195,211,219,208,168,137,174,200,191,174,186,156,178,195,118,100,71,16,38,82,85,91,128,178,168,115,74,97,142,159,154,120,168,188,163,137,163,188,174,123,106,154,219,229,205,219,232,156,128,134,142,154,128,168,189,188,123,112,91,112,193,232,217,154,123,115,156,142,178,220,142,178,137,170,193,213,161,120,134,137,100,195,115,142,163,180,186,154,149,134,193,200,204,176,174,204,205,193,174,82,219,156,193,186,211,163,154,149,115,128,142,186,214,193,112,163,161,161,204,142,128,156,128,170,128,144,168,184,154,115,161,195,170,154,174,144,115,144,211,178,142,123,106,170,217,180,128,144,149,131,128,168,161,186,208,184,195,195,215,211,180,137,168,174,149,154,142,128,131,109,134,154,123,168,137,149,97,100,115
168,191,126,134,211,208,161,186,195,189,184,126,88,154,172,142,166,188,200,213,186,112,168,219,215,199,211,209,178,142,142,186,161,149,95,172,193,163,170,161,118,121,154,154,129,97,118,163,193,204,142,200,144,161,202,166,174,115,134,137,159,186,215,213,123,115,193,149,97,129,215,189,166,166,170,112,139,180,242,251,223,199,205,174,168,182,147,193,161,126,100,80,170,193,174,213,232,217,163,189,208,193,172,154,97,168,228,209,174,137,178,193,176,186,214,176,149,193,208,170,134,163,184,208,243,248,223,172,144,131,142,163,149,134,106,126,184,142,109,97,144,154,112,137,199,199,174,186,186,149,180,182,168,180,161,142,204,193,199,219,211,168,115,91,77,109,134,120,79,57,123,154,161,161,120,151,163,137,168,195,178,151,156,144,85,191,134,178,79,82,137,149,178,220,229,217,200,156,134,170,134,137,180,147,193,184,123,156,178,168,161,134,106,134,156,170,213,235,217,154,142,139,170,168,123,193,193,156,115,88,91,123,174,204,186,134,115,106,82,134,174,213,112,137,97,174,219,193,134,120,128,88,112,195,211,178,200,134,134,100,134,163,154,211,134,142,154,161,161,168,137,178,246,208,232,195,217,174,217,174,112,91,156,186,223,225,184,120,142,134,115,149,115,106,168,154,154,180,168,154,100,79,97,134,134,59,134,149,137,161,178,180,123,106,59,137,189,142,106,120,115,137,128,163,170,144,178,142,200,156,180,217,174,128,180,211,144,100,115,115,115,144,172,189,163,115,128,123,74,100,144
205,191,142,154,225,217,202,154,156,178,154,103,112,154,195,186,156,115,222,225,156,134,129,186,225,235,215,184,149,156,154,186,137,142,65,115,195,149,170,131,88,121,137,151,137,85,103,161,180,168,156,159,142,91,121,100,123,126,65,123,178,174,184,176,123,142,174,144,121,163,195,154,222,121,149,95,151,180,219,242,223,204,195,154,151,161,204,149,106,106,126,149,123,193,204,200,213,215,178,115,199,191,172,134,63,123,252,205,186,178,178,188,137,161,186,189,200,200,207,207,121,184,174,180,229,246,223,168,151,131,154,184,147,163,142,106,131,106,121,168,154,121,79,154,215,184,166,176,129,168,199,186,218,178,134,129,149,182,211,211,180,147,134,137,142,156,106,189,71,97,106,134,199,120,118,120,154,142,168,204,199,142,88,77,134,222,189,170,180,147,204,154,205,242,240,211,168,170,189,123,144,144,161,186,174,188,115,166,163,154,161,144,112,115,144,168,240,220,193,178,149,168,184,184,182,202,168,134,120,120,126,142,170,170,149,142,126,128,128,139,168,195,142,112,161,174,174,193,178,168,123,128,172,200,225,204,174,142,161,142,189,184,163,195,106,88,180,178,151,109,112,213,213,199,199,225,199,180,195,134,154,151,178,205,174,180,144,168,142,193,161,137,115,106,57,178,163,178,154,123,137,97,106,142,128,91,154,149,186,178,168,178,134,97,120,142,170,144,91,100,123,142,161,156,134,142,120,156,142,180,142,168,156,168,180,186,168,128,100,128,149,178,180,200,170,120,137,97,74,134,156
204,170,172,202,226,239,204,123,149,168,154,123,115,149,195,193,154,180,235,226,191,200,161,142,226,235,191,156,184,156,115,144,134,100,168,184,180,180,147,149,123,123,139,144,118,106,118,161,202,205,161,149,161,115,49,88,149,118,88,168,178,142,129,142,144,174,184,147,180,144,144,115,144,180,178,163,184,168,129,142,193,215,199,163,213,191,200,115,80,97,106,154,234,170,209,195,174,186,170,215,193,193,186,142,74,67,238,243,137,161,197,193,159,149,195,170,189,214,213,200,174,170,215,213,195,232,202,156,180,170,142,211,225,174,118,97,97,123,144,180,182,163,134,149,208,176,156,142,163,156,142,191,217,178,79,118,147,120,112,174,174,168,161,189,189,144,134,149,120,100,189,193,142,85,112,178,170,123,166,195,142,103,82,178,204,156,211,144,151,161,106,115,180,208,218,205,161,134,172,142,149,156,128,100,184,97,184,180,156,144,163,139,161,178,195,225,226,219,202,168,156,217,178,200,232,199,163,128,137,168,163,163,199,184,156,156,174,202,174,205,189,189,149,115,120,128,137,154,174,178,154,174,193,199,232,214,163,186,142,115,193,189,168,217,205,120,149,189,144,149,178,199,208,204,217,193,156,156,142,199,103,178,226,170,137,159,223,200,128,137,180,195,163,149,186,100,178,180,163,178,184,144,168,161,142,149,128,168,186,149,178,156,156,142,195,154,67,189,156,123,174,168,170,170,156,144,154,144,128,115,112,149,170,170,170,180,137,88,115,137,123,168,200,203,174,163,123,82,154,142,142
163,172,154,193,241,224,184,144,134,161,142,91,139,176,220,186,174,199,199,211,244,251,193,176,218,180,154,139,142,115,82,88,134,137,217,215,193,166,129,170,154,112,147,142,112,142,156,174,219,222,195,154,161,142,121,142,149,112,129,189,161,137,112,139,170,174,193,191,189,170,100,80,154,205,195,189,170,178,154,156,200,211,193,172,189,195,144,129,57,91,137,200,209,191,184,193,186,180,188,205,218,184,180,134,17,80,220,222,205,170,213,154,161,121,88,147,184,222,217,180,211,174,184,223,154,178,193,184,154,170,193,222,246,189,112,134,123,168,156,121,159,163,151,156,174,147,88,74,131,159,163,184,166,189,161,142,193,168,129,161,180,109,100,200,239,225,180,178,156,156,170,144,134,156,200,205,156,112,142,168,134,144,174,163,178,200,180,128,134,207,137,120,170,184,204,193,163,174,174,174,163,180,147,134,134,178,161,186,174,142,178,168,189,228,213,211,215,228,189,112,217,220,199,186,205,163,144,170,195,207,180,174,209,204,193,199,163,211,197,209,170,168,106,137,120,134,120,97,149,193,199,193,225,234,234,215,193,163,189,128,123,163,189,234,238,213,189,176,170,170,205,193,154,168,163,120,142,151,134,123,193,163,156,142,134,149,178,195,199,186,184,226,178,189,149,156,199,176,154,200,225,161,144,200,170,142,134,149,168,134,186,137,203,193,174,154,120,170,200,168,178,134,168,144,174,186,137,97,112,120,112,168,112,144,149,128,100,91,106,97,100,168,134,178,202,147,149,137,186,180,91
156,149,137,225,237,204,174,147,147,161,134,100,172,199,149,191,215,193,174,211,240,222,204,180,193,137,80,82,80,80,97,118,144,137,161,189,163,144,103,71,142,121,139,178,191,184,186,202,204,193,199,144,154,178,204,161,137,121,106,144,154,134,100,121,168,178,193,176,174,184,137,142,191,188,180,189,186,195,195,207,217,202,193,204,195,144,121,71,65,142,154,180,195,186,189,186,178,156,193,225,213,199,189,172,100,163,182,228,156,186,170,176,182,161,137,189,178,100,142,188,121,217,168,211,137,149,137,161,156,161,205,200,219,236,144,112,193,178,161,46,170,149,149,178,100,67,28,31,88,123,168,163,156,139,156,168,195,200,186,193,106,91,174,186,189,223,215,174,182,166,147,106,204,215,178,156,144,180,163,118,168,193,184,186,163,159,112,168,242,239,215,197,189,189,188,204,193,174,144,144,180,161,189,142,213,178,184,211,176,134,120,137,186,228,217,178,156,149,88,180,213,189,228,174,142,144,189,215,228,213,174,172,193,207,204,182,154,195,170,134,137,154,106,144,100,137,137,120,151,204,205,215,237,226,223,248,205,134,170,120,88,142,184,211,234,226,199,178,174,174,184,174,191,163,115,115,149,154,163,154,120,112,112,139,154,134,163,184,174,199,174,186,193,200,228,217,184,161,161,208,214,184,178,204,180,123,103,131,142,178,163,149,184,168,137,94,64,149,203,178,161,156,161,232,197,174,123,161,46,82,128,123,91,128,149,97,97,128,120,120,79,88,128,178,163,178,115,170,161,115,67
154,161,200,188,200,180,163,123,91,134,91,103,182,209,214,170,184,98,180,195,161,211,184,193,188,170,118,123,97,59,154,137,112,97,156,211,180,80,77,74,137,137,170,226,223,202,193,205,186,115,170,154,202,189,217,191,121,137,100,123,163,134,129,142,129,180,144,168,168,195,200,193,199,199,163,186,211,225,227,208,200,207,189,170,184,163,88,65,115,168,184,188,199,200,168,163,137,154,205,226,222,211,184,217,204,174,208,208,205,215,182,195,199,191,170,204,172,74,126,193,199,191,178,204,161,137,112,106,191,205,180,184,200,197,207,229,174,129,121,97,168,193,129,94,97,82,38,43,91,120,168,154,156,199,174,178,161,189,186,156,79,67,149,189,151,161,204,213,178,144,115,112,215,234,199,159,131,142,134,64,149,213,184,166,74,79,144,225,234,208,200,215,200,186,186,176,151,168,170,144,161,134,156,191,195,217,208,208,168,120,100,142,204,199,170,123,25,14,100,128,211,232,223,193,112,195,199,200,189,197,178,154,170,204,180,151,184,147,128,131,170,137,134,97,91,170,151,172,199,199,228,223,199,193,217,246,174,134,168,117,115,123,166,174,205,199,178,168,134,170,178,204,184,178,128,144,117,161,154,156,149,103,120,168,193,142,94,180,163,168,174,180,207,208,186,137,176,200,189,208,225,219,195,195,180,128,115,120,120,76,123,184,142,120,120,120,154,149,170,174,144,154,163,178,213,215,168,112,123,106,37,115,74,91,123,128,97,112,134,134,142,120,142,154,174,142,123,154,128,149,137
170,154,106,139,149,178,121,106,129,88,123,156,195,193,174,115,134,17,142,170,242,200,154,163,161,189,193,142,161,129,142,106,82,106,149,144,170,106,131,151,142,106,161,200,188,189,180,174,97,88,211,180,202,213,219,161,151,80,115,168,204,199,200,202,154,154,142,142,149,218,231,204,195,215,154,154,211,225,219,208,204,209,189,151,163,142,63,97,142,174,170,222,213,204,170,149,149,163,195,205,200,214,208,223,208,208,191,219,229,228,200,205,208,170,174,211,199,178,215,208,161,166,180,200,174,134,186,208,195,215,184,161,186,184,200,228,168,142,142,168,219,178,123,91,154,154,161,154,195,213,170,142,166,232,168,200,129,129,217,97,91,71,82,161,168,170,184,195,176,163,144,170,199,218,205,205,204,123,106,137,115,176,174,103,142,123,195,235,239,219,195,168,163,180,202,211,189,142,168,168,188,161,106,172,200,225,229,180,142,134,193,211,191,120,31,14,11,16,20,79,180,234,215,189,144,180,217,163,163,178,184,156,144,168,144,123,178,178,128,161,156,142,82,79,154,200,189,193,208,211,228,174,134,161,200,156,168,156,189,100,144,123,142,156,186,199,178,144,91,174,199,200,147,222,115,144,85,161,120,156,144,112,149,193,178,161,147,123,106,120,200,215,184,200,144,82,134,208,209,222,223,193,168,195,168,123,91,106,137,112,100,159,163,123,156,154,115,97,142,170,134,134,161,184,161,163,211,184,134,100,97,106,106,128,142,123,106,106,134,144,137,151,142,134,142,149,149,154,161,186,208
131,180,139,115,106,156,156,109,106,149,180,193,176,142,200,134,8,11,112,189,193,156,123,126,134,142,184,195,142,103,134,115,91,115,115,149,184,154,144,163,154,134,112,161,195,193,149,80,121,65,118,168,218,245,217,170,154,134,151,189,229,218,208,227,214,156,168,154,174,242,229,200,200,186,163,161,178,178,199,239,234,189,193,178,134,109,88,88,170,186,189,217,199,208,170,123,139,174,186,180,213,251,228,193,189,178,195,200,223,242,217,195,211,208,204,223,234,225,178,184,154,186,142,139,172,186,184,144,100,161,195,126,123,204,228,236,229,191,142,134,170,106,88,168,180,189,195,205,199,208,184,149,166,202,226,184,223,180,200,71,156,74,57,131,182,211,186,178,168,154,174,200,186,189,184,184,200,142,106,168,149,142,161,91,170,217,208,239,208,172,215,156,163,161,178,193,199,199,186,195,174,174,82,128,205,208,193,149,156,159,166,193,205,126,28,25,15,9,11,51,128,180,217,186,149,142,188,200,168,154,154,156,134,118,106,134,200,193,144,123,144,123,74,149,184,189,193,195,195,195,176,134,106,112,161,97,199,200,178,123,163,161,112,134,180,189,170,142,128,161,178,163,168,204,144,142,91,161,168,174,128,137,180,193,163,174,168,106,97,161,200,208,170,154,100,161,154,193,195,204,197,97,123,193,154,184,106,161,144,88,115,128,161,178,154,144,149,142,123,137,123,123,149,144,97,139,211,168,59,51,74,71,161,186,137,100,88,88,82,142,134,106,139,184,144,144,161,123,120,219,241
189,134,156,126,115,142,161,134,126,178,218,211,208,186,134,65,25,17,98,159,142,163,144,156,74,67,112,134,144,123,131,168,131,163,180,200,189,103,112,172,88,85,82,134,137,112,134,97,139,106,67,166,250,237,234,215,154,118,161,176,161,151,180,208,142,161,168,166,205,237,202,211,161,195,204,209,115,170,202,223,240,161,156,149,95,91,106,142,204,208,205,193,234,184,142,123,112,139,174,174,223,248,189,154,161,123,91,163,235,238,228,199,189,200,199,213,235,186,149,144,195,123,144,178,174,123,106,94,97,142,149,123,115,147,226,234,202,123,97,115,88,79,154,170,161,199,199,200,178,161,178,161,174,219,241,242,225,200,184,142,156,129,79,161,172,149,172,168,144,149,209,204,172,195,222,211,193,161,100,112,156,172,154,166,215,252,246,237,137,144,137,142,156,139,149,204,204,208,219,204,100,137,115,180,168,180,156,178,180,151,178,184,120,123,142,91,28,13,14,20,51,134,149,134,174,178,186,161,134,144,137,174,189,137,112,166,204,200,178,149,120,74,85,149,144,163,184,168,137,134,154,144,142,115,82,97,174,204,180,161,149,161,149,156,178,149,134,149,142,137,170,161,123,154,154,170,144,205,239,222,186,213,225,205,180,174,174,123,120,189,213,199,205,137,184,137,106,186,149,97,100,112,144,218,174,163,154,161,161,149,120,91,161,195,142,149,161,161,123,100,115,126,120,128,142,170,123,91,37,67,91,91,123,137,115,137,161,137,142,144,144,149,149,128,137,149,109,144,184,184,149
174,168,115,129,131,123,156,166,168,193,235,223,193,193,182,103,91,91,134,149,156,193,139,80,95,74,88,121,142,123,154,180,186,202,168,215,197,126,151,156,97,88,77,80,100,137,184,186,163,74,144,199,251,217,195,184,161,106,134,115,51,126,189,137,142,121,134,156,193,215,193,168,151,211,219,213,168,174,191,205,217,174,156,115,80,88,154,207,168,239,209,228,244,189,156,118,88,115,161,191,188,184,170,154,115,106,67,147,238,238,208,200,193,154,123,174,228,163,144,100,161,103,193,189,131,134,142,115,129,137,115,115,163,211,193,208,211,79,121,103,51,100,178,142,156,218,191,129,134,142,115,166,235,252,249,222,238,226,180,174,134,120,112,112,180,159,163,154,88,170,233,195,209,193,219,202,163,174,112,74,161,151,115,199,235,248,248,219,174,168,170,149,149,184,189,154,193,228,202,178,74,88,170,137,226,168,178,168,149,186,142,97,112,123,144,106,57,46,25,17,43,123,154,100,156,180,134,151,149,137,156,180,189,195,123,191,199,178,184,191,74,40,100,123,131,159,126,57,74,128,172,142,112,134,134,115,97,163,172,156,156,188,195,170,151,144,154,142,161,189,161,142,117,137,134,168,193,236,242,239,232,235,214,166,163,161,149,147,154,178,213,219,238,204,178,46,115,199,168,97,106,168,213,219,180,88,174,189,170,174,115,115,186,134,161,144,144,178,161,128,134,134,203,154,144,97,82,79,100,59,112,79,97,134,159,174,200,180,154,161,128,163,168,128,91,97,112,154,163,123,74
137,149,100,106,131,134,142,172,174,222,225,204,207,189,166,178,191,142,142,112,80,159,204,166,144,123,88,109,106,123,168,193,199,180,224,147,38,36,109,154,126,100,134,121,82,106,168,163,168,137,168,211,220,219,174,168,129,65,91,121,151,199,193,95,80,129,134,180,186,199,184,182,238,199,184,205,211,191,215,232,220,193,178,129,115,134,144,184,199,228,237,245,241,229,176,121,121,151,147,182,161,174,168,166,88,144,85,151,219,225,204,168,144,88,74,144,204,184,180,149,123,172,193,186,109,154,178,123,112,106,94,154,225,242,205,188,234,131,156,154,156,174,199,144,193,237,109,88,112,82,137,222,252,228,232,252,247,208,189,149,120,174,178,178,215,200,134,142,174,205,232,209,220,199,156,154,74,103,109,128,204,149,118,213,205,180,213,186,170,186,200,174,156,186,186,156,156,178,174,128,79,184,154,215,168,142,151,163,180,168,131,154,142,134,112,57,38,123,97,17,112,97,163,120,62,180,174,217,189,144,193,195,156,163,88,186,226,204,180,163,97,82,156,161,137,91,43,59,134,161,156,163,161,240,204,142,37,128,163,168,200,207,186,142,144,184,172,106,144,170,137,159,174,154,134,128,178,200,213,234,234,211,156,115,142,161,154,147,163,144,178,223,237,199,137,100,200,184,168,156,199,225,205,174,178,161,161,163,193,180,112,174,149,112,170,120,137,156,149,168,174,168,180,186,137,57,115,94,170,88,115,100,115,128,174,186,163,149,163,174,174,195,149,112,82,64,128,144,128,74,91
106,85,80,121,170,204,161,134,191,199,202,204,199,188,184,184,195,139,121,149,161,176,205,204,166,161,134,109,134,121,129,172,195,193,154,100,27,12,71,168,188,188,195,174,109,65,154,170,168,176,137,223,234,163,142,149,154,129,121,193,226,208,174,106,112,100,209,214,199,205,199,189,220,197,154,208,207,166,195,228,228,205,170,121,129,149,134,180,211,184,241,237,208,223,191,149,178,184,151,170,180,195,174,172,142,170,109,147,178,195,211,154,123,149,123,100,163,208,193,195,156,189,189,168,112,184,186,97,151,144,134,199,250,252,217,163,184,208,184,182,199,199,142,163,156,149,121,163,204,154,176,226,247,213,222,208,246,208,193,180,197,200,193,209,200,154,134,149,195,193,211,180,204,213,213,178,115,123,174,204,224,209,166,163,176,154,168,193,189,195,204,186,161,184,161,106,100,128,142,137,170,204,199,195,123,137,137,168,182,193,137,100,128,139,94,21,59,57,59,144,67,71,115,100,170,100,217,217,191,178,186,186,137,91,106,161,228,195,200,142,154,159,180,149,154,112,74,91,106,170,188,195,242,235,193,137,100,144,170,180,163,161,156,142,144,170,149,137,97,112,123,156,200,161,137,154,180,106,149,225,228,199,154,154,172,170,144,156,176,156,139,189,193,154,174,204,217,163,149,186,217,205,170,161,170,186,144,134,193,154,115,161,134,144,106,100,97,128,142,154,154,128,161,168,156,103,74,134,186,134,120,115,109,115,178,184,142,163,170,139,184,166,211,106,100,67,128,174,88,74,106
161,71,142,149,168,172,174,159,178,161,193,200,193,204,182,115,161,178,129,184,204,193,178,180,178,168,156,139,147,82,82,100,112,142,100,112,36,15,80,161,188,174,161,193,161,121,184,178,205,191,189,174,231,100,100,195,134,186,174,156,213,225,209,225,193,182,223,223,180,193,217,199,223,199,200,184,176,174,211,214,217,189,134,106,151,134,195,195,193,204,193,193,174,163,189,191,205,199,178,193,205,217,227,222,168,170,156,112,121,170,205,168,174,225,200,142,174,195,174,178,180,161,172,163,142,195,149,161,186,195,225,245,242,226,144,112,134,207,174,193,217,174,156,176,112,131,208,238,248,228,161,154,223,154,189,229,168,186,166,207,184,154,144,97,142,168,159,163,168,120,154,184,222,193,215,163,205,197,217,195,200,200,156,186,174,134,161,217,193,193,170,159,189,128,59,82,115,112,106,161,205,184,178,184,161,180,176,172,195,193,142,97,82,91,79,74,67,31,88,82,79,97,97,154,170,156,207,208,184,217,208,213,161,106,134,88,156,242,189,180,200,149,137,112,94,62,74,144,154,174,211,223,199,156,161,85,170,123,134,134,163,163,123,88,85,134,161,67,31,79,112,168,189,195,128,178,134,82,120,205,225,195,195,223,215,174,161,235,225,208,149,100,112,149,211,204,161,163,161,163,184,154,149,168,170,134,178,193,161,144,151,144,142,134,88,120,106,128,131,100,144,168,126,142,161,97,91,144,168,137,168,180,131,170,180,144,142,134,88,106,168,199,174,151,137,115,88,134,142,120,112
123,137,191,147,112,154,197,156,142,191,163,176,178,186,199,176,139,147,180,172,172,156,170,170,137,134,115,129,156,67,121,85,57,100,154,149,65,80,103,186,200,174,142,168,204,205,204,242,186,137,186,205,163,168,100,178,204,209,178,147,189,195,191,159,174,208,199,129,184,137,186,209,211,202,188,137,134,193,178,170,168,213,193,168,193,195,240,208,219,189,163,161,149,154,186,211,213,200,154,184,144,174,238,223,172,176,186,129,126,180,186,163,174,205,202,176,186,193,156,163,170,137,168,184,161,163,172,174,147,186,242,248,200,134,115,106,123,144,154,199,240,238,170,182,161,178,225,217,225,228,144,88,149,186,225,205,180,163,172,208,174,126,74,64,103,161,126,134,131,79,161,200,195,228,211,222,193,189,186,193,195,180,166,161,174,142,154,163,197,213,239,170,170,82,28,134,176,156,189,213,182,156,174,217,208,213,195,191,184,137,100,106,91,64,74,74,74,79,67,59,88,100,120,142,195,200,180,200,200,226,225,168,174,149,106,115,168,200,208,172,134,149,94,88,79,112,128,134,149,142,142,184,170,134,97,178,193,161,128,128,178,170,134,74,103,156,128,115,120,134,149,186,186,219,137,142,161,120,137,149,215,225,174,197,220,219,193,251,217,215,163,74,106,142,189,193,142,149,168,144,170,144,128,149,142,128,178,205,170,166,170,144,134,100,106,134,142,137,123,103,142,134,74,100,128,123,112,112,106,112,174,184,134,178,189,161,180,128,79,106,168,195,180,205,142,46,103,178,193,144,120
121,184,166,170,129,149,161,142,142,168,129,121,149,172,139,156,121,123,166,121,161,172,137,100,91,112,100,77,151,100,142,129,82,163,168,147,80,186,180,178,161,161,121,134,217,227,208,227,142,188,112,199,178,200,154,170,134,161,163,161,154,123,59,161,168,174,204,91,178,178,161,223,213,156,178,182,178,184,186,149,199,239,239,236,180,233,204,205,184,184,131,154,188,178,178,205,189,154,172,142,100,106,184,193,202,182,200,144,156,184,168,131,172,199,149,121,174,189,178,193,123,163,174,161,168,161,156,142,115,149,222,225,168,123,154,142,115,131,121,215,252,240,186,184,207,149,112,144,186,170,112,77,106,200,207,241,229,193,228,180,170,168,137,88,79,59,54,64,149,120,123,134,184,209,123,180,79,31,154,195,204,161,170,170,123,161,144,174,222,199,195,222,120,163,51,100,120,134,193,205,170,189,226,235,235,163,170,174,149,85,64,137,115,59,74,100,134,134,103,79,85,112,112,115,161,186,170,186,189,161,182,174,161,149,120,154,170,180,202,205,149,106,142,163,71,137,163,115,154,156,161,168,134,154,161,178,211,147,142,170,97,156,144,128,142,209,205,161,128,163,215,242,213,200,97,139,149,112,180,215,200,199,178,180,199,197,174,154,154,222,120,144,149,112,149,222,170,186,204,159,144,154,131,115,134,128,184,189,218,182,137,137,82,82,128,134,142,144,120,120,85,112,115,103,137,123,115,120,79,115,154,144,120,134,149,142,186,186,134,115,139,142,168,161,97,67,142,184,163,156,115
156,149,163,178,131,100,121,142,118,123,134,156,170,163,129,65,103,121,103,137,134,123,80,63,88,115,118,106,147,149,121,144,149,170,163,184,142,186,205,159,134,188,172,163,205,215,205,208,168,38,121,191,199,202,180,134,147,161,142,144,151,134,129,103,193,142,154,131,159,142,168,149,151,180,163,144,161,178,144,154,163,215,248,209,137,112,147,178,112,178,147,178,142,170,156,154,180,134,88,154,184,139,115,184,209,142,195,131,149,209,154,134,189,204,161,112,149,200,174,199,94,193,149,123,199,156,106,121,129,168,193,188,200,213,180,121,134,154,149,204,240,219,178,170,182,121,100,156,129,94,142,147,121,195,232,242,247,237,226,199,204,199,168,120,120,91,64,77,129,156,147,142,163,142,163,74,28,57,189,222,200,131,142,168,161,199,202,242,180,182,205,149,159,178,88,64,88,149,200,199,199,208,232,225,195,161,120,120,88,112,91,67,97,28,82,154,161,170,154,128,144,115,88,88,128,154,142,156,180,147,163,182,174,149,178,142,134,186,170,137,123,137,174,186,189,178,174,161,149,134,120,144,144,137,123,154,168,151,154,161,161,123,142,180,189,178,178,161,163,193,215,229,228,112,189,112,199,189,189,178,204,205,184,204,170,117,100,134,144,205,174,197,178,213,217,208,213,204,170,88,85,120,106,123,126,142,213,199,225,180,120,134,74,100,154,154,142,128,79,97,120,154,134,137,82,134,123,115,134,123,128,161,137,100,123,168,217,188,170,128,161,115,91,112,112,97,123,156,156,134,112
154,149,149,161,129,74,115,147,118,144,176,188,184,161,112,106,144,103,129,154,100,80,74,67,74,126,166,174,180,195,149,149,176,163,161,172,144,182,184,161,142,163,170,147,129,163,189,193,149,189,170,147,154,174,156,144,115,129,142,180,205,154,103,184,149,142,154,149,174,144,134,106,189,126,97,168,142,97,131,166,188,211,205,139,168,91,134,147,139,166,156,163,214,180,172,134,163,139,100,163,154,65,156,200,174,195,115,195,184,225,204,193,249,239,184,195,137,178,199,195,208,115,154,156,215,228,67,144,200,168,129,163,229,242,161,121,176,168,170,142,234,227,193,115,147,176,180,170,112,109,204,228,176,193,225,211,234,242,197,204,215,174,161,180,204,188,144,134,161,184,163,174,147,154,170,120,79,134,163,193,170,184,151,178,204,188,213,239,225,163,200,178,151,172,142,174,144,142,188,195,199,211,200,186,154,195,142,79,36,97,57,79,91,82,154,191,144,120,188,208,168,139,120,97,142,115,142,120,161,193,195,186,184,193,184,156,142,144,142,123,115,142,191,144,154,193,178,180,147,112,88,134,142,144,193,180,115,88,123,156,168,163,144,170,154,100,88,142,176,180,184,168,189,232,120,180,235,211,163,170,128,128,178,174,149,123,174,137,142,208,217,228,237,219,168,200,226,180,88,57,94,149,142,170,161,219,180,184,182,168,120,137,120,154,168,156,134,120,79,112,170,97,123,115,100,168,112,128,142,88,154,180,128,97,137,184,178,134,180,123,184,71,85,82,79,82,131,163,163,106,106
149,142,137,144,126,91,129,142,137,176,156,154,154,123,144,154,149,123,174,176,95,109,112,67,80,154,161,154,178,189,186,174,166,168,147,95,115,149,156,149,163,159,91,103,134,129,154,180,189,186,163,142,134,142,97,123,74,59,163,208,197,170,149,161,193,186,172,178,184,174,144,156,100,91,109,147,142,112,186,205,180,200,213,199,115,172,149,161,161,139,154,154,208,200,147,154,168,184,163,193,106,97,205,191,208,186,189,199,168,178,213,229,242,240,191,189,144,176,208,134,208,161,154,193,193,211,147,156,170,134,97,176,227,193,218,154,154,151,121,161,222,253,154,97,161,180,166,186,170,144,218,225,184,204,207,161,186,237,189,195,168,120,151,200,215,209,202,200,211,219,217,193,186,180,147,166,191,180,161,137,88,137,174,186,195,154,178,213,217,174,197,193,144,191,195,193,211,193,161,178,202,208,142,97,195,178,180,106,100,67,57,57,154,189,204,180,170,137,128,209,211,182,163,142,144,189,144,163,128,225,204,176,219,195,178,180,123,156,142,134,103,123,163,161,163,161,156,184,163,100,97,120,137,174,174,178,120,112,91,142,134,163,186,170,161,137,144,174,189,178,154,174,178,163,200,223,204,174,154,106,82,128,195,154,134,176,137,88,120,137,166,195,170,195,228,213,222,163,123,142,156,182,213,204,184,215,211,178,120,134,137,144,144,178,168,128,106,97,97,112,115,97,142,112,144,128,144,154,91,137,147,144,112,97,100,112,123,142,161,106,120,106,112,57,97,97,142,180,144,100,134
112,106,121,131,118,112,112,123,123,134,131,112,126,156,180,112,126,142,189,178,126,154,109,57,95,149,156,97,159,168,193,134,166,176,71,31,41,154,195,193,161,103,85,118,100,97,115,154,137,100,149,186,139,115,88,88,63,80,186,188,151,126,154,163,211,204,168,163,189,197,213,204,174,170,154,154,163,174,207,205,154,184,184,199,193,199,205,178,178,163,174,174,168,161,134,149,184,180,154,131,189,170,168,225,170,193,149,178,137,163,213,222,211,161,115,134,154,151,170,134,178,193,118,156,144,180,208,142,126,129,142,178,218,220,186,174,123,123,149,204,231,223,115,123,154,193,199,199,180,156,200,154,161,211,161,193,154,195,199,184,115,142,144,163,189,200,217,222,219,242,244,202,168,168,178,184,199,204,178,91,20,51,199,213,170,147,168,217,208,225,219,222,213,184,184,202,207,166,74,91,166,144,100,67,88,126,186,184,163,97,59,97,184,195,184,180,134,204,235,193,211,195,88,154,154,195,137,184,142,191,189,186,193,205,188,174,137,184,142,128,91,120,115,149,154,134,144,172,180,156,115,137,170,154,109,168,137,156,123,144,174,154,208,200,174,161,88,106,184,189,202,180,186,191,163,193,186,126,112,142,144,120,142,100,115,149,134,156,142,82,88,128,100,120,223,232,213,184,149,170,193,211,215,178,156,195,211,189,109,151,112,128,147,168,137,144,100,97,120,106,106,163,67,142,123,115,166,134,142,174,120,97,97,128,120,128,156,144,149,112,115,139,137,112,115,91,112,100,100,123,149
80,98,74,112,88,59,121,144,123,112,142,156,170,172,154,134,137,161,172,168,168,159,77,49,112,161,149,74,163,161,103,115,178,121,51,74,59,189,233,200,142,147,139,88,88,80,88,91,134,115,115,195,112,100,154,129,123,123,134,123,100,118,161,142,217,235,134,149,195,235,227,239,205,189,161,112,123,199,209,178,170,161,200,161,211,204,205,204,189,197,189,168,222,209,115,106,180,204,229,174,142,180,186,163,147,180,195,126,149,168,205,195,161,195,174,112,137,106,97,168,178,222,147,144,174,154,191,163,137,129,142,159,180,184,149,193,106,109,217,211,163,123,137,121,149,222,238,170,174,200,170,126,154,156,189,170,120,129,178,149,161,161,154,126,168,184,182,163,186,222,232,207,178,142,161,174,161,186,163,88,62,159,227,213,168,180,176,211,204,239,219,211,199,156,200,204,184,142,88,115,174,142,100,100,97,170,211,184,144,112,161,163,186,199,178,168,213,239,235,211,178,170,176,178,161,229,180,161,149,128,217,142,205,215,204,184,180,170,142,64,97,115,134,178,123,137,142,174,193,184,134,100,149,94,97,139,144,149,144,154,156,100,134,184,154,156,123,156,186,205,228,161,168,193,184,168,176,174,189,195,144,97,123,126,100,144,156,142,147,97,94,186,174,120,191,217,213,180,106,142,217,205,142,154,184,184,211,231,142,57,137,142,149,154,123,117,154,161,168,170,154,149,88,123,156,100,144,154,85,123,82,97,94,142,161,154,156,144,144,161,168,128,159,134,82,74,115,71,123,134,137
112,88,77,91,95,46,134,137,112,170,142,193,202,170,154,154,161,193,174,142,172,178,115,77,134,170,134,97,163,115,123,115,137,106,77,123,134,200,223,208,178,188,161,118,129,112,57,80,118,170,91,170,88,112,215,137,126,123,63,59,137,174,123,174,228,215,134,161,178,191,240,211,180,115,129,144,159,184,170,172,184,199,178,205,180,215,195,205,204,215,211,200,211,211,149,147,223,228,174,144,91,186,178,144,205,137,184,168,137,199,199,222,211,170,204,193,168,144,80,178,180,163,170,80,77,211,193,161,131,112,115,142,144,137,137,174,91,79,149,100,67,82,126,88,129,215,223,137,121,193,163,144,118,168,151,123,134,129,144,142,195,115,174,186,154,163,123,103,144,178,211,200,180,161,106,120,137,112,137,126,156,204,219,205,180,180,168,184,193,205,184,170,176,144,174,193,178,156,154,156,128,103,128,134,188,222,200,151,170,184,188,193,195,199,168,123,189,242,238,213,163,137,142,134,217,225,211,134,123,176,166,200,154,195,200,200,188,161,91,79,51,142,178,186,97,103,103,163,222,202,137,100,115,82,100,134,161,170,142,163,154,79,79,180,170,154,180,142,174,199,199,184,123,154,178,168,161,211,205,126,142,170,134,163,128,184,184,120,106,156,193,178,170,154,156,200,163,120,149,213,234,189,137,178,166,161,222,161,115,156,128,147,144,112,178,211,154,154,208,237,197,161,156,106,154,123,112,137,100,74,82,134,106,120,134,120,161,161,142,174,178,144,142,139,82,123,134,91,120,142,149
129,115,137,121,131,142,134,115,134,161,144,204,189,189,174,170,199,191,156,168,174,154,144,115,134,154,149,134,121,112,184,139,156,137,88,112,205,180,180,193,176,144,170,174,168,159,57,67,115,168,123,137,144,144,193,156,80,71,85,100,159,199,174,189,215,178,154,184,161,211,199,195,126,106,151,199,172,184,213,174,176,219,204,202,215,217,219,197,178,178,225,184,222,228,199,200,219,197,186,129,186,223,191,176,154,163,100,186,170,191,217,204,170,163,231,234,180,112,142,168,193,137,109,57,121,215,204,112,142,168,144,154,106,100,149,91,46,31,100,139,97,64,64,57,168,233,161,51,67,178,218,199,154,161,184,154,186,178,161,149,156,174,193,215,161,115,142,123,123,144,189,156,186,156,100,28,88,33,74,151,168,163,193,213,204,178,154,178,237,139,156,154,161,174,123,174,208,170,170,178,154,174,170,178,223,217,156,156,204,178,178,189,199,174,134,126,204,231,223,189,149,120,149,163,193,213,193,144,156,163,174,195,182,178,161,170,193,149,62,35,31,100,154,163,120,97,149,174,215,213,159,112,144,161,91,91,149,182,144,189,159,82,134,178,229,215,184,149,178,199,186,159,131,200,168,137,163,189,189,170,174,195,161,149,217,199,208,168,193,204,189,193,172,189,174,154,97,79,180,186,126,180,149,168,161,178,112,189,184,195,170,163,128,134,134,156,137,123,189,200,195,156,163,170,161,144,91,97,100,112,112,120,115,106,128,144,142,144,128,142,163,163,168,142,123,142,134,71,97,154,142
139,174,204,178,182,199,112,129,112,100,137,163,170,199,172,168,195,180,154,189,166,88,134,142,123,137,161,115,91,149,195,186,189,144,95,163,211,163,129,137,163,142,137,191,193,180,161,142,174,176,156,159,161,106,137,139,57,103,178,174,176,199,193,174,193,168,170,205,147,142,85,154,106,159,184,193,168,174,202,193,204,204,184,205,176,186,174,189,204,197,215,200,195,200,156,178,211,217,176,147,228,204,193,156,168,100,142,166,170,151,161,178,184,184,211,168,154,178,180,154,149,180,88,49,106,170,189,182,178,209,193,100,88,137,91,79,49,59,112,115,74,67,51,94,217,229,137,79,154,223,229,225,174,156,204,244,248,204,142,97,149,189,186,180,156,134,178,154,57,67,115,144,168,67,59,12,31,82,112,178,156,126,199,225,200,176,180,219,227,156,168,170,128,154,137,156,218,182,184,186,189,193,191,195,174,200,178,180,174,154,115,174,213,189,126,120,161,205,178,163,154,154,163,174,213,180,178,170,154,156,168,195,205,176,142,156,178,103,25,16,21,74,142,112,123,168,149,168,170,174,151,147,156,161,112,79,149,184,204,193,154,82,163,174,235,213,193,174,204,193,154,178,154,184,178,137,154,174,156,144,144,168,174,154,189,238,215,180,178,161,154,215,168,199,178,137,64,79,112,134,134,163,123,174,149,100,161,199,244,200,188,123,115,128,163,123,97,97,91,123,166,74,180,184,186,142,123,154,79,100,115,97,94,91,100,161,97,112,128,128,142,128,163,156,161,144,109,91,88,120,97
147,195,225,193,156,142,100,121,100,98,106,112,137,154,144,149,154,166,154,142,137,106,121,147,112,112,134,80,149,151,168,180,161,137,112,161,186,154,129,131,156,139,137,168,168,180,217,213,195,197,156,161,134,100,137,129,121,168,195,193,205,202,161,156,168,161,184,184,154,100,65,151,139,195,199,189,166,144,161,172,204,195,156,97,123,100,121,199,222,219,199,223,144,137,180,172,215,208,188,189,180,222,149,163,184,100,147,168,134,149,156,176,168,154,159,129,199,184,186,154,178,184,80,82,126,191,227,215,172,163,168,88,57,88,129,106,64,100,144,144,159,106,74,134,168,193,184,193,225,193,200,209,172,200,253,253,200,134,123,123,178,147,120,142,168,170,161,120,74,38,62,176,170,112,64,46,142,200,174,149,115,144,226,229,168,142,188,218,205,205,211,199,77,137,147,180,204,217,178,168,193,195,178,200,180,178,202,154,189,142,134,215,213,174,106,137,174,178,184,174,186,184,156,156,178,202,142,156,120,163,195,215,217,142,112,137,168,156,67,31,91,112,128,163,88,120,139,174,142,100,149,149,174,128,106,123,170,193,200,176,120,51,97,156,199,195,128,161,184,199,178,170,128,131,211,156,115,154,123,112,131,144,168,156,154,211,200,178,163,163,174,168,144,184,163,170,88,43,64,100,120,123,199,163,195,184,128,144,199,226,156,88,154,161,134,106,79,79,79,134,134,149,120,200,178,137,144,128,91,120,82,67,71,64,88,134,144,100,123,88,82,137,137,82,91,115,112,115,91,91,126
188,199,176,159,126,129,115,85,91,91,98,106,98,98,129,109,67,103,137,161,193,193,142,134,109,97,85,82,121,134,161,154,97,97,139,168,180,161,142,144,168,156,121,129,149,174,204,207,197,186,168,142,129,137,142,178,163,142,134,149,170,159,156,144,131,163,184,168,118,106,129,168,215,231,224,184,154,137,121,112,163,168,134,95,77,88,142,195,205,208,156,156,123,121,184,189,191,199,204,184,149,184,151,189,163,134,121,174,161,142,168,199,215,144,129,178,184,220,156,161,161,178,59,36,208,121,193,217,137,149,126,63,144,129,172,163,103,121,184,211,129,100,88,129,149,178,193,166,174,134,170,142,168,195,249,204,91,79,118,115,120,137,142,149,149,142,137,144,106,43,88,202,186,149,123,156,217,219,168,134,129,161,215,208,123,115,184,205,225,232,225,184,128,144,154,200,178,204,189,180,199,193,189,208,186,178,191,174,180,178,195,219,211,166,163,186,204,180,174,166,204,217,178,134,163,168,112,118,112,180,178,211,186,142,115,149,128,139,144,123,200,144,163,103,120,106,195,151,170,142,149,154,97,142,131,163,139,128,123,184,184,100,103,222,225,170,120,134,213,225,180,112,120,120,172,186,134,134,112,112,156,144,131,178,178,178,180,170,180,184,170,149,168,189,170,180,120,40,91,163,161,180,193,188,223,195,144,79,123,182,120,142,156,144,128,79,64,106,120,100,85,88,154,149,134,168,142,106,154,123,43,64,79,97,115,137,142,131,88,71,123,59,91,67,97,128,112,88,91,76,115
178,151,139,142,134,115,77,65,109,149,103,112,109,131,129,100,59,82,168,180,205,202,161,129,161,129,59,74,88,172,144,123,88,106,193,211,178,151,166,168,193,180,106,134,161,163,170,178,204,184,168,159,154,142,139,168,174,142,71,57,121,161,178,166,142,193,168,168,112,161,156,193,243,241,211,178,163,137,123,103,121,156,180,149,131,121,174,205,180,184,139,121,142,161,174,204,200,178,204,178,166,168,159,168,180,121,139,149,186,156,199,215,178,154,154,199,220,123,189,154,144,161,51,67,193,166,172,199,154,131,161,88,106,200,197,223,149,199,147,193,186,131,149,88,149,144,144,144,161,199,88,142,142,213,142,88,142,64,79,79,64,134,161,144,163,170,156,112,144,163,195,178,106,154,170,193,220,217,182,161,166,137,118,120,129,151,204,170,242,250,237,224,170,163,170,174,168,156,163,174,184,205,213,184,182,211,168,205,161,178,168,154,219,199,193,208,199,144,139,174,195,237,186,170,134,144,149,112,137,172,186,186,142,149,161,166,168,106,149,172,161,168,159,156,123,128,154,139,159,180,91,97,118,144,149,147,156,168,195,205,211,161,204,226,242,199,184,172,174,195,142,91,82,184,156,137,189,120,134,161,168,166,174,184,184,168,168,184,193,163,180,163,131,189,189,142,112,128,180,184,184,199,178,184,186,203,205,126,170,161,163,144,88,120,159,134,106,149,137,139,149,137,144,144,149,163,154,123,74,144,79,88,100,106,137,88,142,159,97,112,91,112,57,82,106,91,106,88,134,79,79
144,109,112,134,88,91,67,106,142,156,137,134,168,168,144,151,149,129,161,151,178,161,225,147,163,156,57,166,154,170,115,112,126,159,223,208,161,180,204,178,159,208,142,142,180,149,134,156,186,168,168,186,170,144,134,137,172,161,85,51,161,208,168,168,176,202,172,168,180,178,225,226,239,223,178,144,123,97,137,161,142,174,219,217,197,184,200,184,168,170,139,106,137,189,208,178,168,168,168,151,178,149,121,161,154,139,156,170,184,184,154,161,191,184,178,195,191,137,106,149,149,121,123,156,178,208,195,137,137,154,156,205,200,199,217,200,213,186,142,244,180,195,189,168,170,170,168,205,168,129,74,91,168,154,193,97,195,57,67,137,170,193,199,161,189,195,151,205,208,207,154,142,142,142,174,186,195,159,154,156,193,151,82,115,163,174,166,180,213,253,253,211,161,186,172,142,142,151,144,156,195,193,142,161,159,186,178,163,156,142,134,115,211,211,170,178,163,149,184,197,174,204,208,154,137,170,161,112,137,178,151,112,106,142,144,142,161,128,144,161,106,170,166,137,82,115,154,149,151,186,168,115,154,180,170,149,215,199,226,204,247,180,235,219,200,163,134,170,112,112,176,123,170,199,168,154,168,134,120,144,163,184,180,178,168,180,195,205,205,195,170,161,106,134,144,109,120,184,222,215,184,184,180,156,178,205,193,144,170,189,163,120,88,106,128,149,163,180,170,151,161,115,115,184,176,154,139,161,142,91,71,74,91,88,59,120,161,137,149,156,137,115,128,112,168,67,79,115,85,123,97
98,106,118,142,71,83,65,98,109,168,144,137,149,186,189,163,154,149,137,137,147,207,159,170,134,174,134,195,156,77,121,112,134,186,204,172,170,193,204,202,129,170,139,156,178,180,151,154,123,112,168,193,170,163,134,126,159,200,115,156,159,193,178,163,174,178,195,168,189,211,228,222,217,208,137,109,97,100,144,178,174,197,223,242,211,234,204,137,131,172,112,74,121,191,219,178,142,156,121,144,156,134,129,142,144,121,159,186,170,163,118,129,151,163,200,170,134,163,147,144,166,163,174,214,195,134,115,123,186,189,142,118,154,200,195,166,205,188,222,222,207,189,178,223,178,161,184,193,168,106,103,137,178,178,147,161,100,100,88,134,199,189,134,151,149,170,204,199,168,142,134,134,186,163,57,189,88,168,170,193,217,197,178,211,168,168,142,161,168,244,242,170,170,189,193,109,118,142,166,211,191,97,28,134,182,134,154,137,200,200,180,178,184,178,139,142,199,204,189,180,159,186,195,163,170,166,142,88,91,109,97,115,88,79,97,134,168,142,134,154,161,149,170,156,57,128,149,115,180,186,178,170,180,189,189,180,232,189,238,188,242,204,214,218,180,20,106,106,88,106,168,189,223,161,142,168,112,174,88,112,97,142,208,168,128,200,215,142,195,170,161,142,186,67,100,144,106,144,195,189,149,154,163,142,170,205,193,161,176,193,170,137,142,144,134,142,178,205,211,163,154,161,128,163,159,112,142,144,82,91,88,88,100,142,178,128,79,112,123,142,134,123,128,142,64,51,82,128,144,112,128
109,106,142,161,134,126,178,100,112,142,118,126,178,195,186,163,115,115,121,88,129,123,85,103,163,170,176,154,115,142,88,144,168,184,176,163,123,126,211,211,163,88,161,163,178,193,168,137,91,95,170,186,180,180,161,123,172,189,161,186,137,170,195,154,180,170,199,184,199,215,204,195,180,163,97,65,115,161,166,168,200,222,223,228,211,220,199,142,115,142,103,88,147,193,218,211,142,106,95,156,156,134,82,131,131,149,129,142,147,144,154,161,168,174,180,156,147,137,123,149,189,195,211,163,100,97,115,163,180,170,121,129,161,168,147,163,168,184,193,166,156,154,184,189,178,186,205,180,163,123,142,204,200,225,149,82,88,147,168,139,112,123,134,149,120,115,184,193,142,134,120,163,200,163,168,178,144,161,207,211,163,228,238,182,217,170,123,79,172,223,209,149,218,172,137,168,154,163,213,232,161,46,112,149,106,168,118,193,228,222,232,189,112,118,166,189,204,180,154,137,154,168,170,161,178,161,112,74,46,43,59,82,79,79,123,144,170,193,184,161,170,161,156,137,115,106,118,120,186,163,180,184,195,219,205,204,208,174,208,207,186,218,186,189,74,94,100,115,120,186,202,193,147,120,134,154,188,137,215,97,82,149,223,174,137,126,100,144,207,149,144,57,97,128,74,149,103,144,142,142,123,134,137,134,156,189,211,217,215,199,193,178,154,134,128,161,193,208,205,168,144,156,142,144,115,137,137,112,115,112,100,106,159,180,184,174,123,115,149,120,123,120,88,106,109,79,134,200,180,134,74
159,80,134,176,214,219,149,88,142,137,126,156,134,131,144,142,88,85,118,88,115,98,51,115,156,154,149,204,142,154,142,195,195,168,144,123,144,134,178,147,142,126,139,154,149,137,159,137,142,142,156,168,193,197,176,151,149,170,154,142,154,154,186,184,186,184,193,199,199,199,174,163,134,91,49,59,144,188,174,168,199,211,247,231,209,205,189,193,142,109,142,156,168,180,189,204,142,129,106,144,170,129,112,156,149,161,85,129,180,170,154,174,199,161,121,154,161,129,97,154,170,215,168,121,80,91,121,142,149,168,137,137,103,97,121,174,154,149,168,174,147,121,137,144,193,184,184,168,154,163,129,168,219,180,115,139,149,161,208,174,82,88,151,154,123,112,166,163,115,147,166,163,159,180,174,184,215,147,154,217,218,218,229,170,154,174,106,100,142,188,193,180,213,180,149,154,219,207,200,208,174,149,154,161,128,197,154,226,223,215,228,180,97,156,222,178,64,120,161,115,166,144,128,128,156,154,168,112,43,31,28,40,106,144,168,163,174,223,199,97,115,142,134,144,128,91,123,178,184,123,134,174,189,208,200,189,202,168,174,184,215,217,170,168,94,142,161,154,154,204,226,137,137,174,200,208,223,223,234,222,142,128,200,195,106,46,134,213,180,144,79,106,186,144,168,154,166,144,115,149,170,144,128,144,142,184,226,237,228,176,184,217,137,79,142,174,168,174,174,147,134,128,123,128,120,142,149,112,97,91,97,128,161,170,170,134,134,142,159,134,120,112,123,154,131,97,131,149,123,106,123
137,149,156,202,237,200,144,129,98,109,142,112,57,71,121,82,100,112,129,112,149,170,144,156,178,209,151,161,174,144,131,184,200,142,142,168,156,123,129,63,109,115,134,182,80,71,142,154,178,163,139,163,202,199,168,161,131,142,156,170,134,174,180,213,180,191,186,213,205,151,154,163,97,49,59,88,188,193,149,149,163,200,251,242,193,195,178,193,161,123,147,168,176,174,156,154,174,154,149,161,166,178,154,129,139,154,142,168,184,186,149,161,161,100,74,139,180,170,154,144,186,170,88,106,51,112,100,115,154,174,163,134,64,156,189,142,106,85,112,180,149,88,77,103,142,174,193,200,163,106,118,97,123,115,137,144,178,217,218,154,180,205,161,161,161,161,156,147,134,134,156,170,193,178,215,189,170,200,170,200,193,170,137,67,59,184,170,106,118,174,137,142,168,180,149,154,218,176,149,180,168,142,123,154,239,147,247,232,222,217,189,168,184,170,154,82,54,123,193,144,142,64,170,137,176,118,176,123,82,38,79,82,120,178,178,163,159,184,180,115,88,82,128,161,170,142,142,189,174,120,100,128,147,161,170,170,193,204,184,219,232,184,156,168,168,170,189,188,200,211,204,137,168,211,208,199,207,218,184,205,193,117,161,204,149,97,120,156,178,149,74,174,178,178,161,142,178,115,174,205,161,161,161,120,142,178,193,211,144,193,189,193,88,67,193,156,100,142,151,134,88,79,128,112,128,128,128,97,88,115,128,134,149,115,97,106,112,134,144,186,115,142,161,134,142,123,137,115,97,115,76
182,149,207,193,184,174,142,88,112,80,129,74,19,38,88,103,121,156,129,149,166,170,161,168,163,184,139,168,144,85,98,149,159,134,134,142,166,137,142,97,59,106,115,161,100,65,134,142,161,184,168,178,211,202,163,137,142,159,142,180,174,204,208,189,178,170,161,178,184,182,163,142,115,85,100,142,186,193,168,137,168,225,250,238,189,156,161,170,168,121,142,184,193,163,134,144,149,156,151,168,186,195,106,109,112,205,170,211,186,176,154,134,134,74,80,144,189,159,178,134,180,91,123,82,80,121,139,154,172,174,176,137,121,213,193,154,64,88,131,134,144,88,82,112,161,156,168,178,161,106,159,91,88,51,97,142,199,225,215,226,219,211,193,161,142,163,195,170,186,172,142,204,193,213,204,170,195,195,193,168,154,154,115,123,112,149,204,195,128,59,112,144,180,186,168,174,204,163,134,174,174,131,161,225,223,204,238,238,214,204,149,180,156,134,151,144,149,154,142,144,134,134,137,142,193,103,144,134,137,137,100,79,154,172,170,137,112,137,128,142,120,67,163,184,208,180,126,149,154,142,134,139,156,128,168,195,213,204,204,211,211,178,180,195,168,137,182,211,200,178,163,161,178,188,170,156,149,163,168,161,163,170,174,213,211,163,131,144,186,168,163,178,123,170,178,178,134,128,128,234,186,100,161,126,120,178,170,123,120,147,161,106,112,178,178,156,128,144,149,128,74,74,123,120,149,131,74,109,97,120,156,154,112,97,79,74,112,134,154,178,131,149,149,142,144,161,128,144,82,64,123
176,147,144,147,161,121,98,142,106,168,91,49,57,106,168,137,106,134,98,57,238,213,178,195,174,193,195,134,156,121,121,147,163,199,184,193,191,161,154,112,65,112,115,97,139,142,118,112,163,204,208,211,232,219,184,126,134,163,149,170,204,214,186,156,134,131,131,100,112,172,170,166,184,154,137,142,170,168,184,163,200,244,237,199,154,129,154,186,172,121,168,211,174,123,121,115,134,149,163,189,178,144,100,91,109,178,199,222,197,144,134,144,121,97,121,163,174,142,142,131,109,106,126,112,137,134,154,161,156,180,186,161,156,193,144,184,64,59,156,129,156,112,126,168,154,139,123,163,174,193,168,109,46,94,88,142,154,168,163,178,184,178,186,154,100,174,228,184,149,163,149,182,180,170,149,137,142,134,156,178,147,154,163,149,156,131,154,163,144,142,154,193,207,161,151,222,168,120,163,170,170,184,168,189,228,248,205,223,195,154,128,97,85,144,180,220,149,91,174,174,188,163,156,174,142,149,174,142,137,161,154,180,174,163,154,128,64,100,120,161,168,128,204,170,209,208,137,74,134,142,186,213,170,128,189,234,223,180,186,174,217,205,228,199,156,178,195,199,211,186,168,186,168,142,168,154,115,163,161,120,156,186,168,184,217,200,178,174,174,174,176,134,106,154,180,200,137,126,193,199,195,178,149,126,103,100,88,120,134,168,154,195,203,142,97,123,154,144,142,123,97,74,115,161,149,142,79,137,103,106,193,178,142,120,67,76,168,161,142,139,144,149,199,168,163,193,168,134,106,103,149
80,123,98,134,121,33,112,168,200,161,121,38,106,151,163,144,88,65,43,166,217,193,239,236,225,126,103,91,112,112,115,184,213,168,204,208,178,178,166,176,134,97,123,168,168,168,163,178,170,182,199,204,222,215,217,109,129,163,184,123,184,222,161,123,131,129,142,129,71,129,205,223,211,178,159,142,112,106,174,188,195,242,200,159,184,170,163,195,193,156,170,184,115,88,129,137,139,134,156,176,144,139,106,46,134,193,211,200,188,174,166,154,131,142,178,184,178,159,121,126,106,149,103,129,154,161,134,112,144,180,161,144,168,170,139,163,97,94,121,118,163,156,149,180,106,112,174,163,161,199,149,166,106,154,168,134,134,137,170,163,151,172,112,106,151,189,168,186,154,188,184,144,139,154,154,51,88,156,182,184,172,163,170,129,129,129,85,123,128,147,186,208,199,144,163,184,170,161,168,161,184,191,154,215,242,250,232,202,193,137,112,142,154,184,166,182,184,120,123,149,161,184,161,106,180,115,161,128,142,189,154,184,223,159,91,91,112,123,115,149,186,144,144,222,199,223,97,67,97,144,193,219,189,174,184,232,200,189,205,204,199,199,204,200,184,232,219,189,222,208,134,134,154,161,161,137,134,186,144,144,134,154,168,168,184,199,193,168,156,170,166,131,112,168,178,189,172,170,203,193,178,163,142,128,97,91,100,154,180,174,184,213,156,100,112,67,120,144,161,109,100,134,144,159,144,154,112,59,134,193,128,154,166,137,91,142,184,168,120,97,123,168,180,174,174,200,174,123,103,100,139
51,91,65,80,65,109,88,204,209,112,142,137,123,144,151,121,134,154,144,144,163,240,246,186,182,112,100,65,88,88,129,178,200,195,163,134,161,195,142,161,199,161,154,170,180,215,193,193,147,163,195,156,219,251,191,180,151,178,144,144,147,211,178,134,161,129,142,180,199,195,199,186,186,200,174,121,57,106,163,189,193,208,168,195,217,199,178,182,200,178,144,129,103,88,100,161,142,137,154,151,156,121,88,121,188,211,200,193,200,199,188,168,168,172,200,211,180,154,134,142,149,168,161,137,163,154,115,100,184,193,134,131,180,149,149,178,137,67,82,134,131,163,168,182,142,193,222,147,131,154,144,178,134,214,215,144,142,115,151,188,178,172,71,59,180,184,163,180,134,178,178,137,144,79,97,129,161,170,178,182,208,172,137,156,123,79,115,79,159,159,184,174,156,120,142,199,156,154,163,134,149,168,174,154,251,248,234,186,166,178,168,161,142,154,193,170,144,128,59,106,170,106,79,106,163,134,144,180,128,128,226,222,184,137,88,115,115,94,97,76,91,128,147,159,234,199,154,88,59,142,193,195,161,174,174,147,172,217,223,170,170,142,154,219,204,215,215,204,222,163,43,57,123,193,134,128,123,149,88,112,100,91,161,137,144,166,168,149,137,193,168,120,106,156,189,149,184,199,178,134,137,174,144,112,106,142,184,120,149,144,168,115,128,97,71,31,106,180,156,112,106,154,137,120,154,134,82,180,180,147,142,142,161,161,180,163,144,134,82,79,134,163,112,139,151,186,149,88,79,112,144
74,65,46,51,103,115,123,193,134,161,123,149,159,134,129,154,189,191,121,163,161,178,170,112,123,85,123,57,51,112,139,161,142,129,134,129,180,174,139,139,147,151,129,163,170,176,144,149,204,134,156,213,211,180,199,189,115,186,149,191,159,163,151,184,139,170,186,180,182,219,180,170,193,224,142,184,112,80,121,219,197,184,193,184,205,223,200,178,186,154,156,123,100,67,106,144,118,137,163,174,168,88,129,225,213,208,213,229,236,214,195,149,170,184,182,204,193,142,123,149,170,178,193,163,115,115,112,129,184,184,121,112,172,161,184,222,144,46,134,144,106,139,163,189,193,208,205,163,144,121,88,154,174,235,219,193,134,74,156,204,189,170,134,123,180,197,184,180,154,142,174,180,71,79,88,154,178,195,184,205,218,199,186,207,142,123,134,97,168,149,163,166,134,168,189,197,195,144,156,154,126,168,186,224,251,222,204,208,213,208,46,85,170,189,207,199,128,112,97,123,128,85,115,166,217,200,161,195,147,137,176,199,149,112,142,161,142,79,40,64,88,100,123,182,225,205,205,134,57,97,193,202,161,147,142,97,211,228,208,211,180,120,186,235,234,149,180,199,163,91,37,67,91,180,163,168,79,106,67,82,123,43,106,134,134,128,128,156,151,178,137,128,154,112,168,142,166,137,123,91,149,191,137,112,161,178,178,168,106,82,88,94,123,97,59,64,137,186,147,123,137,109,123,123,97,128,112,137,188,170,168,178,178,170,142,120,109,106,91,112,128,123,79,97,123,137,134,79,91,128,149
139,137,98,106,137,131,121,59,74,139,161,134,80,139,134,115,149,154,142,115,137,154,154,118,100,163,170,184,82,137,176,98,88,131,123,126,168,137,97,129,126,182,211,159,186,180,223,163,149,186,184,193,126,121,170,154,178,163,214,222,168,115,207,168,176,189,186,170,184,200,217,207,217,211,184,131,174,137,184,208,193,170,188,189,199,209,211,193,180,195,137,170,112,112,147,100,163,131,189,209,142,131,156,211,228,228,228,248,239,215,149,178,180,161,154,178,184,115,137,159,142,168,178,144,106,106,115,118,142,154,134,144,189,199,213,223,154,137,161,142,144,142,154,186,200,199,186,161,144,106,97,168,204,223,228,191,91,112,199,217,208,193,199,193,178,184,199,184,172,134,186,156,106,154,142,193,174,204,172,215,227,193,217,199,161,186,213,154,232,209,184,120,88,151,189,208,195,178,154,178,174,154,189,239,217,223,174,115,223,184,71,128,184,178,178,170,128,97,147,97,79,166,168,222,149,225,193,154,112,112,186,199,168,123,144,176,144,82,106,91,100,106,170,189,223,235,237,174,91,112,184,193,163,170,184,215,225,204,188,224,189,204,219,205,180,188,189,170,79,64,97,106,163,180,168,168,97,144,144,131,154,79,64,134,137,137,137,178,163,117,149,123,154,123,126,178,88,64,115,137,149,163,163,154,123,106,168,142,100,82,31,88,134,46,112,170,174,163,193,134,97,115,112,123,106,120,54,88,142,100,149,144,163,144,128,120,106,100,123,134,115,100,79,76,91,120,139,156,128,149,161
170,161,115,121,161,142,83,25,91,166,170,151,134,129,106,80,142,180,178,142,142,142,103,144,170,166,174,170,149,123,154,134,80,59,43,112,168,123,139,97,144,239,222,184,205,208,200,178,180,186,170,142,142,134,144,195,238,223,205,178,126,168,166,178,186,178,168,142,154,172,151,195,232,199,186,211,199,219,182,170,214,193,199,172,174,195,213,215,184,223,123,193,139,134,85,106,182,170,186,189,142,154,166,176,209,193,217,232,199,199,161,189,200,121,174,168,144,144,147,144,134,168,184,144,144,112,154,85,163,184,156,149,161,184,232,218,189,170,163,142,147,139,154,182,215,217,161,154,166,142,149,184,209,223,200,115,97,182,218,219,197,193,184,168,178,191,200,188,168,176,170,178,189,163,163,178,178,144,170,225,215,195,214,180,154,213,232,204,234,213,151,115,91,112,154,137,195,172,156,189,193,180,215,222,189,195,100,123,223,228,142,139,156,142,191,170,100,74,91,79,163,168,195,163,178,186,178,40,85,112,174,200,182,154,142,180,195,120,57,115,184,178,208,211,215,186,222,215,168,168,161,199,199,223,226,226,199,184,213,211,195,193,142,166,219,237,235,180,106,97,142,189,223,178,131,154,134,168,178,154,156,161,137,131,163,170,174,144,115,128,174,88,142,163,144,174,54,112,147,139,144,156,170,134,59,64,170,161,115,91,35,74,106,137,174,180,195,156,161,126,64,100,123,120,180,186,57,79,25,97,120,123,137,184,128,126,112,112,128,154,137,123,100,142,91,149,203,205,106,112,174
184,144,123,149,129,80,83,65,137,197,129,154,172,131,121,137,174,172,154,184,154,115,88,168,154,142,186,176,161,121,129,144,112,74,91,159,161,142,134,137,161,129,154,205,163,142,151,199,204,178,161,174,172,147,154,186,213,215,178,166,115,112,186,168,163,176,170,156,149,163,142,149,208,188,159,163,123,176,225,170,211,193,189,204,207,193,204,217,184,154,193,184,123,115,121,170,103,149,156,137,154,134,184,189,112,147,215,195,154,142,178,100,168,170,189,168,91,144,134,129,159,156,211,239,193,100,163,134,208,205,161,142,123,195,251,242,228,195,151,144,149,129,134,154,204,232,211,193,193,195,180,182,204,219,161,120,174,197,186,161,149,172,168,154,180,204,199,200,213,193,174,197,191,180,170,156,156,115,161,214,226,202,191,161,161,189,188,163,174,184,161,174,97,112,142,168,144,112,142,217,204,180,227,178,170,156,115,142,211,178,120,134,189,170,174,170,149,100,57,189,219,204,205,161,215,166,137,79,112,137,184,228,232,161,134,156,85,57,154,137,193,217,239,182,142,191,170,199,200,180,186,176,199,218,199,184,189,199,213,142,137,134,144,222,241,239,215,199,193,174,193,195,189,211,182,154,182,180,144,134,163,186,170,149,154,154,97,62,74,134,180,139,168,161,156,161,149,178,180,149,156,120,131,134,88,82,154,170,74,97,100,142,180,203,180,174,174,193,128,88,88,112,144,149,229,213,115,59,17,46,59,142,112,178,178,134,115,128,137,137,149,161,131,128,100,159,184,163,184,149,161
151,85,118,121,59,98,142,144,161,178,106,151,189,161,170,163,144,134,123,134,174,118,82,156,159,129,161,144,154,174,172,163,142,147,178,189,180,168,121,180,129,134,154,156,115,112,142,184,174,156,166,193,189,172,123,163,178,178,166,129,137,121,134,163,207,199,168,163,129,142,161,144,170,142,112,191,186,180,199,161,168,195,163,142,170,193,200,189,168,184,168,151,106,137,147,142,95,80,106,166,174,139,161,168,134,178,193,134,106,109,115,178,154,205,170,156,121,77,123,134,151,184,222,236,156,134,174,234,172,193,144,121,131,223,250,252,226,168,154,195,174,91,106,142,184,225,222,208,193,200,180,151,182,211,161,163,184,159,129,97,129,184,180,149,170,213,168,195,214,193,204,182,180,178,180,163,115,137,178,204,222,199,144,147,163,142,131,134,170,156,137,134,71,112,161,161,137,149,211,209,199,219,215,193,184,137,128,170,156,118,156,186,193,168,147,134,134,154,147,234,246,199,128,228,184,208,106,134,149,137,161,226,215,184,154,115,14,64,112,142,189,248,232,225,172,134,180,163,211,193,163,211,217,178,154,188,156,151,186,193,144,184,211,215,184,199,219,209,213,200,218,182,139,193,225,214,236,195,151,168,154,161,144,142,139,128,137,142,100,97,174,193,178,134,85,123,178,195,199,170,123,100,137,134,123,120,131,120,57,123,180,193,202,168,156,156,161,200,142,88,112,106,142,211,225,199,137,43,20,46,112,131,151,174,154,137,106,100,106,123,134,144,91,88,120,149,163,195,147,144,149
139,121,115,118,98,121,182,168,174,151,121,159,222,186,144,134,91,100,121,103,178,166,149,170,137,134,166,154,163,188,193,211,225,200,195,197,170,170,189,123,156,178,123,88,118,142,144,168,156,121,163,182,195,123,174,142,200,174,191,151,161,137,57,139,189,178,176,184,180,154,149,168,170,186,112,156,174,176,166,151,131,154,151,82,85,168,204,163,168,144,139,106,121,168,168,151,161,134,115,161,199,161,137,134,149,166,134,95,137,166,134,156,156,168,149,147,144,97,100,137,178,219,180,118,144,211,239,219,137,176,134,142,134,195,172,223,170,112,200,240,193,134,137,134,154,184,199,199,154,154,163,149,174,193,193,178,168,166,154,112,131,182,174,131,139,178,142,129,213,226,170,186,149,144,154,147,120,172,199,170,170,163,137,137,154,134,91,156,168,137,88,82,88,154,154,137,161,200,215,184,163,174,191,219,199,144,154,168,137,131,186,163,149,161,163,170,163,168,193,207,218,205,213,211,197,178,174,161,120,103,120,149,189,200,115,21,28,137,193,189,226,248,186,123,88,112,106,178,195,195,178,178,180,168,109,168,178,205,223,168,205,200,184,168,128,213,204,151,156,174,180,144,180,214,178,184,163,178,161,123,149,91,71,106,163,189,199,193,97,64,137,193,106,79,28,123,195,203,184,123,115,134,142,149,154,142,120,79,59,134,178,180,193,134,106,144,178,180,144,123,120,137,180,211,170,174,156,59,88,123,144,144,178,154,115,106,74,43,57,91,88,67,59,128,142,168,163,137,128,115,149
178,178,100,182,142,168,168,168,172,139,149,163,200,180,115,91,57,80,106,149,176,182,168,123,82,91,147,147,134,149,186,213,211,193,180,161,163,129,180,144,95,74,129,154,121,156,170,129,144,154,134,144,156,188,100,100,186,168,180,174,200,149,184,178,134,137,208,186,134,129,121,180,184,159,97,144,168,184,204,168,154,176,129,91,121,144,166,161,213,197,142,154,151,163,163,170,186,97,95,149,161,147,131,123,106,142,134,144,184,184,137,142,121,123,147,142,134,163,142,156,170,186,168,137,184,234,202,168,186,172,134,106,139,118,64,115,129,129,222,240,197,170,161,112,163,137,184,163,142,159,142,149,170,193,200,184,151,191,172,142,172,208,188,134,103,123,112,156,214,224,184,202,118,180,120,129,170,129,161,142,144,193,186,170,168,144,82,156,174,156,120,123,154,189,159,106,144,180,170,144,106,112,176,202,197,191,193,168,163,211,193,134,147,191,200,193,170,134,137,200,195,174,197,213,199,144,161,128,106,131,128,79,134,170,57,64,178,195,215,228,211,170,156,144,97,43,97,168,199,170,149,178,188,174,134,144,156,174,193,172,204,193,168,163,131,100,151,193,184,154,184,168,94,161,112,128,134,149,184,144,115,97,67,88,142,200,223,191,103,103,137,170,178,144,112,154,184,168,128,159,178,137,123,174,180,154,142,106,142,128,156,178,163,115,137,137,128,161,170,144,139,199,203,123,100,154,156,142,154,123,97,115,161,154,163,142,64,28,59,106,64,43,97,156,161,144,144,74,149,137,115
193,178,134,180,134,186,161,168,134,137,154,159,159,156,121,74,67,115,147,193,184,154,112,112,74,144,121,121,170,178,166,186,159,142,193,142,168,65,142,106,65,129,129,182,131,193,178,166,147,154,159,161,134,144,112,142,168,184,156,199,189,199,166,121,106,149,163,174,166,186,151,144,154,97,142,106,174,186,228,208,180,170,129,54,59,54,106,189,161,228,174,149,195,168,219,225,193,166,77,118,142,123,118,137,178,170,170,154,184,204,129,178,186,154,170,172,186,168,193,200,172,189,197,147,166,208,163,123,163,123,134,123,79,71,67,94,142,170,218,225,178,156,154,156,195,188,174,142,156,137,163,184,144,178,199,186,178,188,193,178,205,204,211,129,134,142,163,180,197,225,227,200,168,149,106,134,112,36,115,176,154,193,204,184,202,154,115,170,142,120,184,163,178,168,134,134,144,163,142,97,28,64,168,195,195,176,174,215,232,240,213,161,184,222,202,149,120,77,128,225,178,168,195,144,120,134,142,149,120,79,91,142,144,151,123,85,189,234,204,204,184,156,88,97,123,97,112,128,159,195,180,168,207,200,154,134,147,215,199,154,139,178,170,178,168,106,123,211,213,154,144,178,170,161,97,94,88,126,144,166,156,94,64,64,149,184,144,109,120,174,163,180,100,168,156,134,154,178,170,170,149,106,134,178,180,161,203,170,168,200,184,163,161,142,128,134,115,174,178,112,94,166,189,100,88,134,161,156,128,134,112,59,123,178,208,178,91,64,88,112,97,97,91,103,128,142,154,134,128,94,115
213,159,103,134,134,134,172,109,106,129,178,195,163,123,126,131,91,129,184,195,178,118,121,139,161,168,149,174,199,199,161,142,174,151,137,163,144,95,178,134,134,154,134,184,195,186,142,151,178,188,186,170,134,106,109,191,188,172,204,178,195,200,115,80,118,161,137,126,188,193,204,168,144,109,106,186,199,184,193,208,205,176,137,77,38,65,149,214,193,191,200,121,144,195,209,195,178,115,80,144,147,149,149,139,161,209,193,134,142,149,191,204,161,202,204,184,193,205,161,121,144,189,204,134,176,161,178,123,129,106,147,134,57,59,100,137,156,161,142,142,121,134,166,184,200,200,204,142,88,123,193,184,97,131,186,200,199,172,168,207,193,178,184,137,184,163,163,182,204,211,209,219,200,154,144,149,85,43,115,211,219,184,163,178,205,174,188,142,36,131,115,163,144,126,120,180,209,205,174,100,67,123,172,193,170,100,197,200,234,234,213,189,184,213,207,151,115,137,205,211,180,170,163,128,115,186,180,134,97,115,137,161,180,147,128,154,200,215,178,193,170,100,97,137,154,149,123,144,170,156,195,195,204,225,189,154,186,168,161,204,154,163,154,156,184,180,163,193,213,195,174,174,168,64,134,64,120,97,207,128,139,128,59,57,106,142,156,134,128,213,115,139,184,79,156,142,120,161,144,176,168,120,159,178,142,120,103,203,193,186,200,149,134,120,137,178,184,161,123,91,123,112,154,161,120,149,120,120,123,170,112,85,134,189,195,174,134,123,120,120,137,88,88,64,128,170,176,128,120,112,134
147,139,83,129,142,100,112,137,142,156,199,215,195,144,159,144,98,121,204,180,106,137,156,166,188,180,195,170,170,174,163,137,172,159,149,168,161,174,193,204,176,121,129,156,202,184,170,168,174,193,189,197,172,180,205,215,223,184,214,193,147,186,126,100,163,154,174,166,151,184,204,186,180,156,147,156,186,161,195,215,211,224,184,154,134,115,174,149,77,166,161,159,91,189,154,204,115,77,205,129,134,118,134,182,168,144,191,172,131,176,163,199,195,172,186,204,199,161,131,121,112,154,178,168,184,168,166,129,156,134,115,79,43,59,144,147,142,142,115,121,149,85,154,123,170,168,205,184,137,154,184,184,126,94,144,182,184,178,154,168,168,178,178,161,170,166,154,204,193,154,195,200,199,208,211,180,129,94,137,225,247,193,106,129,200,200,161,154,144,168,123,180,156,180,174,182,228,241,204,156,178,191,191,163,126,112,211,156,211,204,207,168,178,204,191,161,172,215,200,163,154,120,168,189,174,168,156,168,137,134,134,134,170,166,123,154,184,163,200,211,142,103,97,123,142,174,168,139,142,159,144,170,205,211,195,184,195,195,215,217,195,174,120,156,184,151,142,161,178,176,168,134,168,174,156,97,137,115,126,193,193,134,112,97,106,154,159,156,180,189,156,163,134,82,128,144,100,144,97,134,156,120,128,149,112,106,123,170,112,137,213,120,180,170,193,168,159,106,115,123,112,134,170,170,137,123,97,144,174,161,115,156,123,144,168,154,137,149,178,154,123,79,88,112,174,166,163,134,137,149,142
106,112,115,134,91,147,95,115,144,184,168,172,176,154,168,161,154,163,211,129,74,85,161,180,139,168,174,134,149,154,166,149,134,139,161,189,184,178,144,184,184,118,142,168,197,195,168,159,151,178,137,154,176,205,234,215,178,154,184,191,168,186,200,159,156,161,186,189,166,170,156,170,195,226,222,168,144,166,163,199,178,214,247,211,121,129,180,178,74,170,226,142,168,180,174,134,170,200,211,199,178,178,161,163,189,195,163,172,170,121,242,186,234,184,134,123,115,178,121,57,142,182,186,109,109,193,129,147,149,115,112,91,97,112,176,134,123,159,170,170,123,79,121,82,174,193,180,121,195,174,214,213,166,134,120,144,168,178,156,123,149,204,189,191,159,174,178,178,154,123,161,168,211,237,215,199,144,106,168,228,242,147,74,134,189,199,195,217,195,200,186,189,184,205,199,180,195,219,180,142,180,195,189,103,115,168,180,204,170,156,193,137,168,178,156,163,193,204,178,174,120,204,180,205,149,120,137,149,112,106,120,149,154,159,163,149,128,149,209,199,120,115,134,137,161,154,161,149,154,154,149,154,193,161,186,195,180,239,242,217,199,193,166,168,144,106,100,120,161,156,154,156,154,161,144,88,97,134,142,178,156,137,134,134,115,142,178,156,168,193,195,142,115,120,151,144,112,128,154,149,88,74,106,178,193,109,115,134,142,120,144,170,193,174,156,106,100,156,170,154,120,149,149,168,174,134,174,170,161,112,97,112,112,128,131,142,115,142,191,161,115,94,123,174,188,161,163,128,142,176,163
95,112,129,100,91,129,85,77,172,168,163,163,154,142,154,178,189,180,154,129,98,63,180,172,134,129,170,139,121,144,159,159,151,147,161,176,161,131,100,170,214,161,174,186,168,154,186,161,163,174,82,112,180,137,197,178,129,137,191,202,161,161,200,174,139,163,180,170,156,170,154,142,188,182,180,188,168,139,129,149,180,161,193,209,154,156,193,149,129,149,208,207,180,163,156,154,170,211,209,228,208,188,168,129,149,149,166,170,151,191,100,193,178,211,82,43,170,222,166,33,112,195,106,129,161,149,137,170,118,126,184,149,180,134,168,144,154,166,129,144,100,91,100,121,189,229,154,163,205,189,235,166,151,163,174,161,168,161,174,163,204,204,184,224,126,159,170,172,144,142,161,200,219,161,134,172,149,112,189,205,182,88,100,137,149,199,239,240,217,217,193,184,200,184,170,154,163,161,142,134,161,189,156,106,128,163,184,161,170,151,131,115,123,156,154,134,170,225,213,193,204,232,215,154,77,71,134,103,91,123,154,161,147,142,168,134,82,149,222,156,139,128,134,137,120,120,154,161,161,118,97,154,149,168,149,195,178,240,161,170,180,178,156,163,88,67,137,161,189,188,128,126,166,112,112,137,100,149,100,120,186,137,103,156,172,170,163,168,180,214,186,156,82,106,176,163,170,205,203,156,91,79,178,222,189,137,166,123,97,137,163,184,226,106,123,161,166,205,189,154,120,120,174,193,186,142,156,144,100,128,67,128,163,142,120,142,134,120,149,137,120,91,154,142,174,168,142,97,200,184,149
59,134,80,91,178,149,98,142,151,134,174,159,85,118,168,163,151,144,123,134,112,100,154,163,209,170,147,154,121,161,178,149,142,199,166,115,151,154,184,168,234,204,176,174,161,154,193,188,170,176,147,170,154,106,159,151,170,186,204,174,106,151,191,178,156,151,154,156,156,134,118,112,180,161,195,168,149,137,139,134,161,174,149,144,142,163,189,168,161,149,156,199,166,151,123,97,168,168,189,193,174,139,170,161,103,106,159,156,91,106,106,151,204,220,100,109,204,161,80,112,137,168,151,142,142,115,142,151,142,191,195,144,161,170,139,174,144,144,170,106,115,142,156,106,161,97,156,189,207,195,186,161,134,186,199,163,149,204,195,170,240,170,166,205,67,149,211,129,166,168,207,222,170,100,137,180,161,120,139,134,170,82,71,144,161,195,234,218,189,184,163,189,189,151,144,161,134,137,120,120,139,156,163,142,134,142,174,178,176,178,142,142,142,163,128,88,168,223,207,208,205,204,227,123,57,57,144,142,128,120,178,180,137,123,144,128,123,149,222,149,161,134,134,168,100,147,168,156,154,142,120,123,134,178,168,184,159,120,128,142,163,170,193,128,120,115,134,149,178,205,149,97,31,103,131,106,112,106,168,154,166,147,85,149,178,174,184,184,184,100,120,134,128,159,180,211,226,226,170,106,120,163,209,184,156,180,199,166,91,131,193,184,154,128,137,172,178,178,193,144,74,106,223,200,142,168,120,134,112,106,123,178,180,128,142,151,123,120,144,120,115,134,120,156,128,161,134,149,180,178,174
123,154,115,134,170,142,137,172,174,161,134,129,151,168,168,115,115,142,91,180,112,161,142,156,170,184,161,154,154,149,170,163,142,129,168,137,144,204,218,189,219,227,172,205,178,142,168,204,166,178,224,205,137,184,178,178,199,189,154,147,97,161,195,178,161,142,151,168,142,91,129,134,168,103,161,123,112,168,184,161,154,151,118,77,97,149,204,178,123,170,106,168,178,123,57,65,144,178,154,137,123,142,149,142,123,82,137,112,115,168,112,178,217,204,139,151,159,182,166,137,159,129,121,100,88,112,94,134,131,137,154,180,142,142,156,161,174,121,100,137,131,178,172,112,154,88,170,228,197,186,193,180,191,193,154,88,121,154,182,195,195,213,178,139,200,197,170,126,154,174,204,207,154,144,193,170,134,126,109,112,142,79,33,170,205,174,174,161,115,134,147,174,139,128,142,134,106,142,120,128,134,161,184,161,134,170,180,172,174,195,178,172,180,154,134,154,180,199,200,178,180,176,163,154,106,97,154,170,134,142,205,200,97,100,137,131,149,174,186,189,156,159,161,200,170,174,186,163,176,156,118,97,112,154,223,222,134,51,82,112,159,195,200,156,100,123,97,97,154,217,142,57,11,149,112,106,200,180,112,154,128,156,97,100,189,159,112,137,184,43,213,202,134,170,203,211,149,142,106,91,120,147,154,149,154,170,193,193,154,137,189,182,144,184,180,128,149,134,154,128,79,123,199,184,182,200,163,170,156,142,170,195,166,142,180,163,137,156,174,142,115,79,106,161,149,154,142,172,144,168,198
154,142,91,98,154,195,121,151,186,139,121,154,178,188,161,109,151,159,184,126,137,134,88,129,123,142,186,118,161,115,106,166,174,134,142,144,65,215,200,231,186,226,200,223,174,163,168,172,199,189,200,208,200,178,204,195,176,168,112,178,154,134,180,180,163,170,163,161,168,154,180,121,161,106,91,65,134,180,180,163,172,149,109,100,123,166,195,189,147,147,121,161,115,97,112,129,129,147,103,88,129,154,184,142,97,112,134,168,118,211,178,144,200,176,172,223,204,149,154,147,129,100,71,142,147,131,142,161,149,137,115,142,134,121,163,154,137,154,121,154,200,149,156,147,123,174,228,204,186,151,151,189,217,123,46,46,67,129,170,186,184,195,121,82,222,193,149,154,123,193,188,199,215,195,151,168,174,129,154,137,126,134,36,178,174,149,144,178,154,142,161,142,123,131,112,112,137,123,137,120,159,184,193,189,170,170,178,170,151,168,186,163,174,178,168,178,174,184,200,189,180,163,184,166,142,139,168,134,128,204,211,170,112,97,123,126,161,174,204,211,149,170,176,193,199,174,186,193,178,144,126,109,64,144,234,246,180,59,40,76,149,170,156,172,126,106,100,103,161,163,134,51,82,88,156,180,180,178,115,147,149,149,168,144,112,91,62,100,144,186,154,199,115,208,180,128,123,100,74,112,100,79,134,134,100,161,229,215,161,195,184,163,128,144,168,149,128,88,59,115,134,193,193,203,205,161,134,137,170,174,178,189,213,178,161,174,154,128,168,156,100,82,137,154,168,168,128,134,120,123,142
118,98,123,174,121,129,142,139,129,121,149,134,161,189,172,154,178,161,103,129,67,98,74,134,112,115,134,91,134,163,137,126,161,161,80,59,65,200,161,184,222,170,208,193,186,161,134,170,184,176,174,199,208,168,193,170,154,168,168,193,184,134,161,176,161,178,161,163,213,172,144,112,121,100,80,74,186,134,174,142,189,134,134,161,168,188,193,195,168,88,85,97,112,121,174,156,139,123,91,82,154,202,205,189,112,144,129,142,156,219,180,154,209,156,195,189,189,159,129,154,134,112,129,134,191,156,195,189,106,129,112,79,161,180,142,142,163,123,88,142,142,97,109,91,184,211,199,170,200,180,168,139,161,156,88,82,134,129,82,144,178,161,88,40,149,126,176,137,112,163,189,223,213,195,168,139,207,139,134,163,154,129,142,137,120,180,178,204,199,156,134,137,123,154,126,154,163,149,134,154,159,189,242,195,186,178,139,147,128,103,154,149,161,188,154,195,154,154,204,205,156,176,195,137,149,200,200,156,180,222,195,144,137,112,134,180,166,178,184,178,137,137,163,163,154,168,186,200,180,168,134,120,106,137,211,241,219,82,43,74,100,134,182,168,120,82,128,149,137,137,123,97,174,97,184,186,174,128,137,170,178,137,147,156,88,35,40,51,144,186,134,149,144,178,137,106,123,64,59,88,91,106,134,142,149,161,154,128,161,193,163,154,115,97,149,144,79,46,64,100,161,170,217,174,154,128,106,156,170,170,189,207,207,176,144,149,144,112,137,154,154,120,144,100,137,184,115,106,180,142,120
98,131,95,103,112,106,137,118,106,98,112,142,168,154,149,147,151,189,118,65,95,106,88,80,103,98,144,161,163,180,184,159,168,174,121,118,112,115,121,129,134,184,182,204,156,184,144,115,178,191,178,178,193,199,193,163,178,204,207,186,184,142,151,147,178,174,159,168,186,131,121,144,95,123,142,121,195,170,166,144,161,161,121,134,156,189,186,156,142,126,65,112,112,129,193,134,168,161,134,121,137,184,184,163,159,137,147,137,151,178,174,211,178,97,139,168,126,163,186,163,131,112,115,123,170,195,168,163,129,142,142,88,131,151,123,112,137,129,134,184,121,88,147,149,174,67,172,211,204,211,180,97,115,172,149,123,149,118,88,151,188,178,88,38,100,151,154,144,91,82,174,222,235,215,184,154,168,134,134,193,129,149,129,137,123,180,184,172,168,137,123,154,142,115,189,189,189,163,112,208,103,189,217,184,180,189,144,156,151,103,123,134,168,166,166,170,178,154,184,186,178,178,189,123,149,223,228,204,180,195,178,156,144,144,161,161,154,142,134,154,115,120,123,161,123,144,184,178,193,178,147,168,161,120,172,208,217,142,82,100,103,128,195,168,88,59,120,154,142,139,161,154,161,184,189,163,149,178,154,117,163,128,134,142,91,31,20,35,131,197,161,120,142,120,156,91,142,115,64,115,131,142,170,168,128,123,115,109,174,178,195,144,74,100,142,128,79,79,154,186,134,156,161,168,180,156,168,137,191,174,193,161,168,149,154,154,144,134,120,180,184,112,67,100,100,106,137,115,142,156,156
112,103,121,112,154,126,161,137,112,98,112,161,170,147,137,142,199,149,137,129,112,112,98,115,95,123,134,134,118,129,172,174,142,180,154,131,149,191,174,149,174,188,193,211,176,186,199,161,180,199,191,195,178,178,224,217,223,223,193,209,204,170,180,163,193,193,154,142,121,123,129,156,134,131,176,115,199,204,189,184,168,189,154,118,142,161,180,163,149,197,149,123,103,126,219,211,222,199,149,134,100,129,168,139,149,118,156,139,161,134,163,144,97,67,88,156,178,186,199,176,149,137,149,91,134,178,121,178,161,159,121,134,118,115,144,154,115,112,137,137,142,168,228,161,103,115,154,184,184,156,159,126,131,147,134,159,139,112,103,144,195,178,100,106,88,129,144,120,94,85,184,225,228,186,154,142,120,174,184,163,97,154,184,118,97,178,199,204,195,137,112,128,137,144,134,174,120,163,151,174,144,149,180,195,199,200,204,189,189,161,128,142,178,142,166,166,163,178,144,170,193,168,137,128,163,219,235,205,147,163,161,174,184,134,168,163,128,149,128,128,144,144,142,156,168,163,147,170,180,178,200,189,126,161,142,144,222,222,123,88,142,142,142,123,43,46,137,197,151,128,156,174,156,199,215,199,161,176,161,88,142,172,170,168,154,74,54,123,168,200,137,120,123,112,161,115,180,199,149,184,193,189,211,156,97,180,137,154,154,156,174,82,97,154,170,128,100,112,97,123,170,159,142,126,120,180,170,170,180,174,142,91,82,79,126,166,149,137,156,178,112,137,76,120,123,74,149,115,219,186,142
142,170,103,98,163,115,163,131,80,121,144,129,142,156,121,161,193,106,151,168,188,100,98,154,98,161,161,91,126,176,180,163,199,91,131,97,189,234,186,180,213,204,195,202,205,225,202,166,195,211,204,204,193,178,195,191,197,207,204,215,225,204,156,142,170,182,174,149,174,154,144,149,134,103,166,170,161,172,178,188,174,170,189,154,137,137,144,184,174,168,168,151,144,142,220,243,238,202,168,154,142,161,154,77,106,142,112,123,195,174,144,88,65,65,43,115,211,211,205,195,151,106,94,115,204,97,129,156,142,149,97,211,166,184,174,142,134,115,129,134,186,193,200,199,180,112,168,174,207,188,112,97,106,134,137,168,182,174,174,123,163,188,131,168,182,112,129,184,103,85,154,211,226,189,207,188,137,174,134,91,191,208,189,156,168,195,200,159,156,142,106,106,112,147,154,149,137,144,149,120,149,163,147,193,184,174,180,156,120,154,170,168,144,149,199,118,128,195,156,144,172,156,115,123,174,180,193,188,142,149,123,168,199,142,170,144,142,178,112,128,137,142,170,178,170,120,120,184,199,178,154,161,128,170,88,144,211,180,109,112,106,118,51,21,21,51,178,197,128,120,100,184,156,142,180,204,168,134,142,128,166,199,200,174,144,120,149,178,154,137,115,91,97,106,120,134,186,222,205,166,174,219,225,193,149,189,217,170,149,142,128,57,142,203,134,91,112,100,128,142,142,154,128,59,147,142,180,203,170,166,106,112,74,57,88,144,154,168,174,161,134,120,120,100,128,149,51,178,168,200,197
174,168,112,103,129,112,142,98,95,180,142,88,80,74,115,174,137,131,154,174,147,121,98,154,142,88,168,166,186,223,193,129,109,71,142,161,163,220,200,161,211,184,170,151,193,208,211,184,199,204,208,193,193,211,193,204,186,168,180,211,211,195,134,149,151,134,161,156,144,131,156,154,184,142,142,137,80,112,170,161,161,151,131,154,142,131,131,151,159,100,149,161,142,126,193,246,238,213,172,168,195,178,112,77,106,139,112,121,184,174,163,95,67,97,95,134,208,207,204,193,134,88,121,184,112,154,97,159,149,100,170,223,240,195,156,97,123,142,137,180,170,134,174,205,147,168,163,176,180,204,174,186,129,121,137,151,186,163,142,180,137,199,161,184,149,106,161,131,88,109,142,106,163,205,222,168,106,97,88,126,154,168,174,189,193,147,79,123,123,88,88,134,161,128,100,115,57,62,137,161,180,178,134,174,142,106,112,59,59,137,184,166,180,178,156,163,147,172,151,115,163,142,161,144,149,139,106,154,131,154,163,137,178,178,168,174,156,170,118,112,137,128,161,174,120,112,184,223,219,189,118,103,115,82,59,100,137,103,85,82,48,59,28,20,35,85,161,149,82,137,120,134,147,91,94,168,144,97,142,170,184,184,180,161,97,134,120,128,117,88,79,43,59,100,100,168,180,199,197,170,168,205,205,178,142,178,195,176,168,154,144,137,120,134,112,123,142,149,144,137,137,142,123,120,161,161,166,174,172,168,134,97,166,154,142,154,189,180,159,123,134,168,82,88,137,97,100,120,144,189,182
170,134,178,134,83,166,129,112,168,180,126,63,54,22,142,161,121,126,142,184,123,134,100,129,103,137,163,163,142,199,209,112,88,200,178,144,174,202,121,182,182,161,112,159,193,193,180,213,204,208,189,199,168,186,161,151,197,159,195,176,151,168,106,123,184,142,121,170,142,103,106,193,231,154,115,28,88,112,149,139,100,134,154,174,168,156,178,134,103,142,126,123,123,126,170,211,199,161,139,154,180,178,154,144,121,115,121,121,161,180,142,80,106,139,163,163,176,189,180,144,134,163,193,168,57,126,149,161,106,112,200,205,178,149,137,134,142,154,137,129,118,100,189,217,186,188,174,129,149,205,218,234,193,129,156,134,142,178,149,182,189,178,174,149,142,118,126,100,134,134,142,112,79,172,228,120,88,79,159,137,120,161,106,142,106,79,139,100,71,88,134,151,120,161,126,88,91,112,170,191,186,166,159,178,144,64,97,88,91,128,168,195,199,134,131,225,200,137,142,139,186,170,156,154,128,106,79,97,170,174,178,156,166,189,189,204,168,174,149,82,137,120,106,149,159,180,219,219,205,180,91,74,100,79,43,91,112,134,106,57,57,59,51,57,100,128,142,128,112,144,156,134,74,147,100,178,100,178,176,142,161,142,137,142,120,79,57,67,109,57,37,16,97,128,137,161,161,168,180,168,139,149,172,180,184,178,123,163,168,168,166,156,112,79,115,159,178,163,163,168,154,128,137,161,174,147,149,144,170,200,161,112,161,176,142,186,222,170,120,115,97,142,112,112,144,137,154,79,128,191,208
186,205,182,139,121,166,142,163,178,134,121,134,126,131,199,184,154,139,142,174,163,123,112,134,142,154,134,115,121,151,213,184,129,182,202,163,204,100,126,184,142,142,134,193,170,199,188,170,205,180,144,205,205,170,229,156,200,193,186,174,97,118,65,112,182,170,109,163,189,109,174,225,223,174,106,123,88,121,100,134,74,103,154,156,189,204,193,142,121,189,205,131,161,168,129,100,77,121,134,109,129,180,193,195,178,154,123,112,186,168,109,97,147,142,151,137,97,137,147,118,156,170,149,137,59,97,170,139,129,156,144,139,129,149,154,142,137,134,142,121,115,149,195,163,188,211,195,144,154,178,229,225,170,168,199,189,129,186,189,195,154,149,149,137,115,126,91,97,129,142,149,174,166,168,166,137,97,91,174,161,129,77,85,79,120,154,106,79,97,149,174,142,74,82,97,182,168,170,236,137,170,118,134,174,144,74,91,154,134,142,178,156,163,180,219,199,193,120,137,174,186,178,170,91,57,142,154,144,213,205,174,139,139,170,161,204,174,174,180,154,154,144,115,168,211,199,199,197,149,94,100,88,139,123,91,112,112,163,123,64,100,112,118,120,112,142,147,142,144,120,97,115,94,168,134,170,199,193,109,112,174,139,112,144,115,46,71,100,97,91,71,27,172,139,137,134,142,126,166,128,100,142,161,163,166,154,123,123,168,163,170,131,120,142,139,178,193,174,154,149,117,156,161,154,154,134,117,144,180,193,154,123,149,168,180,213,223,163,67,128,128,79,115,139,178,137,106,161,149,184,208
174,240,199,189,161,144,151,88,112,144,149,121,137,202,220,226,202,180,178,156,195,178,163,156,168,154,118,118,156,168,199,218,208,195,154,184,168,65,109,142,178,159,149,180,191,193,207,186,178,200,193,211,193,223,208,211,184,218,202,211,67,36,80,131,163,161,180,178,191,154,204,234,199,182,151,126,100,121,139,95,115,134,156,163,178,209,211,197,205,193,163,149,200,197,137,106,97,121,112,80,88,142,217,222,223,172,112,147,178,126,161,97,144,95,80,97,82,77,103,134,170,149,103,115,154,121,144,184,172,149,134,121,131,149,144,149,163,121,115,134,129,144,142,134,178,199,195,184,121,131,154,161,151,178,202,200,129,88,168,178,88,142,137,189,120,106,112,170,151,215,213,174,112,100,166,144,82,137,180,88,139,120,161,88,154,178,137,109,174,189,161,120,137,137,134,176,205,205,168,237,97,139,154,134,97,59,91,178,199,208,100,103,170,118,180,238,193,134,147,159,174,168,134,128,94,161,200,156,215,193,120,131,154,174,154,154,174,142,195,205,147,142,168,174,188,199,199,163,100,103,112,154,147,168,178,123,120,142,112,128,159,149,156,178,134,144,163,134,88,79,97,115,115,120,131,184,197,120,97,142,168,149,154,142,97,109,154,163,123,137,128,112,163,144,120,137,142,161,180,149,134,128,112,137,97,106,149,144,128,163,149,170,156,193,144,154,191,193,142,88,131,170,178,168,170,163,149,115,186,166,134,134,154,142,163,200,154,128,149,149,112,123,137,170,172,163,137,137,123,151,180
178,182,207,184,142,100,134,123,137,184,178,159,174,208,205,219,225,199,142,137,224,245,197,163,170,184,161,142,180,180,205,239,239,191,82,142,137,129,178,189,189,176,182,200,178,178,188,144,168,219,199,149,182,219,195,200,180,222,231,186,178,106,121,166,161,163,161,142,186,163,137,208,199,195,123,161,112,151,144,103,106,134,129,123,161,170,199,209,129,142,137,121,168,184,166,121,163,161,121,100,123,142,186,205,172,134,154,131,137,115,142,97,63,100,65,85,112,97,88,137,159,156,154,168,209,186,205,214,191,163,134,97,118,137,131,154,168,156,112,147,115,142,166,144,118,170,166,163,170,178,106,67,166,211,184,149,123,139,154,142,137,112,106,147,149,154,182,154,184,204,176,149,91,100,178,156,134,161,149,200,123,126,184,131,178,168,174,128,170,180,154,168,189,174,163,195,195,193,137,142,154,64,163,128,91,106,161,191,195,151,97,128,186,151,170,163,168,170,112,163,163,172,195,178,137,120,178,178,211,91,144,186,174,120,154,142,144,161,168,144,115,156,193,200,193,184,182,128,142,170,134,193,205,184,166,149,154,149,166,188,195,195,213,204,186,161,142,161,123,97,128,137,91,82,149,180,154,137,117,120,144,142,97,91,100,144,186,170,156,142,112,188,174,128,100,112,168,195,166,134,112,106,100,142,88,123,147,163,115,159,151,174,170,161,106,123,180,182,170,154,178,161,186,184,163,156,131,161,170,170,120,137,120,109,134,161,100,142,223,163,186,134,120,163,205,174,106,120,144,154,149
168,91,161,156,98,83,134,168,154,170,186,163,159,163,161,199,207,215,191,213,242,234,197,170,170,154,154,180,193,200,200,228,204,144,109,129,149,166,213,218,188,204,217,197,182,178,168,147,199,193,163,184,199,204,200,189,195,184,188,193,189,166,154,170,139,142,178,184,156,139,154,161,170,131,200,144,172,142,142,154,134,106,154,166,142,149,184,229,193,129,129,161,144,178,189,142,112,188,106,123,180,168,166,137,131,178,161,91,131,139,139,88,74,109,123,74,126,137,142,151,115,121,235,199,228,229,208,184,174,147,88,103,142,121,131,170,178,178,208,176,170,188,168,134,115,123,121,178,208,217,137,51,129,188,184,134,180,168,142,134,182,106,88,156,172,180,180,163,174,159,123,120,120,131,161,168,154,163,178,154,178,142,142,134,170,118,106,189,178,166,195,174,123,180,172,149,161,137,120,193,64,161,180,168,161,161,180,180,123,174,128,161,180,178,193,211,172,88,85,188,189,161,172,168,151,170,163,137,106,170,220,186,156,112,128,170,191,156,88,54,100,178,174,154,186,195,144,137,134,142,200,200,218,151,161,178,144,154,182,193,205,228,232,211,172,144,144,180,163,149,154,142,103,94,154,170,149,100,88,112,149,117,51,88,170,170,149,128,131,147,123,100,137,128,134,106,149,147,128,120,112,123,154,134,123,184,170,142,178,154,151,115,137,91,123,123,178,203,215,223,193,123,142,128,142,134,161,186,144,186,128,100,100,161,151,128,123,120,208,211,154,128,112,161,228,170,97,142,168,154,115
154,144,131,144,123,137,176,163,129,178,188,144,186,149,154,172,129,154,199,195,228,217,178,191,199,200,215,218,156,174,149,191,193,209,100,123,170,172,228,217,191,208,232,211,174,178,178,161,200,147,163,193,200,189,186,188,211,168,134,178,180,195,208,184,154,142,151,168,161,147,142,134,161,154,199,200,193,156,186,170,71,80,178,189,149,168,168,126,163,193,180,195,131,151,142,142,154,103,80,129,193,211,163,88,142,189,131,142,129,109,100,97,134,91,134,149,123,118,123,134,106,161,227,238,205,228,142,115,91,131,137,121,121,129,178,209,189,193,222,218,211,178,134,134,154,82,118,170,199,184,106,64,137,170,161,176,193,163,168,156,186,149,186,174,180,142,115,156,142,100,91,88,112,154,112,129,156,123,170,154,144,154,103,106,134,131,100,123,139,154,168,139,156,159,88,79,134,118,151,151,186,100,103,186,156,144,154,174,178,195,193,199,176,211,228,163,236,88,151,161,188,184,163,123,156,168,115,67,88,193,213,170,151,149,180,217,182,128,82,120,168,168,161,97,85,159,156,161,188,168,200,189,170,159,156,123,154,154,142,161,200,209,215,178,149,134,174,154,144,156,144,154,144,144,168,172,128,46,51,163,154,82,91,182,195,115,91,112,112,74,67,76,142,174,178,134,131,123,97,142,156,131,144,137,163,161,137,151,134,144,149,137,120,112,137,156,180,209,195,174,161,97,64,120,180,166,184,144,161,144,91,106,161,178,149,106,115,106,134,163,170,106,123,170,193,117,144,144,166,168,156
139,149,121,178,134,144,144,118,129,172,172,172,172,178,134,151,131,191,159,223,191,188,154,186,197,168,202,182,98,67,174,211,193,170,106,151,142,232,234,227,234,213,220,228,180,195,178,129,112,166,168,144,170,178,180,184,214,163,131,134,184,178,204,200,161,121,121,137,168,129,109,80,123,184,161,159,180,163,161,178,106,131,222,204,178,172,149,178,161,154,168,195,191,184,139,151,142,67,97,195,204,199,200,154,161,189,154,118,80,154,88,77,129,129,97,137,115,129,123,100,149,178,163,232,200,204,106,137,100,100,156,163,168,199,220,195,195,215,149,233,144,168,109,137,178,156,142,180,178,79,40,115,204,180,139,186,186,186,199,195,176,168,180,156,137,131,137,156,147,91,97,115,74,106,82,120,120,161,115,151,139,139,134,129,129,161,134,112,149,168,142,154,178,38,25,74,161,174,174,174,170,184,156,168,149,142,178,180,178,180,197,199,180,154,236,215,176,170,161,168,161,161,178,149,126,106,31,57,142,161,170,195,154,199,215,211,186,97,109,178,199,151,46,37,74,94,205,174,197,154,184,174,142,193,163,120,112,142,149,149,163,184,189,137,128,186,123,149,128,131,172,193,161,168,161,147,91,67,115,202,139,112,200,209,144,106,97,115,74,46,67,97,166,211,200,174,149,120,100,144,174,144,128,139,137,115,128,137,115,156,170,154,170,154,144,170,161,168,137,120,163,128,112,182,195,176,170,144,154,120,88,128,168,161,144,120,115,106,91,144,156,120,142,115,106,120,134,147,142,154,163
134,161,154,180,147,147,154,118,193,172,83,100,98,85,126,77,134,178,91,211,178,147,163,123,200,184,129,163,118,88,154,168,57,129,137,184,139,197,239,208,204,215,226,232,188,147,193,137,91,182,137,65,71,197,226,174,178,188,161,137,170,154,156,224,131,142,163,166,118,115,115,121,142,134,97,154,180,178,154,109,126,184,208,166,139,166,112,80,126,182,170,176,189,200,178,139,142,144,161,184,149,137,161,184,184,170,112,88,80,82,134,112,95,126,139,100,123,131,123,121,103,112,163,174,172,134,142,170,80,57,144,180,180,213,228,217,208,219,199,176,129,129,163,168,232,208,193,178,172,63,74,161,200,211,193,189,199,189,199,200,174,137,149,123,126,161,168,154,106,131,106,100,112,67,64,85,91,154,106,154,109,142,106,139,112,120,147,161,172,163,134,129,94,43,88,123,176,226,182,215,204,168,166,149,144,200,215,200,149,149,174,184,142,159,209,193,154,134,120,170,180,156,182,202,139,120,134,142,174,170,170,193,193,222,219,134,128,97,115,197,193,126,76,43,76,94,176,163,126,168,188,128,178,188,149,120,154,163,159,170,182,189,163,115,137,147,134,170,161,161,193,161,149,154,161,174,103,79,184,199,174,188,128,137,128,174,123,112,57,74,97,117,184,234,217,180,149,128,134,115,184,156,106,120,100,154,137,142,144,137,112,120,126,123,144,163,161,168,168,184,178,161,163,184,180,174,174,154,161,163,142,137,149,156,166,156,168,142,106,106,149,154,88,57,91,112,142,149,120,142,154
103,142,163,154,142,115,149,151,186,142,41,71,91,65,115,91,147,144,170,161,174,123,121,172,170,182,161,149,168,168,170,71,112,189,163,182,174,142,189,243,223,199,224,204,180,193,184,204,103,170,137,31,115,121,144,218,199,174,178,168,134,180,178,195,170,193,189,174,67,163,129,147,134,134,97,139,180,189,199,161,172,213,207,189,134,163,168,154,121,144,204,154,199,170,186,193,186,168,170,176,163,161,121,168,149,121,106,129,129,106,159,193,129,106,149,166,154,147,134,115,71,91,149,170,168,142,170,149,112,154,154,178,184,178,225,234,211,200,195,170,156,129,232,200,226,207,182,163,161,134,123,163,205,236,219,178,191,159,154,213,174,134,120,144,123,159,180,159,115,144,120,79,161,97,36,91,115,161,142,100,120,109,82,142,166,161,142,178,176,161,159,137,100,103,115,77,106,233,239,223,189,178,128,128,149,197,223,178,139,154,182,172,134,134,213,174,149,106,103,161,193,182,180,186,180,172,180,168,156,156,120,149,200,195,200,195,126,115,168,172,149,149,137,91,74,112,123,168,189,147,154,123,137,172,159,131,106,178,186,180,205,189,142,149,174,142,186,199,205,161,139,126,193,154,168,170,142,156,195,186,200,159,16,67,178,203,106,128,97,67,94,142,200,234,213,170,137,79,149,88,149,159,115,112,115,154,154,120,149,134,91,91,106,97,123,154,151,144,154,193,186,168,149,163,154,144,161,170,174,193,154,142,154,156,149,163,209,193,100,79,151,106,43,74,123,123,142,149,149,142,144
115,154,161,142,112,98,180,205,184,142,100,123,142,106,109,139,100,137,191,144,151,144,129,193,204,188,204,178,161,178,178,180,204,176,186,142,200,197,184,227,208,176,163,161,168,193,180,154,156,186,115,139,134,156,176,223,199,161,184,180,151,180,225,197,217,204,182,134,161,161,82,154,168,168,142,129,172,209,214,202,163,178,207,207,178,211,170,121,161,168,197,161,204,205,131,137,168,161,161,178,168,154,142,129,186,154,106,137,115,211,178,184,142,161,163,189,207,168,134,154,154,151,109,144,174,176,207,213,184,154,97,134,156,178,178,204,204,178,207,199,186,170,199,234,202,178,123,142,137,200,215,200,204,228,217,149,137,163,178,195,174,134,134,129,112,149,199,191,178,139,149,137,154,149,115,156,112,170,106,120,151,91,97,180,240,228,184,178,161,149,199,154,147,144,126,31,128,217,213,213,147,142,100,134,204,180,184,214,154,139,166,168,142,156,184,228,170,134,182,154,144,161,144,166,211,213,163,168,115,180,123,174,197,199,186,128,191,174,178,176,137,151,168,128,139,156,180,180,159,120,118,106,123,189,128,134,186,180,186,182,189,204,186,178,205,144,168,239,197,178,151,189,156,126,120,142,174,189,203,213,170,79,21,31,225,178,123,100,123,79,91,161,193,184,174,137,79,94,123,79,128,159,115,112,170,85,168,128,161,137,97,79,64,67,103,112,120,120,159,186,195,170,137,142,126,139,149,163,174,184,154,123,137,189,178,134,215,218,112,85,123,142,79,134,134,112,137,182,154,115,134
156,149,151,98,134,168,205,205,174,193,213,178,126,149,144,123,129,129,151,163,174,178,191,223,214,193,199,182,170,161,154,178,184,174,137,121,184,184,220,211,170,170,129,85,121,149,103,121,188,168,147,151,161,193,189,197,168,176,168,174,178,204,240,242,188,199,180,180,100,103,100,142,209,184,154,126,137,195,199,161,121,112,211,168,225,184,121,112,139,211,142,168,178,195,168,186,144,154,178,144,149,186,161,189,184,161,168,149,182,147,189,147,161,184,180,178,204,211,234,222,176,180,129,200,82,178,240,248,178,118,115,123,139,168,172,142,170,214,219,180,172,222,242,204,161,176,126,137,204,235,238,208,207,218,199,142,118,184,191,142,142,142,142,129,147,144,204,237,225,170,154,134,126,163,180,156,129,159,112,161,137,97,100,220,240,241,217,168,134,149,168,144,163,193,142,115,161,137,168,156,142,106,112,149,186,186,154,123,154,149,128,151,180,112,207,204,184,193,189,168,142,131,142,142,182,200,178,193,193,144,134,186,115,200,188,204,161,154,134,142,144,161,223,223,137,166,174,176,137,144,126,134,180,184,154,154,199,204,193,199,213,186,188,202,195,205,204,213,202,200,103,120,91,134,120,134,174,189,180,154,120,67,91,174,163,161,88,115,106,64,97,154,134,112,123,106,85,154,91,149,163,134,137,137,106,154,149,163,151,149,120,76,59,82,106,59,91,123,142,174,161,199,120,149,144,74,115,144,170,172,126,149,161,161,149,149,207,208,142,112,120,139,161,106,106,134,170,168,161,137,134
180,149,126,98,163,178,178,193,197,205,211,184,144,170,126,74,134,147,144,195,184,154,178,219,215,204,211,197,204,112,74,163,174,134,123,129,134,176,195,193,195,200,161,112,91,123,156,170,184,189,174,174,142,121,168,168,154,159,178,195,174,180,208,219,213,172,121,106,131,139,126,161,180,184,147,103,97,123,115,71,88,134,178,191,204,123,85,100,142,205,142,172,159,184,193,182,168,156,163,144,156,172,137,193,178,156,149,184,178,149,129,139,161,168,178,191,211,217,217,204,159,144,131,91,154,189,225,237,204,156,193,172,118,109,142,174,184,176,184,156,168,227,193,186,217,178,172,211,234,209,217,222,205,220,168,129,121,172,174,154,163,137,134,144,123,170,228,239,213,178,142,123,123,123,161,161,154,159,126,154,112,79,120,186,189,220,213,184,149,120,106,142,189,174,151,184,149,94,123,137,112,128,134,142,168,182,168,161,142,154,154,168,163,128,163,163,205,199,182,166,154,131,94,100,168,208,199,170,174,123,204,126,154,215,222,144,120,154,115,106,163,193,207,180,106,166,142,131,170,189,168,195,149,149,211,224,222,204,195,200,178,178,168,186,222,242,228,200,202,199,168,112,91,123,134,144,137,120,115,112,97,100,149,154,149,163,144,128,59,37,120,184,156,100,88,128,144,142,208,214,178,154,156,123,115,161,180,156,137,137,142,144,168,112,74,88,88,134,94,123,142,156,134,178,161,82,88,134,154,161,131,144,142,106,97,144,184,176,144,112,137,120,142,59,142,139,203,137,163,154,144
142,144,100,139,129,156,168,161,172,170,149,178,172,118,51,80,123,215,170,182,151,126,163,193,204,208,195,189,204,163,95,144,174,161,178,142,137,149,176,205,184,170,161,149,134,134,161,199,200,202,168,168,180,137,126,100,139,176,174,176,178,170,178,189,205,199,131,156,163,161,184,189,161,170,166,103,97,134,126,126,106,77,154,184,168,123,77,154,197,142,170,154,184,189,193,168,195,178,161,168,109,156,178,186,180,149,142,168,200,178,154,149,142,180,149,154,186,204,170,156,144,121,129,121,159,67,204,234,204,193,180,178,134,112,147,178,205,180,106,156,191,195,231,219,156,180,208,225,191,163,161,178,193,195,85,79,112,118,199,147,161,186,178,100,67,178,235,199,168,161,134,154,154,123,134,161,123,154,144,134,112,100,129,100,112,182,219,223,200,156,126,139,163,170,163,178,189,120,88,120,134,142,149,149,168,199,208,163,120,161,199,191,159,134,166,174,120,128,174,202,161,120,106,137,204,217,215,184,97,147,186,149,195,207,219,159,128,120,137,120,120,170,178,156,147,97,168,134,184,170,163,154,154,170,217,170,163,180,204,215,134,97,193,240,207,228,232,215,211,168,168,168,88,79,117,142,131,142,115,142,106,134,163,207,163,112,97,82,59,115,193,186,134,115,112,137,199,211,200,200,186,149,128,120,88,115,166,174,149,128,168,193,203,166,120,142,123,120,88,88,134,128,161,186,163,144,120,115,142,128,126,137,97,79,62,154,144,142,144,128,112,64,120,156,168,195,163,161,154,142,147
95,134,137,134,147,149,166,103,88,121,134,178,139,144,74,159,134,239,168,163,80,149,163,178,180,156,147,182,144,178,168,131,139,188,207,134,98,144,184,208,180,121,115,126,137,118,131,178,178,199,174,182,195,189,163,115,142,199,211,189,154,172,186,163,166,193,159,149,191,199,193,121,112,149,168,121,121,188,174,109,134,142,149,178,168,123,121,139,176,168,188,199,186,161,134,178,166,142,126,144,112,178,209,191,156,149,156,184,172,189,184,178,163,142,131,149,156,170,200,174,142,67,112,88,91,144,163,163,225,154,193,168,174,154,184,191,134,131,112,204,139,161,225,240,121,180,191,199,142,189,154,126,176,168,88,64,79,186,189,134,142,239,168,123,134,156,193,186,149,137,115,154,137,115,112,120,115,168,97,103,137,186,123,88,97,184,232,245,213,174,142,134,180,182,170,186,189,161,112,142,156,120,142,163,170,174,186,142,137,156,204,189,149,161,170,134,88,161,204,217,193,163,149,170,217,211,178,159,123,88,186,178,180,186,178,163,174,97,149,189,134,137,178,172,128,134,109,144,137,100,200,170,193,120,228,229,178,178,193,193,168,120,151,170,200,205,226,237,184,214,163,163,120,128,154,156,97,88,200,208,134,137,123,156,154,112,82,57,88,149,142,178,193,142,85,128,154,184,184,213,144,144,149,154,106,100,142,161,159,161,168,178,180,168,154,154,168,134,94,82,137,178,199,180,161,163,168,142,123,120,123,120,97,88,79,137,120,106,144,123,71,97,193,217,200,199,174,147,142,137,126
80,106,142,161,121,112,154,137,63,98,193,231,147,211,186,204,154,217,178,161,126,174,174,205,156,115,154,163,142,191,191,112,161,147,180,168,126,149,209,200,174,137,106,88,106,121,74,134,121,174,180,174,178,208,142,154,154,193,213,211,202,193,168,129,134,172,168,156,172,205,189,137,168,156,180,188,200,211,161,112,131,199,137,121,142,88,142,149,199,211,211,161,103,126,178,180,168,156,118,134,182,189,211,223,199,149,178,193,154,168,184,195,156,142,156,151,178,193,213,193,142,94,142,134,159,180,123,189,134,174,134,115,144,180,156,174,168,163,189,200,112,207,163,204,200,186,170,184,186,161,180,168,161,172,129,79,149,182,139,161,149,191,178,163,193,142,137,186,149,126,168,163,213,120,74,85,118,112,129,134,161,188,147,193,195,197,219,225,217,161,159,186,207,137,195,199,205,180,156,109,120,115,134,154,161,149,163,154,142,120,199,163,126,170,159,137,193,219,199,204,217,195,149,168,202,200,170,134,134,112,189,186,180,161,154,168,174,149,178,202,161,137,154,161,156,115,57,123,176,168,207,199,154,180,180,170,134,204,193,163,180,191,178,168,195,178,237,228,222,163,170,142,134,154,170,106,142,211,223,163,126,59,170,88,128,82,115,46,97,117,142,156,149,112,82,115,200,163,149,161,203,97,178,134,100,79,112,149,134,142,137,156,189,154,193,163,170,161,97,88,134,207,232,168,154,180,174,134,117,137,128,142,142,134,131,123,103,100,134,115,100,193,199,184,222,205,168,134,123,142,137
137,118,121,134,144,129,154,161,112,134,223,240,205,207,211,184,154,233,154,129,161,170,211,222,180,154,174,151,174,200,168,112,156,123,178,193,180,129,156,182,178,176,176,131,103,109,65,74,106,106,161,178,142,184,178,191,178,193,213,199,189,182,149,166,142,144,178,147,168,161,180,211,112,112,166,215,228,214,174,112,97,151,184,184,178,142,88,184,242,236,161,80,129,178,207,219,223,227,195,176,151,189,247,200,178,161,202,213,129,137,172,170,154,142,159,154,193,215,184,170,151,159,137,131,178,142,137,163,137,156,166,142,161,223,199,144,180,199,184,204,191,193,163,189,149,191,186,178,195,178,147,144,149,142,112,57,137,184,134,159,112,178,213,123,163,174,184,186,142,142,193,202,151,112,97,115,123,149,142,131,200,137,209,238,233,178,172,193,186,168,199,186,161,156,225,202,224,170,123,85,79,115,137,134,168,193,144,161,115,137,199,120,100,180,178,186,232,204,163,200,193,161,149,147,174,170,159,120,128,189,189,204,180,156,180,193,184,199,205,180,168,170,149,144,144,88,112,163,189,195,180,217,168,168,79,180,213,180,195,180,211,225,213,161,137,208,237,215,238,200,156,149,97,123,137,131,168,193,142,156,128,88,156,94,46,184,106,67,154,126,97,91,115,123,128,106,139,123,106,191,168,59,168,161,139,64,106,126,128,163,203,170,144,144,174,144,205,170,137,97,178,170,193,161,134,128,123,128,134,149,154,120,137,178,120,100,106,137,126,112,142,170,161,163,217,199,142,106,115,154,161
193,154,121,134,142,121,139,195,189,137,134,195,166,131,170,168,168,193,142,112,172,178,222,228,197,184,168,174,180,178,156,121,109,163,170,189,163,103,144,163,193,188,211,184,115,156,166,106,129,126,193,149,174,139,193,200,170,178,134,182,204,199,180,154,112,131,106,149,161,149,139,197,134,112,134,142,200,199,174,139,36,51,217,226,180,131,161,186,241,239,129,121,170,154,166,235,237,220,237,163,166,163,154,226,149,168,200,161,163,149,134,154,161,123,147,161,154,176,176,134,178,200,151,126,151,139,142,134,149,156,121,142,184,219,204,184,204,193,186,200,182,163,184,178,154,189,211,189,166,161,147,142,154,129,100,97,137,172,166,79,134,156,112,184,106,142,178,161,154,174,184,134,91,100,126,120,112,120,79,163,204,144,209,229,195,168,134,134,168,178,188,200,182,176,195,131,242,163,139,115,91,88,94,144,184,211,193,163,112,184,156,112,174,184,205,182,193,195,186,184,139,115,149,154,134,142,142,154,161,200,199,217,154,142,184,186,180,188,211,184,137,134,168,128,112,139,159,161,166,195,180,204,166,154,195,199,168,67,137,205,184,207,202,109,134,215,232,209,239,189,168,120,134,106,57,82,154,170,178,159,142,189,142,100,134,106,117,178,154,134,123,115,120,112,97,120,149,112,170,126,176,137,31,184,100,40,128,142,149,137,123,115,112,189,170,168,170,163,134,178,149,137,123,142,142,88,109,151,120,134,142,100,180,182,112,128,109,142,106,97,144,168,174,174,166,174,134,74,126,142,186
174,191,163,139,115,129,149,182,199,168,142,151,121,85,112,126,161,159,149,184,195,178,191,197,178,154,154,186,176,166,161,154,121,134,174,154,98,134,193,168,161,161,200,213,186,200,213,184,168,154,163,163,193,189,168,204,200,178,112,170,204,199,182,137,103,144,134,123,147,149,121,154,134,100,106,88,134,156,129,112,57,59,204,199,149,163,95,191,240,178,182,168,168,134,142,189,241,242,225,199,199,115,214,207,205,180,170,100,159,144,134,159,161,142,156,112,137,161,172,126,200,199,241,91,134,166,154,142,154,139,80,129,184,193,199,208,200,163,166,144,154,180,193,180,147,199,209,159,154,189,174,161,149,112,129,131,159,211,166,176,106,48,112,126,154,137,118,144,178,161,106,88,126,144,139,115,54,64,154,211,174,170,200,209,168,115,137,129,106,156,195,186,191,186,154,186,232,186,112,134,71,40,79,170,200,176,170,147,134,180,139,178,174,202,202,100,144,228,217,174,161,120,97,142,161,193,123,168,149,156,193,211,159,144,142,180,174,163,200,195,149,144,142,106,142,172,200,170,137,193,189,161,161,199,238,199,123,100,144,204,195,199,204,115,128,211,217,228,220,178,161,144,128,106,88,88,112,174,234,215,193,200,184,178,156,82,170,205,48,117,120,161,128,120,144,154,106,154,159,134,170,120,120,170,43,97,115,154,174,137,106,149,174,137,154,178,97,115,180,142,126,163,144,120,128,142,170,142,106,149,186,142,142,149,161,109,128,154,144,137,139,149,180,154,144,137,97,97,120,149,120
134,170,191,200,166,134,129,129,174,168,144,168,149,100,106,109,166,154,163,159,166,172,134,142,184,166,156,163,172,174,159,161,142,137,184,118,126,151,176,176,134,184,211,218,215,205,213,205,142,144,172,142,182,225,204,211,219,213,215,204,154,137,159,161,142,142,178,161,121,144,121,95,137,131,142,137,159,139,139,142,139,134,95,142,121,106,161,204,178,211,202,189,170,170,156,174,211,211,191,189,147,178,186,213,174,161,129,168,100,123,184,154,139,166,168,170,163,137,178,182,180,213,213,170,142,168,172,161,103,134,204,168,121,134,161,211,178,126,156,97,161,199,168,149,174,182,161,134,137,154,156,154,154,142,156,222,202,226,217,166,79,74,142,149,118,100,120,144,172,123,97,88,97,161,134,103,120,184,178,137,82,144,199,137,106,115,88,97,106,134,168,191,208,149,137,208,139,137,112,154,36,33,118,189,193,166,163,161,213,186,156,134,134,211,115,142,139,211,237,200,154,142,123,156,211,186,151,178,120,144,200,178,159,142,109,189,174,151,170,197,195,139,91,134,163,184,204,170,134,159,191,149,200,213,219,211,168,156,161,180,186,197,204,166,149,208,205,197,193,142,88,106,131,134,100,106,174,184,170,189,168,195,184,174,100,109,203,184,100,74,74,134,142,134,144,151,154,123,106,123,154,170,161,137,144,59,97,159,200,161,128,161,142,128,120,149,166,97,154,170,142,203,142,156,174,123,79,134,154,123,115,195,137,203,144,117,67,163,120,166,178,156,149,128,88,106,142,174,134,134,91
163,168,219,193,170,168,137,91,112,211,211,121,188,121,156,98,159,57,168,131,134,178,170,159,182,180,139,154,149,195,209,95,121,168,161,178,147,149,166,163,168,182,204,186,180,211,235,205,112,166,176,126,159,215,222,199,204,225,235,191,109,112,154,168,170,163,195,180,156,161,142,121,123,199,211,178,178,172,168,193,200,172,123,112,91,97,191,154,163,199,182,176,147,144,159,159,184,213,207,126,147,176,126,193,144,154,189,147,156,161,137,154,126,154,184,184,159,182,180,213,199,139,118,222,235,193,186,121,189,200,142,168,139,97,147,184,163,163,180,129,170,186,137,154,189,115,97,137,131,118,161,178,163,174,166,214,199,214,178,144,106,97,134,161,134,77,79,134,161,144,97,115,142,120,149,134,161,170,168,154,123,120,144,161,126,91,100,115,163,174,168,204,226,184,154,142,118,139,128,91,48,23,126,172,174,154,161,186,191,204,120,64,188,134,97,186,154,205,213,178,126,131,170,184,182,112,193,163,112,123,156,156,97,139,134,147,184,178,184,195,180,128,142,154,144,182,174,163,131,163,182,154,176,168,193,193,156,144,142,168,163,199,180,208,154,193,161,137,154,134,112,161,195,168,149,168,199,199,67,79,144,184,88,91,154,156,199,154,82,97,123,144,168,163,154,149,82,46,112,123,147,166,144,123,103,74,115,154,149,174,168,123,82,131,154,134,161,168,142,156,161,168,154,154,128,161,144,137,180,156,134,137,154,79,120,128,91,144,193,120,134,126,112,128,100,106,161,128,123,91,137
142,156,178,222,242,229,139,85,112,199,225,142,154,163,176,80,49,121,159,106,142,174,193,202,195,142,142,202,156,199,193,121,85,100,144,213,118,131,142,180,182,178,200,215,195,218,229,207,156,161,106,123,163,176,204,182,172,178,193,154,112,142,168,159,200,207,170,174,180,154,154,129,144,189,193,163,161,168,180,182,178,154,139,118,112,142,208,168,137,134,178,195,149,142,172,172,184,214,170,88,97,134,149,123,159,154,144,159,156,199,172,178,180,184,139,100,129,142,161,195,159,142,225,225,205,186,199,166,142,156,149,126,189,149,180,184,115,121,176,142,149,161,142,200,112,142,134,123,142,156,172,199,154,161,178,149,186,174,64,149,97,100,129,149,120,120,79,112,154,139,129,97,174,100,129,134,178,204,144,161,184,161,154,149,137,123,142,172,168,180,172,204,186,200,174,154,168,120,112,109,17,28,142,189,184,172,137,147,195,193,123,82,184,180,168,211,193,180,161,170,156,137,199,209,178,174,147,112,142,134,156,123,97,170,128,168,197,202,186,186,180,184,176,142,137,170,193,128,142,137,168,120,118,149,151,144,115,115,142,178,149,178,197,193,149,156,142,120,142,156,176,205,213,186,178,176,115,149,149,88,170,144,82,106,137,142,79,91,123,128,128,149,176,168,134,128,82,28,43,137,112,112,88,131,144,128,128,144,154,151,144,144,142,112,151,168,137,137,120,106,142,128,144,123,120,120,142,137,180,182,174,142,115,123,163,149,161,170,144,147,149,142,117,142,161,178,161,115,123,106,112
41,106,211,222,188,168,161,172,174,131,154,191,170,172,184,118,184,168,129,186,178,197,211,219,213,200,217,241,215,197,156,118,154,115,159,184,137,112,106,142,184,208,218,207,211,211,225,211,178,174,41,103,156,129,193,178,106,77,170,172,97,134,191,199,222,222,184,170,149,142,126,121,154,121,134,149,123,142,163,144,121,91,121,166,166,200,161,149,144,115,156,180,195,195,151,134,180,184,176,142,88,156,168,85,103,176,168,137,217,205,195,172,170,142,97,63,71,103,170,180,205,195,144,184,205,144,161,97,103,121,149,147,154,205,189,166,178,166,174,166,170,178,112,106,166,161,144,126,205,228,176,156,168,137,137,121,195,97,25,166,156,168,106,154,154,142,120,134,170,161,142,100,156,106,100,214,232,224,144,156,224,211,182,144,123,137,149,149,139,166,195,168,174,186,195,219,131,168,154,79,59,74,149,195,211,168,115,151,204,191,134,154,204,174,134,200,178,134,154,154,168,188,200,184,180,189,178,154,156,137,139,134,170,159,168,195,218,200,168,170,197,188,186,156,178,193,199,128,106,88,144,151,128,149,112,156,134,112,174,178,154,170,224,180,174,163,168,161,163,170,174,161,182,208,128,46,88,115,205,163,149,161,156,126,149,120,57,115,203,180,134,137,149,128,123,97,82,64,88,128,59,46,137,123,170,154,163,193,189,134,100,112,142,180,137,128,137,74,100,97,144,137,126,115,120,128,123,161,154,128,120,154,178,195,186,189,168,200,182,159,144,109,100,154,174,144,134,120,115,154,144
83,98,176,234,195,159,176,174,123,149,161,137,142,88,191,202,208,176,168,156,180,191,199,213,239,215,218,244,213,199,168,149,91,129,222,191,134,168,88,142,174,200,208,186,161,205,223,168,174,161,112,97,144,95,202,168,54,31,106,184,180,168,186,186,209,227,193,208,88,129,121,109,106,112,134,144,109,106,142,112,80,97,147,193,199,189,97,106,161,159,134,151,172,168,151,137,178,195,163,184,142,161,154,126,142,178,149,156,199,184,184,156,115,97,85,106,85,126,193,178,178,170,174,205,189,109,63,106,139,154,129,134,139,184,214,121,129,151,204,182,172,182,159,134,129,121,142,205,223,184,163,184,189,163,134,202,182,74,147,204,195,195,154,151,184,142,139,170,154,134,131,129,142,137,189,211,214,186,137,200,217,205,193,180,170,174,126,106,163,166,115,134,170,199,204,229,200,213,109,161,85,100,137,159,149,126,139,193,217,128,51,184,137,97,144,134,149,168,134,168,189,191,180,154,174,184,161,168,170,139,168,208,197,228,234,226,215,184,142,149,193,205,200,205,193,195,180,156,142,156,195,211,188,154,163,184,174,137,154,156,178,199,220,197,178,195,128,163,144,161,156,109,106,128,71,35,115,180,203,166,120,202,186,137,144,144,100,149,200,161,117,149,139,100,120,149,100,100,137,106,97,57,149,203,174,168,186,208,170,106,106,163,205,219,142,128,128,88,88,142,142,174,161,134,100,137,142,106,115,134,120,170,156,200,168,213,168,170,211,232,189,128,103,168,215,170,91,106,128,178,193
174,168,174,191,166,149,149,137,166,149,172,131,137,142,149,219,217,168,172,126,154,170,172,159,178,238,235,226,159,106,103,159,134,170,223,176,163,106,121,156,178,168,184,168,161,163,220,193,154,174,180,123,118,204,193,161,54,31,80,154,219,211,115,134,191,188,180,193,137,139,97,112,106,142,172,144,109,100,123,115,106,112,200,180,178,115,115,80,156,182,134,134,144,156,209,193,178,204,159,189,178,163,144,142,129,170,172,149,174,184,176,149,97,97,112,97,123,163,149,151,154,170,188,195,151,134,109,142,151,123,123,149,159,126,123,121,168,211,170,156,163,204,204,154,97,134,174,205,200,204,207,159,161,193,182,154,94,100,208,193,200,217,217,180,161,172,134,112,88,115,142,142,137,134,195,178,200,174,204,191,186,186,163,156,154,168,154,142,168,144,120,154,115,202,184,228,250,199,188,161,161,134,144,151,180,174,195,100,200,97,97,161,217,106,166,142,174,180,128,170,200,163,184,178,186,172,134,226,161,193,208,235,228,238,251,215,161,134,120,139,161,166,195,186,159,195,213,219,184,189,211,211,204,184,200,184,188,154,128,154,176,207,211,219,188,161,115,139,144,178,180,128,37,57,115,134,180,237,200,115,120,215,193,123,161,184,137,100,170,170,142,112,112,106,120,134,137,112,154,134,126,100,170,186,137,144,174,184,154,134,170,200,195,161,184,120,144,115,156,88,186,154,154,149,128,97,103,120,156,195,166,142,188,200,168,168,163,178,198,211,180,154,91,149,233,217,149,149,154,170,208
174,200,191,176,159,139,144,137,213,204,137,161,178,225,166,139,220,180,142,121,106,115,147,178,188,200,219,189,144,159,144,80,161,186,193,213,180,134,142,170,195,193,163,149,123,149,144,178,149,163,137,97,205,237,220,189,85,54,109,184,209,213,161,106,139,197,121,134,134,121,106,131,168,209,134,149,129,121,147,144,123,126,178,139,178,149,142,97,178,189,163,131,184,184,200,211,186,213,204,176,134,168,121,144,126,170,176,126,156,168,137,129,106,82,115,123,161,195,142,151,121,199,144,134,168,182,202,191,186,163,121,161,142,94,129,178,188,199,161,154,180,222,200,144,97,121,176,195,189,154,178,166,142,193,193,161,154,109,174,154,195,191,147,215,182,82,94,97,71,139,172,137,123,103,144,144,174,180,213,156,178,178,123,129,161,147,154,174,172,142,120,137,137,149,170,204,188,200,195,172,195,182,186,204,174,123,163,142,168,176,112,154,166,163,156,188,166,193,189,142,154,168,161,178,204,168,128,200,211,215,204,214,237,242,228,178,97,118,123,142,184,219,178,120,184,215,217,184,191,128,149,154,170,178,200,195,166,151,142,154,178,184,199,213,189,134,154,176,176,191,174,115,71,97,161,163,184,193,149,115,163,222,176,128,180,178,142,120,142,144,137,128,134,134,120,137,126,170,163,170,120,144,168,120,139,142,142,137,106,142,195,184,163,149,168,144,163,134,174,115,184,115,112,154,131,97,144,215,213,182,137,195,217,200,115,134,168,189,123,229,184,137,137,161,229,239,168,128,134,163,208
123,174,178,170,161,142,112,144,220,204,154,197,186,234,237,197,200,137,166,106,98,123,161,168,182,168,159,186,180,80,149,159,186,195,172,176,193,163,142,178,208,220,180,195,189,172,134,142,189,129,131,131,149,252,240,174,174,168,193,207,214,236,235,126,112,205,178,100,36,123,204,188,235,226,178,123,112,126,129,88,129,144,139,131,205,191,151,106,217,170,161,97,168,178,161,184,156,168,188,172,147,166,118,184,174,205,166,149,134,137,137,100,85,97,137,159,193,178,156,134,178,178,106,139,168,193,214,213,184,170,137,115,103,126,163,208,163,172,149,166,195,191,204,163,142,142,142,123,121,147,178,170,178,161,207,168,142,168,154,168,180,180,191,142,137,106,67,100,139,163,149,100,115,120,129,142,142,129,126,163,163,154,126,144,178,144,115,189,161,134,112,94,74,88,151,170,137,182,191,174,193,213,200,154,144,174,178,199,186,168,100,207,222,161,156,174,180,193,189,128,139,184,174,161,174,142,112,180,149,178,166,184,193,144,100,154,120,123,137,120,168,154,186,147,180,215,217,204,142,57,112,120,161,188,174,134,139,189,193,154,188,184,170,170,159,91,128,180,174,168,137,149,159,137,142,144,115,115,106,126,193,195,154,168,186,188,163,134,123,128,166,199,176,126,120,137,149,134,163,195,142,131,149,97,100,100,64,85,134,178,137,120,184,161,131,161,168,168,123,151,106,134,97,137,149,123,144,189,180,142,144,208,174,189,106,163,163,142,189,128,115,134,154,174,163,189,186,147,88,106,154
121,163,142,149,176,161,123,144,186,156,180,170,233,199,243,236,186,161,176,121,106,161,202,154,109,154,156,211,178,67,82,233,184,154,174,80,121,191,193,168,139,184,227,195,178,163,163,219,161,121,103,142,193,241,220,112,121,200,219,208,207,226,225,170,139,180,139,80,97,182,231,232,237,211,182,134,106,123,91,115,129,137,126,106,178,139,142,161,168,168,154,65,112,174,154,156,139,80,134,209,199,180,142,193,214,232,161,161,149,137,168,112,112,161,156,170,170,106,118,188,180,121,174,134,161,197,215,215,168,144,144,100,149,178,131,193,123,159,142,180,180,166,215,161,109,137,112,91,100,180,174,156,189,134,161,202,215,170,134,142,168,186,193,156,82,79,77,109,195,193,144,71,134,149,161,161,161,161,156,156,154,159,142,172,199,180,142,176,163,142,115,51,38,82,134,156,156,168,184,193,184,209,197,172,166,184,172,168,199,163,154,208,156,134,161,159,172,178,184,154,149,161,142,134,134,142,161,128,115,131,120,134,154,112,46,120,163,115,112,142,151,168,195,189,147,204,195,204,115,115,103,112,134,188,191,154,142,168,180,178,170,159,106,137,100,79,64,149,193,163,163,163,142,134,134,134,67,94,144,144,168,184,154,168,168,180,180,149,161,184,189,195,161,115,128,144,128,106,161,168,142,128,115,59,51,97,97,115,154,154,97,109,144,142,163,193,170,142,142,123,97,142,100,106,174,189,186,168,137,147,137,128,149,178,112,144,100,184,154,137,115,106,142,182,180,137,156,134,79,120,159
161,186,144,142,168,180,184,142,103,134,178,147,199,166,231,139,182,98,106,109,112,168,202,142,129,166,178,226,204,178,38,189,189,149,161,65,121,172,154,159,109,121,195,189,151,163,178,193,118,170,199,168,231,225,184,134,144,178,215,199,174,189,199,174,193,174,115,142,154,231,251,251,241,211,195,189,168,170,131,100,168,149,147,118,142,163,137,178,156,129,154,100,115,166,170,142,112,88,151,193,142,176,142,195,215,232,186,154,168,182,204,182,170,178,134,131,97,91,176,189,161,186,205,139,178,184,182,193,178,149,154,163,161,184,100,115,215,184,97,193,154,184,189,213,97,100,139,123,121,112,134,154,172,123,115,191,200,166,134,118,161,211,142,74,94,88,126,178,200,191,64,137,149,161,200,156,189,172,97,149,178,170,131,123,163,184,191,163,142,139,97,82,106,112,178,193,184,178,204,215,184,195,204,156,106,88,123,151,178,170,186,193,154,103,161,168,159,174,163,178,156,123,120,142,166,174,200,239,166,142,79,154,123,88,139,161,168,156,128,134,142,161,184,202,178,142,184,76,170,137,144,161,156,184,163,188,82,25,163,220,170,79,126,178,97,106,64,123,200,178,189,161,128,161,128,82,117,103,149,174,168,211,142,128,139,184,170,166,168,144,154,178,149,106,123,154,149,186,142,139,161,123,82,79,100,170,170,144,134,115,106,128,115,163,178,199,142,174,168,112,128,123,106,103,168,211,200,178,117,112,112,123,154,163,115,128,128,103,137,180,137,112,142,131,88,134,163,139,142,186,142
191,211,174,159,121,151,211,195,131,137,121,126,115,163,115,139,144,54,38,112,168,166,229,220,154,163,199,226,154,168,57,149,156,147,142,168,115,184,211,137,115,139,149,142,144,156,161,161,126,147,144,227,172,134,134,204,225,200,170,193,184,182,193,204,178,202,188,142,156,204,244,250,202,199,184,170,189,189,193,207,154,144,161,147,142,174,170,166,166,154,161,170,168,166,184,168,115,91,134,174,144,118,161,163,180,225,199,163,186,232,219,195,156,154,103,97,103,147,211,170,219,219,188,200,178,159,142,144,178,180,176,178,142,131,144,137,236,178,88,180,134,189,193,193,118,103,154,144,131,115,126,168,112,74,170,129,149,115,121,88,142,163,134,64,82,137,134,161,149,64,137,149,139,170,154,199,168,174,137,106,170,166,123,109,195,161,149,188,161,106,178,134,170,199,200,184,199,204,180,178,178,142,161,139,46,21,123,154,166,151,174,186,137,100,142,159,161,178,186,170,149,142,126,149,195,180,154,195,178,156,137,144,109,128,137,151,154,174,144,142,178,174,184,131,170,166,168,115,159,180,184,184,184,161,166,82,54,79,168,161,161,163,182,149,144,144,142,189,204,215,154,193,193,178,161,109,88,149,79,217,200,117,120,51,178,203,174,176,142,94,151,182,142,100,123,211,137,189,120,163,144,137,128,126,180,174,163,149,120,91,120,134,128,174,156,186,203,163,142,137,120,100,100,134,178,184,180,170,137,91,128,161,154,163,128,123,103,120,178,174,120,106,137,109,106,123,144,184,178,178,91
195,215,217,154,98,121,208,213,174,149,137,112,106,121,95,142,193,121,98,154,211,186,176,191,147,123,180,199,156,186,77,123,166,123,134,156,182,159,199,174,137,137,118,163,202,137,195,88,88,142,199,168,131,97,159,211,225,234,204,204,223,168,208,226,223,142,205,170,115,126,131,142,106,63,172,213,197,199,176,154,142,193,134,142,123,184,168,139,97,161,168,184,182,168,154,134,115,82,106,154,137,134,121,142,178,222,227,188,189,226,204,170,144,142,131,121,147,154,168,186,204,199,200,208,186,142,97,131,204,205,168,112,80,91,147,204,184,193,142,161,129,154,176,137,154,184,191,161,115,112,134,139,134,97,174,88,123,137,100,112,137,97,121,91,134,156,88,112,131,121,97,100,197,139,112,205,112,79,149,142,180,191,154,200,168,120,137,172,193,193,195,134,163,156,193,178,178,151,170,184,123,178,174,139,64,91,147,161,178,178,149,163,139,109,91,161,195,170,168,156,134,144,123,134,195,163,168,213,184,170,178,115,137,159,120,137,163,184,156,131,163,170,142,100,144,193,142,128,154,149,112,115,180,91,82,76,82,161,134,134,170,168,106,159,189,112,178,193,168,184,213,191,184,184,200,156,115,184,178,208,200,67,46,203,222,217,163,123,120,184,154,64,100,120,163,123,161,128,134,144,168,154,115,149,199,128,112,151,137,115,112,142,154,174,170,178,180,137,149,134,149,142,112,147,154,159,178,149,149,74,137,137,149,144,117,106,103,120,134,128,134,115,120,134,123,134,166,142,144,149,128
154,215,231,168,115,121,172,151,149,172,170,144,137,154,151,178,220,193,144,134,176,170,161,161,159,137,144,186,174,109,121,170,176,131,163,168,144,189,222,209,126,115,149,151,156,142,134,156,57,134,195,134,112,80,163,204,219,219,229,229,237,227,238,240,176,123,154,80,144,178,95,85,71,106,182,219,178,151,147,170,186,154,149,115,131,174,156,149,161,97,189,178,178,186,191,166,137,121,118,121,189,178,161,139,147,218,242,223,142,134,159,184,186,174,149,142,178,144,121,170,172,197,193,163,178,142,129,209,228,178,112,74,67,74,115,189,163,180,191,180,121,106,131,144,144,184,163,142,129,123,106,121,180,178,163,151,134,115,123,109,142,129,142,163,142,106,100,126,123,156,103,168,159,161,149,161,149,100,149,200,184,200,200,163,134,161,178,166,193,202,174,161,209,170,170,161,154,178,131,168,193,180,195,57,142,204,199,139,209,193,118,151,184,172,131,161,215,168,128,154,118,134,142,131,142,144,178,202,204,163,161,137,159,168,131,147,172,178,156,163,128,120,109,118,118,100,126,120,137,142,106,97,100,91,97,174,211,186,142,156,168,142,134,168,170,106,128,156,161,195,223,180,123,184,193,217,205,191,200,174,170,120,195,211,205,186,112,79,112,112,112,112,106,120,142,170,123,131,120,184,163,112,128,128,161,100,103,184,193,139,97,186,163,156,163,178,142,193,156,144,170,189,126,120,172,168,163,170,123,79,137,128,144,134,120,106,142,134,115,144,161,97,79,161,178,147,144,91,139,154,154
161,219,219,172,149,144,154,134,131,174,195,180,193,191,189,219,193,118,115,109,121,151,151,134,159,159,142,163,142,123,106,163,180,163,168,144,180,200,202,191,151,161,215,215,193,161,174,193,91,139,137,149,121,100,112,172,178,184,223,235,231,242,236,247,178,88,74,134,193,168,195,184,100,161,199,204,184,163,189,159,144,163,178,161,166,154,250,176,174,163,191,200,126,168,193,161,149,142,142,178,208,199,176,115,168,234,250,189,149,121,123,186,178,139,186,159,134,144,142,180,161,156,161,178,170,182,222,235,207,168,97,88,91,74,142,174,154,199,233,202,134,97,121,163,156,144,149,154,149,115,142,144,172,200,144,170,174,106,129,151,174,168,156,147,134,97,123,144,147,151,137,166,154,178,178,137,100,170,154,168,176,193,176,134,139,163,151,184,208,184,154,134,168,120,118,106,151,149,182,184,156,208,211,128,215,211,163,204,186,195,186,170,161,215,178,161,214,205,123,115,144,106,154,120,115,154,156,184,211,161,154,139,161,178,144,142,180,193,170,134,100,137,137,163,100,79,79,112,154,142,134,180,151,154,186,199,200,189,184,189,170,120,161,161,134,142,149,142,120,184,178,184,134,142,176,189,200,178,180,200,184,184,184,154,163,142,103,88,106,115,134,128,88,123,182,144,142,134,134,147,82,147,134,112,112,123,168,188,176,149,147,161,97,163,163,224,208,203,142,168,156,178,154,180,186,154,161,178,112,134,144,178,184,174,156,120,161,137,142,120,126,97,91,134,128,142,100,106,128,193,120
197,189,205,180,142,142,168,178,163,184,180,211,184,166,200,225,129,83,121,121,123,156,144,134,159,134,137,168,142,129,121,142,174,149,168,156,178,182,178,180,184,208,208,197,195,178,186,199,174,156,142,137,137,97,137,156,168,172,172,200,231,238,232,222,172,88,134,182,191,186,218,235,199,163,176,205,211,134,118,156,109,142,168,168,134,199,222,193,195,172,139,191,199,103,134,195,178,170,170,211,154,180,103,88,200,178,238,235,180,123,115,172,193,134,123,161,147,197,186,199,174,195,195,174,180,199,211,222,211,178,112,82,137,74,149,161,204,241,244,189,161,142,126,168,182,161,178,168,121,149,178,149,142,176,137,170,208,159,139,163,139,137,154,149,134,100,91,142,189,189,151,147,168,163,144,123,123,154,159,159,178,168,134,163,184,137,161,200,204,137,106,147,168,88,128,103,151,144,134,142,174,219,214,215,191,184,163,186,161,193,64,128,228,242,209,178,211,211,170,88,137,170,178,142,156,182,120,211,142,139,134,163,170,174,142,109,186,178,106,88,126,170,180,189,137,97,85,137,176,137,144,180,168,163,189,186,154,161,222,195,123,142,115,161,163,154,137,128,163,200,186,180,193,170,184,180,161,178,191,200,195,88,57,106,117,134,120,126,161,170,161,112,109,178,178,134,163,184,134,91,134,128,120,176,137,163,174,142,156,180,144,120,142,188,217,209,182,199,100,178,144,163,178,189,168,149,159,154,137,154,180,200,203,144,161,144,170,134,156,112,91,120,100,82,100,128,120,106,142,215,117
184,184,184,168,118,151,188,178,174,159,147,213,149,154,176,184,156,121,121,147,163,184,184,168,161,134,106,168,137,142,154,137,161,149,161,149,168,174,174,200,215,217,199,174,142,180,191,209,205,156,97,118,134,154,199,200,172,200,209,168,199,219,231,205,144,126,91,168,209,217,234,204,129,121,151,189,204,118,54,142,202,159,131,176,142,112,97,161,154,139,149,156,170,170,109,134,215,228,199,223,193,80,159,91,154,213,204,205,208,170,134,134,131,85,118,154,134,147,159,199,186,142,199,208,168,149,97,129,193,184,142,121,131,121,144,82,246,219,235,180,178,204,182,166,205,180,174,170,161,178,151,156,154,149,163,184,204,199,115,103,103,144,170,142,134,106,91,168,188,174,144,134,115,123,115,154,156,161,161,147,139,156,172,159,154,186,178,180,129,79,97,134,120,128,149,151,161,94,97,128,186,213,193,184,159,139,174,168,159,134,156,186,197,215,228,211,189,168,154,168,142,219,211,223,170,191,184,161,156,126,147,195,147,144,126,112,193,142,76,115,184,174,195,205,147,79,79,178,197,154,128,144,139,123,142,174,142,161,193,195,128,149,142,161,184,128,149,128,120,178,211,161,137,170,178,193,120,128,178,195,170,46,51,142,156,149,178,195,205,174,137,142,120,168,154,100,100,137,120,97,123,109,137,184,195,149,120,120,163,193,161,103,142,154,178,195,120,128,211,137,142,154,156,161,193,170,134,137,134,161,186,174,170,117,168,178,176,168,134,142,112,115,112,112,123,112,144,115,161,189,184
193,184,191,121,134,184,202,168,137,144,174,161,154,170,118,154,172,106,161,161,186,213,205,180,172,151,131,142,161,147,170,180,139,163,154,178,134,168,161,200,242,232,170,129,134,180,199,178,199,168,80,106,142,178,200,211,193,189,154,80,139,204,211,188,168,121,121,166,229,199,166,134,54,71,123,154,142,88,80,134,174,161,103,126,139,74,36,134,184,142,149,166,176,174,166,151,191,204,205,214,215,170,115,139,137,154,225,204,142,149,142,115,121,131,129,109,142,168,180,170,178,225,204,121,106,103,85,71,100,118,88,115,142,144,112,109,174,219,197,184,174,134,184,144,195,186,161,204,176,112,91,184,193,168,199,191,168,159,134,97,121,161,176,154,142,154,137,184,209,193,168,137,74,172,168,159,193,178,142,112,129,161,178,174,184,199,161,137,106,97,142,134,139,161,186,166,112,88,142,159,144,178,139,128,163,120,128,154,168,180,176,184,204,189,205,209,188,200,163,97,151,205,217,219,193,142,180,186,189,193,163,144,163,163,174,170,184,151,120,180,195,123,184,189,144,106,123,204,204,168,82,120,112,100,142,168,178,180,170,166,191,202,170,134,178,115,144,144,57,149,223,184,97,123,139,161,178,100,123,170,142,142,97,154,170,134,161,211,184,134,79,123,172,161,115,59,97,144,134,120,120,88,163,215,203,163,123,142,163,178,193,126,112,126,142,168,176,168,199,161,134,120,144,163,163,154,134,142,139,142,147,142,137,144,134,180,200,156,106,139,154,137,115,97,134,144,137,137,149,170,186
199,186,189,161,182,211,188,154,147,142,168,161,180,156,95,154,176,131,174,161,204,222,208,197,176,156,154,154,156,139,208,180,166,142,161,161,131,149,166,193,228,213,134,95,134,139,204,134,186,174,67,137,129,147,211,204,199,126,106,121,144,214,193,161,170,65,186,215,193,174,115,129,91,109,163,151,118,123,129,166,220,205,106,103,134,134,195,193,161,170,195,174,156,147,121,134,144,161,197,176,123,163,161,159,159,188,180,209,180,180,172,161,137,168,172,156,186,178,131,199,232,189,191,170,121,91,43,43,106,131,112,129,180,154,123,154,134,193,121,156,168,139,109,215,211,178,154,184,163,91,48,180,223,211,193,168,142,195,139,112,121,103,180,199,149,174,195,199,218,228,193,178,161,204,217,161,168,134,88,123,156,142,137,161,174,142,137,120,163,184,168,142,134,139,186,189,149,161,161,123,91,147,151,120,178,149,112,142,184,189,159,144,159,163,176,193,195,149,123,88,106,161,213,207,199,225,217,163,163,200,134,64,170,223,180,137,147,163,109,134,178,144,97,134,178,168,193,168,170,115,74,97,156,103,191,139,197,149,137,128,189,180,195,156,149,170,180,118,128,161,222,213,149,112,161,170,156,144,79,137,211,186,120,106,154,115,112,174,184,100,79,126,200,186,174,144,120,51,123,91,91,168,178,144,193,163,123,134,154,149,139,144,74,134,144,97,197,163,154,184,154,79,120,134,120,168,161,156,159,170,144,144,168,112,97,174,186,174,159,142,149,134,97,79,144,168,106,112,137,134,120
137,180,211,204,193,186,184,166,176,180,159,172,176,142,163,163,142,174,159,195,195,184,172,188,168,134,161,161,121,163,189,178,170,129,170,161,204,154,168,172,174,172,142,131,121,154,184,172,168,147,170,88,106,168,213,200,163,126,103,180,170,174,172,134,118,121,228,199,184,147,112,134,126,154,184,144,126,161,156,211,232,204,97,142,142,180,123,180,154,174,205,200,186,161,121,118,163,211,197,170,131,154,161,149,161,161,149,154,174,176,204,186,159,186,227,220,170,151,213,211,211,213,202,139,142,103,80,88,123,142,149,156,115,156,106,115,121,79,85,118,161,106,180,227,174,121,170,180,149,123,134,142,220,197,154,115,223,180,154,161,109,112,161,178,142,178,222,199,178,199,193,176,156,184,213,126,106,97,94,112,134,97,59,88,134,120,168,184,168,195,188,142,134,149,197,211,168,163,156,106,100,147,168,163,211,168,106,134,199,159,184,144,131,156,161,163,170,156,106,54,103,170,205,170,186,213,168,137,128,137,163,180,186,172,161,142,123,112,139,168,184,97,57,168,178,126,126,170,149,123,128,128,172,180,139,174,134,115,106,100,142,161,228,195,134,174,200,180,172,178,211,222,195,174,156,106,97,166,88,168,205,161,178,154,128,126,134,137,137,170,154,161,189,170,142,128,170,67,59,62,128,112,168,149,161,149,161,174,115,147,178,163,120,97,88,142,156,166,168,174,156,94,115,163,156,174,176,161,180,213,203,168,208,154,120,154,180,112,123,142,123,120,137,115,112,144,142,128,97,79,97
83,195,234,217,182,163,186,180,178,202,161,142,168,176,199,163,170,193,189,207,174,118,134,163,161,142,161,161,151,174,149,156,142,142,170,205,224,163,131,139,159,149,144,178,154,163,191,223,123,166,156,77,142,193,193,193,121,149,163,168,200,147,193,168,159,131,184,180,197,126,178,180,163,178,178,129,154,205,195,180,195,161,149,134,144,121,88,159,139,154,184,161,163,211,166,100,168,225,242,184,85,100,139,129,161,123,123,151,154,154,195,189,224,234,193,154,180,215,224,188,163,170,178,142,163,168,106,112,109,149,163,142,94,134,163,71,64,64,109,134,161,223,204,161,112,112,189,228,211,168,159,166,139,184,180,168,137,161,191,180,123,154,170,172,161,174,193,156,144,139,151,88,88,149,134,120,115,97,137,97,91,79,28,74,123,142,172,205,115,189,180,174,161,207,214,215,156,149,178,149,106,131,159,156,182,128,103,156,199,200,161,166,163,154,112,85,100,91,106,118,184,205,174,128,144,180,184,97,151,182,200,178,154,159,144,154,112,88,163,156,161,112,94,115,112,85,103,126,131,134,134,112,137,142,120,134,120,106,88,97,115,203,225,184,134,151,193,203,178,180,205,226,223,199,186,163,112,193,131,142,147,149,200,178,134,154,82,71,106,174,207,184,178,142,120,126,142,149,59,97,184,184,88,97,180,149,134,142,97,128,161,142,120,103,123,79,142,112,203,149,134,159,154,186,189,168,176,161,213,231,222,225,170,161,154,137,120,144,180,139,134,123,94,106,144,170,159,149,134,64,103
98,144,231,214,154,154,174,184,182,149,156,159,154,182,199,193,193,225,213,204,172,126,115,161,182,163,151,151,174,170,142,154,151,166,186,193,193,149,88,121,170,163,178,186,159,174,208,222,154,147,121,154,137,142,178,195,151,161,178,147,195,197,189,180,166,137,174,204,168,193,200,178,186,186,170,139,134,189,199,170,151,134,161,106,156,149,82,161,137,209,204,174,154,163,168,154,184,200,222,144,112,161,115,178,134,151,100,129,147,139,154,193,218,202,193,161,208,215,144,168,186,163,149,156,166,161,149,106,100,134,121,134,106,112,137,131,106,115,131,123,161,202,189,159,144,139,168,207,195,156,115,154,170,180,176,180,154,159,204,154,161,161,151,186,170,112,142,134,123,123,123,91,106,118,168,103,134,88,126,100,74,97,82,100,142,120,134,163,142,161,161,199,199,225,182,186,168,168,182,186,144,137,163,100,94,137,149,180,189,205,186,205,180,154,57,57,142,147,91,168,199,184,120,112,43,163,149,208,222,241,218,174,134,134,154,123,62,174,128,88,174,123,112,59,139,120,88,123,142,142,112,120,156,161,142,161,161,120,131,137,74,186,240,193,109,71,142,156,161,180,211,225,226,213,193,168,154,186,149,128,106,128,161,178,156,154,134,112,97,149,207,180,128,142,120,168,178,131,112,144,213,134,82,134,156,149,123,128,120,120,186,200,159,142,120,123,88,178,161,137,174,174,205,186,154,163,166,170,223,228,203,217,174,144,188,168,134,97,120,193,170,97,74,103,142,174,168,170,123,134,137
134,168,205,199,134,129,163,199,214,115,126,156,103,147,200,234,209,200,184,168,174,163,163,184,180,159,137,131,174,163,163,176,154,172,184,168,149,88,82,154,202,199,218,223,211,228,236,222,168,134,149,156,121,97,149,204,211,174,176,193,178,189,174,97,109,193,166,189,188,163,149,159,178,178,168,168,154,147,156,178,205,170,118,139,191,142,193,189,215,242,207,168,123,137,200,178,172,184,200,168,142,161,149,176,144,161,121,126,186,161,161,195,211,184,184,200,195,149,134,184,121,129,126,166,170,159,161,144,85,97,137,172,166,137,166,172,151,103,134,134,200,222,204,182,176,184,172,184,156,115,77,168,228,200,199,170,149,199,137,118,180,180,134,115,163,137,139,147,137,100,71,112,139,170,184,97,106,170,97,120,147,120,134,134,112,115,97,115,144,170,166,180,219,227,161,134,147,168,174,174,168,168,189,134,115,161,204,191,184,193,200,213,180,142,79,147,215,178,128,172,178,149,94,88,88,161,191,224,223,246,214,137,126,163,134,82,128,208,144,74,180,123,154,79,128,131,94,126,134,100,91,94,123,131,170,226,188,144,168,154,142,178,238,208,64,21,115,174,199,189,205,232,237,226,168,151,168,154,151,149,137,88,94,149,163,154,154,115,82,144,178,142,103,137,161,168,180,142,144,170,188,178,180,195,174,144,91,76,97,134,168,189,163,128,91,82,128,142,123,159,213,178,168,193,193,163,163,156,142,170,174,144,149,193,191,178,106,100,154,161,151,128,103,112,154,154,180,184,149,189,128
232,178,213,170,154,142,178,209,199,134,83,115,88,166,174,232,163,126,144,131,121,176,204,193,161,163,163,121,170,168,174,159,112,159,178,170,121,95,121,202,228,209,222,240,233,243,241,217,166,131,137,147,154,121,134,205,211,184,191,220,186,172,156,74,106,193,137,178,195,106,118,142,134,147,170,204,172,115,134,202,220,161,147,174,149,156,218,200,223,239,208,163,154,189,199,149,154,180,170,174,161,147,172,134,172,189,180,168,178,129,154,218,199,205,199,186,172,115,161,142,184,129,91,144,161,168,156,103,137,137,142,161,172,123,184,191,176,149,129,149,129,182,209,195,172,178,139,97,126,180,121,184,188,199,154,213,205,193,147,147,189,172,154,189,174,170,168,170,123,123,129,109,161,126,120,174,159,115,120,161,168,112,112,115,144,151,120,71,123,191,163,189,215,204,180,123,120,159,144,128,163,193,213,211,172,168,222,204,200,180,180,208,186,154,161,168,189,174,168,137,123,128,120,85,161,188,172,137,219,220,186,154,180,170,97,137,205,142,149,123,163,100,97,137,91,97,82,79,79,88,112,134,115,123,195,168,147,186,184,188,193,195,217,161,67,74,144,215,186,180,193,224,235,207,149,154,117,106,180,174,142,79,59,123,170,134,112,94,76,142,156,144,142,142,147,142,134,134,120,161,189,184,172,163,149,115,112,123,120,100,142,170,154,142,120,106,134,134,149,154,161,156,154,170,174,168,154,126,59,74,142,142,195,178,154,82,79,149,184,161,154,134,100,67,106,189,193,154,137,134,168
219,208,234,195,193,180,170,168,156,176,85,115,199,123,211,142,98,121,182,98,112,163,215,205,161,161,142,106,161,156,168,121,65,137,174,163,154,98,161,211,215,189,211,239,218,220,208,188,154,134,126,149,178,166,147,213,209,170,184,217,191,137,106,115,123,174,166,161,161,112,95,121,103,131,161,170,154,144,182,205,166,170,172,100,97,129,139,170,199,218,231,204,178,180,151,137,154,184,178,129,156,163,149,137,184,168,184,178,126,121,149,204,205,208,207,166,168,137,184,215,106,154,142,195,225,186,161,156,137,174,186,154,154,213,211,195,163,170,134,156,144,176,178,191,174,121,112,161,209,131,129,218,163,207,166,184,186,174,180,142,195,200,154,168,184,170,195,180,121,174,51,74,120,94,193,205,170,154,168,156,106,88,159,134,126,172,88,54,120,156,211,204,193,174,184,180,97,64,118,168,174,205,213,215,204,205,170,186,215,200,193,184,184,193,188,134,139,168,137,112,115,142,154,168,195,168,151,154,195,178,154,168,161,123,134,163,149,128,149,174,100,67,100,149,97,103,57,59,91,123,149,142,131,159,170,144,178,208,211,188,178,142,172,178,161,134,120,123,184,142,120,161,228,195,161,123,74,134,161,134,88,82,112,134,134,115,94,106,79,137,184,180,149,147,142,100,67,67,91,134,191,211,189,142,120,139,137,154,131,120,142,144,161,161,97,67,149,151,142,128,128,186,168,137,139,142,103,134,115,91,168,180,180,154,103,85,115,144,180,154,123,115,97,154,154,142,142,134,144,156,144
199,204,228,189,147,186,195,180,208,218,168,209,211,109,184,180,154,144,170,112,142,186,184,170,147,142,103,142,163,121,163,121,100,112,161,154,168,74,137,208,182,178,199,219,184,184,184,142,174,154,134,154,156,193,191,209,168,166,193,204,174,65,88,144,161,118,180,147,156,144,97,123,112,112,134,112,121,180,193,163,142,154,168,97,88,97,97,170,193,207,229,193,121,137,118,139,184,188,156,103,161,156,109,134,180,189,200,170,139,139,126,163,217,219,200,168,142,142,170,168,154,154,184,227,218,193,142,149,174,172,189,193,161,115,204,168,144,168,208,193,193,174,147,184,188,142,129,176,180,168,204,202,184,213,215,163,163,149,172,161,174,184,154,163,166,200,186,161,149,106,91,38,142,193,214,211,151,168,161,120,85,106,163,174,170,115,43,82,134,178,222,178,137,163,174,202,120,51,112,191,176,182,161,178,200,178,134,182,217,211,207,147,166,184,170,134,137,142,154,149,151,154,159,163,163,168,189,182,144,142,166,161,88,88,120,120,142,161,178,156,64,112,178,120,154,106,139,79,74,174,202,163,112,134,154,195,180,200,222,134,149,174,144,182,200,94,67,126,115,88,112,137,199,156,134,59,154,154,85,137,62,120,123,142,134,144,137,139,149,59,184,186,134,193,134,94,51,43,94,120,195,184,137,134,131,142,123,137,154,142,149,128,168,168,120,100,131,154,131,128,115,193,211,137,94,137,123,137,161,137,149,195,139,134,115,134,134,154,184,163,126,106,100,134,142,128,163,144,131,137,151
168,199,204,191,188,225,228,222,235,184,142,228,213,208,131,189,189,129,65,178,166,174,151,137,139,112,109,129,154,166,126,88,182,121,137,137,172,139,131,202,184,159,184,180,195,170,178,137,199,156,118,178,123,174,211,191,166,180,159,131,142,109,139,205,170,115,200,184,154,170,63,131,103,100,166,163,151,170,178,142,97,139,208,168,142,178,149,168,174,193,195,144,88,112,118,144,159,161,154,142,134,126,106,137,186,204,208,178,134,112,129,170,222,229,193,147,139,142,172,147,139,149,195,204,174,161,139,137,178,191,178,189,156,74,154,115,193,154,228,204,211,211,178,131,189,193,142,123,154,193,154,223,213,161,168,193,168,126,189,168,156,161,163,168,188,178,129,103,163,154,71,202,199,180,172,195,205,163,161,144,112,156,184,174,120,109,91,156,182,163,168,184,149,147,156,149,106,88,123,151,163,142,134,142,178,170,149,174,199,170,161,156,161,142,134,154,147,163,200,178,142,128,137,134,180,186,156,174,144,142,174,174,120,97,106,149,170,176,168,137,120,170,186,109,200,189,204,174,163,213,213,142,134,163,161,208,168,168,134,120,112,137,134,142,161,142,128,112,120,147,134,134,174,174,128,163,191,128,131,115,178,115,106,180,144,120,154,123,115,193,176,154,149,195,134,142,88,106,117,144,184,115,51,134,156,67,137,149,156,137,128,123,161,178,149,123,120,120,134,123,123,174,215,182,147,154,178,168,154,199,168,186,142,134,120,106,193,191,161,149,115,74,67,134,142,156,88,120,109,123,166
184,208,223,209,228,246,235,178,142,168,188,223,234,184,184,180,115,106,142,191,142,129,131,112,95,131,159,142,174,193,147,126,180,170,126,163,178,217,182,193,161,168,205,213,208,142,154,161,168,156,154,147,97,156,211,186,228,168,88,97,168,229,199,205,154,174,213,226,137,168,109,188,131,129,204,215,182,195,195,137,88,172,220,207,193,228,147,163,156,168,166,154,134,121,129,129,142,168,142,182,142,154,172,178,200,219,215,195,142,129,163,195,204,204,176,163,154,149,168,182,166,134,156,168,142,142,137,112,170,193,184,176,142,91,137,176,154,142,204,202,184,163,131,134,161,168,134,121,129,161,121,186,197,170,200,156,126,151,168,174,176,144,103,106,166,176,109,121,188,174,126,176,191,118,209,219,126,217,186,144,123,142,180,211,204,118,168,178,178,142,200,120,131,134,207,205,154,154,172,106,120,166,115,79,168,137,170,163,172,149,189,149,142,134,112,137,156,170,184,172,109,112,137,193,159,184,123,103,120,123,180,213,172,85,120,161,149,142,134,139,184,168,142,142,215,200,195,229,226,180,182,188,163,168,193,180,170,128,142,178,106,112,97,128,142,120,94,137,154,154,149,142,168,184,154,163,168,128,174,156,120,28,67,123,112,97,168,172,161,178,144,112,144,64,144,91,178,137,200,178,147,88,46,123,163,91,149,168,123,115,79,147,161,202,154,128,147,120,142,144,134,168,176,161,178,211,211,202,174,217,211,178,142,97,154,97,128,168,180,161,123,106,120,109,137,48,88,115,156,137,120
166,211,189,202,238,245,199,184,156,131,159,204,232,225,172,178,88,98,200,172,156,149,129,112,103,170,204,197,193,147,137,184,159,166,100,126,222,242,219,151,131,180,228,228,209,174,147,161,139,186,168,123,126,154,191,195,193,180,147,149,182,236,205,159,131,154,225,219,174,163,218,231,200,186,217,220,202,211,204,126,121,170,200,186,199,200,156,151,131,142,166,188,163,134,106,121,156,195,144,234,218,184,197,223,223,219,222,222,189,134,142,161,149,168,180,154,161,151,204,209,174,121,121,151,172,142,94,106,178,195,189,142,80,134,180,168,112,129,166,191,188,142,134,144,182,151,163,154,126,168,154,109,154,191,123,163,159,161,186,178,88,88,144,129,154,193,134,151,188,186,180,156,184,193,191,174,166,186,180,129,134,134,156,178,209,211,137,142,178,161,137,189,166,161,228,248,217,154,120,154,170,149,88,149,161,120,137,147,168,144,174,161,170,149,91,112,142,142,166,131,88,156,149,161,163,149,142,59,79,134,215,222,118,79,128,134,74,134,144,128,197,115,149,186,163,128,134,178,200,144,128,178,178,178,184,149,170,186,202,200,112,76,100,128,123,100,120,149,120,142,163,193,199,123,79,137,156,144,156,178,112,25,51,100,147,163,149,178,137,88,91,79,149,120,115,100,137,170,232,203,134,79,88,144,149,97,120,134,97,74,82,144,211,200,149,115,144,142,142,166,142,123,161,184,215,242,229,228,215,234,191,156,88,120,151,112,142,156,170,180,161,149,120,106,154,48,154,144,154,85,198
154,208,189,200,220,228,180,161,176,103,174,199,214,211,219,112,85,100,161,186,159,188,168,80,88,191,197,195,222,197,147,156,144,126,103,166,235,241,224,149,129,178,184,204,207,199,186,166,161,149,193,193,159,142,168,186,170,191,168,159,184,195,186,147,144,168,205,205,209,163,200,205,215,222,200,211,193,168,159,118,121,168,199,161,166,161,139,156,137,174,142,154,178,134,106,142,170,191,193,232,217,200,184,231,199,170,193,213,149,144,134,112,142,176,154,147,149,166,217,149,142,142,112,151,204,161,129,149,161,168,163,129,139,205,220,168,112,144,166,174,199,123,121,199,231,209,174,161,161,149,180,142,154,178,199,174,151,178,186,123,100,134,159,174,151,195,176,161,186,142,134,188,195,189,137,168,180,191,188,129,100,134,180,204,200,211,118,142,166,174,120,176,178,144,218,248,199,112,163,186,156,112,168,144,94,64,85,178,144,134,170,200,134,115,115,97,97,137,128,168,142,174,154,176,128,170,103,79,88,166,204,174,88,88,161,142,64,200,144,199,123,154,186,172,112,106,100,120,154,166,134,156,178,106,180,180,166,168,197,189,106,128,144,128,120,137,106,59,94,172,188,215,159,88,156,193,170,134,112,154,161,97,91,120,203,200,123,149,168,79,62,137,170,139,137,74,106,191,193,166,149,131,178,174,76,37,112,123,74,64,115,182,234,199,149,115,112,137,144,149,137,97,144,203,227,235,225,208,159,203,186,131,91,142,149,144,149,161,144,172,180,156,123,144,163,115,115,170,142,170,106
208,208,205,180,180,199,174,91,134,95,184,204,195,112,184,123,33,129,170,199,184,147,184,142,95,189,213,207,232,248,129,71,168,112,112,65,239,247,139,144,176,182,154,161,204,161,176,154,178,161,184,205,193,184,161,191,188,142,129,144,184,197,193,168,159,134,184,184,154,131,156,186,204,211,193,207,180,121,129,142,168,188,163,154,134,154,151,156,156,180,134,123,182,176,159,195,195,174,202,193,184,193,159,178,139,168,184,168,118,149,178,123,186,147,161,149,149,161,180,156,151,142,170,168,174,161,168,168,126,131,144,166,189,241,223,154,134,168,168,188,168,79,151,233,244,238,174,142,178,161,214,115,154,205,200,129,168,205,163,137,112,121,178,180,174,207,168,147,161,156,106,149,159,163,149,137,112,134,161,134,123,184,223,193,184,156,120,112,168,142,115,115,137,154,199,184,151,178,188,193,159,178,184,184,137,97,112,161,163,144,120,131,200,189,178,154,100,109,225,195,193,182,170,134,38,112,134,118,176,209,219,189,137,156,166,161,156,200,137,222,120,178,174,163,137,163,142,161,178,205,215,172,137,88,205,215,134,88,186,154,174,151,137,112,115,112,82,59,123,178,180,168,147,142,180,205,154,112,139,149,172,151,123,131,168,168,126,128,178,174,142,163,161,178,115,115,137,149,137,142,163,149,149,149,74,67,159,106,59,106,149,218,232,203,134,97,109,134,120,142,154,139,106,126,198,208,205,154,74,149,186,154,120,100,163,161,120,156,163,174,189,170,137,123,156,128,128,154,154,154,112
193,237,232,208,168,195,200,186,118,151,186,195,137,77,147,33,176,156,188,186,193,204,154,189,204,180,189,204,217,184,137,163,112,129,88,98,225,224,178,184,193,144,134,126,225,199,159,178,202,195,213,154,191,208,170,139,142,163,168,126,154,180,214,166,129,182,195,123,121,178,178,184,163,178,200,197,186,184,161,178,200,178,159,178,161,142,149,151,178,161,137,142,178,207,215,205,168,144,154,161,176,178,161,121,149,163,161,178,142,159,180,168,170,180,149,156,170,137,176,200,200,151,204,129,147,184,170,149,149,154,178,204,168,228,174,186,163,156,184,223,163,144,172,227,235,229,168,149,215,199,202,178,156,213,161,134,193,186,168,154,144,129,149,166,159,163,178,149,170,82,97,123,147,142,120,106,134,182,182,170,172,193,223,176,200,156,142,88,129,144,74,142,161,178,142,142,180,180,215,193,163,156,161,137,120,91,112,182,215,174,144,161,193,205,178,170,180,149,161,226,215,142,115,112,46,120,149,163,195,233,204,172,112,94,176,191,168,161,161,178,156,215,142,161,170,170,161,217,193,204,213,159,168,178,195,188,120,134,149,159,163,82,120,134,123,91,91,128,154,147,139,139,149,180,128,168,147,154,128,109,168,161,106,123,144,159,144,159,197,217,184,163,144,120,88,134,82,115,139,123,142,144,112,139,156,154,149,97,103,88,186,215,211,222,189,154,134,106,115,144,147,120,112,112,144,178,203,142,88,123,180,198,142,97,151,149,103,154,195,168,184,180,142,106,120,134,139,126,159,156,154
161,239,237,205,191,195,199,172,174,168,211,142,80,46,85,186,123,184,172,205,156,200,222,184,193,161,159,176,178,211,154,172,106,184,95,88,180,174,193,218,193,144,151,200,213,213,199,211,174,184,193,131,156,144,123,121,168,118,149,184,134,139,188,197,172,163,129,168,154,168,204,191,149,186,197,186,182,186,163,176,200,186,174,154,151,121,137,180,184,174,151,142,149,211,219,184,151,129,112,170,170,149,149,100,161,154,170,199,189,182,151,131,176,199,166,149,188,134,174,204,200,168,178,100,184,217,178,161,156,174,208,205,163,184,197,202,156,154,200,235,195,186,163,200,184,161,186,170,220,186,225,235,189,172,147,168,163,204,184,161,154,142,118,121,91,64,139,144,100,79,106,129,131,103,112,129,149,184,204,199,180,180,228,208,200,195,131,88,91,178,191,142,161,168,156,142,184,199,154,97,156,161,144,189,123,103,207,222,199,197,163,168,202,215,137,112,184,226,186,142,154,115,97,120,97,134,154,170,166,199,215,163,128,131,161,163,147,139,109,154,195,202,166,170,115,191,161,149,200,168,137,147,195,215,161,142,208,154,126,103,74,85,161,180,154,103,59,103,154,149,154,103,154,178,115,166,139,112,149,151,128,137,117,154,174,163,174,191,199,200,172,166,156,67,137,149,82,120,142,117,137,154,137,154,193,168,137,134,134,134,131,128,176,180,163,120,79,106,123,126,134,126,163,139,156,168,184,142,123,184,163,142,161,163,134,120,144,161,161,186,178,170,142,97,112,128,112,142,174,159,144
180,207,218,184,199,213,222,228,215,225,208,98,43,115,142,142,193,163,168,178,134,80,129,147,154,156,123,147,88,159,98,126,200,161,31,63,193,205,197,226,225,199,156,208,237,193,204,208,180,131,139,142,172,126,103,118,106,134,139,144,134,159,134,142,121,159,184,178,139,85,204,121,126,191,168,161,193,156,172,191,205,184,159,115,118,118,129,151,184,188,151,100,142,188,195,180,176,151,137,126,163,142,129,115,121,154,184,193,199,184,129,137,197,213,180,174,189,139,154,176,166,188,144,134,197,213,205,184,168,163,182,178,168,168,205,191,149,180,174,225,184,163,168,191,123,79,149,154,222,204,235,211,211,129,193,174,182,208,172,156,154,131,147,142,79,36,74,180,137,156,120,161,123,151,182,161,172,193,199,184,195,226,204,238,220,202,184,180,156,131,134,142,180,137,142,195,182,161,154,137,142,154,149,161,178,144,166,178,186,222,211,200,170,115,118,137,176,184,189,195,109,139,134,97,163,128,123,139,134,139,204,168,123,154,172,163,161,134,149,144,151,178,180,154,120,54,88,147,193,161,74,147,174,112,142,131,195,163,180,74,120,123,188,184,142,137,115,100,137,161,188,123,199,118,149,161,64,137,159,154,76,91,161,184,189,188,174,161,168,184,154,156,154,112,161,128,163,142,156,123,128,163,142,128,170,189,112,170,106,137,94,112,142,161,112,144,112,79,120,131,168,182,115,142,168,166,123,159,149,178,154,195,200,184,166,144,120,128,161,161,142,159,91,100,128,88,115,154,161,156,142
112,126,174,180,184,236,251,248,237,219,149,83,74,85,168,204,180,139,176,178,57,15,88,204,184,161,134,129,134,176,134,172,215,151,134,154,215,197,154,191,222,189,151,172,228,199,170,163,174,149,100,112,142,134,121,91,142,161,131,131,189,180,131,161,147,172,134,129,134,161,88,176,156,154,149,144,176,174,168,204,151,134,142,163,144,43,142,156,151,154,126,106,156,178,172,191,186,184,178,144,129,118,142,129,129,149,178,176,163,178,172,168,200,208,202,199,144,129,170,163,154,161,147,166,178,199,199,174,137,159,154,142,129,112,188,174,134,168,154,189,149,178,159,154,100,80,97,131,228,217,154,172,215,154,189,215,213,193,178,142,178,151,142,170,144,85,115,211,199,188,176,186,172,154,178,170,182,156,129,142,200,235,222,229,251,215,211,142,200,156,180,156,134,144,163,172,159,137,112,144,193,184,178,211,144,161,156,128,223,182,228,174,59,59,184,231,200,174,137,142,156,170,142,128,128,112,156,142,163,161,168,195,168,163,186,178,168,97,106,103,139,128,139,126,123,106,91,168,203,170,91,97,128,149,163,134,128,178,178,168,97,100,170,174,156,154,137,137,144,126,189,220,180,88,120,115,97,186,82,120,79,134,154,170,193,186,161,154,137,117,156,180,161,115,186,100,178,151,149,142,180,174,100,112,188,207,170,170,91,97,97,139,120,149,128,193,161,123,112,120,123,142,193,156,142,134,142,112,178,170,139,176,178,120,159,168,134,154,151,163,149,142,120,134,134,142,149,163,134,161,149
163,156,139,159,176,235,252,249,200,184,131,115,91,123,178,184,168,154,178,180,123,100,142,186,197,180,134,100,142,139,168,231,229,227,234,200,154,142,126,134,199,188,126,137,188,208,151,123,193,65,129,137,112,88,109,97,168,195,144,139,159,195,215,156,159,154,100,144,123,91,168,189,184,126,142,154,123,168,178,112,115,134,186,163,149,85,159,163,118,131,106,161,180,163,186,189,149,161,163,174,134,174,161,134,134,172,151,163,154,154,184,180,191,207,195,188,126,168,176,166,147,100,176,161,139,168,178,144,142,178,142,121,115,147,188,142,115,144,161,174,174,166,154,161,142,151,142,123,182,180,118,161,191,161,182,231,223,186,168,156,161,142,129,186,193,154,161,195,168,184,195,195,163,129,142,144,168,126,91,120,172,184,200,211,248,209,142,112,174,180,193,170,106,139,142,168,139,64,120,215,197,144,199,137,156,174,120,142,178,200,156,142,112,154,211,200,168,137,163,112,163,184,149,156,134,193,211,186,184,163,168,161,163,209,204,174,163,142,123,85,137,154,103,88,94,112,144,149,156,156,115,112,100,100,131,67,112,174,168,154,161,123,168,174,154,106,142,134,91,74,170,209,180,91,57,139,161,120,74,126,97,142,134,134,184,156,144,163,91,76,170,172,161,159,170,120,137,151,159,151,168,149,115,149,180,189,193,147,123,97,88,163,142,139,151,193,168,131,82,79,128,144,213,170,100,123,154,151,134,172,154,112,120,137,154,182,168,120,142,180,117,178,123,134,67,161,168,189,128,149,149
178,195,139,103,156,219,248,232,170,199,156,161,129,142,129,168,228,213,178,154,186,211,188,166,174,197,147,103,166,154,170,244,249,248,211,151,161,112,115,147,149,184,161,161,182,178,199,193,199,184,121,88,112,112,134,166,191,154,156,170,184,208,223,154,154,123,142,137,159,172,199,178,65,103,144,154,154,139,151,172,131,137,182,168,147,159,186,126,178,139,151,163,170,121,129,134,100,106,163,184,195,199,182,147,174,172,159,147,134,88,137,209,204,199,184,139,134,170,142,129,163,97,202,134,134,178,147,134,180,180,142,129,144,163,166,151,118,156,174,174,161,163,186,208,199,186,161,134,147,170,163,129,134,168,178,195,215,163,129,154,144,149,186,193,195,172,123,106,144,174,188,184,120,142,126,120,159,142,118,115,103,97,120,170,204,154,120,166,156,199,200,174,126,134,129,129,123,120,195,223,144,134,161,180,199,154,126,186,131,170,159,154,208,223,211,178,161,180,174,161,174,204,207,186,195,199,211,238,195,142,161,180,168,200,191,156,174,131,168,170,151,180,118,156,184,106,115,149,156,161,139,120,166,134,82,74,161,134,195,168,176,142,128,100,100,100,128,149,112,106,156,134,137,100,112,154,118,100,82,97,120,115,106,142,161,115,85,100,91,147,170,163,205,174,154,139,120,151,159,131,103,117,131,115,151,184,178,120,94,115,128,163,144,134,156,120,91,71,74,82,134,154,137,178,144,128,142,134,193,203,142,106,142,144,137,137,168,161,137,172,97,182,151,106,115,142,203,198,147,178,178
172,195,151,118,147,184,225,214,178,184,180,154,174,134,161,154,218,211,184,161,204,231,200,168,205,199,149,134,137,205,207,204,234,188,154,154,154,166,134,154,168,174,178,178,149,200,213,202,178,168,112,159,166,149,123,144,151,178,199,204,223,200,197,156,100,112,129,131,159,176,174,112,65,134,178,170,159,129,131,170,193,200,161,163,168,184,184,197,207,174,184,154,134,100,88,97,103,115,149,168,154,217,186,159,139,100,199,142,106,126,156,218,235,184,184,106,144,95,166,123,149,166,112,137,144,191,174,174,200,178,154,154,118,123,168,184,154,142,205,166,134,163,191,213,197,178,184,137,156,154,180,112,112,161,170,174,195,161,97,134,178,170,184,180,159,134,106,85,166,178,184,149,129,144,137,112,144,154,137,123,112,79,82,142,161,126,142,156,161,178,161,176,163,144,129,131,126,123,184,193,154,156,176,204,200,161,178,184,156,134,178,199,161,199,204,174,180,128,115,151,154,172,180,178,226,200,202,204,170,156,109,94,118,128,176,211,182,163,142,222,168,195,184,163,184,118,149,131,112,106,112,128,126,120,123,97,142,172,180,241,131,128,79,59,82,154,193,168,115,144,149,82,97,195,115,31,46,156,134,79,62,100,149,180,168,126,120,103,76,131,147,170,191,154,154,123,131,188,174,112,112,128,88,106,149,144,144,106,48,100,156,163,161,117,117,97,67,82,106,88,120,123,131,188,188,137,106,134,188,197,120,128,142,134,149,137,149,151,147,161,154,142,166,97,126,186,178,189,180,186,180
211,163,168,178,163,172,205,193,189,131,178,184,188,174,91,174,137,154,202,202,195,202,211,222,217,184,134,137,204,191,170,147,217,88,100,178,195,184,149,161,228,227,193,134,131,204,142,182,134,142,106,156,156,200,161,180,168,137,193,184,174,161,161,189,174,154,134,95,126,186,228,223,205,197,193,186,174,147,178,204,215,199,142,131,139,156,178,217,226,199,218,222,147,100,109,123,142,147,154,156,161,154,174,123,85,97,121,123,186,193,215,209,200,186,137,121,144,74,188,106,166,142,100,184,174,178,215,193,159,170,178,149,123,142,172,139,154,115,199,154,100,161,166,191,186,193,189,121,115,134,204,191,142,161,156,193,184,168,118,142,178,174,178,154,112,103,142,112,166,178,161,106,118,134,149,129,118,142,142,120,137,147,100,154,163,144,123,103,131,174,161,180,178,178,137,106,112,82,97,142,180,205,186,184,208,208,184,178,205,199,188,172,128,161,186,128,123,123,79,94,97,88,151,178,213,131,149,106,159,161,131,91,131,184,211,205,156,57,213,172,120,178,178,174,163,159,161,161,128,100,147,203,82,163,79,166,149,168,126,174,195,85,88,91,128,161,142,142,172,137,144,103,120,154,88,31,94,211,170,154,115,76,154,188,195,172,112,79,109,115,112,154,163,170,120,97,161,186,149,134,126,168,161,154,115,67,134,149,88,112,174,128,142,109,137,151,134,128,123,112,109,123,168,180,180,156,134,161,178,170,139,131,144,142,159,120,120,163,163,149,142,134,163,163,149,195,178,161,163,154,193
163,115,178,184,161,199,189,172,180,166,170,207,235,172,98,178,98,166,209,222,205,217,218,202,178,142,144,178,231,176,154,156,191,65,154,178,214,223,193,188,202,204,137,49,144,199,129,161,106,149,168,182,211,186,163,106,172,200,178,144,97,149,178,189,238,178,154,112,137,174,242,250,225,204,156,126,142,156,174,213,193,168,144,168,174,156,166,178,211,207,229,236,154,95,161,144,134,154,191,191,142,112,134,163,149,154,147,118,170,209,184,199,184,154,154,115,149,161,154,88,166,156,186,191,215,168,180,180,151,163,168,134,180,178,170,137,149,112,156,200,97,126,134,170,200,204,176,121,97,166,204,209,170,174,142,208,151,200,168,168,204,184,134,134,123,100,139,154,126,172,151,88,88,144,161,137,82,131,178,149,144,178,126,193,182,168,134,77,120,174,161,200,178,184,144,88,88,79,82,118,189,200,154,142,170,180,166,166,209,170,184,178,142,147,149,106,97,106,74,57,82,71,154,168,142,142,139,128,154,144,154,186,205,189,174,170,156,189,156,100,115,176,214,163,159,178,180,120,118,144,154,154,142,168,120,149,123,168,180,199,163,112,106,115,151,142,137,137,103,112,88,161,137,74,74,91,174,168,154,156,168,174,163,161,170,200,123,156,144,109,117,144,144,156,79,170,154,142,137,186,170,178,218,112,71,67,168,161,144,134,123,112,156,139,168,168,156,168,149,134,149,120,154,144,154,188,147,174,156,163,144,142,163,149,149,128,120,154,174,123,126,115,184,178,154,174,180,128,163,174,163
88,112,168,184,161,176,193,193,195,215,178,214,234,161,161,129,121,154,178,189,199,220,174,112,129,80,139,226,207,188,207,147,178,129,195,228,184,214,191,126,134,154,156,106,172,208,134,161,91,188,131,213,213,163,174,144,97,121,142,154,121,123,139,211,224,207,217,174,161,208,242,199,170,184,178,144,137,147,199,176,172,191,161,184,159,134,126,142,161,195,199,199,121,80,144,139,131,174,193,178,163,134,156,180,195,180,137,91,115,174,180,174,184,142,100,112,170,161,139,142,115,176,204,229,228,193,123,118,121,121,154,149,178,213,142,161,147,144,178,195,134,80,144,184,211,199,161,149,178,186,191,211,189,180,156,142,170,232,228,197,184,142,118,144,126,82,144,131,154,100,172,106,91,123,137,123,120,154,184,178,174,154,139,200,195,178,149,112,123,129,154,188,199,184,147,100,79,106,142,129,156,156,168,88,97,134,144,88,134,144,200,182,137,161,156,154,109,88,71,57,154,106,134,188,161,149,147,134,134,174,211,202,204,168,144,184,204,170,186,168,142,168,180,151,170,168,180,106,112,161,137,149,170,142,123,134,161,180,163,163,161,180,180,189,172,178,149,120,82,57,82,149,120,126,88,64,200,134,191,100,142,163,142,112,154,174,180,97,97,94,120,123,156,100,54,94,154,149,168,120,142,161,161,156,112,112,189,172,168,144,97,142,144,120,144,191,188,180,154,144,154,128,139,154,184,168,134,128,144,120,144,134,142,163,137,144,147,139,149,120,149,156,154,161,174,161,178,142,154,170,120
149,193,172,168,161,142,193,223,205,199,172,170,184,149,109,147,126,98,131,170,188,163,129,126,112,71,123,193,174,199,191,142,168,156,222,219,139,156,166,112,115,178,186,137,144,182,168,156,121,159,118,199,193,186,144,80,80,131,156,170,172,115,134,184,220,204,231,204,156,202,213,214,161,170,195,184,134,154,154,147,134,193,159,121,154,137,118,182,184,200,184,200,154,46,85,151,163,85,188,200,180,137,168,189,170,121,139,154,123,147,205,184,151,159,134,149,170,170,134,142,163,193,228,240,215,168,129,57,97,159,172,178,204,199,134,163,184,174,204,180,129,88,137,189,170,156,191,211,174,154,205,211,197,189,154,142,186,228,242,199,149,142,137,137,121,118,137,134,168,88,189,142,67,126,120,112,118,176,184,180,159,134,149,186,195,149,142,142,97,154,120,168,193,189,126,103,134,161,137,88,126,176,215,120,134,134,128,74,97,159,202,189,134,168,180,178,149,163,149,82,134,126,149,204,161,180,170,154,154,180,208,208,172,126,123,149,205,193,176,193,172,154,97,100,151,154,106,85,168,189,178,174,174,134,123,159,163,144,166,154,134,180,213,226,184,149,126,88,79,82,120,106,120,147,142,100,147,144,64,76,142,134,120,137,149,161,103,106,71,91,117,117,120,79,131,134,142,109,149,97,91,170,159,123,151,149,168,223,170,168,106,134,134,163,161,172,161,142,170,142,142,137,154,197,168,120,144,154,109,103,109,149,128,170,154,149,178,128,144,120,154,163,123,170,174,161,161,128,134,142,126
213,213,184,170,154,154,151,176,225,223,134,144,121,144,147,154,131,106,134,170,178,134,109,154,161,131,106,129,176,168,168,154,156,168,176,126,154,154,161,156,147,142,139,129,115,144,174,149,129,103,142,186,180,178,129,65,103,178,204,199,180,144,112,163,166,188,215,222,159,174,199,174,137,142,184,178,174,112,57,77,121,186,77,121,163,214,142,193,186,186,188,193,131,65,85,166,180,144,154,189,189,126,112,131,170,188,154,144,195,199,174,170,191,154,97,159,166,142,131,134,172,149,191,202,156,126,115,149,168,144,154,172,159,134,172,168,178,211,184,147,134,131,142,139,121,142,208,213,178,180,202,208,199,156,147,180,161,213,213,184,159,174,129,134,142,134,149,139,154,170,163,134,64,118,118,134,149,186,168,151,161,137,144,154,161,123,129,134,100,112,106,154,188,193,142,142,189,178,120,59,156,217,202,168,174,166,149,106,112,180,186,163,168,180,188,178,204,204,170,115,123,170,189,184,170,170,193,176,156,172,193,200,163,120,134,186,170,193,170,142,131,88,40,85,166,149,79,112,193,170,137,186,159,137,176,174,154,137,106,180,156,128,200,217,200,134,85,91,106,151,168,120,137,149,144,123,79,74,62,79,154,142,142,123,103,120,137,109,103,168,149,100,82,137,161,149,97,97,128,97,67,115,100,88,142,170,172,184,163,128,137,115,168,174,184,144,170,134,134,154,126,178,134,137,128,128,142,147,137,198,88,188,147,134,144,144,142,156,142,142,147,142,137,137,161,139,112,128,100,97,142
217,213,184,142,112,142,142,182,214,178,178,118,131,193,161,163,174,144,142,161,186,172,142,137,168,195,103,149,170,154,151,159,123,129,109,142,199,180,184,202,180,121,88,121,147,134,154,154,123,154,184,193,193,172,161,166,147,159,211,208,156,147,154,161,154,149,144,182,161,182,154,134,147,159,193,170,63,67,95,88,151,170,134,217,85,180,200,174,161,184,123,174,180,144,193,195,202,186,142,149,195,154,118,97,161,121,151,184,217,193,156,176,109,85,112,142,115,159,126,129,184,215,161,168,97,129,159,161,172,112,144,178,214,149,100,154,168,217,161,74,100,121,154,142,149,156,149,182,211,191,184,182,193,168,142,139,170,195,174,170,154,166,166,149,159,137,121,123,161,184,137,109,106,115,137,170,180,142,142,142,189,161,120,129,139,142,131,154,126,67,100,144,178,186,161,178,189,168,149,129,188,188,193,118,170,156,151,131,147,176,154,134,193,204,168,147,168,154,118,186,159,142,186,174,204,178,166,180,163,184,180,159,174,172,161,168,149,180,120,137,88,40,88,161,207,184,100,131,154,79,115,172,154,168,189,180,115,151,139,147,149,142,180,199,184,168,126,88,134,154,191,134,115,112,174,176,115,139,88,31,88,163,163,103,88,139,159,128,159,144,149,142,144,137,142,149,97,123,161,137,100,97,100,64,85,161,193,168,161,144,112,134,189,184,189,144,142,112,59,123,128,97,149,154,76,88,117,156,198,200,144,184,170,137,144,142,128,115,168,174,149,123,115,137,115,154,88,109,97,103,109
222,184,147,154,137,142,154,184,176,166,176,88,151,205,176,195,147,131,134,137,151,170,154,178,180,188,109,154,139,106,144,168,95,85,159,213,200,182,199,211,205,170,91,129,176,168,137,163,142,184,172,178,199,174,170,197,204,178,178,195,161,195,180,163,144,134,112,121,151,166,172,163,161,172,161,103,46,88,137,156,168,178,168,176,121,144,229,154,142,131,142,170,189,182,214,211,208,219,144,121,161,134,168,139,106,106,163,154,168,168,205,195,149,184,109,121,106,106,77,205,202,215,129,131,154,112,178,178,147,163,174,178,182,144,197,131,186,191,106,46,63,168,199,174,163,137,154,193,156,154,178,178,207,151,82,134,154,147,174,191,178,156,193,193,168,142,100,129,106,139,142,123,100,120,161,149,134,106,144,178,180,184,156,161,163,147,154,151,139,109,97,142,161,213,193,168,168,168,178,193,174,161,168,151,149,118,137,128,142,134,166,126,159,193,115,43,88,142,168,193,134,112,168,222,204,184,103,149,156,170,180,151,184,178,115,142,156,170,115,159,100,97,186,193,215,203,161,154,142,106,151,88,62,134,191,163,166,174,147,178,106,118,142,161,170,156,156,154,149,88,189,149,180,200,161,180,166,170,123,120,154,174,156,149,123,115,126,149,134,79,120,176,172,186,59,112,161,112,134,134,142,137,74,85,57,71,161,200,154,123,126,193,203,144,154,170,112,57,35,88,126,126,186,161,64,94,161,156,174,139,189,168,178,174,149,115,147,170,159,168,149,94,106,142,37,120,149,88,115,97,106
205,139,142,159,156,118,131,137,168,106,147,142,134,161,204,151,129,149,131,147,161,172,172,168,168,161,142,154,142,112,211,142,106,129,168,200,170,168,186,180,184,147,161,178,189,193,121,163,166,154,174,174,166,163,176,188,193,184,168,182,168,186,184,166,178,184,142,139,126,168,172,184,170,161,144,109,126,142,166,172,142,168,168,163,184,178,199,174,142,134,123,142,180,188,195,217,215,193,168,137,163,137,161,112,166,142,97,121,154,163,170,208,215,139,142,139,91,85,123,144,199,184,144,161,199,191,161,204,174,139,131,129,144,159,163,131,208,151,115,23,137,163,199,184,156,178,163,180,154,142,168,200,156,137,109,97,172,168,199,182,163,139,161,211,147,100,115,88,184,103,172,161,120,134,170,142,134,134,163,176,168,191,184,184,137,134,168,154,193,149,142,182,205,222,180,139,142,178,188,191,170,147,170,154,120,131,163,159,159,170,172,120,106,142,71,36,131,195,204,178,134,149,197,231,156,142,112,103,118,123,176,172,149,161,126,184,184,144,161,178,115,144,163,161,200,217,184,170,178,139,97,71,106,149,211,151,193,112,159,176,79,112,112,149,186,176,174,180,154,120,149,180,166,120,176,139,170,142,128,154,112,128,142,142,131,79,97,170,137,79,154,199,123,144,168,142,120,134,134,156,106,97,79,154,59,76,161,200,142,178,170,189,180,134,168,189,88,35,82,120,134,163,184,154,123,115,142,142,134,142,156,161,170,163,117,120,149,174,154,154,176,137,76,106,91,91,161,115,97,79,106
189,159,115,112,115,129,112,163,88,123,112,139,199,168,184,142,100,170,156,142,106,115,161,154,199,182,156,180,205,154,178,112,121,166,195,178,154,121,131,144,161,154,211,207,189,180,161,131,186,147,202,168,149,142,184,178,168,178,156,134,137,154,176,168,215,207,168,176,172,193,156,182,182,144,168,154,168,182,161,142,163,178,161,174,205,193,180,168,149,161,154,121,142,178,174,178,193,204,184,170,178,147,142,197,163,178,149,134,149,147,168,163,139,156,172,180,144,134,74,97,151,151,176,193,85,176,172,168,151,74,118,131,131,80,115,163,172,193,166,106,168,168,211,186,134,178,202,129,149,161,195,178,154,142,51,149,168,205,195,178,137,109,137,142,94,74,134,195,118,131,220,137,172,142,191,109,120,172,161,174,195,163,168,154,159,134,163,184,168,200,149,215,199,178,163,129,120,149,178,205,184,137,142,147,128,174,211,199,168,174,161,123,100,118,142,176,204,199,195,176,156,176,195,172,159,161,151,120,79,109,166,168,134,144,178,199,178,161,189,180,128,120,109,156,178,193,180,178,180,137,115,128,161,174,174,170,154,115,176,178,64,161,134,128,193,200,178,168,151,149,161,161,142,134,147,97,168,149,100,156,142,120,128,106,74,74,134,97,213,120,168,100,137,128,161,79,115,151,126,117,106,57,115,144,137,137,142,126,134,159,149,144,174,180,178,134,128,142,149,134,180,220,186,137,174,170,120,149,142,131,137,149,168,154,137,120,137,112,120,134,142,79,112,112,88,103,120,128,97,112,142
178,112,98,100,112,98,103,91,83,126,121,180,199,178,193,163,88,151,154,123,123,109,129,170,184,178,178,178,217,205,149,180,176,186,219,168,112,57,100,166,123,161,180,161,163,161,189,142,168,224,170,186,154,154,176,186,204,184,100,95,134,149,166,154,156,197,168,147,211,199,142,178,199,142,134,151,151,186,154,134,174,121,156,154,208,211,142,121,166,186,208,184,144,168,166,168,184,186,197,184,168,163,186,199,188,189,193,182,176,161,161,115,97,121,178,211,204,137,112,95,126,166,184,184,149,176,172,129,161,147,115,94,80,156,121,189,200,199,154,184,106,137,178,193,156,149,154,149,134,199,170,134,170,123,103,123,94,224,195,174,129,139,71,67,88,103,149,126,154,142,168,129,159,219,172,147,88,129,149,149,166,168,156,182,180,139,168,154,186,161,120,161,180,168,168,137,129,147,168,161,161,134,112,168,149,193,186,195,188,144,144,134,144,161,199,215,205,195,178,176,166,166,161,142,154,180,178,142,97,112,134,154,156,134,156,161,170,217,178,161,131,142,142,131,128,154,203,189,174,159,149,137,159,170,156,180,142,142,170,154,118,178,217,166,188,214,180,142,109,120,151,115,112,106,184,144,170,126,134,161,139,149,149,97,59,35,120,120,166,168,123,103,178,35,123,85,112,88,64,35,25,57,88,142,149,120,103,131,120,100,94,91,88,117,88,142,161,156,174,180,170,184,174,172,207,178,134,149,139,180,170,154,195,144,126,156,79,161,163,126,156,142,166,97,91,137,154,123,137,100,59
154,131,95,88,71,57,59,129,142,159,193,161,151,170,170,168,161,129,161,159,103,88,121,168,188,217,174,134,166,178,180,178,214,214,193,178,139,103,121,163,161,163,180,170,193,205,172,131,166,217,184,180,178,182,186,191,197,176,106,121,115,147,144,80,103,144,149,144,199,184,178,159,161,156,131,161,168,151,163,134,134,144,161,168,214,197,149,154,202,214,232,233,199,168,193,189,161,159,144,186,174,174,207,195,189,222,202,208,224,199,176,134,151,142,154,172,204,182,123,144,142,134,163,180,186,154,144,139,178,178,85,123,112,88,200,204,215,178,168,118,154,88,178,186,168,149,149,126,154,184,174,168,149,161,64,109,189,184,172,154,112,77,97,118,91,57,170,180,151,134,71,176,154,211,88,142,151,94,94,112,149,154,134,154,142,168,144,174,186,118,172,100,189,188,115,100,154,142,64,97,168,137,156,156,188,161,123,147,172,97,100,149,184,184,154,147,161,174,172,180,149,134,137,128,112,184,204,170,134,137,156,156,182,154,137,156,161,200,188,142,161,168,174,128,131,163,200,178,170,189,180,168,161,180,156,139,156,154,137,120,134,215,247,205,176,200,156,149,134,100,128,112,112,131,202,188,134,144,139,154,168,134,134,112,97,82,100,168,149,161,142,137,123,103,97,170,82,37,16,14,12,20,37,115,174,174,112,168,115,106,82,59,57,115,106,85,131,174,211,200,205,128,112,154,189,106,139,137,128,168,205,184,189,156,97,137,128,106,188,174,195,193,144,126,137,142,172,144,106,94,88
174,131,80,88,57,38,121,180,149,168,149,100,134,163,193,191,161,161,189,168,103,88,118,180,202,184,176,142,65,168,204,163,207,195,156,112,149,178,154,156,193,199,189,197,195,188,98,154,204,170,178,147,178,193,211,225,184,149,159,142,123,139,154,88,147,71,147,161,156,197,197,137,91,163,180,193,219,121,168,134,121,174,182,161,184,191,211,161,184,211,236,224,195,156,147,180,142,144,142,205,166,180,205,211,172,211,211,191,215,228,222,161,134,166,154,149,204,174,186,156,147,163,170,142,134,151,147,170,193,199,134,88,142,166,184,199,204,172,121,106,115,144,147,131,142,123,79,88,159,204,193,200,178,85,57,85,191,182,149,154,137,161,163,168,106,77,142,174,168,168,109,131,97,149,204,161,103,88,121,129,115,154,166,139,161,163,154,163,151,142,180,186,184,154,91,168,142,79,120,159,193,178,195,200,154,128,74,120,137,123,88,159,193,139,79,106,161,189,211,163,115,134,97,112,134,195,222,186,142,163,184,195,215,208,186,180,170,193,161,128,180,144,178,142,161,163,149,149,147,188,180,174,154,137,149,149,170,163,120,97,200,247,240,205,172,163,142,170,168,120,128,123,123,109,149,170,103,134,142,137,144,120,115,128,120,131,106,134,170,144,144,128,112,161,134,112,82,31,21,37,62,54,88,170,199,137,128,149,97,126,97,54,51,71,115,112,134,189,207,184,149,149,106,137,117,147,144,161,180,184,234,180,151,163,115,91,123,137,195,180,159,144,161,123,161,215,120,149,147,100,88
151,112,83,91,95,98,129,144,142,176,98,51,129,176,180,129,154,163,161,159,131,154,161,159,156,154,131,154,184,149,200,204,166,151,156,163,161,137,98,142,193,191,189,199,163,106,77,151,195,168,139,139,137,199,226,204,174,134,147,161,172,154,168,139,95,88,176,166,147,144,189,151,115,134,178,214,227,149,142,137,159,156,193,149,193,197,218,134,154,174,197,178,129,126,139,168,134,154,147,193,126,154,170,191,184,180,168,168,178,211,231,149,154,139,204,161,207,178,193,144,228,220,156,142,82,106,180,195,188,180,121,106,166,186,163,168,184,151,134,154,121,123,159,142,91,77,51,109,193,202,189,172,137,88,51,106,168,193,139,137,149,154,168,163,137,134,149,149,214,215,186,134,91,186,178,156,57,115,199,213,142,97,144,168,168,174,142,106,161,139,233,207,197,129,154,176,163,154,170,180,204,238,237,195,120,57,46,115,115,195,137,174,134,123,106,142,195,211,204,168,115,118,67,118,176,178,191,191,154,189,226,222,222,219,213,215,161,97,174,106,170,161,134,120,147,163,168,163,161,161,149,144,115,115,120,161,134,168,79,126,228,244,238,225,163,112,112,142,156,109,134,100,94,79,79,115,123,131,123,120,142,134,115,137,120,120,106,154,178,159,166,161,134,128,112,79,82,88,112,115,112,142,168,168,154,159,174,97,154,106,100,88,103,123,115,115,115,128,154,154,112,79,137,134,134,156,170,226,203,134,154,134,144,159,144,115,106,117,154,97,74,134,76,163,161,215,161,178,126,147,128
123,123,112,83,163,154,126,126,131,161,65,36,109,131,139,100,149,137,121,184,205,137,106,174,174,109,91,154,163,170,178,186,144,149,168,142,142,118,100,168,213,211,142,149,142,77,156,215,193,199,180,139,151,204,215,186,154,161,168,139,193,200,154,168,142,115,168,178,142,144,178,186,129,100,159,208,195,161,109,129,170,170,170,193,215,186,166,121,154,176,182,161,129,154,154,137,115,161,161,144,129,126,112,149,200,170,142,161,166,208,231,137,137,170,204,184,172,178,161,170,240,200,163,103,65,88,180,178,142,142,170,180,123,134,178,200,163,149,168,174,142,156,193,189,142,74,131,142,174,189,178,142,112,54,74,142,163,163,154,144,184,182,161,156,121,115,163,174,193,204,213,178,147,168,174,186,156,156,188,205,204,189,170,159,178,184,156,168,178,184,195,248,219,174,178,126,97,193,219,174,205,219,200,149,103,97,64,144,161,168,168,161,112,154,154,142,189,184,200,170,82,88,91,97,91,151,139,184,197,211,228,202,161,195,222,189,123,106,166,112,159,161,115,112,193,184,168,154,142,156,149,139,109,142,112,142,112,144,123,142,184,236,247,232,144,57,103,168,106,118,137,134,100,91,88,123,159,142,123,134,154,137,123,161,142,120,154,172,154,170,205,180,120,97,154,74,88,168,186,174,163,182,156,154,170,188,161,134,147,137,134,142,154,134,144,161,142,117,149,147,156,128,156,200,154,161,214,198,188,128,67,123,168,139,106,120,126,106,115,137,106,76,74,128,147,154,191,189,144,123,134
168,98,91,95,178,147,144,123,134,131,98,74,123,147,142,112,139,139,163,197,197,161,170,225,189,149,88,168,156,154,134,118,154,100,103,139,174,176,163,180,149,134,80,91,106,106,200,211,223,224,147,97,142,184,174,180,182,156,139,134,139,161,211,225,202,156,103,144,170,214,215,159,121,106,156,232,224,115,80,118,142,191,180,156,199,193,147,106,170,211,199,139,144,178,147,134,112,115,154,112,142,88,123,161,193,193,168,161,178,213,208,137,115,178,147,154,163,176,180,176,174,189,149,65,74,123,163,156,103,147,129,151,112,149,200,204,121,204,189,184,202,204,223,208,178,176,191,168,142,193,172,129,131,91,134,186,174,134,178,186,154,176,168,129,142,142,126,211,200,180,199,204,193,204,200,191,142,149,180,176,214,225,180,97,161,163,170,202,211,197,188,223,180,120,161,189,178,197,193,120,154,178,137,166,139,120,161,195,168,200,170,149,149,170,168,170,178,193,195,156,82,62,94,43,106,67,126,161,215,205,182,174,128,156,178,112,154,186,134,128,142,163,137,128,208,174,166,154,115,154,154,118,142,112,134,112,85,106,112,154,126,215,229,199,106,85,163,163,174,154,103,200,126,147,120,166,195,186,123,112,128,142,156,174,159,134,195,154,144,184,161,134,112,115,147,115,139,195,193,178,174,154,170,189,180,186,168,170,154,142,106,134,170,176,163,156,159,131,117,144,128,128,144,134,156,149,168,154,112,85,88,137,180,163,142,142,126,134,178,178,168,144,144,154,115,117,174,211,189,176,163
147,129,95,109,149,161,91,142,95,103,106,80,123,178,129,154,134,189,129,193,209,191,207,223,186,163,159,168,184,147,126,103,80,123,166,188,199,186,186,184,161,149,163,77,115,161,193,219,251,182,159,151,137,180,172,112,176,170,137,174,112,131,199,205,193,199,134,121,170,176,121,115,131,147,178,211,184,112,91,131,168,163,170,159,180,189,154,115,161,186,170,170,178,184,178,170,118,74,129,137,129,137,168,178,178,184,182,168,170,205,199,147,112,139,144,137,197,176,168,161,154,168,121,112,97,123,154,154,144,144,88,82,77,176,170,219,178,193,186,189,188,200,223,215,211,234,208,121,178,168,142,161,161,131,189,156,174,121,166,195,186,168,174,149,142,151,161,168,115,134,199,205,197,220,211,178,123,142,178,193,225,211,161,151,67,149,222,193,240,184,100,134,134,100,189,232,209,156,137,168,168,184,163,137,88,161,174,202,209,207,193,168,178,178,159,205,220,204,142,100,126,51,94,59,62,112,154,128,144,174,178,178,149,112,128,128,184,193,184,100,118,144,139,123,168,168,144,149,106,137,170,149,128,120,156,126,106,74,123,154,151,161,184,168,139,123,137,168,217,142,91,199,213,142,180,200,182,186,120,100,149,142,142,156,156,151,203,128,163,115,120,106,149,139,142,180,147,188,170,137,139,134,180,168,156,178,163,174,161,134,88,137,174,180,168,186,184,123,106,134,224,144,120,97,139,100,174,109,103,94,144,137,161,180,170,154,156,144,139,161,200,170,154,142,120,120,154,174,178,166,163
137,142,98,98,159,139,121,123,118,126,139,95,115,98,77,134,168,168,134,205,199,193,161,184,182,151,180,180,188,154,71,85,112,156,166,166,197,193,193,208,161,142,149,154,131,161,199,159,199,211,180,205,218,103,134,195,189,131,134,129,112,57,109,166,202,191,178,168,144,168,178,168,176,199,193,123,222,156,161,182,180,103,166,74,193,142,156,139,142,159,182,186,170,204,204,168,172,170,103,129,193,195,184,161,161,205,200,161,154,204,195,137,129,154,142,159,200,172,134,142,161,142,149,156,118,147,184,188,161,106,71,80,129,193,184,213,137,156,186,211,156,166,193,218,238,233,147,103,178,166,137,204,121,178,168,134,112,137,154,159,178,166,161,178,151,176,126,209,71,142,186,211,232,193,227,215,168,137,134,176,170,91,51,88,144,156,193,248,213,147,94,131,166,161,215,234,225,207,189,200,128,67,168,112,62,199,168,235,199,186,215,199,156,159,178,180,204,168,139,85,109,74,120,142,134,142,120,134,100,134,161,151,139,134,149,178,200,204,161,112,106,134,123,118,142,154,106,106,120,142,191,170,131,174,170,156,134,103,144,178,189,112,161,168,156,128,147,189,178,142,134,189,208,180,182,154,131,156,184,142,128,112,106,161,191,195,156,120,137,48,115,134,186,193,170,161,112,168,172,120,144,149,149,139,97,134,168,172,174,134,106,109,134,139,188,205,178,134,163,170,219,149,79,100,74,128,142,142,161,142,144,115,154,211,184,168,112,74,120,186,178,178,168,142,106,103,120,166,142,120,161
123,71,91,123,134,161,174,156,112,151,161,112,85,139,134,161,170,98,176,199,144,161,129,154,168,134,176,195,186,154,46,103,178,154,137,156,184,191,193,189,161,123,142,168,163,204,168,184,217,166,219,215,234,151,123,174,121,88,134,126,80,103,97,195,178,191,161,184,209,186,195,178,178,163,163,199,137,193,182,170,163,151,88,134,121,134,207,168,149,184,207,223,168,163,218,170,202,166,154,170,209,199,209,207,184,178,154,156,184,193,163,174,172,178,170,193,168,156,161,161,159,156,147,139,144,174,193,168,121,91,74,103,182,211,200,151,88,154,199,204,189,172,168,207,215,178,112,97,193,184,144,161,144,123,191,170,85,144,166,121,109,149,180,178,154,161,142,182,91,205,200,220,225,189,163,176,186,154,151,161,131,97,100,36,159,115,204,219,151,184,180,139,174,217,242,234,205,211,202,168,88,85,202,161,142,174,191,191,195,144,128,154,144,154,163,172,209,149,100,79,57,159,159,204,159,170,137,154,120,128,142,120,163,211,205,193,184,178,166,142,106,134,134,115,112,123,112,100,128,156,149,147,168,156,156,168,149,142,137,168,184,159,142,144,161,137,168,166,120,142,189,199,161,154,115,91,139,174,178,168,131,106,120,161,189,144,156,161,123,149,112,186,191,168,149,128,123,154,180,195,200,174,131,103,54,88,134,180,168,154,142,112,115,154,172,203,203,197,205,195,168,79,123,97,120,144,178,186,170,189,144,106,120,154,180,134,82,112,134,211,147,161,180,149,94,115,112,106,137,178,154
95,100,123,159,137,159,154,137,142,144,151,137,112,112,98,142,109,121,159,223,200,121,163,151,154,149,151,186,174,147,137,170,213,142,131,163,131,161,202,184,142,144,166,184,184,199,166,161,174,142,176,176,170,159,126,149,156,100,103,118,118,168,188,121,121,172,95,147,142,163,161,142,134,123,103,161,176,131,208,142,159,118,109,178,178,188,208,156,131,193,131,88,163,163,204,182,154,134,159,129,180,199,202,225,188,156,178,197,205,213,218,180,205,176,188,163,112,142,184,186,161,144,137,142,154,166,161,151,97,77,94,112,176,209,204,129,97,144,211,226,211,180,131,142,184,184,139,121,193,197,204,142,126,195,199,178,142,161,154,121,112,131,118,109,121,144,139,63,112,204,193,178,225,213,211,149,139,184,184,142,120,142,126,71,91,163,195,180,200,217,170,112,184,208,184,174,184,191,208,154,100,168,195,163,57,170,208,123,123,184,112,139,176,178,186,142,147,156,67,100,134,134,147,128,207,161,149,112,123,134,106,123,215,233,213,142,131,184,94,139,149,142,128,123,144,149,134,128,120,128,106,85,144,144,149,166,109,112,103,168,189,195,137,120,142,154,144,115,103,154,188,168,139,118,64,74,134,149,195,200,126,88,120,120,134,137,163,211,213,213,161,203,178,154,115,88,109,170,193,205,202,170,137,91,97,120,88,149,195,168,156,120,142,174,178,199,222,211,184,178,137,64,161,100,154,85,178,168,219,198,142,79,85,76,48,100,100,97,149,188,186,128,144,161,120,88,137,144,156,208,154
139,134,139,142,184,154,172,170,142,118,156,134,131,85,109,126,142,205,242,193,172,182,137,139,154,193,234,246,200,180,193,184,209,209,184,123,103,154,174,156,142,168,193,213,170,166,161,129,131,151,151,137,115,103,151,204,193,137,129,161,204,134,129,142,144,154,123,103,121,180,189,189,126,137,154,112,154,199,161,170,134,189,166,184,186,137,142,159,199,209,188,154,178,211,151,166,121,112,121,112,166,222,144,197,137,193,215,211,200,225,232,219,163,195,178,77,156,151,207,178,189,151,142,142,139,168,166,88,80,49,129,151,199,215,191,115,91,161,223,235,211,156,82,103,204,228,161,129,172,211,213,168,151,195,180,176,186,186,161,142,144,134,88,88,139,154,118,59,121,123,154,204,217,191,180,142,161,182,176,139,134,137,103,109,131,168,215,112,205,126,71,115,200,174,118,147,154,168,200,184,170,229,128,118,195,193,142,142,200,151,134,134,174,199,191,184,126,88,168,149,151,112,154,64,154,120,189,112,106,97,128,149,178,180,115,115,88,77,144,142,128,195,134,154,184,186,170,123,88,97,82,35,79,144,168,149,123,91,100,184,170,156,134,128,123,126,120,106,134,144,161,154,147,142,126,64,103,142,211,213,134,106,123,131,142,137,156,184,211,219,184,161,154,109,106,115,120,180,178,120,178,195,161,115,144,137,106,123,178,144,128,144,149,168,168,154,186,184,168,174,161,134,134,123,88,74,134,186,222,203,159,112,74,57,28,59,120,106,142,137,151,174,134,128,115,74,134,163,168,168,112
129,151,115,149,168,170,180,144,142,131,134,184,112,85,219,159,193,172,237,226,199,184,161,142,142,178,186,208,218,159,154,168,199,182,168,170,103,112,100,142,129,172,189,161,139,131,156,121,131,149,139,142,126,134,188,213,208,204,213,211,211,189,170,156,137,147,147,142,142,149,166,172,147,161,189,154,170,193,182,191,142,168,161,95,184,161,168,178,193,161,168,180,163,174,174,180,170,121,174,154,151,188,112,163,151,103,168,211,208,220,241,204,161,170,163,142,129,191,184,215,174,156,147,112,154,151,88,38,38,59,178,154,199,161,137,91,121,159,200,217,217,126,67,106,176,211,189,154,211,218,168,184,144,154,142,191,184,182,174,172,180,170,149,100,144,180,161,106,144,154,161,193,166,166,149,161,176,156,159,166,129,85,149,199,204,151,154,178,174,178,142,154,199,174,144,112,161,195,202,168,147,186,236,178,174,172,103,184,193,163,97,142,200,211,193,161,149,134,161,180,134,64,123,159,137,142,128,91,120,120,149,137,123,159,128,97,120,106,106,195,161,200,159,156,186,172,168,142,103,123,59,28,94,178,174,151,112,59,64,161,163,120,131,142,154,128,115,134,134,109,142,106,120,142,178,91,103,154,219,203,186,144,137,161,142,126,128,120,188,180,170,154,149,137,100,128,147,142,149,163,195,195,191,154,142,115,123,112,103,142,112,112,154,168,142,117,147,178,172,154,139,142,128,134,97,88,134,189,208,222,197,176,115,91,91,67,115,142,134,149,142,186,159,85,117,100,123,168,112,97,103
126,159,88,147,149,154,159,161,137,149,106,98,154,112,172,199,193,176,180,186,176,170,166,123,109,151,215,215,172,159,151,144,199,215,129,193,178,163,174,199,170,121,168,178,137,131,168,182,126,106,195,189,180,166,193,172,225,231,235,242,246,226,174,142,112,134,168,163,139,142,121,121,149,142,168,199,182,200,188,176,170,142,142,126,166,161,170,161,161,182,204,170,147,166,188,199,214,180,188,174,161,137,178,134,129,154,154,199,213,225,225,205,180,149,200,184,67,213,178,186,180,156,154,144,154,112,43,59,43,137,204,184,142,184,178,142,156,82,208,199,189,163,103,115,97,134,168,178,219,184,159,134,168,134,166,178,180,184,184,178,180,168,149,131,159,186,139,166,191,180,168,156,161,134,144,163,161,112,112,200,200,97,178,208,191,142,178,217,186,180,191,166,142,134,154,142,170,208,199,120,126,184,184,211,154,120,123,161,131,151,159,161,200,195,193,184,159,176,142,149,123,103,151,149,186,137,74,97,97,79,156,184,163,186,144,120,82,109,163,166,202,142,174,139,161,203,203,178,128,118,120,112,163,186,168,170,126,20,106,120,147,142,149,109,118,154,174,142,100,131,85,112,168,142,176,172,115,172,225,203,184,154,159,159,151,137,137,115,139,137,161,161,163,137,120,115,163,149,163,174,168,195,189,168,144,147,137,131,112,156,64,85,161,178,161,144,161,163,144,128,106,123,74,137,170,115,139,189,195,202,176,168,156,120,120,106,112,161,144,134,123,120,142,123,106,94,106,126,97,97,120
142,144,100,134,137,134,163,199,149,131,131,103,103,88,142,188,154,166,137,134,159,202,205,154,129,161,209,189,159,170,154,161,178,88,154,180,199,205,227,228,191,139,103,166,154,144,159,88,154,174,147,191,199,137,112,172,211,161,218,251,248,202,134,134,97,134,168,193,180,170,129,88,123,123,134,191,189,186,161,168,191,163,154,178,174,112,121,156,161,168,193,200,163,134,151,163,147,178,189,184,154,121,178,204,178,168,200,217,225,222,241,182,97,142,154,149,112,38,121,163,126,137,147,151,112,95,80,85,137,191,184,238,195,211,208,211,103,126,151,238,189,199,168,85,64,109,100,180,199,189,211,112,149,168,218,184,199,193,178,159,154,144,134,142,144,137,142,222,170,144,174,112,134,159,170,161,149,129,142,204,213,197,219,186,144,147,184,195,199,170,178,200,151,97,120,200,205,184,168,134,144,205,178,156,142,168,170,120,151,184,168,168,195,202,211,215,134,79,118,131,131,112,149,166,174,106,82,82,97,97,128,166,184,205,195,163,163,137,109,126,161,142,85,178,120,178,186,180,149,151,137,115,170,151,193,144,100,97,57,151,154,137,163,170,115,97,118,159,166,174,142,94,156,142,178,199,147,215,208,223,161,131,149,142,154,161,120,128,109,154,156,186,154,134,154,85,147,123,170,142,137,189,154,147,149,134,166,151,134,144,82,128,166,189,197,195,168,120,126,142,128,74,91,139,174,154,174,172,142,131,168,174,182,154,115,115,134,193,123,67,128,91,79,144,79,106,109,106,131,163,161
137,123,100,129,121,154,144,176,161,123,121,109,95,71,106,154,147,131,121,147,178,228,224,184,134,193,223,170,174,214,191,204,178,131,199,180,184,184,197,186,109,174,142,131,168,149,109,88,109,142,134,159,154,123,170,118,170,137,172,215,154,121,129,149,137,112,121,209,178,209,123,131,118,199,184,178,170,172,151,176,178,139,186,199,151,112,163,168,154,154,129,163,166,129,126,142,123,139,142,154,142,163,178,172,186,195,231,241,243,204,176,176,65,134,139,103,142,112,36,65,149,144,163,161,80,77,82,137,204,188,200,178,178,240,238,191,166,184,189,225,208,170,123,82,80,121,189,180,208,202,189,142,85,219,193,184,189,156,126,139,142,121,123,134,85,129,191,214,109,121,172,118,154,193,174,142,149,178,193,189,209,241,231,189,120,156,154,178,170,161,178,193,123,106,161,184,215,204,134,123,200,178,120,156,151,166,193,200,174,156,180,202,219,225,178,178,134,100,147,189,184,91,131,142,147,120,74,97,156,186,191,184,195,203,186,180,176,154,142,149,142,149,115,106,128,142,154,186,203,172,156,128,120,134,154,126,91,88,100,142,161,137,168,184,106,97,159,193,202,156,112,154,106,137,161,170,200,208,208,195,189,178,178,144,161,149,106,134,170,149,151,184,151,144,97,100,144,131,137,131,142,147,123,142,149,117,156,174,120,154,123,142,112,168,186,154,137,131,106,97,123,128,156,100,134,193,205,131,100,88,161,180,156,128,79,100,134,137,154,79,123,134,46,112,115,137,106,100,142,182,178
161,142,95,98,118,137,123,134,142,109,106,129,112,80,100,144,142,109,134,129,166,224,222,204,161,137,170,172,189,217,191,161,180,154,144,121,139,134,129,115,144,123,149,154,147,121,95,123,142,97,149,147,82,131,149,168,85,163,176,106,59,91,134,139,159,126,109,178,199,149,115,126,163,249,207,182,151,176,151,144,180,180,174,178,161,156,182,178,147,106,74,112,161,139,118,109,121,123,97,142,142,144,115,142,209,188,195,239,237,207,77,59,154,178,131,142,180,91,80,95,118,156,204,223,134,97,161,168,200,202,184,174,142,205,222,199,193,191,209,204,161,161,147,121,134,134,188,204,222,178,144,134,144,170,154,115,134,121,97,112,131,91,67,123,88,180,191,215,67,144,139,156,159,163,172,121,134,189,195,170,213,238,219,163,88,137,106,172,131,161,168,180,154,139,163,174,204,199,112,142,200,103,91,142,118,168,182,209,182,161,176,178,182,174,151,180,161,112,163,215,149,170,154,123,142,144,134,134,166,178,184,205,205,149,168,176,205,151,163,168,161,137,151,128,142,156,149,134,163,180,176,156,134,112,134,156,79,85,154,126,178,184,159,109,115,134,161,203,191,142,134,131,97,128,168,200,202,156,205,242,235,200,199,199,166,142,85,123,131,139,154,180,123,142,156,186,128,161,115,151,126,97,154,168,120,131,142,178,112,120,149,131,115,149,134,120,112,123,106,79,123,115,144,134,120,184,144,128,123,144,170,144,115,97,106,159,128,100,180,79,142,103,79,100,154,128,112,115,88,97,134
176,163,115,95,129,112,131,131,118,109,134,142,129,123,123,144,161,137,134,166,159,193,204,188,163,134,142,199,207,182,131,134,147,154,134,134,118,121,80,112,147,134,149,161,144,137,149,126,121,112,95,109,59,170,180,129,188,178,199,121,91,151,144,103,126,178,195,199,170,154,182,178,197,240,229,182,186,163,139,123,174,189,156,161,213,159,161,174,137,129,85,88,123,115,100,100,123,134,129,131,95,134,184,168,142,176,215,225,219,178,154,80,163,193,142,189,213,193,149,112,106,144,211,224,211,142,147,186,189,219,211,195,193,168,205,213,170,186,193,180,149,139,184,166,161,182,170,211,184,154,170,139,144,142,91,64,59,79,106,109,67,79,115,137,168,200,172,142,97,161,163,118,163,144,211,193,137,134,168,170,215,225,184,112,88,109,137,174,163,137,168,193,115,137,170,178,156,149,156,123,156,103,82,115,142,129,100,200,204,147,88,97,126,163,161,156,144,139,168,170,168,191,118,163,134,123,139,172,131,134,161,182,191,154,134,156,126,149,168,161,154,144,120,166,186,149,134,142,163,208,205,156,88,120,123,100,159,112,128,176,184,184,163,166,163,170,178,195,184,154,115,112,137,144,168,193,172,180,182,214,203,161,211,219,147,154,144,112,91,149,151,106,161,199,188,200,142,161,154,142,154,142,163,170,123,142,168,154,142,128,188,163,161,134,120,139,100,103,128,91,82,112,144,149,117,149,134,123,149,172,178,137,137,134,123,147,120,100,134,134,137,154,142,156,128,82,134,139,46,62,109
137,115,112,123,134,112,121,137,121,142,170,161,163,176,159,166,156,144,163,174,103,123,161,159,139,142,142,188,205,161,134,129,163,186,184,193,174,147,154,139,121,159,168,154,161,178,174,142,112,88,80,91,112,71,134,180,193,191,142,156,174,188,159,121,154,199,188,123,163,232,200,225,186,215,222,149,147,174,161,95,134,172,180,213,195,170,156,172,112,154,100,88,80,88,134,168,159,172,137,126,144,168,214,188,142,174,218,209,184,178,129,112,131,168,134,144,242,180,191,168,166,159,174,197,193,199,193,186,208,200,182,182,234,204,168,188,172,184,205,172,149,139,161,174,142,97,106,168,161,168,211,204,174,134,36,28,67,74,88,121,144,142,131,151,170,161,131,109,154,189,195,159,151,166,195,176,154,109,168,219,199,161,97,134,129,163,204,202,174,168,168,161,74,123,170,168,149,147,170,112,142,97,126,168,149,54,51,225,241,174,64,131,168,174,161,112,154,137,176,172,172,154,174,115,142,120,142,149,97,97,170,159,163,178,142,120,118,170,161,156,134,142,128,159,180,142,120,156,184,186,161,120,139,120,126,161,168,161,144,189,180,213,176,159,188,174,154,154,168,172,134,142,112,120,147,161,144,123,180,168,134,142,184,178,134,139,149,139,123,147,142,123,193,193,154,195,168,166,172,128,149,156,161,178,163,120,137,144,178,211,186,184,149,115,134,79,88,142,134,91,64,131,126,126,154,139,112,71,120,161,176,170,144,137,120,91,94,117,115,154,123,156,134,139,112,59,109,112,91,82,115
100,115,137,161,121,121,123,121,147,134,149,191,170,178,207,172,137,151,123,168,88,134,131,126,149,161,159,184,205,178,168,144,174,134,168,207,184,170,178,131,118,156,184,166,166,189,161,144,139,112,88,97,97,129,161,159,163,200,161,151,214,199,170,139,161,170,123,139,193,240,244,240,199,161,163,121,166,161,100,65,159,223,178,159,193,159,151,172,100,82,134,106,74,80,168,188,156,156,137,156,176,168,176,193,144,149,178,193,184,168,123,142,129,129,139,134,178,168,202,199,178,168,134,142,151,159,222,204,207,178,174,202,240,184,161,154,163,178,176,142,147,156,129,139,147,88,82,180,223,211,189,199,200,123,36,46,121,112,88,112,147,139,137,144,144,131,178,178,211,202,180,195,176,195,191,154,129,161,211,200,156,79,134,199,178,204,219,213,166,193,131,126,106,126,172,168,156,147,178,170,106,106,193,189,142,82,123,247,251,204,144,199,195,131,168,161,149,168,161,191,154,142,88,170,213,184,112,94,120,174,161,131,161,168,161,142,154,168,154,126,149,88,161,134,188,139,120,118,147,180,184,137,112,112,170,184,163,115,208,131,163,205,161,142,154,156,178,170,151,131,149,128,139,120,161,154,123,174,168,159,115,156,161,131,168,170,115,112,178,163,161,208,144,142,168,174,161,168,168,134,128,139,170,180,156,88,131,161,128,172,159,139,159,112,97,97,79,128,134,112,97,97,131,137,142,156,134,71,88,128,174,184,142,115,106,74,94,149,115,112,137,128,161,161,128,100,94,94,123,120,100
80,123,211,144,129,77,166,163,159,137,134,191,126,182,207,178,191,149,118,199,151,195,134,65,149,211,209,205,213,193,154,154,121,77,131,123,144,134,149,137,131,170,202,195,161,134,134,161,142,109,97,166,168,195,168,161,142,134,134,137,205,195,115,106,149,161,154,163,156,214,241,226,189,97,134,178,151,126,97,112,204,211,184,144,121,131,154,129,100,126,142,118,97,121,174,168,131,149,174,174,134,109,139,161,139,123,151,178,180,184,163,144,154,134,129,118,149,172,195,204,184,178,176,154,168,204,223,205,174,156,168,215,149,151,156,137,159,139,166,214,137,115,184,174,131,112,170,156,209,211,224,219,112,134,142,134,170,174,134,106,121,154,142,106,166,151,139,238,204,182,195,193,186,200,204,151,129,189,215,170,149,144,137,166,193,193,205,211,156,142,142,154,163,184,184,161,149,149,180,168,106,159,204,207,195,200,238,242,234,180,193,178,137,112,172,174,156,176,137,178,134,112,149,231,235,184,88,123,142,174,134,106,163,182,168,176,209,184,161,154,154,144,168,151,193,170,126,134,172,203,186,168,79,144,161,163,139,163,180,156,134,147,88,115,161,193,186,191,193,144,168,134,134,120,168,174,131,161,215,112,120,144,176,134,142,161,180,154,144,174,189,191,85,134,115,123,180,151,137,142,134,144,166,142,208,220,85,91,178,128,156,109,182,176,142,112,115,142,161,106,134,184,161,112,163,161,186,142,106,156,174,174,144,97,91,120,128,154,142,115,112,103,193,211,163,151,123,97,94,126,144
121,134,163,131,142,134,109,149,199,178,144,149,161,193,195,215,205,178,172,168,154,211,144,112,178,231,222,222,219,170,154,204,103,129,112,100,115,103,142,176,178,147,193,197,161,134,134,168,149,118,142,184,180,178,193,189,123,80,80,115,161,147,109,134,142,103,118,97,170,166,204,193,142,51,74,154,137,142,134,126,191,224,217,103,43,154,139,121,156,151,149,112,123,151,156,174,189,176,170,154,139,139,144,123,131,123,166,176,193,189,186,184,184,170,154,168,161,159,182,204,188,188,182,184,193,211,207,193,184,180,202,174,184,200,184,134,156,163,180,200,222,188,209,226,189,154,163,168,186,243,240,163,159,121,189,180,195,168,147,142,142,159,142,123,170,178,161,208,235,205,204,178,205,188,139,151,134,154,189,215,134,94,123,137,137,184,184,170,100,134,184,182,161,178,191,178,149,168,166,159,156,161,168,199,234,229,241,219,149,134,174,115,82,126,161,163,139,154,170,178,149,142,200,225,184,142,154,168,168,112,91,134,193,191,154,188,240,184,161,184,174,180,180,161,168,200,161,151,189,191,168,134,144,134,154,120,137,184,94,174,134,118,103,161,142,168,186,184,225,203,144,139,139,156,193,156,163,149,180,202,142,154,172,166,134,147,97,174,100,144,149,184,137,79,103,131,174,142,115,134,178,199,199,161,211,193,120,134,134,149,142,103,166,225,168,106,137,128,106,142,147,161,144,134,170,120,97,174,168,154,161,170,156,134,91,100,137,142,156,128,88,91,188,222,207,211,163,79,57,106,189
166,106,67,134,98,77,126,142,163,172,163,172,151,161,193,204,174,211,218,170,142,193,174,204,223,193,172,207,204,163,168,202,142,131,161,149,121,139,154,186,151,137,176,204,176,161,134,149,184,123,154,151,149,204,172,154,115,85,74,115,115,100,109,147,156,88,103,154,199,142,142,142,112,65,54,100,118,121,134,134,191,223,174,154,156,156,172,197,222,219,213,189,170,156,126,149,184,161,142,199,235,209,161,137,163,174,184,184,191,191,200,205,199,184,215,204,163,147,134,170,184,180,189,199,202,207,200,180,174,200,205,174,189,200,193,144,168,161,225,224,215,204,214,242,232,161,142,182,222,219,163,161,180,209,147,161,151,149,163,180,147,149,139,134,163,137,176,240,156,220,168,180,170,235,193,129,137,129,211,204,142,123,163,134,74,172,161,129,103,215,186,180,168,197,178,168,211,208,159,178,156,139,156,180,178,193,200,154,134,112,134,134,126,176,178,170,156,142,208,137,154,168,154,166,147,170,174,168,149,97,112,193,202,161,180,180,184,186,166,184,205,205,180,180,193,193,163,126,144,168,118,112,142,142,186,161,154,115,144,174,151,151,118,134,149,142,156,186,226,203,161,112,161,131,205,193,170,161,215,200,193,149,154,126,120,118,174,154,180,142,168,109,149,144,115,168,149,168,76,88,170,180,178,184,94,178,186,106,144,112,97,106,193,156,174,174,112,67,82,123,149,149,144,161,115,142,193,184,205,154,120,139,106,168,170,112,117,149,184,178,100,85,142,202,240,237,200,117,57,106,178
134,103,121,112,134,109,85,98,103,137,176,154,154,174,151,172,184,189,211,200,151,154,161,204,222,211,166,180,184,161,168,156,142,139,129,109,166,149,168,134,123,172,161,174,178,156,142,134,163,134,161,154,161,161,184,121,112,97,121,144,159,154,139,144,176,154,182,202,195,168,168,112,100,121,100,106,123,156,170,174,199,204,159,180,204,154,161,225,208,213,217,195,189,139,134,154,134,129,154,228,250,213,161,205,204,144,178,188,193,204,191,186,197,193,195,200,163,142,88,134,202,199,182,193,186,161,161,154,131,191,205,170,174,189,211,199,168,170,215,215,178,178,220,238,205,166,159,161,204,166,159,189,217,189,166,142,154,147,156,161,121,106,161,168,184,144,134,189,211,220,211,170,236,195,172,137,142,142,168,225,139,182,106,118,144,217,82,176,186,170,195,163,195,213,184,142,200,199,168,161,161,91,97,134,208,191,142,151,154,129,144,161,163,207,186,147,193,205,151,106,134,184,123,151,168,142,161,137,137,161,178,193,172,154,163,126,144,199,184,172,200,178,184,203,174,144,134,91,88,134,142,97,106,134,193,174,142,139,168,149,142,170,112,128,163,168,168,200,203,182,193,149,128,159,193,200,191,207,225,209,161,163,161,154,85,91,184,199,193,154,161,170,142,142,142,131,178,174,112,91,131,166,161,144,144,180,142,103,115,109,91,109,134,178,200,170,97,54,88,137,137,168,115,85,88,82,120,213,161,184,76,115,144,149,134,142,149,149,208,184,100,64,137,184,222,211,203,154,88,97,159
131,134,134,100,77,67,80,103,88,91,149,151,163,197,168,131,161,149,176,204,142,67,103,174,215,211,207,202,199,178,151,142,142,106,121,71,144,163,149,129,168,170,163,139,159,151,134,134,142,163,176,166,154,134,202,147,149,144,189,188,195,184,166,166,180,199,220,193,189,184,199,100,129,170,154,166,176,199,200,168,163,184,166,204,154,166,149,180,204,97,180,154,88,139,161,180,149,134,186,195,223,184,199,168,193,193,200,176,205,184,178,142,137,134,154,191,156,100,149,154,180,200,154,170,142,91,123,154,112,142,193,182,166,191,223,223,176,186,204,193,159,184,197,204,204,188,151,147,178,172,170,174,207,193,161,161,174,139,134,151,161,178,195,202,103,97,144,184,239,209,219,154,149,176,156,180,168,180,195,172,178,142,134,163,195,149,227,188,182,178,186,193,200,208,207,149,71,161,193,172,109,123,180,144,225,154,154,97,106,189,168,144,154,178,211,144,226,170,134,142,134,149,178,178,161,94,147,161,161,174,193,205,161,142,100,128,168,199,191,161,131,128,176,163,131,147,161,118,64,112,154,91,120,128,151,166,126,123,142,184,161,159,123,134,149,154,159,182,176,163,131,112,112,191,200,203,203,211,224,213,180,184,142,79,97,82,112,137,168,168,161,176,147,156,123,128,149,142,106,97,134,174,163,134,106,109,149,120,112,134,128,137,88,100,180,161,74,76,109,115,134,123,79,97,144,112,180,186,149,170,106,137,149,195,180,159,149,142,174,161,134,76,170,137,154,161,178,180,166,128,144
137,121,112,103,91,54,65,109,134,121,154,139,134,163,170,172,154,182,178,180,118,46,65,121,191,200,191,224,234,208,151,154,166,85,88,129,147,189,142,149,178,178,161,137,129,129,142,161,174,178,178,131,168,161,184,208,193,211,199,202,193,193,174,163,163,176,168,174,193,189,161,137,168,168,176,176,204,199,172,161,137,142,147,161,129,131,176,142,151,151,129,106,88,186,215,161,178,200,168,161,182,176,154,142,215,180,197,131,200,131,178,129,100,142,174,139,109,207,172,144,163,159,139,91,149,168,126,144,134,142,208,202,186,211,215,222,191,178,184,168,168,188,174,149,170,184,184,161,168,178,186,193,197,180,174,172,154,142,134,147,176,200,174,161,163,137,121,172,184,176,166,191,170,174,154,168,168,176,199,184,168,168,120,180,174,144,147,195,163,154,186,226,218,195,193,166,88,120,166,154,204,134,207,226,186,176,174,161,142,163,156,159,163,106,151,229,142,189,154,126,134,126,170,154,120,64,120,163,147,134,178,200,142,109,172,120,203,211,172,193,97,118,131,149,154,156,186,151,106,131,112,120,134,163,134,161,144,144,154,193,154,142,161,154,149,126,131,154,154,170,67,149,142,180,208,213,202,163,215,217,184,180,170,123,97,97,106,134,151,168,168,154,137,120,126,120,106,142,172,154,154,161,163,161,144,142,134,112,154,184,154,134,134,139,144,115,88,112,120,88,134,154,91,137,193,178,205,170,88,168,161,142,134,131,144,144,137,137,117,139,112,103,128,142,139,120,180,178,109,120,134
134,80,109,95,85,129,95,115,170,166,176,219,154,115,147,207,200,193,186,184,154,67,129,159,178,189,193,195,228,241,199,156,149,166,103,115,166,186,112,149,161,131,168,154,106,103,186,188,178,154,163,147,166,151,178,184,200,205,154,151,180,193,180,161,142,100,103,156,176,154,103,142,176,161,184,182,199,186,159,166,178,184,161,131,131,151,204,176,151,180,154,166,174,195,193,193,197,191,166,168,202,222,168,209,142,204,174,186,186,129,131,178,156,142,118,112,123,180,168,161,174,134,178,184,161,193,176,168,199,184,208,238,228,236,211,209,182,178,156,134,166,166,123,80,149,211,188,159,180,193,193,205,186,161,172,191,172,144,161,184,211,199,161,193,189,151,178,178,151,139,144,147,166,199,207,228,200,174,156,134,170,168,144,186,211,166,163,174,176,168,182,217,235,199,193,211,123,74,118,174,223,149,149,195,134,174,172,168,180,154,131,161,154,91,154,174,112,159,88,134,97,38,163,193,112,112,109,137,144,112,115,180,144,123,151,161,205,174,205,203,123,123,100,128,161,168,149,156,161,149,106,149,120,176,168,134,180,174,203,178,170,154,168,149,156,149,120,142,123,91,144,161,156,137,202,208,170,168,215,199,199,203,184,174,139,178,199,128,151,197,207,123,134,117,139,137,142,120,139,166,168,166,144,154,154,178,137,128,163,178,137,142,137,97,134,156,156,156,142,128,151,142,142,149,189,180,112,144,142,156,159,123,123,123,137,142,112,82,79,85,115,154,161,134,137,142,178,170,184,149,109
88,80,98,98,91,98,121,137,168,186,202,163,174,88,134,144,182,121,184,166,156,174,202,168,131,112,144,226,238,227,191,225,208,161,156,115,172,161,161,149,156,134,106,109,112,118,126,166,142,168,163,129,142,112,65,163,207,184,142,134,144,163,199,197,147,103,112,137,149,154,106,134,176,172,186,191,168,168,176,174,184,184,202,142,147,200,200,197,147,161,189,199,178,154,163,209,193,168,178,195,213,227,178,137,214,147,208,193,161,182,215,161,147,129,131,154,159,191,197,193,178,161,168,199,213,191,205,208,200,219,222,241,252,244,218,154,166,178,154,115,109,139,129,112,161,188,154,156,178,195,186,178,161,134,134,154,149,118,134,189,223,195,156,161,174,163,180,168,137,149,137,151,176,199,217,217,176,103,134,168,147,178,149,184,214,199,109,88,170,195,189,188,184,193,241,211,62,46,149,186,209,163,112,131,118,97,170,191,151,115,147,174,195,154,106,134,149,137,79,131,79,51,142,154,170,180,137,147,123,149,176,168,172,137,79,176,168,197,215,166,144,161,134,97,147,174,134,142,154,123,149,112,161,180,159,180,174,186,213,188,174,137,142,174,189,180,134,154,106,144,154,149,137,154,186,202,184,193,186,225,209,200,193,184,197,211,225,189,203,208,225,147,170,88,168,170,154,126,109,137,154,176,156,120,180,128,100,161,154,159,144,163,106,137,117,161,161,123,178,144,120,154,142,147,142,174,137,100,134,100,154,186,163,134,137,134,88,74,131,154,144,147,168,172,178,174,142,128,166,202,186
80,121,85,88,41,168,168,118,168,170,106,170,88,88,109,121,142,168,142,142,156,151,176,151,139,180,193,168,184,191,172,234,193,154,80,209,156,163,154,144,106,100,80,98,112,77,142,151,195,161,97,134,82,134,154,131,149,161,174,144,91,106,170,202,186,151,112,149,156,174,100,109,168,178,154,159,142,142,172,147,147,170,188,163,170,178,172,178,142,144,178,154,91,121,170,195,186,161,184,211,199,174,149,156,224,180,226,182,166,168,172,174,163,144,166,211,168,161,207,202,142,115,159,137,186,174,184,200,209,214,237,246,244,247,217,134,131,121,94,142,118,222,149,195,134,176,142,131,156,166,163,129,139,67,91,54,64,17,63,159,193,168,154,156,180,147,137,151,142,137,137,154,166,178,193,161,142,134,134,168,161,154,193,149,174,195,79,40,147,176,172,161,176,217,217,205,142,129,204,129,170,172,149,147,134,120,163,168,120,74,199,246,214,197,159,126,131,137,161,134,118,211,188,134,176,204,217,204,178,184,207,193,178,134,109,154,174,156,134,154,142,154,163,161,144,144,118,100,100,128,159,128,168,154,134,215,174,193,189,193,142,137,168,174,172,168,166,180,161,203,100,147,131,161,172,226,217,197,178,227,189,144,168,184,180,199,211,211,199,174,193,172,142,103,154,170,112,112,88,112,189,184,154,137,120,123,120,178,184,193,115,176,151,149,137,91,137,144,134,161,170,79,144,134,137,128,120,168,91,139,163,186,191,71,28,109,123,103,149,123,147,163,168,195,123,134,178,178,180,195,195
88,131,88,41,65,106,134,121,126,176,123,103,170,123,156,176,180,188,163,180,161,106,172,170,144,139,154,205,195,178,154,151,182,180,156,213,154,184,156,166,103,85,88,112,123,106,154,142,176,139,103,80,103,106,186,67,149,149,170,134,80,74,172,225,184,184,131,170,131,126,137,142,129,161,142,123,112,118,142,126,154,166,126,178,184,163,142,142,121,129,134,115,74,103,170,188,197,174,180,180,161,103,126,178,211,234,222,204,180,149,176,204,199,176,199,211,189,178,200,215,161,147,137,134,200,186,172,170,159,195,222,222,229,228,197,121,94,115,134,144,208,223,178,195,154,154,161,131,123,154,184,161,54,67,121,82,43,5,57,88,91,126,156,129,159,170,168,166,134,85,100,123,137,161,180,156,142,159,142,151,161,172,199,100,139,103,137,97,112,137,131,182,204,174,191,222,199,178,144,215,180,168,193,222,149,142,178,180,97,134,232,242,174,161,193,204,170,94,126,189,161,109,109,128,225,249,245,217,207,222,186,184,168,142,142,144,126,106,134,151,159,156,139,161,142,120,123,103,115,144,168,144,126,144,168,180,213,189,197,182,149,161,174,100,120,186,180,178,178,139,134,144,134,161,168,217,203,168,184,217,184,134,142,159,149,168,199,161,168,168,215,184,131,137,142,134,100,97,115,142,176,174,156,151,142,142,154,120,184,144,137,170,186,178,88,88,144,154,103,126,100,137,144,128,161,154,193,91,178,174,142,154,168,82,19,54,139,168,128,159,128,134,168,151,94,163,156,161,149,115,142
121,154,139,83,67,112,77,43,80,131,142,118,129,202,184,161,200,199,219,186,154,144,174,142,91,118,147,174,199,142,159,178,134,168,161,174,149,161,193,118,161,131,154,147,142,156,178,129,186,163,168,74,126,144,142,131,154,115,180,188,161,142,126,170,147,188,174,65,142,151,161,161,100,161,154,161,149,126,91,115,168,161,163,168,144,109,142,137,65,106,129,149,121,91,174,202,204,204,154,149,112,95,95,199,202,233,204,222,207,191,199,218,215,200,191,202,199,180,188,209,211,184,178,161,172,205,166,134,142,182,199,193,204,182,142,134,159,168,166,195,211,211,219,154,134,204,176,154,149,161,170,176,161,121,195,159,100,59,16,8,25,134,129,97,144,195,213,161,88,59,28,64,103,151,188,178,170,170,161,168,178,154,126,109,147,131,154,106,91,129,129,134,159,168,186,195,184,172,174,228,208,211,208,193,176,202,161,142,147,215,211,142,176,184,200,180,115,126,88,163,178,168,149,168,217,240,203,200,186,163,154,176,186,188,142,67,59,82,120,151,168,156,147,149,154,139,161,163,184,161,154,149,134,134,163,168,203,213,189,180,170,147,154,156,163,193,161,154,147,126,168,144,106,137,106,147,149,161,168,178,154,142,137,137,118,144,195,174,161,168,203,193,174,123,154,100,156,137,117,159,178,170,170,161,142,134,112,79,112,120,178,191,198,149,91,97,103,128,120,88,168,131,134,137,159,154,134,168,186,120,137,156,126,79,134,180,168,197,109,142,154,142,134,134,112,186,134,205,120,139,147
163,161,147,168,176,144,109,85,80,121,151,193,180,154,184,161,166,163,168,193,188,174,178,151,98,83,156,186,163,123,112,170,168,156,139,142,166,168,144,161,163,159,159,178,159,174,197,211,180,170,211,166,129,88,184,112,88,137,178,191,180,168,112,91,126,159,188,129,188,142,170,189,131,121,151,174,156,134,88,100,180,176,123,134,80,109,189,154,57,126,172,154,147,121,178,215,202,199,156,161,106,142,151,228,199,215,195,222,219,222,204,200,211,195,180,174,161,163,159,199,227,207,191,154,161,186,156,134,142,142,149,154,170,170,161,163,172,178,178,168,163,202,178,134,144,134,176,191,180,147,131,139,168,184,200,184,204,115,19,40,63,82,129,168,178,168,161,142,88,43,19,46,100,180,170,222,161,134,168,184,168,144,112,137,161,144,139,139,129,139,149,154,163,163,168,161,174,193,242,208,142,161,168,144,199,161,184,134,170,209,186,134,161,168,134,161,211,118,112,189,189,120,163,134,203,205,142,134,180,159,178,188,209,178,178,103,71,79,161,184,178,159,142,134,166,199,202,200,174,168,168,163,123,115,142,178,211,203,203,178,168,149,115,154,195,168,137,154,142,156,142,161,115,100,88,106,142,178,149,139,166,166,154,134,128,147,178,193,161,156,163,195,195,142,149,134,161,163,109,123,176,163,139,156,134,112,115,97,94,128,193,174,151,180,117,74,74,115,163,134,144,131,163,161,154,142,156,156,128,161,168,161,144,205,205,208,239,200,120,94,106,205,159,123,91,178,168,123,144,172,161
134,134,139,188,220,233,202,176,144,121,208,202,178,176,219,168,139,166,207,219,215,208,209,149,95,129,189,193,156,134,166,193,166,109,149,174,178,195,182,168,154,156,184,178,168,168,191,147,151,207,191,168,91,109,189,178,106,123,161,129,112,134,170,139,131,168,180,178,121,168,214,159,172,121,134,180,159,142,100,97,137,142,118,97,131,139,172,115,103,80,211,149,195,180,174,217,213,142,142,154,149,222,184,207,189,213,193,211,208,219,172,178,204,170,131,156,137,137,97,189,207,186,178,134,137,161,168,139,154,142,137,163,166,178,211,234,209,178,159,112,134,159,168,134,112,144,159,170,170,176,178,115,142,170,207,207,168,154,129,109,134,139,186,235,199,178,178,106,67,63,51,79,91,184,213,149,142,144,174,168,137,142,149,137,139,151,142,161,168,149,142,142,161,154,147,154,184,211,242,222,154,142,161,161,151,129,88,180,174,178,211,161,64,120,193,180,184,204,211,204,64,211,184,218,219,142,149,144,184,205,174,144,174,154,166,120,144,115,213,178,142,149,126,118,134,170,200,161,106,128,97,168,193,161,166,186,209,180,199,168,147,172,149,172,161,115,178,154,149,174,142,137,180,123,118,112,144,137,142,137,174,195,154,142,144,154,154,172,100,134,156,161,200,166,126,142,131,128,109,115,172,174,149,120,134,134,128,120,85,120,161,161,186,178,134,88,79,115,144,112,137,174,170,184,159,161,163,144,172,189,188,120,128,178,234,241,237,213,161,40,64,123,186,178,149,91,154,168,180,176,142
71,123,137,170,217,223,208,195,200,174,202,202,193,193,199,189,220,168,239,234,228,217,200,100,103,208,211,240,238,217,168,123,137,180,142,121,159,178,180,172,188,174,182,184,193,176,156,159,142,202,149,112,131,115,189,161,121,112,149,121,74,65,109,149,168,184,168,178,178,134,176,168,161,121,103,115,172,142,97,88,100,121,134,144,186,123,156,161,134,139,159,178,178,161,178,178,184,149,142,168,174,211,118,163,193,182,184,214,163,154,139,178,188,129,123,178,126,103,88,189,174,186,134,142,123,100,174,154,154,139,151,161,161,184,225,235,184,178,137,149,126,121,142,168,188,178,156,154,180,189,174,149,109,144,232,208,180,182,191,191,170,172,200,213,202,142,137,161,121,100,134,168,142,134,163,126,154,168,161,168,137,112,142,120,120,156,144,151,188,134,120,115,142,139,134,163,193,200,211,223,170,163,186,144,134,156,134,170,161,184,213,149,51,74,156,222,223,237,211,88,176,142,191,211,215,154,174,176,186,217,189,128,134,205,168,170,168,154,100,120,131,128,134,106,159,161,170,142,43,67,123,203,180,172,211,168,207,211,189,156,134,174,149,100,149,159,180,189,213,174,139,195,106,142,144,109,144,139,168,154,144,168,123,137,123,118,134,156,94,128,161,154,161,186,144,149,112,79,97,168,191,178,170,139,161,112,123,97,126,106,123,178,180,174,170,137,94,115,149,170,139,154,166,184,163,154,154,139,168,176,178,161,156,174,224,225,166,170,174,100,28,149,215,195,109,112,163,62,88,154,168
57,129,182,139,129,137,178,174,161,193,142,112,103,176,161,223,202,200,244,232,239,195,161,154,123,193,238,248,238,204,115,98,154,154,156,144,134,159,182,193,168,149,121,144,163,217,121,109,123,193,144,163,142,154,174,172,154,129,112,134,88,91,131,126,126,118,159,168,144,123,200,184,134,147,172,189,174,139,115,121,112,168,180,131,154,182,202,168,147,170,131,142,106,134,149,161,142,121,166,215,163,178,151,95,156,161,184,149,134,154,112,97,137,142,142,180,134,80,118,129,159,163,166,184,129,74,186,168,109,118,139,121,134,170,188,161,134,200,163,178,142,147,174,193,204,195,184,188,186,178,178,134,144,142,197,205,180,166,172,202,176,195,197,166,176,180,134,121,134,142,170,184,154,163,147,174,166,156,178,131,120,109,139,154,142,134,195,188,168,161,126,97,137,134,129,178,193,178,137,168,189,178,154,112,129,161,163,172,189,195,189,142,112,128,168,207,213,182,144,147,215,134,174,220,174,97,128,189,199,184,182,161,154,203,195,176,126,189,43,156,200,186,161,163,142,154,154,137,76,94,137,199,163,211,199,184,200,188,156,154,142,128,120,112,166,199,211,239,200,82,209,79,154,142,161,100,79,186,161,159,178,149,120,161,142,142,154,117,123,142,149,134,149,123,168,184,126,88,115,172,222,215,178,172,139,112,100,112,178,123,131,147,184,213,207,174,142,131,188,209,137,161,170,170,144,139,134,134,112,139,200,205,205,184,134,115,120,131,142,142,134,163,219,184,123,120,74,51,57,144,184
