23131,23132,23133,23134,23135,23136,23137,23138,23139,23140,23141,23142,23143,23144,23145,23146,23147,23148,23149,23150,23151,23152,23153,23154,23155,23156,23157,23158,23159,23160,23161,23162,23163,23164,23165,23166,23167,23168,23169,23170,23171,23172,23173,23174,23175,23176,23177,23178,23179,23180,23181,23182,23183,23184,23185,23186,23187,23188,23189,23190,23191,23192,23193,23194,23195,23196,23197,23198,23199,23200,23201,23202,23203,23204,23205,23206,23207,23208,23209,23210,23211,23212,23213,23214,23215,23216,23217,23218,23219,23220,23221,23222,23223,23224,23225,23226,23227,23228,23229,23230,23231,23232,23233,23234,23235,23236,23237,23238,23239,23240,23241,23242,23243,23244,23245,23246,23247,23248,23249,23250,23251,23252,23253,23254,23255,23256,23257,23258,23259,23260,23261,23262,23263,23264,23265,23266,23267,23268,23269,23270,23271,23272,23273,23274,23275,23276,23277,23278,23279,23280,23281,23282,23283,23284,23285,23286,23287,23288,23289,23290,23291,23292,23293,23294,23295,23296,23297,23298,23299,23300,23301,23302,23303,23304,23305,23306,23307,23308,23309,23310,23311,23312,23313,23314,23315,23316,23317,23318,23319,23320,23321,23322,23323,23324,23325,23326,23327,23328,23329,23330,23331,23332,23333,23334,23335,23336,23337,23338,23339,23340,23341,23342,23343,23344,23345,23346,23347,23348,23349,23350,23351,23352,23353,23354,23355,23356,23357,23358,23359,23360,23361,23362,23363,23364,23365,23366,23367,23368,23369,23370,23371,23372,23373,23374,23375,23376,23377,23378,23379,23380,23381,23382,23383,23384,23385,23386,23387,23388,23389,23390,23391,23392,23393,23394,23395,23396,23397,23398,23399,23400,23401,23402,23403,23404,23405,23406,23407,23408,23409,23410,23411,23412,23413,23414,23415,23416,23417,23418,23419,23420,23421,23422,23423,23424,23425,23426,23427,23428,23429,23430,23431,23432,23433,23434,23435,23436,23437,23438,23439,23440,23441,23442,23443,23444,23445,23446,23447,23448,23449,23450,23451,23452,23453,23454,23455,23456,23457,23458,23459,23460,23461,23462,23463,23464,23465,23466,23467,23468,23469,23470,23471,23472,23473,23474,23475,23476,23477,23478,23479,23480,23481
123,98,92,114,123,141,107,92,107,84,126,84,131,146,110,104,188,131,95,110,107,112,110,120,76,101,101,90,82,58,101,92,146,167,193,201,134,151,151,173,185,183,157,123,160,193,126,188,160,193,141,117,134,95,104,188,160,123,90,87,143,112,82,79,141,95,87,84,104,92,69,90,110,112,151,173,183,173,169,177,152,136,166,175,185,193,143,157,152,160,169,163,160,163,169,179,173,167,160,152,175,167,157,131,110,152,160,186,214,157,131,87,101,151,134,143,123,87,110,90,107,123,87,90,112,90,72,104,126,90,101,117,104,152,167,157,152,163,160,101,143,90,101,84,95,104,131,157,146,143,101,95,155,190,163,114,169,169,110,151,185,163,152,203,195,159,112,138,152,157,203,159,151,138,159,235,248,225,159,167,175,167,146,179,175,138,179,163,159,185,210,214,225,213,152,138,134,82,131,190,190,173,163,163,95,126,87,112,146,126,90,126,138,79,123,148,123,117,123,90,117,152,143,104,95,97,123,101,126,146,87,87,117,110,79,123,126,95,126,157,151,179,126,79,95,131,104,73,123,123,126,146,134,95,104,104,131,110,157,123,188,146,185,146,220,183,157,152,112,71,90,143,151,157,138,112,90,175,131,173,138,175,203,134,157,157,151,163,143,143,163,159,131,112,131,87,112,117,126,112,143,81,79,90,117,123,112,117,81,79,101,73,101,131,81,94,94,73,117,94,79,90,110,126,110,131,138,104,81,73,101,112,117,123,79,109,87,123,117,87,73,87,138,134,101,94,117,101,104,104,138
79,84,84,123,136,92,120,110,76,123,110,120,87,112,175,126,163,193,138,90,95,112,112,79,82,79,95,90,44,110,148,160,126,157,203,160,126,104,151,169,169,143,167,152,136,169,134,169,143,120,123,112,123,87,92,157,151,101,143,95,104,98,101,143,163,87,101,95,82,72,72,84,126,134,163,179,179,160,131,163,160,163,163,173,179,214,157,128,152,167,175,173,157,163,169,169,183,169,143,169,195,146,143,131,169,195,160,157,193,146,117,112,110,160,160,123,114,117,104,90,90,110,110,110,87,126,101,66,72,104,110,126,117,152,167,175,166,160,163,123,79,79,117,131,104,95,87,131,143,87,110,95,172,146,79,117,82,173,117,157,163,169,193,228,181,114,183,175,143,163,173,202,179,185,202,229,233,214,159,136,175,152,173,131,152,213,188,138,104,112,200,217,169,146,143,107,79,112,159,167,190,216,172,193,179,101,203,123,112,134,117,79,110,112,104,128,146,110,112,81,73,138,126,97,143,112,110,173,138,117,52,71,167,138,134,157,123,123,152,126,163,134,79,110,146,173,117,134,126,126,126,131,112,79,81,110,123,151,167,175,198,110,203,195,214,167,138,138,134,110,110,138,117,157,173,143,110,202,138,163,151,173,169,183,123,175,159,123,123,143,183,146,95,134,110,131,87,151,87,134,101,101,112,134,123,117,123,131,101,126,71,94,123,79,71,43,112,90,66,63,63,90,104,110,101,101,101,81,94,58,54,138,79,87,109,104,94,138,131,54,90,123,126,109,123,87,94,123,79,81,112
41,110,155,98,87,84,95,172,123,120,69,79,90,69,98,143,112,126,114,117,110,110,95,82,95,95,79,87,90,138,131,146,126,152,151,110,138,143,160,157,160,157,167,185,151,183,148,143,157,63,151,82,69,104,114,95,112,126,123,138,104,120,87,128,110,123,87,63,117,87,61,87,160,157,155,160,148,131,123,173,179,190,157,173,173,167,152,152,157,163,152,190,160,101,128,157,167,167,155,183,185,183,157,198,179,152,207,201,195,173,163,160,112,112,112,73,82,126,120,110,73,87,134,134,82,95,110,128,123,87,79,117,138,138,134,143,160,131,134,141,143,95,87,143,112,87,82,87,117,110,73,82,112,95,90,82,151,134,166,104,117,183,207,183,117,152,179,190,167,143,138,228,213,173,207,188,221,214,157,101,179,193,117,110,151,151,143,173,151,112,185,183,152,138,126,79,95,146,152,151,190,193,138,202,79,152,152,163,82,107,136,90,101,117,123,151,159,123,90,123,104,117,134,112,126,131,112,143,110,110,123,128,157,123,104,151,159,143,110,112,101,117,95,163,167,134,138,143,151,134,104,95,110,126,131,151,175,152,179,152,123,159,202,190,179,154,152,157,143,104,90,117,120,134,159,173,146,143,163,143,110,146,151,169,143,151,126,104,112,134,163,151,126,101,81,90,123,117,104,134,101,134,101,104,134,126,123,146,143,87,134,90,66,94,101,110,101,87,66,112,90,79,87,101,87,87,104,104,90,81,138,90,138,66,143,84,90,112,131,90,81,87,94,109,94,138,87,71,71,66,101
98,120,128,90,76,84,120,143,136,84,141,120,63,84,114,87,104,101,101,123,87,107,131,101,66,95,76,74,74,101,134,123,131,104,95,110,131,110,141,143,157,160,138,169,183,138,167,151,143,87,72,123,123,123,110,90,90,104,101,138,151,123,146,82,126,87,52,117,131,55,42,87,173,151,117,126,117,123,157,152,167,175,157,188,172,126,163,185,163,172,152,157,173,143,117,123,151,195,181,169,160,217,179,195,146,160,235,210,214,198,167,160,143,128,120,73,82,112,110,123,104,163,134,126,131,117,138,126,104,87,95,117,126,123,117,157,128,138,146,138,131,126,73,104,138,112,87,90,73,79,104,87,117,112,141,160,175,143,95,131,152,134,146,175,169,160,143,175,195,117,134,157,163,117,185,169,233,226,126,185,210,198,146,110,73,79,126,131,112,146,183,175,138,157,157,169,146,73,90,193,167,185,195,179,151,173,169,159,82,71,163,138,71,126,183,151,112,95,117,112,107,82,90,95,131,87,152,126,138,101,112,87,73,112,104,90,126,110,131,66,101,79,151,146,101,126,151,169,154,112,110,126,123,138,157,143,169,183,146,104,126,167,167,179,175,152,159,163,143,123,81,104,117,95,123,163,143,95,131,131,134,173,117,112,152,146,117,95,81,112,143,143,126,58,126,134,151,101,112,90,104,146,90,95,138,138,131,138,131,104,71,79,79,131,87,167,73,104,73,101,94,101,101,87,101,104,123,104,81,126,104,79,159,79,134,112,126,138,110,126,104,90,123,112,87,112,87,61,117,90,157
128,98,84,107,101,76,110,110,76,72,42,92,92,87,92,120,114,90,84,79,107,101,98,90,143,53,98,92,87,90,90,92,101,90,123,101,123,123,101,138,151,160,167,143,134,123,157,136,131,126,76,131,123,82,74,72,74,101,126,131,141,157,169,117,74,104,82,104,84,61,63,95,117,185,160,120,138,126,131,169,157,163,151,190,169,188,183,206,160,163,143,166,177,167,131,134,173,160,181,183,173,183,193,160,151,183,228,210,210,203,163,160,179,151,107,79,104,131,131,87,136,104,152,101,123,131,110,101,123,87,82,110,101,104,82,123,141,166,166,143,97,143,123,87,101,138,126,95,79,72,101,143,123,95,110,104,136,143,112,157,134,138,179,179,188,195,175,152,146,110,72,87,160,151,146,202,203,214,235,213,185,222,210,97,44,95,143,143,141,152,167,167,157,155,175,190,169,90,143,207,175,190,198,203,173,169,152,131,126,163,134,123,167,173,159,123,101,146,143,148,110,90,54,151,134,173,71,146,151,87,79,95,58,95,138,95,117,117,69,117,138,151,79,143,87,131,138,173,126,90,117,138,117,126,112,157,190,173,163,101,134,151,179,185,146,152,152,151,151,138,79,87,123,87,117,151,163,126,131,152,183,163,71,101,138,138,131,104,112,134,138,104,112,123,143,134,134,110,73,104,131,163,152,104,94,123,110,101,101,101,54,110,138,175,112,143,110,112,110,71,101,117,87,101,123,126,138,138,117,101,117,134,94,112,117,104,112,87,104,110,117,117,101,66,110,167,101,87,61,151,163
126,112,104,110,110,110,95,128,57,36,84,92,66,120,112,107,107,110,120,76,63,101,131,134,82,79,90,76,98,114,79,82,87,112,151,110,117,110,95,134,151,177,143,138,146,126,112,123,104,146,131,110,84,87,87,87,90,112,143,131,131,173,151,117,79,90,101,101,123,126,117,123,123,173,183,157,136,117,95,151,157,173,143,167,177,210,207,173,163,169,126,166,131,123,173,193,183,148,169,173,185,183,179,131,179,179,207,188,185,173,160,148,167,151,101,90,123,167,95,90,82,114,123,101,95,123,95,73,101,87,82,123,61,123,138,82,157,173,175,167,120,117,134,131,95,112,104,84,82,72,143,126,101,55,110,63,101,163,160,131,175,175,190,226,213,190,195,173,128,117,143,195,183,175,123,177,216,188,198,206,215,241,213,123,104,167,188,167,185,175,138,151,179,126,146,177,192,202,207,195,157,157,188,207,195,163,126,131,159,151,134,146,159,151,112,128,134,143,138,82,134,90,169,185,161,71,134,82,110,117,87,110,143,143,146,126,134,131,157,146,167,167,48,169,157,87,173,131,104,79,110,126,151,138,131,169,193,134,185,126,101,131,123,134,146,157,167,143,143,87,66,87,126,117,143,131,167,175,152,131,151,126,90,112,146,143,123,117,146,157,131,112,138,112,134,95,152,123,87,173,173,134,146,134,90,79,90,101,73,52,104,143,126,138,123,112,110,104,104,110,90,101,104,90,94,110,126,143,126,58,79,104,73,112,146,117,117,101,110,101,131,101,73,94,138,126,90,87,79,123,126
110,120,98,101,110,112,101,79,57,69,76,107,69,101,117,107,120,107,128,98,66,98,84,82,84,95,82,104,131,104,123,101,112,114,151,117,112,123,112,114,128,104,126,66,79,183,79,138,123,173,117,101,131,146,117,101,136,134,152,193,169,163,110,112,104,87,128,179,146,157,126,134,131,160,185,173,131,123,143,110,157,175,148,157,210,207,163,173,190,201,173,151,169,169,175,175,173,173,131,112,193,201,169,179,195,200,188,160,169,146,123,123,146,179,134,110,112,169,117,117,87,131,72,95,104,87,90,87,82,104,87,95,126,87,141,79,173,143,190,112,138,141,163,161,138,82,101,61,58,95,79,101,112,95,55,66,126,151,193,134,169,210,200,220,217,193,196,188,160,169,152,173,225,138,141,202,126,117,131,214,225,233,193,101,134,167,185,169,214,193,151,101,185,179,167,175,221,243,228,185,131,143,152,169,151,138,157,163,163,138,138,163,173,159,143,126,134,151,167,134,126,131,179,159,58,73,123,95,104,123,131,104,110,123,152,146,95,123,151,123,110,90,66,188,163,90,138,138,138,138,138,134,73,95,146,152,190,157,95,138,101,104,112,131,146,112,169,167,126,143,110,110,101,151,79,143,143,207,173,131,185,177,169,157,188,163,126,138,152,151,131,112,126,81,138,134,134,117,163,179,163,123,123,152,117,81,94,110,112,71,117,126,79,87,134,90,73,123,131,131,94,101,117,87,94,94,90,110,110,81,110,126,110,123,126,123,104,66,101,94,94,54,73,104,117,131,110,94,79,94,94
98,98,123,107,114,101,63,50,53,76,90,98,98,84,151,57,101,114,107,98,79,74,101,114,87,98,114,82,87,87,143,87,101,134,152,123,117,87,87,82,112,151,117,163,136,52,185,157,160,110,169,166,138,169,157,161,179,136,134,146,151,151,112,131,37,167,143,183,141,173,143,151,173,151,126,131,152,151,82,123,183,169,160,163,190,193,188,200,208,208,217,213,200,151,151,169,167,167,141,126,167,188,201,214,203,195,183,169,152,138,112,120,151,167,146,123,92,143,146,126,128,104,90,87,126,126,73,110,110,123,87,79,152,112,101,95,126,151,190,146,160,201,206,157,134,117,104,95,58,82,73,112,90,95,57,95,97,185,163,151,143,185,226,241,225,198,203,203,126,141,207,101,163,134,167,185,172,198,175,210,214,185,157,112,104,152,196,193,167,123,159,169,151,207,219,210,210,190,169,185,179,151,126,126,95,163,202,183,167,167,157,157,157,152,151,138,134,134,110,126,151,126,61,82,134,104,112,143,123,101,143,167,126,112,146,143,123,90,66,90,87,117,123,143,110,152,151,151,126,151,169,123,123,173,190,152,213,134,81,73,134,173,134,95,123,169,190,212,198,173,126,81,73,104,90,110,151,213,143,214,110,193,206,195,169,152,138,159,146,123,123,114,143,110,112,198,95,131,167,151,131,159,134,131,117,110,112,101,151,81,90,90,138,104,94,94,87,104,138,117,94,87,90,104,104,104,90,87,81,101,101,112,101,94,87,79,90,117,126,79,61,73,104,143,173,134,71,87,87,104,61
95,101,136,114,98,84,48,46,50,69,114,87,79,98,101,107,79,84,87,84,90,92,92,114,110,82,84,57,120,138,152,82,123,148,112,110,61,87,101,82,104,192,152,160,138,167,157,157,157,126,152,134,146,151,175,131,183,172,107,157,179,123,117,152,217,57,151,201,173,151,183,173,110,112,146,146,151,126,175,201,175,172,166,175,175,185,157,179,198,193,186,143,167,203,175,179,167,185,151,175,167,155,213,213,169,179,183,138,101,152,163,138,138,134,134,123,112,117,143,117,112,126,110,90,151,117,72,104,126,126,110,90,112,101,104,110,112,160,183,173,151,190,173,151,152,143,117,112,104,72,90,112,73,72,79,123,110,117,157,110,167,160,223,223,213,202,169,166,207,185,152,131,146,143,134,223,146,193,206,228,233,203,134,110,146,169,190,205,143,92,169,126,220,223,223,220,146,123,163,229,207,146,123,152,198,193,202,203,134,179,157,131,159,123,167,157,112,138,131,110,126,95,79,126,143,110,95,138,131,112,134,110,104,112,112,123,151,90,134,151,90,126,123,123,126,95,175,207,167,110,138,138,131,151,151,166,159,110,143,157,134,163,143,112,151,152,175,190,179,152,126,87,95,104,87,110,123,203,126,193,193,167,143,173,163,131,123,143,159,146,126,110,151,112,131,203,112,151,152,134,131,151,123,110,117,101,101,101,101,101,81,81,151,110,54,90,71,94,104,131,104,71,81,126,123,110,117,112,54,123,159,79,73,112,73,79,101,94,101,79,58,101,126,112,131,143,71,87,101,90,123
114,120,123,120,87,57,42,42,63,84,104,76,76,95,90,107,76,114,101,84,76,95,101,87,92,101,101,76,84,84,98,128,101,112,101,72,82,69,87,87,95,143,185,134,95,101,134,166,110,134,141,157,185,146,169,167,143,151,143,151,134,167,157,157,141,195,157,181,183,151,134,126,152,138,167,179,167,221,185,188,203,175,160,157,90,175,169,161,143,173,163,151,172,183,185,216,157,169,123,73,195,173,175,163,126,173,143,131,126,157,161,110,117,143,138,143,151,131,141,123,101,104,104,90,126,107,90,104,104,123,131,87,107,123,90,114,138,157,151,152,138,134,169,183,163,138,134,117,73,79,104,101,72,95,114,151,126,101,143,134,157,152,214,216,195,181,146,175,214,181,183,196,131,110,134,195,185,183,220,235,231,228,216,206,169,173,190,185,131,202,188,193,203,216,179,157,87,183,226,173,185,173,151,95,216,239,217,95,117,157,146,131,146,110,151,157,101,152,173,87,101,143,123,151,143,112,107,126,138,157,173,138,101,123,131,110,151,128,112,117,120,123,123,157,138,163,183,151,123,101,95,183,163,138,138,152,134,123,138,136,112,152,152,152,190,183,169,188,175,143,152,151,126,123,87,79,110,167,123,138,207,134,175,179,152,131,123,159,185,138,134,169,138,112,151,198,159,152,138,151,134,138,126,123,123,90,79,104,110,104,61,66,117,110,61,58,104,87,110,126,110,71,79,117,126,101,101,117,54,138,110,110,104,104,58,110,104,81,90,79,61,81,117,104,87,126,112,94,112,126,126
120,120,114,114,79,50,42,50,107,101,76,98,98,138,112,98,87,114,128,90,74,79,87,107,134,128,98,98,90,76,101,123,69,76,98,76,120,123,74,90,138,175,157,117,44,57,123,151,146,72,95,143,169,173,136,134,126,90,101,160,131,195,151,175,134,177,203,207,146,134,126,160,166,175,173,188,146,148,195,185,203,210,126,169,160,117,143,173,188,173,175,161,151,173,181,173,179,138,152,143,195,183,143,188,131,143,152,177,126,95,134,117,90,110,143,183,167,143,95,138,92,87,95,95,104,110,104,90,90,104,112,87,128,152,87,72,123,123,126,126,104,143,152,163,160,146,126,87,82,95,87,87,110,152,126,123,151,110,123,169,167,161,152,157,160,146,151,196,203,167,157,151,146,143,112,207,183,163,163,173,190,221,220,210,193,152,160,146,117,101,157,134,195,95,87,188,235,179,163,203,188,183,159,193,239,223,195,101,159,159,79,138,161,134,157,159,134,117,143,163,157,157,136,163,134,123,123,126,110,183,152,131,123,110,123,126,152,138,104,123,110,131,146,190,159,126,126,143,151,157,138,126,169,151,126,143,123,112,146,146,193,159,90,159,167,138,152,134,151,167,173,202,169,101,87,87,117,131,131,157,213,173,110,152,157,117,151,175,157,138,110,126,134,163,73,152,190,126,143,151,117,104,146,151,117,87,95,112,117,66,101,61,110,126,110,87,104,87,131,101,117,61,73,101,101,110,104,101,117,90,48,134,90,110,79,104,90,112,81,66,73,90,90,71,71,104,71,73,163,131,110
123,110,101,98,84,76,63,69,101,92,72,84,79,131,79,101,95,98,120,98,92,98,76,123,107,114,79,117,87,76,92,101,72,57,95,120,101,112,110,131,173,198,183,128,79,104,146,123,117,123,112,110,151,167,117,74,61,110,155,117,167,198,160,163,232,226,200,141,138,148,173,151,143,208,183,151,163,134,169,131,183,179,173,151,97,172,157,123,201,173,175,169,160,167,185,169,198,185,192,169,173,183,152,198,172,188,163,163,110,123,120,114,101,104,201,160,157,131,134,110,112,166,73,95,110,101,110,90,87,95,101,138,101,134,126,73,90,104,126,110,104,138,110,134,151,138,110,95,126,72,61,117,151,146,104,110,138,90,112,169,161,143,138,104,87,134,190,175,157,202,157,123,167,157,117,169,195,110,44,95,167,207,203,181,134,87,95,117,87,101,206,181,146,34,143,220,175,163,220,173,167,143,159,159,175,210,213,195,157,175,123,169,138,202,159,152,146,179,183,152,159,175,169,138,131,112,169,79,151,143,104,159,143,90,110,143,126,110,117,138,112,126,159,151,138,95,104,143,143,146,151,110,175,195,146,112,123,71,112,104,112,104,101,157,131,95,134,169,152,159,183,143,143,112,90,123,117,117,138,131,167,167,151,183,163,101,117,190,143,90,123,131,131,157,143,126,126,117,146,110,123,112,90,87,90,110,151,110,73,138,138,81,94,152,131,81,71,143,151,79,81,73,79,112,87,104,112,104,112,81,73,90,101,112,73,94,73,117,90,87,94,73,71,81,87,79,87,110,152,71,134
120,101,63,63,95,123,87,69,72,87,53,72,76,74,72,101,98,92,98,84,107,120,95,104,63,120,79,117,92,98,63,107,63,76,98,123,107,92,123,131,157,163,185,161,160,157,169,146,104,104,87,110,117,117,79,72,126,136,157,183,210,207,207,208,198,222,190,126,173,169,123,138,201,206,143,95,167,143,107,167,185,152,169,172,143,131,175,161,123,173,175,160,169,167,167,181,148,161,179,226,117,183,163,160,195,167,183,160,167,152,112,101,173,163,151,175,143,131,160,79,110,46,104,112,123,87,87,101,110,110,95,134,134,110,112,146,134,131,87,95,101,76,120,117,101,126,123,101,110,79,82,123,143,87,82,117,123,112,110,134,131,143,210,175,101,163,188,183,188,202,152,167,169,160,160,175,152,90,72,134,185,185,138,126,131,87,87,120,157,185,163,123,110,110,198,188,179,188,216,188,157,114,90,143,202,214,213,214,138,146,163,52,159,183,151,151,117,134,159,163,195,193,157,95,152,143,82,95,185,54,157,131,157,110,104,123,112,92,117,134,131,87,138,110,126,123,101,90,110,112,152,157,179,173,152,131,123,152,123,112,87,123,138,138,117,123,123,117,138,157,167,152,138,143,79,134,110,152,134,117,110,193,202,163,175,185,188,190,181,167,112,159,157,185,175,87,73,131,151,123,104,134,112,101,87,110,146,104,87,126,159,126,104,126,79,126,101,104,104,90,73,90,79,90,104,90,90,94,73,90,73,101,94,81,79,66,94,101,94,112,131,104,87,101,81,79,157,94,112,81,143
120,90,50,53,123,141,76,57,76,84,74,87,84,84,63,72,74,98,98,84,104,120,107,104,84,98,72,120,84,120,72,92,53,95,107,114,98,79,107,131,143,169,185,131,169,152,151,160,112,101,114,90,87,104,117,104,131,157,169,203,213,207,193,173,213,207,175,167,173,183,186,188,179,169,155,151,169,183,186,195,185,160,134,146,173,195,167,157,152,175,216,169,143,163,167,166,143,167,188,185,195,163,179,163,163,193,152,160,131,123,138,160,131,146,151,92,112,160,138,131,112,123,112,101,110,112,110,110,87,87,101,104,128,152,117,157,157,117,87,55,112,104,120,112,82,110,157,123,73,84,101,87,112,87,95,112,114,134,90,95,123,181,221,214,163,173,183,167,160,210,203,217,151,134,185,169,128,146,167,185,175,163,126,101,131,151,152,169,213,136,134,169,159,159,221,175,167,193,195,223,207,131,120,175,223,220,216,214,167,123,110,112,131,143,183,131,169,188,179,163,163,157,117,138,112,104,157,143,163,112,134,123,90,79,126,123,131,112,101,114,123,101,123,110,146,143,66,58,95,134,151,143,152,151,138,163,143,179,104,110,101,138,146,87,146,138,157,179,159,131,131,183,163,95,131,117,110,101,101,104,169,173,169,151,193,226,228,226,152,126,151,195,179,206,169,104,138,110,134,179,134,104,73,61,79,117,126,146,126,123,126,117,117,131,90,66,101,81,54,87,90,81,112,112,81,79,81,79,90,112,90,79,61,71,90,66,126,81,58,110,151,134,81,76,104,94,110,81,117,79,101
87,79,53,48,104,114,63,76,98,92,90,95,101,84,58,58,98,98,98,107,104,98,92,101,98,92,84,114,87,114,69,66,76,110,141,110,76,87,117,131,151,183,128,143,146,112,112,143,58,55,101,87,79,134,151,163,163,155,173,186,203,185,169,157,203,179,201,220,177,185,213,215,208,175,169,198,175,173,146,131,151,163,173,123,214,193,166,183,179,166,193,198,163,186,185,155,167,183,190,179,195,183,163,151,134,177,157,143,152,151,151,161,181,123,110,126,134,152,126,95,90,97,73,101,117,146,143,90,101,117,117,112,131,160,151,146,104,120,87,87,126,131,104,101,146,123,152,152,87,110,101,87,104,104,107,101,114,110,123,79,160,181,169,157,173,173,157,110,185,238,195,216,123,161,188,151,175,117,157,167,134,151,134,117,175,188,183,203,163,181,151,169,188,152,193,183,146,110,185,232,214,146,169,190,210,220,202,195,163,87,112,131,173,206,207,188,190,157,117,126,134,146,152,117,95,117,159,152,138,134,131,73,101,123,143,138,155,143,101,126,117,143,138,143,188,112,71,134,82,151,151,101,126,131,134,193,163,126,104,87,117,117,123,81,134,143,157,183,163,143,143,183,179,71,126,112,112,87,112,138,193,190,169,151,152,151,188,206,198,152,104,214,138,146,123,214,134,110,195,173,110,126,131,95,104,152,175,134,110,117,126,81,134,71,134,131,81,54,71,81,90,79,101,87,61,101,61,90,131,151,126,101,79,73,73,104,112,90,73,104,126,117,94,112,152,131,90,90,87,73,104
72,42,53,69,72,95,95,98,120,92,87,110,101,76,58,72,114,87,95,123,104,87,84,87,87,92,107,117,98,101,76,57,76,114,148,101,101,120,128,148,148,141,114,141,120,126,117,117,37,61,79,123,104,126,167,166,151,146,183,188,152,152,203,185,134,167,228,217,175,173,210,226,222,193,160,186,203,126,134,131,152,152,157,173,169,188,167,160,152,188,193,172,198,195,152,146,214,175,167,216,185,179,169,151,163,131,134,181,173,128,134,163,179,152,134,173,151,126,110,84,104,72,95,123,143,126,123,123,104,123,123,117,107,143,146,126,95,104,79,117,157,152,143,146,160,131,104,152,148,101,73,117,110,63,110,95,73,117,138,82,151,131,126,123,152,169,134,151,229,206,152,188,143,195,151,179,166,76,95,160,163,167,157,167,202,173,190,216,160,193,126,138,188,169,175,206,126,134,210,239,207,175,159,183,216,193,136,195,175,52,97,193,172,202,213,203,188,126,61,104,151,152,143,95,90,131,157,131,146,110,66,87,117,131,143,146,157,159,146,138,146,110,110,167,146,90,101,117,131,123,163,95,90,159,167,169,151,95,104,101,117,95,110,117,90,143,152,167,169,179,183,169,185,157,131,87,87,123,104,110,151,173,175,169,167,117,143,207,151,193,206,216,126,42,123,157,152,152,167,134,117,163,126,90,110,152,143,131,151,87,73,87,87,54,126,104,101,87,73,101,94,90,110,131,101,94,81,94,104,131,123,167,90,71,66,87,52,73,101,104,110,87,101,112,146,143,123,110,81,117,138
41,48,79,63,53,92,123,98,87,101,79,98,82,92,76,101,104,76,95,114,104,90,69,72,72,79,101,98,98,114,72,72,98,114,128,114,114,120,138,155,128,114,123,101,128,167,128,90,74,82,101,131,131,110,163,190,192,213,193,175,160,183,179,198,123,167,198,203,163,169,221,210,195,203,188,155,177,183,155,126,201,193,138,179,146,151,173,148,161,157,179,179,157,163,152,169,175,167,179,190,157,173,172,185,166,163,179,151,143,123,131,183,185,188,166,167,138,134,163,101,101,110,123,123,123,131,117,104,104,143,117,101,117,110,123,87,104,114,138,112,101,123,112,138,143,143,146,131,134,117,90,82,95,82,104,101,110,134,101,87,90,112,66,126,177,167,146,169,202,203,167,195,151,175,167,185,131,110,104,167,167,177,185,173,188,169,198,203,181,90,117,152,183,175,151,198,188,210,239,233,226,231,214,195,202,159,152,175,206,173,146,206,188,202,206,188,126,138,143,131,151,143,157,151,185,152,138,138,148,163,61,134,157,151,131,146,123,131,143,110,126,117,112,175,143,110,151,169,159,143,123,112,117,151,146,104,138,117,110,107,110,123,126,151,126,163,138,157,183,179,173,188,198,185,151,81,73,104,101,126,143,173,179,163,185,195,143,138,190,235,249,206,163,190,71,190,87,159,112,146,152,167,126,95,95,123,151,95,117,90,101,90,87,138,117,90,61,101,87,101,117,110,110,146,143,73,112,112,73,81,169,104,66,81,81,81,131,87,81,117,112,94,101,112,131,87,126,104,104,112,117
41,57,84,63,53,79,98,104,120,95,92,76,131,98,72,95,92,72,98,107,107,95,87,79,74,69,79,90,98,101,82,98,120,123,120,114,101,120,163,155,123,107,107,131,148,161,141,87,128,117,126,112,131,157,175,198,213,210,163,152,157,188,190,198,195,203,195,226,179,195,198,205,188,201,188,143,163,160,152,190,173,206,169,151,126,131,173,128,157,163,179,161,143,175,185,179,117,138,175,143,179,163,152,172,198,157,173,151,134,152,117,126,151,160,173,95,117,167,117,167,123,112,73,87,131,143,117,110,126,112,110,87,143,104,123,90,117,123,112,95,117,110,104,134,157,143,146,143,104,95,107,79,79,101,79,104,117,104,90,104,79,79,79,90,169,169,146,146,185,220,183,157,151,169,167,146,123,112,114,131,146,157,167,136,183,206,181,157,143,101,152,195,160,157,134,175,214,241,235,183,185,216,173,146,193,169,207,146,233,203,173,188,179,216,210,193,169,157,183,167,123,110,146,157,200,95,138,95,123,169,123,185,126,146,123,131,131,90,134,117,110,110,138,134,87,159,190,173,157,143,90,112,131,131,169,159,126,117,107,151,95,159,146,152,175,183,159,134,163,169,179,193,185,179,151,110,73,95,138,104,112,167,169,159,185,207,167,157,214,233,238,214,226,238,202,167,138,138,126,131,159,134,146,159,110,71,134,117,54,126,104,126,101,131,112,94,81,73,79,104,104,110,123,112,131,90,81,123,131,126,79,101,71,87,73,71,101,138,104,112,126,131,117,79,101,81,81,71,146,54,134
58,98,63,76,61,53,87,114,87,87,131,69,128,53,141,61,69,79,117,98,95,92,87,87,72,76,66,98,72,84,110,84,114,114,110,92,79,134,188,163,128,110,120,157,151,148,151,110,141,151,151,136,151,188,183,185,179,166,152,143,114,169,228,226,224,233,221,225,203,201,188,210,207,185,167,143,152,163,192,160,175,167,210,172,152,155,173,157,179,198,179,167,163,193,183,151,143,183,195,131,185,151,167,181,143,195,167,185,152,134,123,104,169,146,138,73,131,157,131,151,146,138,61,79,151,126,101,73,58,87,97,104,95,131,110,95,110,110,131,117,110,90,128,110,138,169,143,146,110,90,101,123,82,101,82,110,123,101,110,110,61,48,72,95,134,160,163,163,160,220,179,101,134,134,134,151,117,126,143,134,163,183,163,151,151,183,160,131,151,175,157,134,134,155,134,138,216,239,206,167,131,134,138,143,193,195,210,213,213,193,152,157,131,202,220,202,175,173,179,155,95,95,190,175,123,123,131,110,143,126,143,112,157,138,117,110,157,112,50,69,104,123,131,131,95,143,79,167,90,90,123,146,123,104,163,193,123,134,175,117,131,123,112,159,163,179,202,117,134,154,175,188,167,90,123,134,104,110,123,95,117,148,143,157,173,203,195,188,196,210,217,228,233,243,226,167,179,169,159,131,159,167,131,123,143,126,112,151,117,117,117,110,110,101,159,123,101,90,90,81,61,48,112,163,110,58,71,134,138,90,79,54,79,66,79,81,101,134,112,87,123,123,101,94,117,81,81,79,117,71,131
98,61,112,92,63,63,110,110,120,82,84,120,84,92,76,61,84,120,110,82,79,79,63,72,87,110,63,72,69,117,79,69,84,101,84,61,98,161,183,166,155,131,117,157,152,146,143,148,157,166,134,157,183,183,175,173,163,143,123,123,126,175,239,226,201,232,229,201,193,188,198,216,190,143,143,152,173,193,179,175,181,157,214,190,190,183,175,169,201,183,161,190,201,179,175,166,173,169,195,157,155,152,163,183,167,157,195,173,146,112,134,152,173,151,138,126,157,163,151,152,167,95,92,87,128,148,101,66,61,73,72,104,152,87,134,160,95,169,79,126,104,87,104,131,134,163,157,157,104,126,117,123,58,101,110,79,92,101,117,87,97,90,79,79,110,175,175,141,167,203,173,157,90,123,152,126,117,131,138,126,169,217,220,126,55,123,163,195,185,152,82,73,84,146,198,138,146,206,233,214,159,138,163,151,185,207,205,229,210,179,157,157,126,188,203,185,157,167,179,146,87,134,198,151,143,151,151,136,134,95,123,131,148,117,117,131,151,123,58,134,128,126,143,138,90,117,73,126,95,112,126,131,134,138,161,159,138,134,131,159,143,117,173,143,134,175,126,198,159,131,183,203,148,152,167,193,146,110,110,126,117,134,101,131,185,212,206,188,175,188,214,239,236,223,217,175,173,186,151,143,152,112,112,123,146,157,112,110,126,117,117,117,112,104,73,123,94,112,117,94,79,104,110,87,90,73,94,138,138,143,90,54,87,94,94,90,131,104,87,79,146,146,94,90,104,117,79,94,104,123,71
98,84,87,101,87,107,98,90,72,114,131,107,63,92,82,107,157,104,76,87,58,50,110,114,69,107,57,114,76,141,69,57,84,98,98,57,167,183,179,166,157,148,114,114,172,120,151,173,185,166,126,167,186,166,155,141,123,117,131,146,169,192,220,206,207,221,220,195,195,169,190,193,143,126,173,185,181,152,183,188,167,161,183,203,188,175,167,169,198,188,188,210,214,188,185,190,166,134,138,167,152,161,163,193,188,167,169,193,141,141,157,152,104,157,213,128,186,163,151,123,143,146,110,117,134,136,143,131,95,66,87,112,82,90,131,95,163,143,110,101,82,117,87,126,160,134,152,157,173,104,151,73,72,138,95,84,101,152,104,101,112,66,82,126,95,131,136,101,188,193,185,185,117,151,131,179,126,82,126,112,134,214,167,57,110,175,193,192,167,143,110,95,87,152,206,95,61,214,247,226,167,143,166,190,179,173,193,223,193,143,173,169,173,185,163,159,159,193,190,123,82,157,183,131,146,163,143,151,110,112,143,131,123,126,90,112,134,151,151,155,159,126,131,112,101,117,123,107,112,146,131,143,126,131,131,117,126,126,110,138,117,123,151,134,134,117,71,163,185,183,159,159,146,163,195,175,179,134,123,79,117,151,90,138,183,190,190,169,173,203,193,193,210,169,202,175,179,143,167,123,143,138,110,123,151,138,110,110,123,101,123,131,79,123,87,112,101,104,167,163,110,66,54,117,117,71,94,131,81,66,117,87,101,101,87,117,112,81,112,131,112,117,81,90,104,101,117,104,66,94,131
55,58,114,128,101,98,72,74,131,101,84,76,90,76,98,114,123,104,90,84,76,87,82,95,87,63,76,123,101,87,98,120,120,136,131,63,148,213,172,131,112,123,143,101,120,148,148,179,192,157,175,185,172,163,148,101,107,128,163,175,179,185,219,196,210,210,228,226,210,175,167,151,143,175,190,173,157,141,188,167,157,146,167,190,160,151,179,167,200,207,185,200,217,203,185,179,169,152,143,160,169,169,160,167,160,160,161,161,167,175,136,82,131,160,183,131,157,163,110,190,169,136,90,114,143,160,138,101,120,104,82,87,95,90,82,167,151,117,90,163,138,82,117,90,112,146,169,175,123,112,61,87,104,73,123,126,117,84,110,87,84,131,131,112,95,92,146,179,138,112,217,155,179,202,173,151,79,134,148,131,73,101,131,112,163,195,203,117,112,190,175,152,143,167,148,90,160,214,225,173,146,157,181,207,169,138,210,217,151,138,183,169,126,126,126,157,195,210,195,123,101,163,183,146,112,126,152,151,134,143,126,110,131,131,101,104,134,163,163,146,152,90,82,104,82,126,92,126,126,104,112,101,143,138,87,101,151,101,126,95,117,87,138,126,48,110,112,131,152,169,123,143,179,175,190,188,175,152,95,95,138,61,185,123,159,157,198,235,198,151,151,157,161,188,159,202,225,151,131,101,167,173,66,163,152,126,131,131,126,117,112,112,79,90,104,138,112,126,169,159,117,66,66,101,90,71,117,79,101,61,123,138,94,61,94,117,81,73,112,134,110,90,90,61,101,101,81,104,104,79,63
72,92,95,98,101,92,87,76,114,98,57,112,123,76,92,87,87,87,98,92,84,84,95,92,79,61,87,63,98,141,87,141,126,172,126,123,128,179,173,101,101,101,123,123,117,136,128,166,128,188,172,181,188,166,123,107,155,167,173,186,161,198,216,188,206,190,230,233,214,222,161,151,173,177,151,151,167,173,193,169,173,131,175,177,167,151,160,185,206,201,173,175,201,198,175,160,183,169,143,160,169,185,167,136,138,163,160,160,183,151,123,101,110,134,123,101,110,143,131,126,175,131,69,123,131,112,97,66,110,148,79,72,134,134,82,110,95,104,87,112,107,112,95,104,112,138,143,123,123,117,82,82,63,160,179,131,143,114,126,104,123,123,82,101,110,126,146,134,95,123,131,175,181,157,169,155,183,126,104,138,143,126,202,223,167,157,155,114,167,231,173,143,193,190,185,146,146,169,175,169,157,190,146,183,151,143,193,202,152,183,138,114,101,167,185,188,195,195,202,152,101,136,151,151,71,134,163,151,143,134,95,131,152,138,126,126,143,167,151,82,52,71,79,126,126,110,143,134,87,87,159,152,97,90,117,117,138,120,79,112,126,101,90,81,87,112,152,157,117,123,134,175,179,143,167,202,169,179,117,42,117,117,117,123,157,126,185,198,193,173,173,167,163,157,157,188,193,233,95,183,131,123,152,123,151,152,151,134,134,123,90,101,90,114,87,126,131,90,117,143,101,101,117,73,94,81,101,71,101,101,112,112,94,66,92,90,81,66,79,138,143,112,90,112,131,104,148,87,73,94,94
72,76,79,87,114,101,90,92,63,76,107,87,110,114,92,66,72,98,104,72,98,87,69,95,84,53,61,79,104,131,95,110,141,201,143,55,84,138,146,128,141,155,107,120,123,138,141,151,161,208,155,141,220,177,131,148,186,200,183,181,188,208,169,195,181,179,207,213,210,237,152,177,181,134,151,183,169,177,183,175,183,131,201,169,201,169,155,214,207,198,198,185,201,198,160,163,188,175,167,152,169,188,186,157,126,131,173,179,151,117,117,123,117,110,107,104,112,112,123,151,104,131,110,112,87,87,126,120,131,123,110,107,90,73,82,79,72,72,90,123,131,120,112,138,146,112,72,82,143,131,84,87,151,128,117,134,131,134,95,117,112,131,151,126,95,90,123,58,69,163,131,131,134,169,151,190,160,123,95,128,173,195,216,210,188,152,151,202,146,175,175,151,195,193,163,190,143,169,169,159,126,104,188,216,202,167,179,143,173,196,90,123,202,214,228,183,193,207,173,136,110,110,131,112,87,163,123,167,134,104,110,151,151,90,112,152,138,163,151,58,42,95,143,159,104,134,138,95,126,157,134,123,157,159,131,123,112,138,128,131,104,112,117,123,126,126,190,167,126,117,151,183,179,173,167,167,206,173,104,95,73,138,112,152,151,179,198,183,220,233,190,126,151,188,157,203,193,231,123,157,112,183,167,123,159,163,134,131,79,61,143,146,90,117,73,126,104,81,54,126,126,87,94,81,87,81,112,131,90,104,94,123,134,117,66,92,73,73,90,126,126,112,131,138,104,163,131,54,94,131,112
110,98,69,74,90,107,84,143,63,92,76,76,87,90,120,63,69,87,107,84,69,76,84,72,87,61,76,107,166,193,120,107,157,163,141,53,63,104,107,114,136,155,151,141,143,98,141,128,167,143,131,155,196,193,172,131,179,208,220,201,186,183,186,206,181,195,210,198,200,213,179,177,134,146,161,175,167,179,179,163,188,169,181,151,203,152,173,213,206,188,201,198,198,183,175,185,179,200,188,177,157,206,210,157,126,126,167,163,117,123,123,101,95,101,134,157,148,136,128,112,146,146,138,92,101,101,117,126,134,82,117,126,72,101,79,92,79,48,73,104,107,87,90,101,104,138,110,123,117,95,90,112,143,126,126,123,112,131,79,112,173,152,134,126,95,79,114,167,104,101,117,66,101,146,112,134,179,138,131,123,131,148,206,217,138,131,163,163,179,167,131,202,183,202,175,169,167,131,101,101,101,97,193,226,185,159,90,138,193,90,183,183,228,231,239,210,188,198,151,146,131,126,148,97,112,157,82,186,79,97,131,134,104,79,123,148,110,131,136,79,126,169,193,123,95,152,123,138,185,151,104,112,138,126,117,134,151,134,143,167,117,131,152,143,131,167,159,146,152,131,134,157,173,167,152,179,216,193,112,81,112,101,123,152,157,143,185,169,146,188,193,134,117,167,226,235,216,193,151,151,157,173,126,159,163,167,138,81,112,152,123,123,101,71,123,66,52,123,81,81,112,52,104,101,52,110,179,151,87,101,126,104,104,94,73,90,131,112,73,94,131,104,81,123,43,101,61,131,58,94,94
57,79,69,72,98,110,134,98,98,44,79,87,84,53,92,101,72,84,76,61,57,87,92,76,131,98,57,136,155,155,186,167,183,188,141,79,57,82,107,107,138,148,161,160,177,163,166,183,148,143,161,143,141,192,192,183,186,186,188,196,152,157,177,214,215,186,216,206,177,169,206,134,134,179,151,148,169,169,173,152,198,190,123,146,188,143,179,188,225,175,183,193,179,195,206,186,205,190,203,183,173,193,193,143,152,160,157,157,112,126,134,87,95,138,134,183,126,138,134,123,167,123,157,131,134,131,79,104,131,82,84,90,126,82,123,117,79,79,82,92,82,73,82,79,73,104,79,82,101,58,73,82,73,143,126,117,126,131,110,110,134,131,126,126,134,131,134,131,152,143,95,72,120,95,84,110,173,167,126,104,101,138,206,193,95,87,151,169,175,163,90,157,188,175,152,143,160,72,58,126,157,195,226,190,143,123,192,216,151,71,193,203,228,241,241,224,173,216,195,117,173,157,143,90,95,95,151,146,87,126,123,123,112,117,157,138,110,112,104,90,163,155,159,90,134,138,134,183,157,112,143,126,54,79,163,151,138,138,138,157,134,126,131,123,143,101,143,157,159,151,117,131,169,173,143,183,210,159,203,131,110,131,110,117,110,117,146,146,143,163,188,163,190,233,232,214,195,173,167,134,87,138,167,175,163,146,117,90,66,87,126,138,143,73,54,146,126,117,117,61,73,101,123,87,104,131,152,117,110,110,123,73,42,134,87,117,117,104,81,101,117,104,87,101,81,61,101,58,117,87,90
98,79,76,72,98,87,110,114,37,98,63,69,41,126,46,101,107,72,72,58,76,82,57,76,120,104,131,48,173,107,172,183,167,186,155,136,76,58,110,123,148,151,155,201,131,161,177,188,208,167,128,151,152,201,173,157,177,177,167,167,173,143,177,213,206,181,188,193,192,193,193,185,134,152,157,151,157,151,188,188,169,183,123,160,157,172,151,195,233,188,201,183,193,205,188,183,210,190,190,169,173,146,167,167,173,169,161,160,126,110,126,101,126,151,151,148,95,151,134,155,141,157,134,131,131,112,87,110,104,87,104,63,126,112,160,107,104,101,134,79,72,90,90,90,84,82,87,79,58,101,52,112,72,87,61,117,110,95,101,84,79,97,117,123,143,123,101,138,134,117,112,84,146,95,82,48,52,126,138,134,163,190,183,183,120,123,143,152,160,169,175,188,188,123,123,120,72,92,117,169,217,225,223,203,190,206,225,188,193,167,173,226,233,239,217,216,233,220,217,183,179,159,101,128,110,143,169,90,134,134,143,123,123,138,167,151,123,95,87,126,131,126,143,126,175,104,126,169,101,104,146,126,71,112,167,126,95,138,134,157,131,126,112,134,123,101,143,167,151,131,143,143,110,112,167,169,183,175,223,216,179,216,146,104,95,90,112,134,188,223,214,183,195,228,207,196,179,146,104,101,112,138,163,151,110,112,101,95,117,126,143,151,123,95,79,73,152,79,126,126,101,42,71,126,134,87,73,110,131,90,52,104,71,134,87,117,66,87,110,90,73,87,90,87,104,79,81,79,146,90,110
101,101,76,50,63,95,110,98,63,84,63,58,90,98,98,123,69,72,79,90,76,69,61,76,104,128,128,146,136,163,141,179,146,163,181,138,131,72,117,167,157,161,181,183,148,128,188,173,166,185,177,128,185,205,155,155,216,186,173,173,173,208,211,183,179,193,155,161,213,179,141,166,138,123,190,179,131,151,169,185,160,167,157,134,134,188,203,210,226,220,195,206,201,183,175,188,198,185,173,155,152,117,157,167,160,169,167,157,138,112,117,131,104,126,157,146,131,141,95,151,193,161,112,131,110,104,101,104,104,101,117,107,101,134,167,104,101,104,123,110,95,117,126,128,104,95,97,87,90,126,72,72,104,104,52,97,101,72,66,55,79,151,148,131,151,82,90,72,131,134,143,193,175,110,73,138,163,134,151,179,160,126,95,143,163,134,167,179,110,146,183,201,195,152,110,117,117,151,175,157,193,216,228,223,183,179,167,167,131,131,167,188,193,198,213,207,238,225,207,193,179,173,159,188,157,143,183,128,110,134,112,152,112,90,143,163,131,95,123,134,123,97,134,159,159,110,104,71,131,143,104,95,126,126,138,104,104,169,101,143,112,123,112,157,138,183,90,159,107,126,181,143,73,123,193,169,146,190,188,223,230,220,186,90,104,123,112,126,193,238,216,138,175,226,175,190,173,123,134,126,112,131,151,101,90,131,112,110,134,134,138,138,117,79,112,138,138,87,123,90,71,123,131,138,90,81,104,110,90,73,71,131,110,79,87,90,110,71,110,101,71,110,101,87,101,101,90,112,131,101,87
110,92,72,58,79,101,76,57,101,84,101,69,129,129,117,82,74,90,79,41,41,69,92,98,126,136,128,193,114,104,166,177,151,155,161,128,141,157,143,166,172,188,205,172,172,128,186,219,181,201,173,161,188,167,186,166,123,179,185,166,155,192,183,161,207,177,134,157,166,166,177,169,160,123,157,192,146,123,185,216,179,143,131,167,161,175,196,188,198,193,173,173,186,190,193,183,173,173,172,151,151,143,148,157,146,161,151,151,146,128,143,152,107,131,175,151,138,123,112,160,183,151,120,104,110,104,72,87,117,104,112,112,131,104,134,97,87,104,87,123,112,143,134,110,87,84,112,131,134,146,110,112,151,69,79,90,110,104,90,73,110,146,146,146,167,123,79,87,143,163,193,210,179,143,185,146,179,163,157,175,146,104,126,151,134,55,117,110,79,117,126,206,207,201,175,152,134,79,104,157,179,216,206,163,214,190,163,213,192,123,157,152,143,159,216,229,206,203,185,175,193,179,175,198,216,138,95,169,134,104,123,131,79,79,95,131,146,152,148,117,117,123,90,117,134,138,138,90,146,163,110,82,143,146,146,123,110,159,79,110,104,117,123,131,190,157,95,110,126,131,163,167,126,152,202,193,131,138,157,210,226,190,203,131,95,81,117,112,159,169,169,167,163,175,198,193,183,123,213,95,151,193,87,101,143,159,151,138,126,134,151,126,117,146,146,95,110,138,110,92,151,131,79,126,123,90,112,110,104,95,126,110,110,104,134,87,95,117,81,81,126,138,95,110,87,81,101,112,90,73,58
110,76,76,84,84,90,114,87,112,101,104,104,92,87,84,87,107,101,76,61,98,107,90,101,120,123,141,152,114,161,151,128,148,155,148,167,151,114,107,141,192,211,186,206,161,167,169,198,136,177,177,161,192,151,143,141,161,172,155,148,172,186,193,166,208,161,151,157,172,213,201,188,161,128,134,190,193,173,169,175,146,134,126,167,172,193,157,185,175,193,173,160,188,206,198,166,155,175,188,190,173,123,131,160,151,143,138,157,143,146,167,160,128,146,160,126,148,138,157,160,138,157,112,84,87,101,90,101,114,123,104,87,126,87,90,138,110,87,112,110,112,128,112,82,82,110,134,138,143,126,131,175,134,73,90,101,131,151,101,110,143,167,183,173,151,138,123,169,131,203,110,167,175,126,220,169,90,155,173,173,114,126,175,138,69,58,112,123,126,90,72,188,183,195,175,131,134,152,151,169,152,151,221,241,175,203,217,223,193,87,117,193,163,112,128,183,207,175,151,159,198,167,188,183,104,163,112,138,146,123,82,87,87,87,110,131,131,104,123,112,138,131,79,138,159,138,134,143,123,138,169,123,134,152,143,152,104,87,143,143,101,112,95,92,159,117,134,110,151,112,117,179,169,152,183,183,152,134,188,188,185,163,220,185,126,71,101,101,138,146,159,198,159,173,226,207,163,159,179,159,126,167,143,131,151,175,138,123,131,117,95,87,123,134,104,117,110,95,112,112,152,117,66,104,117,104,101,117,110,126,79,112,173,134,167,126,87,87,87,126,123,95,95,138,151,101,87,101,73,71,73
114,92,79,87,110,72,110,104,114,79,107,110,136,101,79,98,84,76,69,79,131,110,84,120,128,120,101,104,114,155,123,84,120,151,166,155,141,131,114,161,199,205,192,186,190,151,152,177,148,98,136,160,181,166,167,157,120,141,161,167,128,183,166,181,196,228,157,172,166,169,166,192,181,146,155,167,161,136,175,167,120,173,143,188,208,208,167,198,167,134,146,201,214,201,200,167,151,157,169,167,160,138,143,157,131,146,151,152,152,167,157,157,169,112,131,152,163,143,160,134,134,151,110,87,104,117,101,90,95,123,112,90,104,90,107,141,104,107,141,126,101,131,123,87,114,138,126,126,134,112,134,179,123,95,90,126,117,123,123,131,163,157,169,167,134,152,152,152,169,183,126,152,146,143,126,117,110,151,163,160,117,95,179,151,101,138,131,123,210,110,87,195,173,177,131,175,157,188,190,157,146,188,206,163,229,206,225,185,123,175,188,207,195,138,134,183,198,207,159,134,157,193,214,217,213,157,146,95,104,101,146,117,123,126,126,112,110,138,143,163,152,151,146,163,141,143,152,112,123,131,134,159,126,110,152,167,123,90,157,152,95,66,87,104,107,157,134,123,134,110,117,159,159,152,157,190,195,175,185,151,123,157,228,198,198,138,79,87,159,175,152,173,202,210,226,163,90,157,167,152,117,159,95,188,143,151,117,131,123,81,104,87,87,110,138,131,90,43,167,95,79,152,175,151,123,112,81,87,131,101,131,134,134,123,117,87,101,123,134,138,87,123,123,123,112,79,87,101,112,104,87
98,129,95,79,101,95,123,126,101,82,120,123,101,72,72,69,50,44,63,63,74,110,104,141,120,95,76,79,112,148,112,107,120,120,161,181,151,141,120,155,215,195,181,192,151,131,166,183,114,128,141,169,155,166,128,136,141,141,157,136,120,151,181,216,157,208,161,169,169,166,195,200,183,143,141,155,143,148,148,123,163,151,216,203,228,225,196,193,114,157,157,163,207,203,198,198,169,104,152,175,128,183,146,117,169,126,152,138,185,179,155,131,123,138,173,131,138,160,79,163,146,131,123,123,112,110,101,74,95,131,110,87,101,90,104,110,104,110,117,112,101,104,110,117,138,146,128,104,131,151,112,110,114,112,112,110,79,95,143,134,131,134,126,146,146,167,163,163,183,160,175,151,138,97,112,141,151,120,138,126,104,138,163,160,169,173,193,210,190,112,110,198,193,190,188,198,169,169,169,152,157,179,210,210,203,202,213,179,173,104,157,222,241,190,159,207,206,157,175,183,198,241,207,226,188,163,159,101,143,95,90,101,126,95,87,131,143,126,131,169,173,159,134,104,71,183,163,123,155,151,112,123,117,87,117,110,126,123,95,123,112,79,104,101,138,159,134,104,104,131,131,134,117,152,195,195,169,151,151,134,138,172,190,202,216,169,95,104,126,138,152,169,188,186,188,159,138,185,159,126,143,117,110,190,123,101,126,138,104,95,126,95,95,95,110,79,101,79,163,95,126,143,152,101,81,110,95,95,95,79,167,123,110,61,152,131,73,104,151,90,101,101,87,71,66,104,126,81,101,73,104
101,90,92,87,84,120,126,110,110,107,98,84,63,69,58,53,50,57,55,63,84,143,98,110,76,98,76,128,151,181,161,114,117,141,151,131,120,114,136,163,188,213,172,172,141,167,211,219,136,84,134,172,167,148,131,152,155,161,172,143,161,136,136,151,216,173,143,161,186,163,192,172,161,161,155,161,188,166,141,166,188,143,222,232,160,207,163,179,151,146,169,163,185,183,160,185,146,123,136,152,157,172,167,146,200,126,167,146,185,173,138,143,134,163,131,72,112,179,134,117,120,101,131,138,104,95,110,90,110,126,95,87,82,87,87,112,110,87,101,110,101,87,110,131,131,136,131,117,123,146,72,117,114,114,90,101,82,87,128,123,123,143,138,134,146,179,167,143,123,126,160,151,110,101,123,143,126,90,152,167,134,131,138,123,131,169,203,203,152,123,157,167,169,163,188,190,172,123,152,179,173,198,231,220,220,163,179,188,198,143,167,230,229,190,203,159,123,193,208,214,241,228,223,205,198,173,152,163,193,159,146,143,123,117,146,151,101,126,138,173,90,131,52,101,203,134,163,138,167,146,143,73,69,123,101,104,134,87,110,183,73,112,110,126,146,163,159,131,123,157,143,87,95,163,198,134,87,138,151,169,179,151,151,169,169,202,167,95,58,101,159,185,163,146,167,214,206,188,151,117,134,152,183,157,126,101,117,126,123,117,90,110,110,79,110,79,112,143,112,112,73,73,104,84,71,90,117,117,126,110,112,112,131,104,110,138,90,52,117,71,117,73,101,73,90,131,126,71,101,79,61
98,72,74,76,61,129,136,129,114,107,87,57,74,61,46,58,79,95,72,69,82,98,104,76,114,72,120,131,172,143,186,98,167,123,79,128,141,143,181,206,196,219,157,183,155,207,213,181,199,188,151,143,167,161,110,112,181,155,148,155,167,161,143,163,193,152,136,193,177,138,183,172,141,167,173,155,155,166,173,188,166,143,157,151,205,151,179,201,151,167,157,131,179,166,136,166,155,146,169,143,179,151,193,185,169,190,151,169,151,134,128,143,123,90,134,95,126,185,95,157,90,152,101,134,117,110,123,107,101,101,90,101,66,90,117,120,110,72,104,110,90,117,126,131,123,157,151,117,104,112,120,134,101,110,90,95,101,112,123,126,138,167,143,95,131,131,112,104,87,90,134,131,101,104,104,90,126,146,151,167,146,131,110,61,95,193,183,175,138,138,146,123,151,160,160,183,163,134,143,175,185,207,188,183,183,159,143,151,167,203,185,179,207,188,134,131,173,179,195,198,190,196,198,206,175,175,185,175,207,131,159,163,117,131,159,151,143,134,146,152,123,159,90,146,159,179,152,97,146,95,79,146,101,90,126,112,123,117,101,73,183,79,112,169,151,73,112,152,134,126,138,112,134,151,159,163,81,159,193,195,190,173,157,175,188,233,190,112,81,95,151,185,206,190,146,203,195,175,169,131,163,195,202,163,112,95,112,131,101,95,101,87,90,112,112,87,131,114,90,101,73,66,131,104,71,71,117,134,143,131,87,101,104,81,143,73,90,79,73,87,104,126,104,95,117,131,110,92,61,73,73
84,92,76,72,84,101,136,120,76,79,50,53,98,57,58,120,95,107,92,72,69,84,98,84,101,82,155,136,161,166,148,155,131,92,123,120,141,193,195,192,186,157,188,157,201,192,216,213,201,198,131,148,179,179,143,123,161,206,179,128,107,155,157,146,143,155,152,169,200,172,155,157,141,136,157,172,201,213,183,148,143,148,173,186,155,183,206,190,143,126,151,157,123,146,169,157,117,117,167,117,146,183,146,188,201,152,175,179,141,131,151,136,138,157,148,134,128,146,138,131,117,146,104,131,104,131,79,117,101,52,79,123,110,112,123,110,74,107,110,126,82,179,143,143,134,155,160,131,90,101,163,87,87,123,79,90,112,157,152,143,151,143,110,104,146,90,95,114,134,82,117,126,120,101,82,79,134,151,138,143,152,138,95,112,160,210,155,152,151,131,134,136,167,166,173,169,107,101,151,179,169,173,175,110,114,173,169,188,175,126,175,134,134,190,175,152,207,220,200,169,169,210,210,198,193,217,173,183,163,179,152,134,123,110,110,117,123,163,214,143,143,175,167,87,126,157,90,117,143,131,112,95,169,159,131,123,112,131,104,146,138,117,146,151,48,66,110,143,143,79,87,110,71,112,169,193,173,185,229,151,220,163,167,157,214,207,203,159,117,104,123,151,228,207,175,193,190,173,203,152,131,183,206,152,117,104,110,104,95,138,151,101,110,131,81,117,123,117,131,123,110,104,104,90,90,87,143,159,126,95,87,101,81,79,87,104,112,95,79,101,131,101,71,95,138,126,104,79,61,95,104
98,92,84,79,101,82,104,72,46,57,57,76,76,63,107,107,92,92,87,69,76,72,66,84,55,123,131,128,155,128,120,136,120,161,146,120,148,196,201,183,177,141,186,173,222,186,231,239,221,181,157,166,166,181,172,155,169,196,192,98,138,148,143,155,185,183,177,146,160,172,112,98,141,141,166,188,205,196,131,175,160,166,160,155,172,148,146,181,166,152,151,152,143,123,152,152,160,134,126,117,128,160,123,138,169,167,151,167,183,134,151,151,131,143,138,117,126,143,117,167,146,134,117,110,87,117,136,101,61,58,82,101,112,112,117,112,95,112,90,110,90,160,143,160,143,112,134,138,123,101,101,101,87,126,82,126,117,188,138,151,160,112,117,151,148,120,151,169,175,138,146,136,131,112,90,138,101,101,151,151,134,152,160,173,183,201,152,143,177,160,146,123,143,157,210,163,95,117,185,167,146,188,213,131,146,207,179,151,167,167,173,114,143,210,193,188,229,235,198,143,193,220,203,198,179,207,214,183,134,117,123,138,138,138,123,131,179,167,138,169,157,143,126,123,95,120,117,151,126,123,104,82,126,169,131,134,138,101,146,95,126,110,143,73,79,146,112,126,143,87,71,95,123,163,216,198,173,169,143,217,188,188,152,101,169,185,221,202,152,126,90,112,159,193,134,143,206,179,213,138,126,112,193,179,131,126,79,90,152,163,123,123,131,95,81,143,134,138,123,110,112,126,104,79,112,126,143,179,112,66,104,61,61,104,90,81,95,101,90,101,117,95,87,101,117,104,104,112,95,87,90
104,120,101,87,129,120,87,44,57,79,84,74,57,87,84,57,98,87,58,69,84,58,69,90,76,110,104,134,131,92,134,110,131,172,114,128,161,186,192,172,141,183,151,211,181,193,238,196,186,163,136,131,155,177,166,173,192,173,173,155,128,169,190,186,192,200,188,161,167,143,134,148,177,181,167,181,173,167,157,166,143,157,143,200,58,155,141,183,151,84,172,181,146,152,143,175,173,123,134,151,117,138,163,131,167,161,163,143,134,104,101,151,151,110,160,169,112,126,126,112,169,138,95,82,82,104,87,84,104,101,82,95,126,134,117,123,117,79,117,58,131,131,131,123,134,101,104,126,146,112,58,138,87,104,146,163,104,101,112,160,143,117,143,138,126,146,163,173,185,169,163,151,143,131,151,179,138,117,151,143,123,152,167,161,201,192,188,151,201,183,146,138,131,123,221,183,138,175,195,167,152,210,198,152,173,207,143,131,163,207,185,159,169,185,183,188,210,195,167,152,206,202,213,210,190,216,207,159,157,126,104,146,169,159,161,183,175,152,143,151,138,87,110,123,73,87,138,143,104,117,138,123,104,123,126,95,112,123,138,110,90,90,117,112,131,71,138,117,138,126,126,151,157,173,183,167,117,112,143,214,146,216,157,126,101,190,179,175,179,146,110,101,110,167,58,157,188,214,190,175,134,79,131,185,143,110,123,126,138,131,126,126,110,81,112,152,104,110,104,101,101,117,104,90,90,123,134,131,101,58,90,110,79,117,73,54,81,104,123,110,101,101,81,73,104,110,101,95,123,104,66
74,69,104,148,141,87,69,84,58,98,98,76,87,63,72,84,84,63,50,76,79,79,84,92,107,120,120,128,131,114,136,107,128,123,98,155,181,173,157,161,175,188,188,205,173,186,192,192,173,157,114,120,161,172,131,151,200,179,155,173,141,161,208,172,141,134,177,166,151,120,143,173,181,166,166,183,163,131,173,131,123,183,155,148,123,141,172,205,143,141,120,172,148,141,163,190,169,152,167,136,169,192,190,157,143,148,146,128,114,169,151,87,126,175,151,141,87,110,131,117,160,157,117,107,87,95,117,117,110,104,101,84,79,104,126,101,123,82,66,79,90,141,131,101,126,126,131,131,134,134,82,112,117,152,151,143,112,82,123,97,143,155,126,95,112,152,155,163,175,143,175,152,163,157,183,179,169,131,131,138,138,126,143,175,207,185,206,157,173,175,179,157,151,152,193,203,157,167,185,173,157,175,160,126,141,163,185,185,183,198,183,188,185,157,123,126,185,198,160,175,173,166,185,163,169,173,185,146,143,82,123,152,138,175,188,160,152,159,138,152,131,117,101,123,117,159,138,104,123,104,87,104,159,134,95,117,175,155,112,134,87,101,107,163,157,110,151,167,110,123,146,157,193,185,161,152,123,143,183,169,167,173,195,151,169,188,90,134,202,183,143,112,71,87,143,188,220,233,195,229,159,90,123,151,152,95,126,143,101,112,138,123,58,101,143,112,112,110,87,117,90,71,112,126,95,110,112,90,104,81,110,157,101,101,73,126,79,104,123,104,81,87,112,95,81,101,73,58,123,117,90
98,79,141,161,110,57,141,72,84,110,87,66,63,58,101,136,69,63,84,76,79,84,74,79,143,161,120,141,120,98,107,107,120,114,114,161,193,177,157,177,199,211,219,207,207,181,157,173,151,155,143,112,155,155,166,177,166,146,161,172,148,155,155,166,72,126,173,131,166,167,120,161,186,143,143,148,148,141,157,141,123,167,143,201,114,172,138,183,141,143,123,141,188,167,196,181,169,152,138,155,192,157,167,151,160,87,163,163,167,138,123,126,160,131,90,126,138,95,87,185,138,163,126,120,72,112,110,84,82,87,87,74,110,166,104,72,126,101,61,92,143,131,110,134,123,146,160,136,112,138,112,87,110,117,138,138,138,120,87,107,134,104,104,117,126,123,134,157,152,134,169,167,173,157,190,160,155,123,131,143,151,151,152,175,183,183,169,141,141,173,161,173,175,183,188,220,185,117,160,193,143,107,152,123,126,143,219,202,193,203,210,188,157,136,123,131,143,163,185,169,134,151,126,131,90,95,126,157,151,131,169,169,160,179,151,95,134,163,131,159,126,143,112,117,95,123,152,112,138,117,90,138,146,101,101,152,159,134,107,101,146,134,155,167,157,183,185,123,104,138,167,104,71,131,152,131,123,167,131,81,117,146,173,175,185,190,198,185,190,203,152,101,79,66,151,163,226,198,173,131,157,167,123,163,131,104,112,126,138,126,110,101,87,131,126,90,110,112,52,123,71,123,123,123,117,110,101,104,104,123,138,126,126,71,112,131,73,73,112,104,87,110,151,117,73,81,71,66,110,61,112
104,114,120,101,114,110,69,98,92,79,79,98,46,79,98,84,76,92,84,69,87,69,69,76,166,126,148,155,141,123,114,128,114,123,136,141,166,179,199,192,211,208,205,208,196,193,172,136,152,167,134,131,172,167,157,172,167,166,166,151,141,160,173,161,117,120,141,131,107,131,128,141,152,155,161,141,107,173,183,167,161,155,131,172,196,167,148,155,183,107,151,161,155,205,186,167,160,123,136,167,146,134,163,151,134,146,161,143,160,143,112,151,98,123,134,131,107,157,143,95,131,131,92,112,112,69,110,117,84,84,112,95,134,179,120,101,126,101,104,110,117,104,110,169,163,138,143,82,82,138,107,61,82,157,152,143,117,110,123,143,151,110,112,123,134,138,134,138,169,169,167,179,160,151,169,112,104,143,152,134,143,152,167,157,152,166,152,152,167,163,163,163,146,177,223,231,201,151,169,193,146,123,175,175,143,152,175,163,216,235,229,179,90,123,167,157,101,123,188,167,131,117,175,146,42,101,131,157,183,138,172,173,175,160,112,134,173,123,112,159,143,126,173,73,134,146,126,117,110,146,110,87,126,151,123,95,126,112,73,123,167,117,152,179,146,157,175,146,138,152,81,61,112,126,159,146,87,95,163,146,101,173,167,173,157,175,210,202,190,210,183,95,79,104,95,131,185,203,214,207,173,173,169,167,167,112,101,123,126,126,112,95,131,101,131,112,123,151,101,71,110,138,104,117,112,123,104,71,81,95,143,90,104,61,138,73,90,73,101,112,104,104,112,117,104,87,81,90,71,101,95
76,120,114,120,101,136,141,141,41,76,69,63,76,72,66,63,101,63,57,63,82,101,101,101,143,92,163,173,114,107,148,131,79,69,128,120,123,181,217,208,216,213,186,179,152,192,183,143,177,167,131,166,172,134,146,173,173,177,157,136,143,172,200,186,136,123,136,141,128,146,114,98,112,151,166,143,141,161,173,155,146,155,155,151,172,169,148,128,172,134,146,192,163,193,183,107,181,148,157,141,104,163,160,151,107,157,143,126,136,143,134,123,138,131,123,148,138,110,169,134,101,126,107,151,82,123,123,87,90,131,95,110,157,146,126,126,72,57,104,84,90,117,160,167,157,123,90,123,117,110,87,72,173,163,167,95,131,131,110,97,138,161,151,143,131,175,160,175,169,210,152,114,151,146,146,138,131,163,173,143,104,117,157,157,123,143,167,190,175,169,163,134,143,188,226,230,210,188,185,175,167,188,203,190,160,169,151,157,225,233,223,169,95,152,169,151,117,123,173,173,143,146,203,138,90,148,193,160,163,146,146,146,179,167,138,138,126,151,131,169,131,138,183,110,143,138,104,134,101,126,104,87,146,151,95,97,123,82,82,159,146,110,136,193,90,138,167,146,143,101,66,79,117,151,126,143,117,117,152,131,123,146,123,138,143,146,198,185,190,231,228,175,79,101,81,131,138,221,233,185,146,190,188,159,183,185,163,177,163,104,112,87,146,131,79,163,131,151,123,123,152,90,87,123,101,90,101,90,117,112,87,87,95,101,151,104,87,90,61,81,81,73,123,126,87,87,90,79,73,126,101
69,55,104,141,138,95,55,120,110,58,37,129,50,82,57,53,76,57,76,123,90,79,107,138,110,120,120,117,201,72,110,107,95,72,101,167,167,186,211,205,199,185,128,114,167,141,193,172,161,183,148,157,143,110,155,177,148,155,134,143,167,169,188,201,157,172,131,148,161,136,101,104,123,128,161,161,143,114,148,141,151,166,166,172,151,157,151,161,166,172,201,193,169,163,157,134,148,183,151,157,141,134,131,123,173,112,134,120,112,101,79,104,167,161,151,188,183,155,110,134,95,167,152,72,112,110,79,52,87,151,120,61,151,87,126,104,72,90,101,110,138,151,190,167,134,131,110,134,152,87,112,123,190,151,128,152,193,131,160,112,163,146,193,183,114,134,203,173,210,169,151,123,126,131,146,190,131,138,151,157,95,120,146,146,101,107,195,214,173,134,157,126,175,203,203,206,214,201,190,179,175,201,207,190,179,190,193,183,186,198,202,169,138,157,157,160,138,123,173,169,169,160,136,160,183,169,190,163,157,163,143,163,179,157,131,123,126,146,126,138,126,183,126,175,151,112,123,157,146,110,134,128,117,117,104,112,126,143,123,126,123,112,112,117,152,167,163,157,134,90,73,151,163,157,157,126,151,138,179,159,112,101,101,151,163,152,163,151,175,231,206,169,157,152,87,134,146,185,159,202,151,167,206,185,143,193,202,146,134,151,143,104,123,167,126,104,134,112,131,126,123,110,73,110,104,81,101,114,152,157,73,71,117,123,126,110,79,79,73,71,79,81,117,112,58,71,101,79,101,58,117
84,92,92,84,87,136,120,87,107,48,53,48,72,84,50,58,76,120,95,58,87,134,141,155,107,110,123,131,98,74,126,114,101,92,148,192,199,183,216,216,173,90,107,92,206,128,206,157,148,167,181,148,151,123,114,161,148,128,148,128,166,172,143,201,173,183,143,179,128,141,148,141,120,123,160,143,120,107,161,167,193,188,172,128,151,157,163,186,166,167,186,173,172,157,143,181,166,163,151,167,181,128,161,173,141,131,117,90,87,79,90,117,152,167,151,157,193,151,95,175,131,138,148,82,131,126,104,79,66,82,112,95,58,90,112,90,95,82,123,58,104,117,160,166,163,110,117,167,134,87,123,123,90,123,134,203,157,146,163,112,69,167,155,131,101,134,167,143,163,160,152,160,160,185,151,167,95,138,143,131,95,134,152,131,151,126,214,213,143,123,157,146,203,193,169,198,216,201,179,169,179,198,195,203,206,203,206,151,157,157,185,160,141,151,183,202,169,152,167,160,175,151,131,183,207,190,183,179,175,179,188,173,157,134,146,151,131,123,131,104,151,157,95,138,128,146,134,163,163,138,146,117,87,117,134,123,95,126,146,126,126,143,90,101,167,163,131,126,117,134,143,87,95,146,134,117,157,112,157,90,126,87,123,90,143,167,157,193,216,206,206,233,190,173,87,131,167,117,216,193,225,173,173,173,131,138,152,126,143,143,112,52,90,104,151,138,134,90,134,110,87,117,123,90,87,79,104,134,167,143,95,71,112,110,81,90,79,79,112,90,101,104,104,95,73,73,104,104,104,101,110
82,92,74,72,84,95,120,84,63,58,53,98,101,50,46,79,90,92,84,110,129,120,131,141,129,107,138,92,107,123,120,107,114,74,201,188,196,201,196,201,136,123,128,128,173,181,128,179,161,183,172,161,155,172,155,131,123,110,167,148,136,155,148,181,173,136,146,177,110,157,151,151,141,128,128,114,161,141,186,169,186,213,110,161,155,143,173,181,166,172,183,173,172,157,186,200,136,148,186,181,186,179,141,136,166,120,120,112,112,101,117,110,110,134,126,175,198,143,112,157,160,123,126,126,110,126,104,79,79,79,110,126,126,95,110,87,95,104,90,110,117,123,134,117,112,117,95,101,95,101,143,90,126,143,134,155,143,143,143,152,167,146,138,123,160,160,183,173,97,167,110,190,134,151,151,95,117,123,167,79,79,104,151,163,175,152,195,169,143,151,185,131,151,151,198,206,188,185,169,173,193,198,173,190,222,201,173,112,146,157,183,163,126,167,207,205,175,163,152,163,183,152,188,207,213,202,193,179,185,188,173,169,167,157,143,131,104,104,110,117,138,157,123,79,79,134,123,163,143,82,114,138,66,112,134,101,146,138,151,126,79,146,117,151,143,138,126,117,112,101,126,146,110,131,134,123,138,110,90,159,126,123,90,110,97,138,169,207,225,220,213,190,229,146,163,157,58,131,123,223,195,217,146,123,126,138,163,131,112,117,117,58,79,123,138,79,104,101,117,126,134,152,126,71,81,126,110,117,131,117,81,81,66,73,81,104,126,117,117,95,126,146,110,81,79,61,112,157,110,90,90
84,69,92,87,92,69,87,123,63,53,42,63,143,112,66,76,101,101,53,46,98,166,148,129,98,92,141,138,120,117,114,120,114,128,120,181,199,217,192,167,175,157,166,163,148,155,131,198,207,183,172,157,151,151,177,151,110,110,167,177,114,166,151,177,151,131,183,143,126,112,143,136,157,155,143,143,151,143,169,143,183,181,136,175,143,143,179,141,151,196,177,157,173,167,157,210,183,166,181,188,200,172,141,141,160,114,112,123,123,157,134,114,123,136,134,134,138,146,163,157,134,138,112,112,126,82,87,112,92,84,126,131,110,87,110,117,117,101,151,114,79,123,146,117,87,82,112,131,112,123,151,123,87,104,90,131,131,82,110,169,151,134,126,161,179,167,151,152,126,151,134,151,163,90,120,138,155,110,138,134,123,131,152,167,134,138,123,207,163,146,151,151,146,123,179,169,134,152,173,169,167,160,126,117,214,214,114,151,146,198,146,179,95,152,190,195,163,160,152,163,183,169,198,207,207,185,193,185,179,173,157,175,190,163,110,101,112,73,82,173,143,146,123,66,61,87,146,146,90,90,126,131,79,123,143,134,143,134,126,95,90,95,117,157,138,143,123,126,107,123,112,112,126,123,104,112,134,169,73,123,134,104,101,157,126,146,183,198,207,202,188,202,214,198,175,151,82,71,175,143,210,152,157,104,167,193,152,169,169,101,151,90,143,84,167,112,71,87,126,126,95,87,131,112,123,138,112,95,112,131,95,123,66,95,66,152,58,104,101,112,117,112,104,95,81,66,81,157,104,104,87
85,98,79,57,92,101,131,76,76,41,63,110,143,110,79,87,110,101,69,84,114,114,143,98,107,101,82,92,117,114,123,141,128,148,172,196,199,199,196,167,136,117,155,161,155,181,183,126,136,136,169,167,117,110,148,155,161,148,148,173,166,141,151,120,151,192,172,148,128,136,141,151,148,172,172,148,95,128,131,138,157,136,192,123,166,157,163,143,163,186,172,152,181,177,160,222,188,186,188,186,193,148,155,166,123,107,114,131,131,138,136,101,143,104,134,126,117,163,155,117,126,123,138,79,74,104,101,117,90,95,117,79,146,117,112,143,138,92,90,160,138,90,110,120,112,123,123,104,101,126,138,104,104,104,112,110,97,123,134,160,157,131,167,179,183,175,143,151,131,90,143,160,141,141,167,173,173,138,126,117,143,151,131,123,117,110,151,126,148,143,152,169,173,131,110,207,169,163,143,152,134,148,123,112,207,206,138,152,173,167,179,112,126,126,163,188,151,188,179,138,169,206,206,179,203,166,183,190,169,175,131,157,185,143,87,110,117,87,95,166,126,112,90,97,90,134,167,131,82,104,131,131,138,131,143,152,143,126,61,126,126,73,104,159,163,138,126,110,104,134,126,110,112,101,143,151,152,151,131,131,117,123,146,151,157,175,167,203,206,173,179,179,169,188,169,169,157,61,71,175,185,157,166,138,175,198,175,198,193,131,152,120,134,117,126,123,126,117,90,104,112,131,138,131,112,110,79,146,81,126,126,134,104,101,134,48,112,61,101,123,101,101,104,131,104,66,104,104,58,95,101
85,98,79,79,84,126,123,92,58,72,76,84,74,79,114,87,69,66,76,87,157,172,143,123,117,155,74,72,84,107,166,157,148,155,177,181,195,155,167,157,166,148,120,161,161,141,161,143,92,167,183,161,128,128,186,188,161,166,155,157,123,87,120,95,173,166,151,166,136,160,151,155,157,166,166,107,123,110,157,128,141,157,136,155,134,192,166,172,167,173,181,181,172,167,200,205,205,175,193,151,169,152,134,148,114,131,148,131,120,107,152,155,98,107,110,143,110,138,104,112,79,123,104,101,72,104,87,90,136,92,131,76,104,160,123,110,101,117,131,110,95,87,101,87,66,143,117,69,131,95,123,95,131,134,128,151,123,136,151,123,157,152,138,143,143,183,169,123,152,126,101,110,163,183,198,193,179,163,131,131,157,143,152,134,123,110,126,169,138,185,190,166,160,169,210,186,167,87,112,163,160,131,146,131,206,190,160,95,138,169,146,123,183,193,188,206,213,203,160,117,179,226,214,146,221,148,167,175,179,198,101,167,151,117,104,90,110,126,117,151,143,151,138,143,107,151,151,131,90,87,146,138,126,128,123,143,134,117,123,123,134,134,117,157,143,126,117,110,117,152,159,126,112,134,185,166,151,157,95,117,146,123,95,134,183,163,167,195,203,217,206,163,159,169,159,202,163,95,117,79,117,198,221,214,202,221,198,152,134,112,117,131,123,90,151,143,138,112,123,90,138,131,110,73,104,112,95,90,126,71,117,66,61,123,117,112,61,104,95,126,79,101,131,117,101,90,123,34,188,101,169
63,85,101,48,87,117,131,76,76,74,84,76,84,131,120,79,84,79,79,161,151,155,120,101,69,129,143,167,136,157,160,120,216,185,151,157,166,157,141,177,157,110,117,128,110,151,151,166,192,131,141,155,141,120,136,166,161,157,141,136,110,92,110,131,151,157,181,167,136,163,173,141,166,161,126,101,120,126,151,167,167,177,104,123,141,185,161,167,177,177,192,188,157,155,192,186,215,173,167,166,169,177,114,148,148,141,131,110,141,138,117,146,87,123,101,136,151,146,126,82,90,143,79,110,87,97,131,92,112,110,112,117,152,138,123,66,95,101,169,152,82,123,92,112,90,79,146,151,123,134,117,138,143,134,114,138,117,58,155,131,138,183,157,112,152,148,157,138,173,131,110,134,190,188,163,190,146,143,143,123,134,138,151,157,157,152,123,73,167,211,160,163,172,175,183,210,193,117,143,167,173,123,123,146,131,152,151,101,146,190,104,173,203,239,213,226,177,151,173,185,193,206,188,175,188,175,123,175,203,131,143,179,152,110,138,101,117,134,138,175,175,173,146,131,126,143,126,95,110,104,123,123,95,126,112,112,114,146,167,110,146,163,112,146,110,112,112,126,131,152,152,90,126,152,198,193,123,126,92,104,167,117,87,117,159,151,151,190,207,220,195,175,179,146,190,220,157,146,131,87,126,179,206,231,207,152,159,167,138,131,117,104,110,112,90,123,123,112,134,143,112,87,90,73,73,104,79,79,81,81,48,79,120,159,112,117,123,71,95,131,95,66,71,81,131,131,95,169,58,143,112
79,76,87,92,84,84,129,58,107,50,110,58,131,143,110,84,79,92,98,107,146,107,98,79,110,98,148,166,136,152,166,205,214,225,196,186,161,148,148,128,167,160,151,114,136,117,143,192,120,128,148,157,143,107,128,192,192,173,114,131,107,87,141,114,136,155,166,143,131,131,161,161,151,143,114,136,172,151,136,188,157,167,188,148,128,188,190,186,190,166,181,181,155,148,148,148,181,186,161,177,185,183,128,155,134,148,128,114,131,166,128,114,126,117,117,120,143,98,117,95,143,138,95,112,131,131,151,95,72,117,146,131,138,112,87,76,87,110,131,151,110,143,143,138,151,131,131,104,117,117,117,90,95,134,173,101,90,117,131,146,157,143,134,123,143,160,155,188,131,185,215,190,104,138,151,169,160,157,190,185,169,167,146,152,183,169,163,123,131,173,157,126,160,163,173,163,193,169,117,151,167,134,128,117,84,123,173,183,175,183,188,210,210,198,214,200,179,167,173,193,198,188,206,160,151,155,143,185,167,126,179,151,138,112,167,131,101,157,190,167,95,117,151,123,134,117,87,90,104,112,104,101,92,110,123,110,151,138,157,117,138,152,112,146,117,143,123,126,163,151,104,79,123,131,225,207,117,48,104,87,143,117,134,131,123,131,138,185,198,179,185,183,146,167,190,213,159,185,195,167,95,87,169,206,198,138,117,157,146,126,123,152,138,95,101,110,126,138,110,101,87,104,110,110,90,143,157,112,104,87,58,95,104,73,134,101,66,101,81,104,117,104,104,112,117,134,126,79,117,73,157
39,114,131,120,79,46,112,87,50,58,92,84,141,98,98,79,79,69,110,134,134,110,76,110,107,76,183,141,181,143,199,215,219,228,225,186,120,117,155,128,141,143,128,141,151,123,181,134,192,120,101,128,151,141,175,206,173,141,136,101,138,120,98,98,152,131,123,134,151,148,157,143,98,151,196,151,155,172,183,157,143,172,155,148,181,183,203,181,177,183,192,188,167,143,123,151,136,157,173,155,155,155,167,152,114,141,136,112,128,166,167,155,143,128,131,120,128,84,84,131,151,138,110,87,117,126,112,104,87,87,110,131,117,110,76,66,58,92,123,87,131,123,143,151,138,148,131,87,134,117,114,87,172,155,131,110,84,151,82,143,95,112,152,163,175,183,157,183,179,206,213,151,143,215,181,152,157,185,188,203,161,151,167,134,173,188,131,167,152,151,155,152,126,126,185,193,136,151,136,134,173,157,123,152,143,134,183,117,126,131,223,195,126,131,190,169,163,173,167,163,193,188,188,151,117,117,169,169,155,134,157,123,131,123,138,123,95,143,190,107,27,82,175,146,117,131,104,117,117,104,101,90,101,120,143,138,131,152,152,110,126,143,112,126,146,157,138,126,161,143,87,112,104,123,217,210,151,42,84,73,87,112,138,126,117,143,131,157,185,143,163,190,97,193,163,198,193,216,229,159,134,52,131,198,202,152,81,151,159,117,159,159,112,126,117,104,169,159,146,101,61,81,110,101,126,157,157,126,101,87,79,66,73,110,104,79,71,90,81,95,101,104,79,87,110,110,110,90,110,126,131
143,161,123,66,112,120,76,84,79,69,114,141,107,114,76,84,98,72,120,172,129,84,57,110,110,92,167,230,193,151,163,179,199,205,181,141,148,161,155,128,136,128,131,166,166,167,141,186,172,123,92,141,141,161,155,166,172,107,123,120,101,104,141,58,120,141,92,117,90,143,161,152,143,163,181,157,141,87,107,120,166,172,141,177,181,151,208,177,141,151,179,203,167,143,131,166,161,183,161,155,117,120,172,172,134,101,148,157,134,148,143,172,166,114,136,141,120,84,98,131,148,143,120,90,87,90,90,90,104,110,104,126,143,95,79,72,104,79,72,69,101,112,87,101,110,123,146,136,104,104,120,123,146,143,138,134,79,131,104,104,112,131,167,179,185,177,152,143,163,155,183,198,201,161,157,157,120,169,169,173,173,138,131,128,169,131,152,73,151,101,190,173,101,198,169,101,143,131,167,167,160,134,151,183,198,152,167,151,101,151,146,126,123,151,160,173,193,195,167,143,143,179,203,123,152,185,190,151,126,173,160,157,160,128,112,101,134,148,138,79,48,143,190,95,63,146,131,131,126,110,131,123,87,157,152,117,110,143,138,101,112,131,117,138,146,138,131,117,123,134,131,104,90,146,188,195,179,126,79,48,101,110,110,126,146,123,112,146,161,143,134,179,126,175,123,163,203,207,190,138,134,112,134,183,190,159,101,112,126,152,157,123,151,134,143,175,152,123,110,101,151,131,126,117,110,126,104,110,54,104,110,117,87,151,112,81,95,126,126,87,61,131,138,87,104,110,104,123,50,81,126
143,146,120,98,61,63,120,84,129,129,120,148,112,84,72,79,98,107,123,163,114,63,69,87,120,101,203,228,166,163,129,160,166,155,146,141,143,148,128,131,112,146,141,160,151,151,131,192,161,141,131,151,131,131,181,148,87,107,98,123,157,157,114,69,101,117,131,126,141,172,172,167,177,151,155,143,79,120,151,120,199,151,107,104,134,167,186,173,143,131,167,186,161,161,151,123,221,120,157,172,117,117,157,146,148,98,120,177,155,157,117,166,173,107,166,136,57,82,128,120,151,151,95,79,63,74,101,95,87,112,131,117,117,95,104,123,123,79,66,87,110,123,104,101,82,95,138,123,87,87,92,114,131,163,157,143,79,131,157,138,143,134,152,175,152,157,136,151,126,163,136,183,163,169,120,163,138,138,203,160,151,146,123,131,134,134,120,157,138,146,163,110,152,123,136,185,193,146,131,138,143,167,126,148,193,138,172,110,110,163,123,143,148,146,104,183,195,169,152,146,173,160,131,173,179,228,167,146,175,160,167,155,175,163,138,134,123,131,151,134,157,173,143,112,151,123,123,131,146,134,112,131,110,131,138,87,79,82,117,117,110,138,134,138,117,112,143,123,112,131,117,110,110,134,169,167,169,138,101,87,90,101,104,143,143,95,123,134,134,146,134,159,152,138,82,167,183,173,159,143,183,190,110,126,167,173,152,126,134,167,163,110,157,131,126,175,95,123,110,126,126,117,143,143,101,104,90,131,87,79,123,104,126,123,42,117,131,152,151,101,71,101,117,73,101,112,134,66,123,73,104
76,76,110,63,50,101,61,46,82,101,82,92,84,76,74,69,101,141,138,136,114,87,63,76,129,186,151,123,112,123,146,161,101,120,161,134,107,128,101,134,157,155,161,161,161,160,173,177,155,151,123,128,160,160,141,146,120,98,120,157,160,123,172,107,120,98,143,123,131,152,143,143,143,138,128,98,90,155,101,123,157,157,172,157,161,186,151,166,161,151,141,151,161,157,161,172,136,166,192,148,148,120,134,136,87,107,110,157,151,128,172,172,167,92,98,76,87,104,101,151,143,136,44,37,76,123,148,104,69,104,151,117,104,120,134,117,112,104,79,95,123,104,90,66,58,79,101,123,120,112,74,95,152,179,138,123,138,112,151,169,138,123,120,143,131,146,151,157,173,163,126,151,151,179,95,169,136,131,188,160,126,157,157,157,117,157,169,123,126,123,123,173,143,167,188,190,173,110,101,95,101,134,134,123,131,117,195,123,183,167,157,131,185,90,151,181,172,185,173,136,143,157,117,151,163,181,126,134,123,216,123,173,206,188,157,151,126,138,148,167,169,160,151,117,104,143,95,110,146,117,79,90,123,101,110,79,66,131,131,138,101,167,151,110,110,134,151,101,95,110,117,126,110,143,175,157,143,152,131,95,87,101,134,146,117,126,126,117,112,123,148,167,138,146,131,175,190,152,183,220,220,190,112,87,151,190,188,173,169,131,163,126,154,52,146,126,101,134,104,138,126,112,123,134,123,117,101,90,151,112,95,104,112,79,104,138,79,143,126,79,52,81,134,131,87,104,81,61,71,126,66
59,63,66,53,85,82,85,110,48,57,74,131,87,48,66,84,148,148,123,141,98,82,114,98,173,143,143,134,136,166,157,138,107,141,155,120,92,107,112,175,167,161,163,190,192,172,166,151,155,161,141,114,120,157,155,148,131,123,148,155,155,148,120,110,110,141,157,136,131,143,151,141,128,98,110,141,181,157,112,167,151,199,155,151,143,172,177,161,183,123,128,161,136,134,186,167,155,123,141,155,175,87,58,151,141,107,141,143,148,155,183,114,134,98,84,98,136,98,128,128,141,101,50,46,98,123,136,120,87,101,90,143,101,101,110,66,123,90,87,90,112,74,74,79,74,95,126,146,143,123,82,152,157,173,117,95,131,151,114,143,151,117,104,117,151,146,131,167,173,157,134,134,123,161,160,134,160,173,169,157,126,138,167,190,190,167,173,163,112,110,157,183,163,163,131,160,143,79,134,157,163,152,143,151,112,131,143,152,101,110,163,167,183,134,157,95,169,206,167,126,134,97,73,202,138,79,151,95,193,175,223,221,188,146,143,152,146,151,157,123,134,151,163,95,69,87,128,82,117,112,112,84,84,117,87,82,95,151,151,169,110,173,123,104,163,179,87,79,101,117,112,123,138,167,183,131,143,146,101,87,95,123,143,123,101,112,123,123,110,126,157,179,173,183,157,175,210,155,195,226,203,206,146,95,107,159,179,173,151,90,134,157,79,95,131,104,143,104,146,123,123,110,95,123,151,131,90,112,152,95,95,151,104,87,101,110,104,112,101,79,79,101,143,110,54,66,104,95,87,112,117
66,98,98,90,87,63,66,101,53,42,151,69,129,76,58,82,129,110,76,136,120,114,129,129,161,183,205,208,141,177,136,136,148,123,161,160,87,92,181,166,172,148,160,188,157,155,152,131,148,177,161,151,157,166,143,117,128,151,151,157,148,128,87,117,128,110,151,155,110,92,110,157,172,161,123,128,143,143,155,123,177,173,161,152,175,155,167,143,152,155,131,151,131,155,167,128,173,157,128,128,148,123,131,151,128,107,123,120,114,117,123,141,82,114,136,114,110,98,110,120,161,79,84,76,72,92,120,112,79,69,63,87,101,48,134,66,123,79,126,87,82,87,101,117,110,131,148,146,104,90,104,152,117,131,87,87,120,163,152,120,134,143,138,134,134,117,151,169,136,161,141,143,138,173,193,151,167,173,146,143,152,167,181,198,175,131,148,138,110,151,183,183,192,160,131,134,126,136,175,169,131,146,152,167,151,101,141,131,117,66,117,128,146,160,123,126,163,169,151,126,52,48,185,152,143,152,217,169,179,117,203,207,193,157,175,157,131,131,90,82,151,110,131,95,146,58,152,73,101,112,131,134,104,143,146,82,134,173,159,138,134,117,126,152,73,172,87,82,123,112,112,95,104,146,151,101,123,101,66,104,123,152,123,95,90,110,117,131,117,117,167,181,167,169,152,190,193,167,173,179,190,208,193,157,101,101,131,151,131,131,134,123,104,131,101,104,146,110,117,110,110,110,112,126,134,126,117,117,131,101,104,117,126,104,101,58,95,87,112,104,81,101,104,92,131,117,126,95,151,87,159
107,117,129,87,87,69,76,84,42,69,76,76,107,107,107,92,84,69,98,87,69,98,129,160,148,84,181,76,148,167,129,148,131,173,129,107,90,128,157,198,173,131,186,155,141,181,163,128,166,120,155,188,175,151,114,101,117,152,177,148,120,76,114,128,136,107,155,167,120,128,126,148,157,136,110,138,161,155,131,138,152,131,146,199,173,131,160,192,161,148,151,157,157,128,177,177,114,123,136,136,92,110,141,120,107,98,92,128,151,126,95,98,120,157,120,123,87,131,98,161,166,76,50,61,87,98,112,79,58,79,79,110,61,76,138,114,131,61,90,48,104,117,95,134,146,107,117,134,90,101,126,123,95,110,92,123,152,131,155,143,143,160,151,126,126,138,151,183,136,152,160,112,193,131,198,183,167,173,163,143,131,152,179,163,157,167,157,152,152,179,163,152,131,143,117,143,146,167,175,146,143,143,163,175,151,79,112,151,188,141,90,134,167,179,151,160,160,167,163,146,138,169,167,160,193,226,210,223,183,134,193,185,206,190,169,193,157,123,138,151,138,131,112,157,63,131,101,101,71,131,143,112,131,131,126,112,123,173,159,104,159,110,110,126,143,87,152,104,90,123,138,90,90,126,123,104,82,143,76,131,143,134,110,123,95,131,126,110,110,143,169,167,163,169,167,173,173,179,152,112,183,217,217,185,131,101,110,138,157,173,117,152,143,134,126,123,138,117,101,112,112,110,126,143,146,134,117,90,117,131,112,110,126,104,81,71,87,95,101,104,104,71,71,138,183,134,101,104,117,131,81
114,101,114,98,53,59,85,76,69,69,101,87,46,155,143,120,82,69,84,107,84,98,157,161,131,123,110,155,143,143,141,126,173,186,148,110,157,179,173,148,172,107,216,138,186,172,148,214,114,87,131,175,143,87,87,143,141,157,138,128,98,84,188,74,120,157,155,151,126,138,173,155,148,141,104,107,157,131,114,136,101,151,143,167,173,131,110,167,157,123,155,155,141,131,128,148,136,114,155,152,123,107,112,161,114,117,136,120,107,104,120,157,181,141,95,141,114,57,123,131,131,114,69,87,98,95,84,101,110,97,120,90,97,120,76,123,82,69,39,110,123,87,104,151,146,104,92,138,112,134,131,126,131,117,107,101,166,151,128,179,138,126,131,123,163,157,167,163,161,151,157,112,157,155,188,179,167,160,167,152,131,151,152,117,152,126,193,190,175,152,151,138,117,138,136,151,143,131,152,163,151,123,157,143,112,112,138,136,134,169,173,175,167,179,152,163,190,179,169,160,167,185,190,185,181,207,225,217,206,173,146,195,185,160,163,163,220,202,146,126,126,134,175,123,90,138,95,117,126,134,131,126,126,123,123,112,117,169,138,131,117,90,126,152,87,126,117,90,90,107,90,69,101,143,126,101,101,117,95,143,157,97,143,131,101,126,138,112,117,146,134,143,188,188,175,131,146,183,112,126,207,210,198,213,169,104,87,112,157,169,131,157,167,159,157,134,146,143,123,95,138,151,123,123,138,131,117,79,90,143,112,87,104,104,101,112,101,81,104,104,95,87,79,134,138,95,90,134,134,126,104
87,87,87,61,69,72,114,136,87,72,101,129,120,152,161,120,92,92,101,98,107,129,120,126,95,87,155,177,136,172,131,161,141,172,126,148,161,161,136,101,120,155,198,172,155,199,206,136,161,157,155,160,151,141,141,141,181,136,101,128,87,186,114,136,196,186,157,141,128,120,188,173,123,141,74,148,107,136,166,128,112,146,151,161,160,157,120,120,141,101,151,155,128,157,120,120,107,114,143,136,128,173,148,123,128,123,136,98,92,92,131,128,110,126,84,84,120,123,107,120,155,157,120,74,79,74,87,120,114,112,143,72,69,155,92,87,52,37,61,92,104,126,134,143,146,112,87,136,123,112,134,155,160,131,87,101,143,167,167,143,131,112,131,138,173,183,163,117,177,169,134,151,117,157,160,146,173,152,183,167,152,157,117,112,160,152,110,157,143,151,167,123,138,101,134,143,151,110,112,143,138,126,131,101,72,128,82,143,190,195,157,104,151,183,163,123,146,160,163,152,157,193,146,134,143,203,223,198,190,131,95,179,183,138,167,188,188,179,131,87,112,117,126,157,134,117,117,110,95,126,143,131,90,101,104,104,112,110,104,110,95,90,157,126,66,112,73,104,71,90,126,117,134,151,117,95,110,112,138,117,146,112,112,112,146,138,117,155,143,138,123,146,193,167,157,95,112,143,117,202,198,159,195,216,169,126,95,87,110,151,151,173,179,169,152,157,151,131,123,143,143,159,131,110,134,134,110,87,112,131,101,101,110,112,101,90,101,81,101,101,87,101,87,112,117,134,112,143,117,117,112
74,79,82,76,61,90,138,120,74,98,136,141,166,166,148,141,126,107,84,151,131,114,131,98,141,173,155,175,172,167,151,146,136,157,148,155,136,136,155,155,172,148,173,196,167,183,134,141,157,152,161,161,155,151,161,104,101,143,131,141,152,98,120,155,175,192,161,138,148,167,131,172,120,92,101,172,69,193,141,128,107,166,167,141,146,131,146,123,136,143,131,167,131,120,101,148,136,107,128,134,92,123,167,114,101,114,128,110,98,128,76,131,101,107,50,98,84,63,123,134,181,148,107,79,76,131,157,120,76,87,107,110,112,123,87,52,44,76,107,84,112,143,163,163,123,104,101,110,112,104,151,151,151,151,126,126,131,160,143,117,131,138,151,152,152,173,101,117,160,151,183,173,112,123,160,160,185,163,166,160,151,157,126,143,151,169,58,152,110,167,151,131,161,90,134,131,117,112,110,110,104,131,123,95,87,143,146,101,169,163,131,87,160,161,104,90,112,143,152,157,134,157,173,143,136,167,188,167,160,134,152,131,146,146,152,183,193,146,134,117,146,160,82,58,95,104,134,134,138,157,123,95,87,79,104,123,159,167,134,90,87,104,138,87,95,123,101,112,110,95,101,87,90,131,112,63,110,134,110,123,126,87,117,159,131,117,143,126,157,179,185,138,152,181,123,71,71,143,167,134,195,169,152,198,183,175,131,79,73,157,206,195,175,146,167,193,123,159,179,190,151,138,138,123,126,151,126,146,95,117,104,134,117,101,138,71,126,79,90,104,90,95,90,117,143,143,79,117,73,112,87
85,87,98,72,63,101,85,69,98,114,84,120,161,148,129,157,129,74,79,155,129,120,163,136,114,179,161,129,151,129,136,157,120,136,129,141,151,155,166,166,175,148,151,173,181,148,114,129,138,141,143,161,151,120,120,110,84,143,129,120,66,129,117,148,134,166,90,76,120,131,141,128,107,84,181,114,143,123,101,148,141,172,161,120,128,114,131,101,92,172,161,123,123,148,123,141,146,131,143,107,123,107,112,131,101,101,92,87,69,46,117,141,141,84,120,84,120,141,128,166,155,148,72,57,63,84,128,101,107,90,72,63,97,72,84,42,76,101,84,110,114,131,151,141,134,84,72,126,152,123,112,128,131,134,163,169,131,131,169,151,160,160,161,160,134,143,143,131,143,146,173,146,143,143,160,179,185,157,114,101,146,169,157,151,143,126,112,152,143,157,120,152,123,110,123,123,123,131,123,117,120,146,152,110,169,163,134,117,151,117,167,112,134,131,123,126,134,163,179,169,157,157,143,151,143,167,143,214,123,175,169,82,126,183,210,193,163,185,173,185,175,143,104,55,72,157,183,157,72,87,90,66,117,128,101,87,110,157,126,95,143,167,123,87,101,138,155,131,143,104,82,104,123,117,117,95,87,95,90,134,104,90,134,131,159,123,123,110,126,151,146,146,143,138,110,79,79,134,73,169,193,159,110,206,226,228,183,104,95,151,214,195,146,123,203,195,126,195,193,203,126,101,134,117,101,143,146,126,101,112,126,131,126,134,159,73,110,95,95,101,123,143,104,117,126,131,58,112,52,112,117
82,79,66,82,92,44,63,61,120,107,44,58,136,114,120,138,101,79,101,129,131,120,136,157,98,163,141,155,141,138,129,166,148,148,136,114,166,186,136,155,146,129,141,157,205,172,141,120,134,166,148,129,117,107,101,129,107,107,129,114,120,79,131,123,146,126,129,138,131,136,131,110,117,166,128,128,114,107,131,161,166,101,166,131,92,157,136,87,92,193,173,58,120,143,141,136,136,155,123,101,84,110,136,69,92,114,84,76,107,98,92,160,155,131,143,84,98,143,155,131,134,123,72,46,58,110,128,69,101,136,131,112,50,46,104,58,58,46,57,110,101,84,95,110,110,79,87,126,146,117,131,143,151,136,151,173,128,110,160,183,167,146,131,134,152,160,157,151,181,143,126,172,143,123,163,173,167,134,104,101,169,183,152,141,107,131,167,131,151,151,131,143,131,157,128,148,151,143,112,152,206,207,157,131,198,157,193,185,101,112,169,123,126,167,160,175,173,152,131,123,175,163,79,203,151,193,183,215,183,201,138,112,169,185,188,198,201,217,175,213,173,66,131,146,138,183,143,110,131,126,123,138,123,126,101,90,110,179,104,123,169,104,126,101,123,169,148,110,112,123,110,82,90,123,146,117,92,101,110,126,151,126,95,104,146,112,58,90,126,131,143,123,143,126,95,123,131,143,163,134,175,179,188,217,220,230,210,152,87,87,131,152,146,195,193,163,183,198,175,131,134,73,101,104,123,151,146,101,110,126,131,126,131,117,112,90,90,101,123,131,151,151,110,87,87,123,61,112,87,104,112
55,55,69,131,69,41,79,92,101,129,63,30,114,114,120,123,92,114,117,120,136,131,134,120,136,123,152,148,123,148,138,157,173,166,138,131,177,167,157,129,166,129,123,136,183,129,141,155,136,151,148,136,110,87,101,101,104,101,143,126,129,138,129,123,143,166,151,148,141,98,131,172,155,134,114,141,123,148,173,151,131,76,101,126,95,167,136,110,172,114,87,146,143,138,143,151,112,152,110,101,98,84,151,107,92,110,84,72,92,107,87,141,148,128,104,90,141,120,136,131,151,143,61,69,114,92,87,98,110,131,87,26,114,87,84,52,69,52,66,79,76,69,84,101,141,157,92,134,126,169,95,169,131,131,143,160,131,152,148,157,146,155,163,151,163,146,169,173,173,146,167,183,148,114,131,173,169,123,146,175,160,157,146,134,143,160,169,157,136,138,141,157,173,173,160,138,143,143,117,160,225,214,143,126,155,163,206,201,123,90,169,157,146,163,193,188,151,90,90,163,179,152,131,185,146,163,193,151,235,173,117,151,179,169,161,217,223,193,183,179,173,117,138,134,173,167,131,131,104,138,179,112,72,117,143,97,117,143,73,151,87,151,87,112,146,104,112,126,110,95,104,110,126,131,123,104,152,110,110,131,152,117,138,146,58,61,117,117,138,117,112,134,87,123,117,151,188,190,157,110,163,220,206,210,216,207,190,185,110,54,110,188,203,183,179,159,173,169,179,87,95,95,95,131,134,131,152,117,131,143,101,138,123,90,81,123,90,87,143,134,117,143,101,66,95,104,61,134,126,71,117
57,72,98,79,57,107,114,134,157,131,95,61,59,148,123,110,87,123,166,136,123,151,131,101,151,79,136,92,136,141,129,166,198,151,136,177,179,117,134,136,129,131,141,123,155,136,120,166,120,123,161,134,129,155,110,98,120,112,120,101,157,166,131,131,136,161,196,148,101,123,129,120,92,148,123,79,114,123,148,148,114,110,79,136,155,143,148,123,114,141,123,136,155,152,141,167,110,114,114,123,114,101,157,161,101,107,79,63,79,101,98,131,143,131,84,107,136,98,107,155,157,126,76,92,87,58,84,148,101,98,69,87,120,98,90,87,76,42,84,55,92,84,76,112,101,92,107,114,97,167,143,123,143,151,157,110,123,92,143,157,151,146,163,167,183,163,157,193,152,152,173,175,110,195,207,173,143,157,146,114,131,169,157,161,190,152,112,173,151,126,146,146,151,152,148,143,143,143,143,160,163,163,152,123,138,152,169,203,160,117,163,163,152,175,183,157,138,95,123,179,179,190,151,117,123,138,160,188,229,207,126,143,175,173,160,193,226,185,160,169,138,179,66,152,87,143,131,152,117,104,101,101,138,157,138,120,95,95,63,159,112,193,90,143,151,126,117,104,90,87,126,123,104,146,126,117,79,126,151,143,163,120,159,71,157,134,157,151,143,163,134,126,107,112,138,163,188,173,123,151,151,179,214,188,167,202,214,169,110,90,123,157,202,126,167,185,131,131,175,151,123,134,126,126,126,104,151,157,110,123,126,126,110,146,117,138,79,79,112,110,90,131,87,81,112,101,73,151,101,87,126
72,79,63,44,112,136,136,181,155,120,112,76,72,129,120,110,129,136,155,138,126,141,131,114,143,84,92,101,141,129,126,143,136,141,141,166,161,129,143,166,79,190,141,172,123,160,87,90,157,136,136,141,117,131,141,123,114,120,155,129,84,129,155,120,141,120,136,146,120,98,92,84,117,117,143,131,114,98,114,188,123,58,87,151,166,136,148,166,136,107,120,151,151,148,120,126,155,138,141,110,131,166,92,146,166,120,98,79,76,92,120,120,151,157,101,107,101,98,92,148,148,120,72,57,74,92,128,141,84,63,123,72,98,95,107,128,41,48,76,107,101,90,87,128,66,29,87,128,123,138,76,206,114,143,117,134,131,138,163,152,110,151,173,190,173,152,143,179,155,173,213,166,167,188,183,163,157,146,131,134,157,131,104,152,169,183,134,138,146,143,114,117,151,131,134,112,131,160,157,157,138,151,112,126,131,169,183,157,190,138,123,151,160,173,160,152,157,143,138,177,183,183,134,101,123,95,101,195,226,243,190,134,157,179,167,157,181,190,169,157,134,195,92,95,95,134,131,95,117,90,95,123,157,134,95,134,123,58,101,151,167,95,152,123,157,104,120,90,95,117,146,138,131,157,126,101,66,179,151,123,151,138,112,151,71,112,169,152,134,167,131,123,152,110,101,134,163,151,112,169,90,126,216,210,188,169,185,195,152,138,138,117,152,183,159,151,117,101,169,159,143,126,95,95,126,126,110,117,126,123,126,90,110,131,112,131,101,79,87,110,101,87,101,104,101,87,101,117,101,110,104
59,57,53,76,114,126,172,179,138,131,92,120,123,84,107,155,166,136,104,126,141,129,120,107,120,107,123,114,136,110,143,148,84,136,155,161,175,161,136,131,138,179,138,195,141,141,98,104,183,107,117,131,129,114,110,136,129,143,161,163,129,107,148,120,136,114,98,129,84,95,129,131,151,166,98,101,131,157,172,151,152,131,107,188,151,128,114,141,101,98,157,157,131,114,120,98,128,138,101,107,120,131,148,123,110,131,117,84,87,92,110,128,92,123,136,107,101,120,104,161,128,87,84,66,87,120,120,98,79,79,74,92,120,76,69,84,61,58,97,97,101,101,76,69,36,41,136,157,123,84,166,146,136,151,95,131,82,131,112,101,112,157,188,152,152,143,179,131,188,167,173,173,207,126,155,169,157,151,101,134,143,143,188,138,143,163,123,195,134,143,134,143,95,151,110,110,143,169,146,152,161,126,61,163,110,190,183,167,193,163,117,146,151,143,157,151,146,163,151,175,179,151,157,138,90,79,123,193,225,235,226,163,134,179,151,117,134,169,148,146,128,138,123,112,151,126,120,104,134,123,131,101,90,123,117,110,126,143,117,157,151,131,71,90,112,138,112,110,104,95,95,167,173,87,126,151,146,79,163,152,146,163,117,131,123,138,90,120,134,143,163,117,73,146,110,163,131,143,152,90,157,143,179,202,167,157,198,183,159,138,126,123,61,163,167,157,152,110,110,213,179,131,134,126,110,81,131,146,134,143,131,123,90,123,117,101,101,126,117,90,95,101,87,81,90,110,95,131,126,112,117
87,79,57,92,101,107,107,114,129,136,129,76,101,120,155,141,136,151,155,141,141,148,143,107,84,131,157,141,129,136,166,166,131,141,160,161,167,155,143,143,129,143,167,143,155,120,143,151,155,131,107,123,141,129,123,148,141,136,117,131,136,155,131,120,141,101,66,120,141,120,136,141,161,157,101,126,161,117,167,136,143,117,104,151,136,157,101,79,151,177,161,112,131,87,157,123,50,114,84,98,120,131,92,155,166,98,92,98,120,123,98,98,76,128,148,141,107,128,128,131,134,114,92,72,107,128,84,76,87,79,82,110,92,76,84,84,98,84,87,110,101,120,114,63,58,87,141,120,128,136,101,120,167,131,76,98,134,183,183,123,112,138,141,131,146,163,146,146,157,104,203,172,131,146,143,198,131,157,157,95,95,131,193,169,138,175,151,157,131,117,167,151,101,143,146,151,146,157,157,123,131,73,104,123,123,173,110,201,167,152,117,146,163,131,112,152,160,151,152,152,183,146,151,143,143,163,192,173,185,206,201,179,152,151,136,143,123,95,123,157,112,112,151,175,160,141,151,131,123,131,117,101,69,101,143,131,126,143,143,159,143,110,73,95,143,126,97,138,159,143,131,131,131,104,131,131,131,173,123,131,138,173,117,141,138,95,90,110,128,95,90,110,104,143,138,157,110,126,179,146,146,90,183,152,155,188,200,214,193,152,90,82,112,117,185,159,210,104,131,138,179,198,157,151,134,117,131,128,134,157,152,90,104,101,71,112,117,110,104,54,123,123,117,117,110,112,112,104,138,112,126
79,107,50,90,104,123,63,92,101,148,107,107,95,129,136,117,123,157,107,155,123,136,167,110,84,98,141,114,129,155,148,136,173,173,143,129,138,151,161,129,107,148,141,120,157,131,175,148,141,161,104,107,129,151,143,129,129,114,107,107,136,146,151,98,143,131,141,110,107,107,120,141,126,166,177,92,143,92,128,128,107,136,161,101,146,131,151,172,143,128,136,138,141,141,46,151,120,107,141,76,92,141,136,128,110,117,92,104,76,107,82,107,123,141,110,110,148,114,146,112,166,148,72,57,123,136,74,66,84,87,110,92,72,107,84,63,57,72,92,101,110,110,101,52,72,101,92,90,128,123,98,148,155,128,114,120,151,128,134,138,107,120,157,163,160,143,185,157,110,138,213,138,143,155,169,126,151,112,146,152,134,136,151,179,126,110,152,151,79,95,152,97,123,179,134,143,152,143,126,101,110,117,123,82,152,138,169,138,177,151,160,146,151,131,167,185,179,152,151,126,167,166,126,185,175,173,213,138,163,152,146,157,152,134,138,138,112,73,123,160,151,146,185,175,169,163,167,134,87,110,101,112,104,87,104,126,126,131,138,123,126,126,138,146,112,112,123,128,143,123,138,146,112,117,120,131,123,101,126,101,123,146,143,120,95,112,123,131,123,95,134,159,136,157,143,117,110,117,82,112,175,152,143,167,167,185,188,216,223,202,185,112,34,104,183,159,213,134,134,126,169,151,138,104,131,159,134,138,143,134,188,104,54,79,169,143,131,66,112,131,143,146,152,152,87,54,79,112,134,87,131
79,79,76,72,104,120,59,92,82,98,107,112,115,136,161,148,157,126,123,131,152,123,148,95,131,76,136,129,129,152,146,146,166,166,114,92,123,123,131,123,120,123,134,141,120,172,192,148,110,123,110,114,123,123,101,114,114,101,120,134,141,136,151,117,155,141,151,110,107,110,134,167,155,136,151,126,114,114,123,141,128,117,148,120,131,120,151,172,155,148,143,155,151,136,128,101,173,107,141,84,107,92,128,136,155,120,110,92,107,69,114,79,160,141,42,175,87,48,151,112,157,123,79,87,101,120,92,76,87,90,143,107,72,79,58,50,41,92,87,66,104,107,87,74,63,76,98,114,136,110,107,148,123,143,155,107,110,128,123,148,148,131,152,138,167,198,167,136,157,203,185,152,193,160,131,87,151,169,157,134,138,143,126,148,143,128,179,134,87,123,107,126,131,120,151,101,151,143,117,134,134,117,87,79,167,143,206,131,175,160,175,131,160,175,173,167,183,179,123,123,173,136,201,179,123,110,185,167,143,131,136,131,126,146,146,134,110,90,126,185,143,181,157,169,152,126,143,112,66,101,123,110,123,95,104,104,112,112,152,71,134,126,138,128,117,112,112,79,117,143,126,138,123,112,146,146,104,112,112,95,123,134,126,131,112,101,131,152,131,101,134,157,138,134,123,76,110,112,117,163,183,217,101,151,190,195,173,183,223,233,217,131,58,61,159,152,167,198,169,42,90,148,151,143,143,202,169,58,90,138,146,112,143,112,131,151,123,81,146,112,167,157,117,112,87,110,151,90,131,81,173
63,59,87,123,151,87,53,110,98,87,134,90,129,107,143,131,138,152,110,84,131,92,151,123,50,107,107,112,155,166,117,129,148,123,110,110,131,107,136,136,141,161,141,110,129,192,131,129,114,110,120,136,129,98,120,110,131,107,134,141,151,148,129,129,148,141,114,107,114,123,148,155,120,114,148,141,110,141,157,112,143,114,131,136,136,128,136,151,141,152,172,143,131,155,141,107,160,69,136,101,98,143,155,128,110,107,128,126,98,148,166,126,143,141,155,57,123,107,123,138,151,114,72,120,155,63,76,98,48,84,57,72,87,76,57,63,120,76,98,46,63,87,72,87,69,72,134,76,107,92,101,151,166,161,157,110,107,114,123,167,181,120,95,169,146,175,163,169,185,193,138,143,146,152,146,123,179,185,134,151,151,146,152,143,123,151,163,151,110,134,117,110,138,123,123,134,131,128,110,104,169,169,126,157,193,157,160,151,221,134,117,173,183,179,143,157,203,207,193,190,179,177,160,123,112,92,188,155,152,117,143,114,143,163,173,138,79,79,146,143,146,175,101,169,112,110,107,95,90,101,123,126,117,128,151,117,101,82,159,90,87,134,112,101,167,82,87,87,110,151,131,110,131,117,146,159,101,112,95,87,169,163,123,143,131,126,123,117,126,126,159,143,104,82,117,95,112,131,134,157,166,188,146,157,202,185,185,190,214,228,221,173,82,95,123,138,193,195,183,134,95,126,146,134,163,131,95,95,117,157,131,126,90,95,79,131,112,131,110,134,79,138,117,66,87,123,143,112,101,151,95
79,98,138,129,123,79,57,76,148,90,53,85,98,151,120,112,148,161,101,98,110,107,141,98,90,131,104,95,167,136,136,87,123,141,129,136,129,120,131,167,134,151,123,104,148,114,157,129,123,110,110,136,141,107,131,117,141,107,141,141,136,151,101,110,129,131,114,76,129,161,131,129,82,114,155,167,151,141,112,98,126,110,123,136,157,141,98,107,131,166,155,120,123,155,201,148,117,107,117,101,141,155,128,141,120,112,128,114,98,117,155,151,123,173,141,143,79,123,92,128,141,101,87,76,110,98,69,92,76,98,74,57,141,107,79,84,61,84,41,42,63,63,63,79,136,90,98,120,120,114,143,166,196,151,110,92,114,131,151,155,163,123,120,151,112,179,183,110,143,160,117,152,143,87,157,157,143,169,163,169,141,110,163,151,143,90,143,138,123,117,123,104,104,138,123,101,87,87,134,152,190,185,167,190,163,101,90,157,163,138,152,179,198,152,110,152,203,195,193,172,128,157,95,79,123,157,175,161,134,131,104,126,160,146,131,160,73,48,134,131,157,157,151,157,151,117,104,110,82,90,126,173,151,117,143,138,126,101,151,104,95,146,87,157,151,87,73,112,104,138,143,114,117,131,138,112,131,95,87,169,175,157,138,134,146,173,138,87,117,169,152,151,110,123,123,90,152,151,134,126,183,173,159,117,131,221,231,188,185,228,203,173,173,126,90,126,173,195,188,126,152,157,146,123,123,152,175,134,123,143,123,104,90,104,112,117,110,101,90,123,138,66,61,95,112,131,131,95,95,123,87
129,107,160,123,63,79,85,92,120,90,129,85,120,138,120,129,136,143,141,92,110,87,84,179,136,107,157,84,148,120,141,131,129,120,131,129,110,141,166,120,107,134,110,131,129,120,136,117,104,114,126,129,123,98,123,134,110,129,141,136,136,161,123,123,148,131,110,120,155,172,131,110,101,129,152,167,172,126,90,112,131,117,123,120,155,166,112,110,120,143,148,114,141,148,163,148,120,136,117,123,136,141,117,112,114,79,90,84,104,148,166,192,196,152,120,166,146,112,128,148,148,120,55,69,101,123,92,63,63,84,72,84,114,84,101,53,114,69,87,87,87,57,69,110,76,107,136,123,141,167,211,172,141,163,84,92,128,173,161,120,141,155,112,148,143,107,173,95,152,107,151,131,143,112,152,179,131,131,155,157,146,123,183,104,138,138,160,117,151,141,117,152,95,95,138,110,131,157,138,131,167,190,146,146,143,123,104,117,185,185,160,157,175,134,126,112,117,169,179,160,146,138,110,131,123,131,146,138,169,123,110,151,146,151,167,160,110,72,143,185,126,157,146,160,157,95,131,107,90,126,151,163,146,104,131,134,169,143,123,117,151,87,143,159,104,152,95,110,112,126,159,151,112,123,143,95,138,138,110,210,146,167,110,146,123,134,161,152,143,163,159,134,123,146,126,146,131,151,123,138,214,169,155,110,151,188,207,202,175,183,216,203,229,123,90,79,143,190,188,193,175,188,179,151,123,131,157,138,161,143,95,143,183,138,126,123,117,110,95,90,117,101,73,112,131,101,112,95,101,143,131
136,131,136,107,72,69,115,115,107,107,69,110,107,101,123,161,173,155,98,72,79,134,120,110,151,98,172,107,101,90,161,134,129,136,136,146,141,166,120,98,155,131,148,104,146,98,134,110,92,126,129,101,98,123,114,114,129,114,107,131,146,148,148,141,172,98,120,141,114,120,155,101,92,157,110,151,131,148,117,155,126,128,141,141,141,160,136,136,141,148,172,123,128,161,163,143,160,107,131,110,117,131,136,123,114,101,84,79,114,172,172,201,192,143,157,128,112,151,155,181,155,87,72,84,95,98,92,92,95,92,72,87,69,76,107,92,76,98,131,123,101,72,76,98,110,87,107,120,148,161,193,141,188,155,110,114,128,181,141,98,131,172,141,136,155,76,172,161,97,90,134,138,131,152,123,148,131,87,143,163,143,146,157,155,114,112,151,131,123,163,131,69,76,90,82,117,169,151,117,190,160,110,131,131,143,134,126,163,131,169,151,146,198,163,82,90,79,146,173,146,117,101,143,157,131,131,123,134,160,157,138,131,157,167,123,104,143,123,173,190,97,90,160,123,146,138,128,126,138,131,123,95,110,104,110,146,163,131,112,151,117,73,152,112,110,163,126,101,126,126,146,151,131,126,136,123,134,152,110,190,157,146,123,131,101,110,157,175,146,151,138,101,117,152,131,117,131,112,123,163,190,159,167,146,134,169,200,179,126,138,198,195,206,206,48,123,117,167,157,175,179,123,151,134,159,183,131,123,143,112,143,163,126,175,126,123,146,143,79,110,131,101,110,110,123,95,87,112,110,87,87
98,87,36,37,76,82,85,129,69,131,155,107,92,115,148,155,126,120,152,157,107,143,134,141,177,136,141,110,101,138,143,157,123,141,166,141,110,114,143,107,141,146,123,123,155,148,92,131,143,120,143,151,114,107,123,101,123,98,90,161,160,92,148,161,76,120,114,123,110,134,146,131,110,114,104,138,114,161,136,148,110,107,157,141,136,136,128,143,167,155,173,151,152,169,157,128,175,76,157,110,117,138,148,128,123,128,114,123,128,166,166,173,166,186,120,157,151,141,161,183,185,123,58,92,112,95,107,131,98,69,90,84,63,101,101,72,90,63,82,110,92,63,50,74,101,120,90,120,172,166,131,157,112,167,141,123,126,84,101,128,136,155,157,101,114,177,151,114,76,120,131,131,131,157,101,123,143,131,126,151,136,131,167,185,179,134,138,110,112,136,136,104,97,95,104,110,146,160,146,123,134,163,126,146,146,123,169,101,160,143,110,143,143,152,110,79,95,117,146,82,120,183,143,167,181,126,123,95,151,157,131,141,160,126,138,143,175,151,160,151,87,134,123,73,146,151,117,126,117,123,117,104,95,82,138,157,104,126,131,126,101,110,112,131,123,131,110,101,110,112,126,131,123,117,143,138,123,112,117,134,126,157,138,126,126,146,138,146,143,141,138,101,117,138,131,95,126,143,143,169,134,163,126,117,146,169,179,152,151,179,167,210,198,231,110,143,66,157,173,157,193,90,146,188,143,175,193,112,95,126,151,90,175,134,152,179,112,131,151,101,131,126,112,146,134,110,90,110,90,81,95
33,20,30,30,33,107,120,101,141,123,90,131,141,129,112,131,173,155,110,141,120,126,117,126,129,151,101,129,143,155,136,151,177,141,104,126,123,123,151,161,123,129,141,152,117,129,129,166,136,129,131,151,107,87,110,120,107,101,120,110,114,134,114,138,92,143,98,123,123,98,129,157,155,92,110,107,161,128,120,148,155,114,128,128,123,120,138,131,143,141,123,177,181,141,166,131,157,114,166,128,138,131,141,128,120,128,151,166,143,157,136,181,166,172,151,172,166,161,181,183,188,131,61,61,101,101,101,128,92,92,87,63,107,98,101,69,58,76,79,79,69,72,74,84,110,92,72,112,136,141,141,131,98,141,123,110,167,161,104,136,131,110,123,123,141,155,172,128,123,161,157,101,160,157,151,123,138,169,138,126,126,131,190,183,173,123,131,84,134,138,131,123,87,82,126,126,101,123,161,173,123,160,157,157,157,123,152,134,163,143,143,143,173,131,101,131,151,97,101,101,138,112,169,112,128,95,134,167,131,117,146,146,167,169,134,143,138,169,138,126,131,126,112,131,114,143,143,157,152,151,151,123,72,95,160,151,92,126,126,112,134,134,101,146,143,95,123,101,66,95,146,157,123,110,151,146,104,131,131,90,104,138,123,138,152,163,126,143,143,123,126,131,131,117,167,112,110,138,143,159,134,152,146,151,173,185,175,195,229,221,152,198,203,206,217,117,79,101,110,146,173,195,173,183,143,138,163,143,123,169,71,112,112,126,163,152,138,90,167,146,110,112,134,126,134,81,90,131,87,90,112
15,13,17,16,57,85,141,110,185,115,131,136,129,126,115,120,157,148,136,157,107,92,155,181,126,161,110,84,129,151,179,181,123,120,138,141,157,138,131,98,123,155,141,98,148,123,120,143,107,114,112,123,123,98,131,148,98,120,143,163,173,114,92,148,157,166,143,95,131,131,129,148,131,143,120,131,143,131,155,183,123,104,84,114,117,141,128,131,148,126,128,193,179,141,163,157,148,155,167,114,138,123,136,138,107,120,166,177,172,155,120,173,188,160,195,143,195,148,183,181,173,131,57,76,107,84,79,128,92,57,72,79,136,84,84,92,84,63,58,58,84,87,84,72,98,92,42,101,110,128,136,157,84,101,136,146,148,123,126,131,107,110,141,141,151,167,120,151,172,167,167,126,143,173,152,131,112,169,169,117,117,138,160,134,141,112,107,107,151,110,117,152,112,104,138,123,117,148,163,138,134,167,175,112,163,179,167,185,160,110,143,117,152,160,163,167,123,95,101,95,138,90,104,143,110,160,126,117,138,143,112,110,146,175,152,117,183,198,157,101,120,101,87,131,95,183,152,126,151,134,123,143,131,117,167,126,126,134,112,143,160,134,160,146,126,95,123,123,82,134,181,146,126,112,143,126,101,123,167,131,95,104,117,167,173,151,117,131,157,134,112,126,151,131,138,138,95,104,138,169,157,134,186,203,175,167,175,213,228,223,202,179,190,231,206,159,71,52,71,163,138,192,183,163,104,87,179,179,163,146,117,90,190,123,167,104,175,117,95,110,112,110,123,117,90,117,112,134,101,123,110
17,17,17,17,41,53,146,173,181,123,129,146,141,141,136,131,157,160,155,151,161,101,143,192,186,104,110,92,148,181,143,90,148,166,161,131,117,167,129,69,166,143,136,92,92,76,114,129,104,120,157,157,104,112,114,166,120,123,134,120,136,120,131,166,160,136,107,87,131,151,141,151,166,120,104,141,141,161,192,157,136,123,136,92,110,157,136,131,155,161,161,167,173,148,166,117,148,155,128,92,155,141,128,151,120,131,185,186,183,167,136,123,206,183,208,161,172,148,148,173,161,136,92,92,101,92,101,90,98,79,79,92,114,95,114,128,84,58,63,69,110,92,57,74,101,92,50,123,107,126,161,163,141,98,148,175,157,128,110,141,128,120,161,181,107,117,136,177,157,173,148,155,166,141,141,131,101,114,173,151,143,160,117,95,138,112,95,131,126,110,123,163,148,148,134,123,151,155,160,123,101,157,160,143,179,160,134,157,112,73,104,131,141,126,101,110,76,104,155,117,157,146,112,126,167,126,179,160,104,126,143,104,143,169,163,155,160,157,167,117,123,73,97,42,131,185,151,72,48,138,151,126,160,138,95,167,138,131,117,163,143,146,117,117,126,123,123,131,143,134,131,123,143,151,90,123,146,163,146,138,143,143,163,179,160,143,123,95,131,161,126,110,126,143,126,134,101,123,167,151,131,152,183,190,146,138,167,179,202,226,228,190,190,226,193,183,101,79,73,104,131,179,192,163,134,146,167,195,169,101,195,169,143,117,183,173,157,97,101,117,134,81,81,131,104,71,126,152,138,110,81
50,36,30,24,19,69,136,205,172,143,92,107,175,136,120,110,141,157,112,136,193,136,120,155,151,129,173,172,155,101,134,148,136,134,151,175,120,181,76,98,110,120,114,104,126,167,114,120,131,120,107,136,161,92,87,114,129,82,134,138,107,104,90,157,167,126,110,141,172,152,148,152,141,151,131,143,107,131,211,155,131,141,110,98,131,175,148,84,128,155,143,173,186,181,179,123,123,141,120,167,155,120,181,157,141,157,183,172,181,192,157,120,207,193,205,172,166,161,98,166,161,166,92,84,123,120,98,79,120,84,101,104,76,104,123,84,107,87,50,63,84,76,58,114,120,72,92,110,87,143,141,120,167,107,128,141,84,128,161,151,167,136,148,166,136,114,110,151,128,128,143,141,157,128,123,136,148,97,87,141,157,126,79,112,69,82,143,123,123,134,131,167,161,110,131,161,146,117,141,112,82,107,175,167,131,151,101,101,104,110,123,112,101,107,131,110,101,141,183,138,138,126,131,134,134,112,152,123,79,90,146,136,126,134,128,183,173,131,152,138,138,151,73,44,188,188,101,95,72,90,160,143,131,151,183,107,123,112,160,138,87,163,138,90,123,95,126,134,146,123,110,151,104,123,90,110,95,157,148,138,173,160,152,123,131,138,112,90,87,110,134,104,90,151,143,151,112,163,134,112,151,163,152,134,143,146,138,138,179,216,217,179,193,214,195,151,131,95,54,58,157,198,167,169,157,151,203,215,151,126,188,163,146,188,210,185,112,110,157,173,112,79,126,123,81,71,143,173,126,123,104
120,112,85,37,33,57,129,172,136,136,141,151,143,143,141,141,136,136,101,152,152,148,148,114,177,166,173,177,120,104,114,110,143,166,138,141,131,134,161,76,131,98,110,136,101,98,120,157,107,92,107,76,98,166,95,104,129,107,114,157,123,134,84,143,148,110,131,146,141,155,123,120,110,148,208,101,129,181,198,166,141,172,155,143,167,155,98,101,131,167,173,179,186,151,128,110,148,161,151,166,151,169,143,120,155,157,148,177,186,166,192,211,205,196,172,167,160,161,148,155,160,179,120,92,136,112,98,107,141,114,110,136,101,87,72,110,128,76,58,79,92,79,87,101,92,79,87,79,123,157,131,134,114,152,136,98,151,143,173,173,172,143,120,167,128,123,141,110,148,151,166,107,157,136,101,123,148,123,114,141,131,148,123,95,163,181,117,128,123,97,134,126,104,117,157,175,138,112,92,126,104,157,183,151,107,157,97,90,151,169,163,123,87,117,151,143,143,143,143,160,134,123,143,101,87,146,117,123,87,90,123,123,123,126,167,179,190,151,101,148,134,110,151,128,193,163,79,52,123,160,123,112,110,95,101,183,167,87,82,112,123,126,143,71,160,117,101,160,104,117,157,138,123,117,173,52,134,190,163,112,143,151,112,143,134,87,101,117,82,92,146,112,143,110,157,157,134,138,136,146,143,112,134,167,169,151,126,131,157,203,157,134,221,202,193,179,152,131,79,61,143,163,146,179,152,146,207,202,183,134,117,146,183,173,185,167,117,138,169,173,117,95,143,138,117,104,151,163,123,134,101
167,155,141,129,69,79,148,131,129,146,131,141,141,148,148,136,104,90,101,123,126,141,161,173,143,157,167,148,131,148,163,120,161,161,90,129,169,101,136,148,131,129,151,76,141,131,120,141,104,120,114,129,136,131,167,136,84,123,120,183,120,155,117,126,155,157,110,126,148,138,129,84,148,136,98,141,98,160,148,155,188,117,173,166,163,155,138,131,167,199,181,157,143,151,110,173,148,143,114,110,148,161,131,136,167,155,141,157,166,166,195,199,199,196,160,146,151,177,151,131,151,173,166,101,92,110,120,107,114,107,120,152,123,79,69,136,120,57,79,107,98,92,104,87,84,101,84,87,169,157,151,167,110,167,136,101,138,157,151,167,161,143,101,87,92,167,152,155,110,131,92,87,131,120,151,101,79,84,128,157,148,126,141,110,195,101,167,114,79,104,97,82,134,131,101,138,163,152,101,84,157,134,117,151,112,169,152,117,173,173,157,131,131,138,143,175,146,131,123,163,134,112,131,79,97,146,134,134,120,95,95,123,151,155,157,143,143,126,123,123,143,169,117,152,160,143,90,92,131,123,117,112,82,123,157,146,146,123,90,112,123,82,157,146,138,117,95,101,131,123,123,128,134,138,123,143,95,179,173,110,104,123,76,123,76,104,123,117,79,110,160,117,167,117,126,117,110,163,110,126,101,138,167,169,173,152,112,134,163,175,159,163,220,203,217,235,198,157,73,84,87,101,112,159,169,138,157,157,210,152,101,157,167,175,152,143,146,146,159,151,131,126,131,152,126,117,104,123,131,112,87
148,126,157,167,110,112,167,155,141,146,126,131,148,129,136,136,101,117,129,104,120,148,172,183,177,157,151,152,175,172,148,148,141,141,136,129,155,173,151,141,141,148,157,95,101,87,120,120,131,146,129,131,148,131,114,95,120,126,148,120,141,131,120,120,92,138,166,98,98,141,136,155,104,114,110,155,87,131,181,87,129,155,172,148,161,126,107,128,155,215,188,143,98,166,201,136,131,152,110,123,131,84,131,199,183,131,120,143,143,192,181,143,186,188,181,211,181,141,131,141,173,163,120,120,120,92,110,92,58,87,163,148,101,101,90,92,110,79,72,107,107,107,131,131,92,84,92,107,155,186,157,136,151,136,98,148,148,166,161,172,166,131,123,110,148,136,120,148,76,136,141,123,107,131,123,87,84,110,97,107,110,114,110,188,157,92,101,131,110,126,131,146,126,104,82,95,157,157,110,117,169,112,101,123,126,61,161,134,112,151,123,131,179,151,123,131,131,131,101,146,126,117,123,104,76,160,151,157,138,112,110,152,175,157,112,95,138,104,117,128,123,143,126,95,131,143,138,146,157,160,90,82,112,134,82,72,143,138,72,79,123,160,72,87,138,157,143,117,95,138,163,131,112,152,101,112,179,143,131,146,92,104,95,138,104,104,104,117,138,112,138,160,131,161,110,151,146,58,146,95,167,190,167,117,146,152,123,146,181,169,193,190,179,206,220,239,221,117,101,61,95,112,90,138,185,159,131,117,210,173,172,157,151,193,134,159,179,163,131,134,117,126,138,151,123,79,117,117,117,104,90
117,120,123,138,123,85,181,190,120,141,160,136,129,98,120,155,136,148,126,110,129,161,183,177,160,141,148,160,181,163,136,131,126,151,166,129,148,166,131,148,129,131,148,101,104,136,110,131,117,131,148,157,167,148,131,112,131,110,98,141,101,114,131,107,157,185,129,110,148,131,123,138,141,123,148,76,120,117,117,167,120,87,110,166,123,98,87,155,183,173,166,160,166,136,114,193,151,136,114,134,128,181,114,155,166,101,114,177,128,161,143,141,173,183,196,227,151,136,151,152,151,166,126,82,120,110,76,95,120,126,107,146,104,126,101,57,92,114,120,128,101,120,157,157,110,63,84,87,148,205,157,123,141,95,107,161,131,155,175,167,152,148,148,141,136,114,110,157,143,166,161,148,126,107,92,107,128,114,107,120,107,114,128,166,107,107,141,97,123,95,169,160,101,112,138,95,110,134,79,104,74,167,95,146,87,72,183,92,151,117,123,87,126,152,131,152,104,90,146,73,146,131,126,90,141,138,138,131,146,151,143,138,146,131,104,126,143,87,110,146,72,131,123,126,134,155,117,131,151,136,87,87,126,143,138,123,117,167,101,112,112,79,110,163,185,152,112,112,160,167,112,117,131,126,101,87,169,186,175,123,90,87,87,79,126,169,101,131,183,131,87,151,173,169,138,160,123,82,87,143,185,151,163,151,146,131,131,152,151,169,138,152,202,138,225,221,228,195,143,90,79,95,95,152,210,185,143,146,175,216,175,159,104,179,159,183,146,157,134,126,104,101,146,134,104,110,134,87,117,79,101
107,123,117,120,120,92,166,186,117,131,167,157,143,131,115,131,134,129,115,155,148,148,151,161,98,136,136,155,157,131,126,131,136,143,143,141,129,161,141,131,120,129,120,101,98,90,138,166,98,98,161,157,123,123,131,120,101,126,112,123,114,92,138,167,152,136,166,129,107,107,141,177,151,177,136,104,129,136,141,104,123,123,112,129,131,136,114,128,167,146,172,183,107,155,183,107,166,141,123,186,173,101,161,143,143,143,148,151,192,148,172,148,181,207,244,201,151,161,160,163,141,128,131,107,90,107,84,110,161,112,82,166,131,114,87,98,53,120,157,141,79,92,152,166,120,87,92,95,148,173,181,128,110,120,167,169,131,151,166,148,173,167,128,114,128,161,167,177,177,173,136,141,136,123,128,114,128,146,123,101,120,120,114,128,136,128,128,131,141,141,143,117,138,134,134,112,112,134,123,110,87,90,151,160,58,143,160,134,131,87,95,110,76,117,152,138,95,82,173,146,112,134,58,126,185,72,123,72,167,152,152,126,95,112,112,167,104,101,123,110,101,126,131,131,95,123,110,163,152,112,126,112,123,131,112,131,126,126,90,101,101,126,141,146,160,117,131,163,138,110,134,123,131,97,143,138,157,151,104,90,79,110,134,151,160,131,117,134,143,155,134,138,160,123,112,126,146,117,131,131,179,183,157,143,146,101,117,173,179,188,152,131,157,169,185,210,220,216,161,123,87,61,112,185,214,188,159,173,173,195,157,167,112,157,169,169,134,143,146,117,104,117,126,123,131,169,71,95,112,95,112
120,141,148,120,92,110,148,148,117,143,169,160,151,141,107,90,112,120,129,155,160,138,166,143,98,155,126,110,114,110,129,155,167,143,129,148,129,146,114,98,101,129,129,129,87,92,131,151,123,110,138,148,120,141,151,136,101,120,143,143,131,98,129,175,181,120,92,129,98,120,167,167,141,123,129,141,141,157,148,120,76,84,112,141,172,123,148,173,175,148,141,166,175,157,114,173,131,143,117,166,173,151,120,166,172,167,172,161,110,128,161,166,181,225,228,157,225,172,151,131,161,134,98,107,107,79,98,148,110,123,79,79,107,87,98,72,98,69,110,123,98,87,161,188,141,136,79,128,155,155,148,107,128,173,181,177,177,143,141,166,177,151,101,141,167,166,177,166,155,155,136,128,136,148,120,112,143,136,97,101,114,136,143,123,114,143,131,110,148,138,131,131,120,104,112,126,117,101,110,146,151,117,146,95,112,175,143,123,87,95,104,87,87,95,134,143,117,117,117,87,101,72,143,138,126,123,112,117,163,138,152,160,84,112,134,101,95,138,152,101,134,131,157,95,134,160,155,136,146,143,151,138,112,101,131,117,134,101,112,152,117,101,123,143,143,151,143,167,169,138,110,110,131,120,110,183,110,143,143,95,104,117,131,95,73,95,112,112,138,123,117,101,117,87,73,87,146,131,138,159,179,143,134,175,152,126,179,203,213,216,169,159,143,143,167,179,157,193,202,163,101,66,79,143,195,195,179,173,167,163,193,126,146,110,179,159,159,126,117,101,110,167,143,123,151,152,104,87,134,146,131
148,167,166,90,98,123,131,123,129,141,155,151,151,138,112,107,120,134,143,148,167,167,181,129,126,143,151,98,141,129,177,186,161,157,155,131,98,134,107,87,114,151,112,129,76,148,141,143,166,129,85,123,131,98,155,155,138,151,117,129,123,131,104,136,141,129,148,151,131,136,161,129,129,151,173,120,110,141,120,120,110,123,136,143,167,169,169,151,131,131,131,181,128,110,155,160,161,131,120,148,101,107,177,157,167,141,128,177,146,107,120,166,183,213,183,199,205,215,141,131,157,141,114,84,69,79,101,141,76,69,167,63,120,63,50,123,92,72,63,84,123,126,104,146,166,110,136,141,155,166,110,136,120,152,183,206,175,136,141,188,148,117,141,141,136,117,183,128,141,141,163,155,143,155,141,136,131,92,69,97,110,141,141,84,58,128,151,117,114,87,114,155,166,128,97,138,143,123,126,134,138,126,95,95,123,123,143,110,79,112,84,87,110,126,117,123,110,120,90,131,173,104,95,120,138,151,143,160,112,134,169,169,104,87,183,151,104,134,163,143,66,183,155,101,151,167,183,117,157,167,138,169,160,123,110,82,134,126,131,167,101,95,131,117,141,169,157,160,138,79,90,123,123,95,163,104,179,126,138,95,131,151,138,126,82,90,131,112,123,104,95,117,117,104,104,146,146,167,151,175,173,143,138,157,152,169,173,159,190,206,163,151,167,159,179,138,179,238,214,163,152,112,73,104,143,157,169,179,157,175,163,110,117,131,157,183,138,123,131,90,143,185,185,143,117,126,146,90,123,126,151
181,183,157,87,123,131,117,123,131,148,141,143,155,131,136,148,138,129,143,155,172,172,166,161,136,143,186,148,179,166,193,179,148,179,143,95,141,148,143,126,166,146,107,161,141,166,172,141,173,148,98,120,148,129,167,208,181,141,131,120,104,152,114,126,141,141,161,183,155,136,126,155,166,157,155,172,129,160,167,151,148,148,141,120,181,211,175,129,110,123,148,157,173,128,87,143,146,161,161,120,114,151,141,128,166,193,141,104,131,107,95,141,177,188,166,179,228,227,181,163,188,188,92,84,95,76,82,101,84,87,128,141,107,46,87,72,98,120,92,69,95,112,87,90,148,136,188,110,141,161,146,167,84,148,211,211,120,120,136,143,131,114,141,95,79,155,161,107,131,173,172,188,134,143,157,148,107,92,107,120,104,107,104,136,110,128,166,128,72,87,110,134,136,114,101,120,128,112,87,87,90,117,123,112,131,117,66,101,131,123,101,95,123,104,87,143,131,104,117,104,104,126,90,112,143,123,117,123,157,138,138,117,95,123,152,160,146,157,128,126,131,82,181,167,95,112,173,160,143,138,123,155,185,151,95,90,131,151,138,117,90,110,79,104,131,151,138,143,146,131,104,101,82,117,138,131,95,79,151,146,151,128,95,90,126,123,138,134,110,146,126,123,104,151,123,157,104,117,112,157,152,167,175,159,157,157,157,146,173,167,193,198,112,131,173,169,220,223,239,198,163,138,90,90,104,157,190,193,157,146,183,131,146,157,138,167,159,143,131,95,131,195,183,159,112,90,151,151,87,95,112
196,166,138,126,123,115,101,129,136,123,141,141,166,148,143,166,161,131,146,161,175,166,155,157,155,161,186,173,166,181,173,167,166,155,110,101,161,143,177,167,167,155,155,167,141,123,167,166,166,143,129,131,131,155,151,185,203,151,107,146,136,136,143,155,84,136,163,166,143,82,134,161,131,148,136,193,166,188,163,98,166,123,129,148,141,155,143,112,152,120,157,128,95,192,128,148,143,169,161,148,136,98,131,177,172,172,166,148,128,160,152,161,192,201,205,224,237,224,163,148,160,134,136,84,84,107,110,107,128,107,141,157,84,76,107,87,87,157,123,84,61,84,87,123,112,131,181,120,120,152,211,143,128,155,143,131,157,148,117,120,128,131,128,114,138,123,128,141,120,173,157,213,114,141,148,143,107,107,148,110,84,107,136,183,141,151,123,104,110,112,128,120,131,110,95,101,92,97,97,84,87,134,157,110,95,74,126,123,123,95,79,95,112,95,95,151,134,95,146,152,126,134,90,107,146,143,104,131,146,143,131,138,143,104,134,169,183,169,110,82,112,151,163,95,72,123,167,160,146,143,126,123,167,167,146,152,90,104,138,110,123,104,58,104,110,143,104,120,143,123,123,82,95,151,131,112,123,110,163,143,126,126,112,112,131,131,123,146,163,131,163,112,128,134,155,138,95,173,101,117,131,152,146,138,151,167,157,167,152,203,152,169,90,117,169,151,190,221,169,169,167,143,110,95,123,159,193,207,143,138,185,131,138,146,151,151,152,143,79,126,173,159,163,167,101,110,104,104,131,101,104
186,134,123,151,129,107,110,131,131,95,117,138,173,161,155,123,186,148,107,164,172,166,138,136,152,183,166,148,155,161,160,151,161,148,112,123,151,157,175,181,155,160,161,146,120,155,161,160,157,146,151,123,92,148,120,148,141,126,98,136,151,134,134,112,92,98,161,155,114,107,107,146,98,120,143,175,177,123,172,107,120,87,131,167,155,131,136,157,146,155,136,157,192,179,136,192,173,161,141,166,161,117,128,181,192,181,192,181,163,172,151,196,220,186,203,220,193,148,152,181,186,148,92,79,92,104,148,114,101,95,120,92,92,101,110,101,131,114,79,79,72,107,128,63,82,101,101,101,123,143,143,161,177,114,84,76,101,161,172,107,120,155,157,146,120,148,179,143,141,151,136,196,120,141,123,131,131,128,114,110,155,148,148,166,131,141,120,166,141,97,143,128,167,112,79,110,120,114,110,141,76,151,131,72,101,123,126,104,101,82,90,90,73,104,126,112,104,87,123,128,161,117,126,126,104,112,90,104,112,117,117,90,131,160,181,152,126,134,87,79,101,110,123,97,97,143,160,183,167,123,136,101,112,143,95,143,128,79,146,146,126,126,110,76,138,134,104,117,112,95,126,101,148,151,134,101,160,101,143,90,110,101,104,110,101,152,148,110,131,131,104,117,146,146,136,101,110,138,110,183,151,143,112,143,131,131,166,152,159,143,195,163,110,117,175,159,167,198,223,167,190,151,87,104,146,134,146,151,134,152,169,112,104,157,190,126,117,163,152,126,163,167,159,143,134,87,90,126,157,117,112
166,101,101,157,129,107,148,129,136,98,155,120,157,136,157,148,172,155,120,131,164,157,136,131,148,185,164,129,143,131,169,152,141,172,146,143,155,157,157,151,148,155,161,155,151,141,155,155,148,148,131,114,120,167,151,101,101,141,107,148,155,143,107,84,120,114,129,141,138,151,129,141,136,107,160,143,131,167,141,98,138,151,129,166,131,143,192,179,155,166,126,192,161,161,141,183,186,163,155,183,166,131,143,172,186,181,157,193,151,172,157,177,199,155,231,193,186,167,186,199,161,123,92,74,92,126,126,110,104,107,112,128,128,104,172,123,101,107,84,107,146,131,110,107,143,114,58,84,76,120,155,148,141,120,72,98,166,141,136,148,146,172,167,155,161,192,128,117,151,141,131,101,120,141,128,131,131,136,114,128,172,161,141,161,141,131,138,157,120,114,95,128,157,141,101,123,134,114,120,157,69,148,58,92,117,101,104,101,101,117,87,90,95,117,138,95,90,95,101,138,163,131,138,143,104,82,101,128,110,95,104,117,138,126,63,131,134,95,160,95,95,151,123,126,117,117,152,157,143,131,136,123,95,143,173,72,126,169,134,131,126,126,146,138,112,126,131,131,136,104,87,126,169,151,131,112,146,87,107,79,126,117,117,126,112,128,134,110,117,112,79,101,160,161,134,71,90,148,143,175,134,87,134,175,159,143,131,104,169,167,143,193,175,143,175,167,163,202,198,159,206,185,146,126,101,112,143,87,146,167,146,151,126,134,175,151,117,143,152,157,131,151,146,104,117,151,123,81,134,138,123
131,117,107,141,155,151,148,126,177,129,85,157,141,148,181,206,160,131,157,136,138,169,157,172,183,199,179,123,131,129,155,152,148,185,183,172,155,143,117,101,129,166,177,148,143,148,141,141,141,131,129,141,155,177,155,107,134,138,151,188,157,129,87,136,148,110,98,141,173,166,173,186,166,126,110,114,161,131,90,155,175,161,131,160,163,163,181,166,157,141,143,167,167,181,146,173,155,173,172,172,131,181,161,172,181,163,185,188,172,128,173,161,148,181,193,201,216,141,151,155,151,131,98,92,120,131,120,84,87,74,143,63,84,101,76,117,136,126,92,79,95,141,167,155,120,169,92,110,84,131,84,161,134,148,131,141,128,112,161,183,155,141,157,200,131,114,167,163,157,148,173,148,84,107,141,143,143,148,148,138,110,128,148,101,114,157,128,123,120,120,92,114,141,143,136,136,131,104,114,110,87,84,57,110,97,72,95,131,95,104,76,117,146,126,134,117,101,123,76,134,112,151,87,112,117,110,104,95,90,97,112,131,104,72,73,138,134,104,203,73,152,172,138,95,117,117,110,126,157,146,138,134,112,131,79,136,138,123,110,138,117,163,101,112,126,112,126,95,163,131,87,163,190,126,151,126,112,110,87,126,152,131,123,143,126,79,143,152,110,87,110,146,163,160,134,90,138,138,151,134,123,126,152,190,152,123,101,110,151,152,167,146,173,169,155,163,210,214,185,193,202,226,193,110,58,90,131,151,112,185,173,126,169,190,163,167,131,146,138,138,95,117,163,138,159,146,163,123,138,163,169
129,149,141,141,166,120,98,143,161,155,107,181,183,157,185,186,186,183,175,151,155,173,172,161,188,172,155,172,120,172,129,160,183,173,195,167,136,136,114,98,120,166,172,157,151,166,114,155,131,141,155,138,151,166,155,141,148,157,172,172,166,120,112,166,120,76,143,161,151,157,177,179,157,110,98,129,117,82,129,177,152,155,166,181,166,136,136,166,152,141,160,192,167,183,141,167,136,173,151,192,148,136,161,181,201,177,175,169,177,188,183,183,172,172,193,211,232,123,120,155,128,131,107,79,110,120,110,128,57,114,63,98,110,87,136,120,117,98,136,110,98,141,167,166,148,120,87,107,63,110,110,172,120,188,128,131,151,143,151,163,157,157,192,163,151,173,200,155,143,141,161,155,148,136,141,157,167,141,84,95,120,114,123,114,123,157,136,101,97,120,136,114,114,120,141,143,141,92,79,107,79,63,101,79,82,97,92,136,110,74,95,128,143,123,112,134,101,123,117,107,123,110,73,79,117,112,131,79,66,87,117,131,123,90,117,90,151,143,104,95,131,126,76,126,90,131,131,87,134,169,123,138,126,123,117,143,131,151,112,151,104,87,95,79,110,126,148,167,131,143,131,163,179,126,79,146,151,95,110,112,143,101,107,126,134,110,134,160,104,79,167,151,173,151,123,87,112,151,146,112,110,131,131,143,131,123,123,104,157,134,138,183,159,167,151,131,193,214,169,167,226,233,214,138,112,95,112,126,110,143,193,169,179,175,138,151,163,159,179,73,104,169,163,131,138,151,123,110,169,152,185
138,126,131,123,98,129,146,131,136,183,167,115,206,143,175,213,207,131,138,157,160,177,157,172,151,115,155,169,151,177,136,181,173,161,129,177,155,129,151,167,131,129,167,167,155,131,123,157,114,148,151,101,114,134,141,166,141,151,173,151,166,141,120,114,114,110,146,151,141,155,126,136,136,112,141,141,95,110,161,167,155,157,161,155,155,136,120,151,155,148,175,201,151,148,155,126,143,173,166,166,188,136,138,161,186,163,110,148,175,205,186,177,193,173,188,230,177,155,157,161,123,76,84,95,74,107,120,76,90,84,72,173,101,128,107,79,72,112,123,141,114,128,110,76,37,63,87,98,166,57,101,107,148,136,128,148,123,181,190,141,167,161,141,172,201,123,230,166,101,92,151,123,155,128,148,183,151,107,87,104,123,98,107,177,128,92,97,82,97,114,141,101,69,107,141,141,123,97,92,84,76,107,107,87,76,92,107,97,131,120,128,112,92,110,101,131,117,123,134,82,131,101,69,87,117,110,163,126,44,73,151,138,151,143,104,104,151,90,90,138,126,123,131,110,104,146,101,123,152,146,131,146,101,95,126,110,126,157,117,179,79,66,101,79,110,151,117,131,167,126,90,138,126,134,163,104,169,112,146,104,131,112,79,143,169,152,134,148,112,90,104,126,146,163,101,71,131,143,157,126,101,104,95,97,110,110,123,112,157,159,123,163,163,183,157,117,167,203,190,206,233,210,221,190,117,131,151,101,110,126,193,223,117,131,112,123,169,185,131,152,152,179,185,126,90,123,126,163,123,126,110
76,107,85,85,129,152,166,143,129,117,172,157,115,188,172,157,186,201,131,177,181,207,186,136,143,136,129,161,175,115,151,152,193,141,107,177,134,146,166,185,138,104,166,141,110,114,101,148,107,143,66,107,107,123,126,141,143,131,160,143,148,148,136,131,129,136,151,141,129,141,101,101,123,129,148,141,120,141,166,190,155,148,131,134,167,172,141,131,141,151,152,157,136,173,166,123,161,181,163,128,175,167,151,141,143,143,143,166,166,179,163,128,169,205,206,205,169,181,166,136,101,72,79,92,72,92,112,50,84,134,98,107,141,104,92,136,101,92,114,128,101,63,63,31,26,50,84,107,84,120,76,141,160,98,114,166,146,167,166,107,173,141,141,101,193,148,193,141,141,101,72,98,87,166,161,183,161,131,141,114,95,110,151,101,84,148,123,101,84,104,110,87,97,82,114,136,114,128,95,76,107,128,110,114,107,84,107,114,141,131,114,92,76,123,112,107,128,134,114,101,128,104,72,73,117,126,126,123,79,107,160,138,117,126,123,123,82,66,131,138,131,126,152,95,138,123,117,126,131,126,126,123,126,126,138,72,143,87,131,101,131,134,143,117,143,157,138,143,179,157,90,112,134,167,123,214,126,160,131,117,126,110,126,112,143,138,131,123,123,126,101,160,173,157,54,183,112,101,134,160,95,79,101,112,95,101,110,183,112,163,175,131,143,185,169,151,169,214,206,183,198,188,195,214,190,146,126,95,95,134,157,203,148,138,146,151,185,193,123,104,138,151,163,134,73,104,143,123,90,138,134
107,126,157,143,157,151,131,131,152,126,110,141,98,120,117,161,155,172,181,186,192,186,188,161,155,192,173,148,131,151,115,161,138,129,173,129,161,157,186,151,126,101,129,148,107,131,129,136,117,129,85,92,129,112,114,101,146,120,101,131,136,161,161,151,138,141,177,92,148,107,110,120,155,146,143,141,141,143,148,160,143,151,126,148,172,172,161,148,157,129,141,136,172,157,181,141,181,143,166,161,136,141,148,148,120,131,167,193,161,196,155,157,192,199,188,193,193,173,151,128,114,107,95,114,120,87,84,76,87,87,92,92,107,92,117,101,101,101,107,110,79,69,87,136,101,107,90,92,128,74,87,101,128,107,114,120,148,161,114,128,173,167,151,214,155,161,76,166,155,92,92,87,163,185,151,98,167,161,104,120,107,114,131,131,161,157,41,87,58,114,131,166,131,84,97,141,101,128,120,120,155,148,120,107,104,157,104,110,97,92,87,84,72,87,101,104,128,123,117,143,110,87,87,87,123,138,126,134,131,126,131,107,90,126,138,104,73,79,117,143,134,110,131,134,117,101,117,112,128,117,90,110,138,131,126,143,123,87,123,104,123,123,152,167,138,143,155,143,131,138,138,138,167,112,169,126,185,73,169,104,112,146,167,110,79,123,117,110,95,146,146,151,131,112,143,126,126,84,160,123,79,112,160,179,138,123,169,169,82,151,206,90,112,169,185,188,198,216,226,198,157,173,202,217,214,175,73,123,123,138,101,159,138,123,151,163,152,163,157,126,157,163,123,126,152,175,185,146,126,151,104
141,149,155,149,149,161,143,131,138,177,148,112,148,107,143,172,155,160,179,188,164,148,155,169,173,155,151,155,123,104,164,151,148,146,155,155,148,138,114,131,161,146,107,146,107,126,146,136,155,104,161,120,151,123,101,110,131,143,107,92,141,166,123,161,151,141,143,131,146,87,134,129,161,157,129,148,148,129,114,148,157,148,151,148,148,148,166,161,148,141,161,148,192,120,148,129,161,141,166,155,131,141,131,143,141,131,186,196,160,201,181,206,207,215,211,201,192,173,155,126,95,84,98,123,101,69,87,117,114,87,141,107,92,120,98,84,107,155,114,79,76,98,114,136,161,148,112,98,114,104,120,110,82,123,148,177,155,136,114,155,172,141,155,134,177,157,141,166,110,87,112,110,152,155,161,169,136,114,120,131,98,143,143,131,84,151,92,120,76,143,84,141,107,107,110,114,110,114,123,120,188,92,131,97,110,101,107,126,114,110,110,84,84,101,107,82,128,123,82,72,123,87,136,95,117,152,160,163,123,104,117,90,131,148,131,110,123,73,87,126,134,117,112,104,101,87,104,104,123,110,90,112,146,128,134,134,138,151,123,90,123,160,117,157,151,110,131,134,151,173,157,138,157,112,152,117,157,123,146,123,95,146,79,123,134,112,134,138,112,117,131,143,79,138,82,110,143,143,90,112,110,160,160,117,179,185,138,71,151,79,131,134,181,90,207,190,185,207,241,235,152,167,192,203,231,190,126,126,110,123,101,138,131,82,138,146,152,159,185,202,175,131,117,143,151,213,185,183,151,95,151
134,177,183,172,152,151,110,151,143,93,157,155,141,148,115,177,131,155,167,161,172,186,177,155,151,151,129,173,183,143,166,193,151,143,138,141,87,110,172,155,151,173,138,92,120,172,167,148,160,131,131,172,157,148,114,110,107,114,112,90,98,123,114,166,141,98,107,188,161,123,136,110,131,141,148,141,123,120,110,129,190,155,141,148,120,141,166,172,151,155,172,161,192,151,155,123,151,155,143,123,179,173,155,148,166,152,192,208,188,177,205,186,201,213,196,185,181,166,131,128,110,79,101,110,72,107,120,123,110,98,141,110,79,79,107,98,148,148,76,58,72,58,143,181,188,155,98,123,131,131,92,87,101,128,117,128,175,192,181,166,177,161,155,143,117,114,151,131,173,148,143,155,173,128,151,136,92,110,131,131,114,155,114,123,107,98,110,110,110,120,57,128,110,69,123,107,107,79,172,97,92,120,128,107,84,107,90,79,141,120,128,110,110,110,69,76,143,148,110,110,110,110,126,95,104,131,151,123,112,107,110,101,146,110,101,131,101,58,143,110,143,126,82,58,104,126,84,69,97,112,95,82,126,134,134,143,151,131,110,138,134,131,112,143,146,95,123,138,131,143,138,123,123,107,112,152,167,114,90,131,117,101,160,173,138,112,126,123,120,110,54,131,95,101,90,143,134,95,131,138,131,134,138,160,157,163,110,110,138,163,157,143,134,157,167,146,126,167,216,239,225,173,157,193,237,190,205,87,82,87,131,126,110,90,146,195,169,151,134,151,152,104,152,169,123,151,167,152,104,175,123
151,151,167,129,104,141,149,126,157,183,175,161,93,186,141,183,161,157,155,169,183,181,148,151,160,181,166,173,161,183,155,136,157,141,155,129,179,188,146,143,129,143,138,141,166,155,120,131,141,134,151,175,148,101,95,117,110,120,92,92,131,155,155,110,87,120,141,185,172,136,101,63,129,155,148,131,114,148,143,136,175,136,141,155,110,151,136,172,148,161,161,141,173,177,151,120,143,152,155,163,172,157,151,161,183,188,166,228,173,193,196,167,179,186,201,181,148,155,123,92,72,76,90,95,98,84,128,120,107,117,69,92,87,76,117,107,101,98,63,79,84,79,131,192,186,131,98,107,76,98,104,84,98,131,157,166,160,172,199,166,128,148,196,141,157,151,155,181,172,151,166,175,126,114,120,131,128,107,131,157,143,148,128,92,76,157,107,87,101,161,146,69,72,101,107,114,107,148,143,101,148,136,72,82,87,76,128,76,136,143,131,107,79,87,84,110,166,128,114,151,42,141,87,126,87,136,146,90,82,110,131,117,76,90,126,131,79,117,185,110,161,126,110,82,117,104,82,79,90,90,82,87,101,126,112,123,110,141,126,134,79,112,167,146,128,95,104,126,117,134,146,101,95,131,138,114,131,126,82,117,169,160,179,169,95,104,117,126,151,110,73,126,128,101,123,131,82,101,160,152,138,112,112,126,95,87,163,134,101,138,202,101,143,173,66,169,179,163,131,173,207,183,157,214,229,226,203,61,58,112,131,112,101,110,138,188,179,146,143,131,134,143,123,123,167,134,159,110,126,183,134
95,141,120,98,143,155,117,123,151,87,167,148,123,160,160,157,173,181,179,193,166,136,157,196,188,177,167,192,186,155,148,143,167,141,151,199,160,166,155,141,123,107,151,143,110,160,131,151,131,161,141,161,131,126,129,117,104,101,129,107,126,148,134,107,110,143,141,146,155,131,101,129,141,117,104,129,143,129,117,114,123,151,157,155,148,141,120,120,175,192,148,138,166,177,131,120,141,151,166,167,157,148,161,166,169,177,167,188,192,210,188,193,160,186,195,167,123,173,155,92,53,72,95,79,114,87,143,148,104,107,42,69,63,112,57,114,76,63,69,69,84,74,84,175,131,110,114,69,141,92,101,98,107,141,131,110,157,172,161,131,136,146,167,148,114,151,173,192,157,92,107,161,131,107,98,107,143,148,148,155,151,138,114,141,101,95,120,120,128,123,110,84,63,117,104,97,123,123,143,143,131,79,84,110,161,110,101,120,141,157,95,69,114,123,114,126,117,97,114,97,136,123,97,87,143,126,117,72,101,143,143,114,110,167,87,87,131,157,101,167,163,126,126,104,101,73,97,104,58,82,82,87,72,126,90,95,134,190,134,117,131,160,148,134,117,117,97,112,126,110,126,112,104,134,104,173,157,143,143,143,143,169,143,112,87,110,146,123,90,134,143,131,131,151,138,120,73,104,173,169,117,61,90,104,112,131,143,123,110,134,110,126,134,104,138,134,152,126,112,110,143,195,203,188,195,202,167,117,110,173,101,117,112,134,138,159,173,163,173,152,126,131,95,143,188,117,159,110,131,117,185
107,141,126,129,157,155,120,155,164,155,155,155,148,120,193,136,112,181,192,173,167,141,157,173,164,167,157,181,112,155,152,143,155,161,164,131,172,167,141,120,120,131,148,143,141,129,148,173,129,120,148,87,126,166,141,98,92,107,110,131,120,114,131,166,120,151,110,126,129,136,141,126,104,136,155,143,107,92,101,123,148,136,161,161,155,177,167,151,163,173,143,155,173,143,117,117,148,172,169,157,157,157,169,155,169,167,183,196,199,201,186,177,196,166,141,155,141,181,161,104,61,79,76,63,151,155,120,117,107,90,98,84,110,92,72,107,84,66,84,76,69,92,95,92,131,98,114,84,110,69,114,131,87,84,107,101,155,161,114,114,172,148,166,136,172,120,172,155,123,146,72,84,155,123,138,131,151,220,177,101,123,148,114,92,120,120,107,148,148,136,110,98,87,87,107,101,104,123,141,123,107,110,95,95,76,107,92,110,110,107,126,120,110,84,87,110,84,120,87,101,107,97,92,128,123,97,87,114,131,143,110,126,138,82,101,66,126,131,112,185,107,138,73,126,101,79,101,104,66,104,117,79,95,123,126,151,157,181,134,104,167,143,112,90,123,138,138,110,110,90,112,160,157,110,95,203,152,134,179,134,123,134,123,95,138,131,138,131,117,160,134,175,134,163,146,123,146,160,126,126,123,101,95,110,90,112,95,110,112,110,126,143,126,143,143,152,179,157,101,123,172,179,152,146,205,239,223,183,188,169,143,110,101,110,138,152,169,179,169,157,152,159,151,159,163,123,157,112,110,173,117
143,141,193,157,120,164,157,115,129,173,161,155,173,157,186,126,141,155,172,151,181,192,155,129,167,183,134,155,183,167,172,123,148,148,160,143,157,175,152,131,98,129,136,92,155,136,166,173,92,141,107,110,157,123,129,136,104,98,101,101,166,131,107,131,76,120,57,110,110,92,136,126,146,143,131,110,84,117,167,146,157,87,141,151,129,134,172,160,129,166,161,167,155,131,143,148,166,177,157,131,192,173,131,172,172,172,205,183,177,186,188,196,196,167,136,141,151,167,136,92,76,76,74,84,151,152,87,87,107,101,128,128,120,76,92,98,84,90,72,84,112,107,76,79,151,107,98,98,72,107,136,87,63,76,95,146,148,128,120,148,141,183,169,188,166,87,151,138,148,166,148,131,128,151,167,166,152,181,161,128,120,186,136,110,148,107,84,143,107,104,92,69,76,120,110,120,87,131,104,123,123,120,120,114,107,84,117,110,114,131,141,123,123,101,63,101,110,128,128,143,128,110,110,120,97,101,84,87,87,90,110,90,73,72,90,112,110,141,151,95,148,104,101,112,84,97,66,76,112,143,161,143,117,110,146,163,143,131,117,82,131,138,126,104,143,160,157,131,90,112,151,181,157,110,112,126,160,117,134,110,152,82,131,131,131,143,146,167,167,146,95,190,110,131,146,131,131,163,95,138,146,117,101,95,117,104,82,101,117,104,143,160,173,157,131,131,167,185,167,179,179,151,163,163,210,190,210,190,203,183,131,95,110,104,112,112,131,152,185,146,151,188,169,159,167,167,143,157,151,163,123
160,181,172,146,141,173,141,107,141,169,166,196,192,181,196,160,181,143,157,161,181,186,143,129,143,143,143,188,195,79,98,181,134,141,129,181,164,157,161,107,85,101,143,148,101,146,79,179,161,120,141,101,123,79,98,107,131,134,98,131,148,129,114,131,126,110,143,151,131,107,160,134,141,123,136,114,95,117,110,126,131,136,114,129,143,196,143,157,148,151,166,155,131,131,143,151,177,129,134,143,148,143,155,167,183,186,186,148,146,192,208,188,173,163,143,131,161,146,101,87,79,76,92,107,110,114,98,98,107,107,120,114,92,79,57,114,92,69,79,120,143,101,72,72,141,136,90,131,123,128,120,76,101,101,87,107,92,136,161,143,143,213,181,181,143,114,128,161,157,166,136,131,141,157,166,143,175,183,87,151,107,155,107,123,110,141,114,120,101,110,128,98,76,120,134,114,136,76,114,131,104,74,107,131,166,143,141,123,131,161,131,123,123,84,69,123,123,79,114,114,120,92,107,95,101,79,63,63,87,123,104,72,82,123,110,112,126,138,138,101,110,146,110,72,117,123,58,72,131,152,157,167,104,72,138,143,161,131,112,110,95,138,160,173,152,138,134,143,95,126,167,157,160,104,117,123,167,95,126,117,126,101,146,134,117,155,157,143,175,110,138,126,123,110,131,104,126,163,117,128,151,123,101,90,104,95,66,146,185,95,160,136,157,117,138,131,138,190,216,188,159,173,179,188,190,126,206,210,217,198,163,126,151,90,95,90,104,159,190,190,159,138,134,159,131,163,151,151,167,175,183
199,185,123,166,199,172,134,173,173,216,201,199,199,175,172,179,167,115,136,183,166,175,193,152,117,115,167,166,129,141,167,167,164,186,166,107,136,155,152,120,131,107,93,148,126,141,120,157,155,138,82,76,85,117,110,131,163,173,169,129,114,148,179,131,129,148,138,151,107,110,155,110,151,151,129,131,101,110,129,107,173,120,141,167,120,163,123,213,143,131,148,136,141,141,136,166,173,90,129,141,110,101,215,161,175,179,179,155,188,211,199,181,167,169,155,166,120,95,72,84,76,82,110,84,110,114,95,110,98,101,120,98,87,79,72,90,76,53,87,123,101,76,55,63,120,148,131,134,138,136,120,117,123,107,87,69,98,157,181,166,173,199,192,138,141,155,166,155,148,128,131,107,131,160,155,161,131,123,114,151,110,98,131,172,76,148,120,123,112,101,128,131,128,128,136,123,104,123,136,97,143,92,120,155,107,110,114,141,152,114,110,117,110,123,120,72,107,76,114,141,87,84,110,107,107,66,76,79,92,107,87,84,128,95,87,134,117,90,143,143,87,112,55,84,112,87,87,97,101,123,146,138,143,66,104,136,146,136,117,117,110,138,155,143,123,131,128,126,95,95,152,167,143,95,152,143,160,112,134,90,112,152,160,117,112,143,160,166,157,123,131,117,157,131,123,104,173,138,123,110,112,123,110,73,61,101,146,173,185,134,104,152,110,66,138,117,138,151,167,159,161,195,214,167,146,169,246,229,235,143,151,110,123,82,131,146,126,123,167,206,163,112,138,90,123,167,95,159,203,193,117
172,155,151,192,192,167,167,193,193,213,204,219,183,175,138,172,151,141,161,183,186,181,173,157,134,148,173,157,166,173,157,177,183,161,143,131,161,167,136,172,155,123,98,98,120,120,151,177,166,134,136,107,136,143,123,120,166,166,114,98,129,157,136,131,129,136,129,157,141,131,101,114,92,141,136,136,157,120,129,166,123,69,181,112,143,181,152,183,84,136,148,166,131,110,181,179,141,131,120,143,120,195,157,173,157,181,201,166,225,183,199,199,181,157,157,126,123,101,92,76,110,101,57,120,110,98,101,129,107,92,129,114,72,98,84,69,72,66,72,84,82,72,76,69,104,141,131,101,161,148,87,112,128,84,107,101,87,101,157,177,166,167,157,128,157,188,172,157,151,155,107,76,128,161,163,173,152,141,177,155,114,110,166,148,151,107,120,143,98,114,128,84,110,148,110,95,97,141,143,110,114,95,151,57,155,123,141,151,167,136,84,84,110,141,114,63,128,84,151,92,101,123,101,107,69,97,92,114,107,97,141,161,123,136,141,87,104,87,163,101,87,87,112,134,112,90,87,87,112,131,131,87,101,138,87,138,146,123,123,112,143,143,112,95,117,160,143,110,101,87,110,134,131,143,126,112,146,104,110,90,126,157,151,126,101,134,193,190,143,101,79,146,163,163,134,143,146,126,143,82,79,117,126,112,90,134,183,136,146,126,112,138,110,61,143,151,131,143,131,157,210,214,213,217,179,226,239,233,202,146,183,87,141,134,131,104,123,138,151,151,179,185,138,66,90,179,146,138,157,207,169
175,161,181,193,183,193,186,195,157,177,192,216,183,195,143,166,166,169,152,166,181,148,143,188,136,148,183,164,181,155,131,181,143,151,161,166,151,152,166,181,152,126,107,110,155,152,134,173,192,151,110,117,148,161,129,107,123,112,87,90,123,131,123,120,136,110,141,148,155,148,148,157,129,129,151,152,143,148,114,84,136,167,143,157,206,148,224,152,166,114,161,206,173,120,143,134,117,175,172,131,208,114,155,163,188,181,167,220,211,192,188,186,166,161,98,143,138,76,131,84,112,92,76,123,107,101,101,131,120,74,95,98,63,126,98,69,69,95,50,63,84,84,90,98,95,131,141,128,136,120,74,110,134,107,136,126,79,87,101,128,163,131,136,151,179,192,196,183,161,151,101,92,138,151,167,188,190,192,173,146,120,155,166,107,138,79,123,120,98,84,76,82,128,131,114,136,155,141,92,97,120,101,114,107,84,97,143,136,84,114,107,97,123,112,110,141,114,110,92,46,107,126,148,84,157,63,128,123,136,128,143,110,101,141,110,92,114,112,55,123,87,104,152,152,110,95,126,126,112,87,73,126,126,61,117,101,203,95,101,134,163,151,131,104,112,138,151,87,61,73,117,123,136,117,95,110,110,126,123,95,117,166,148,126,101,101,152,175,143,112,97,157,163,138,143,123,71,143,134,87,123,151,134,131,143,104,110,138,123,104,134,117,138,143,117,134,95,131,157,175,207,193,190,226,233,203,203,198,175,151,159,185,173,152,101,117,126,123,134,146,163,198,152,151,179,167,167,134,183,216,159
186,192,181,198,215,193,172,179,131,198,160,192,188,188,186,157,201,136,136,167,167,157,161,181,151,151,192,181,143,131,167,115,129,161,155,136,129,155,185,177,148,120,120,164,183,172,155,157,169,161,138,129,141,131,98,76,85,101,98,87,98,141,143,107,129,131,120,177,188,175,141,141,166,151,141,141,141,131,129,120,155,173,155,163,166,157,148,157,161,136,155,167,206,155,107,134,151,161,166,172,151,114,169,129,196,183,157,172,205,179,146,167,163,114,131,148,107,76,114,69,76,155,55,57,136,148,107,129,148,107,84,84,84,120,98,61,82,79,53,84,84,95,101,123,84,136,155,123,110,110,101,120,123,123,128,123,87,63,58,114,148,128,123,167,146,203,193,166,131,141,148,114,117,155,173,181,196,193,157,131,152,155,161,107,92,114,107,90,101,76,87,141,131,107,112,166,177,157,128,123,131,110,92,97,114,112,84,79,79,79,104,84,92,110,120,120,120,79,101,107,155,87,141,76,41,84,72,84,120,107,87,120,69,107,123,101,114,76,120,152,110,146,151,146,131,112,104,110,95,90,73,90,79,143,79,131,131,131,163,157,185,110,126,110,123,151,131,123,90,101,138,117,112,117,82,110,167,151,123,120,138,151,143,134,90,79,123,157,179,134,110,163,134,87,126,82,71,112,134,143,146,160,117,87,123,82,71,143,134,79,117,123,143,175,117,123,101,117,163,157,157,152,143,206,226,185,183,175,220,213,138,223,190,131,101,151,95,126,114,110,112,157,207,221,143,188,152,217,167,193,188
196,222,208,183,198,201,177,161,179,192,143,186,166,131,181,149,169,141,120,161,167,166,152,148,193,173,166,129,166,98,148,115,148,148,120,98,143,166,167,143,143,148,141,177,146,141,181,143,131,198,166,120,136,120,95,138,143,107,123,141,138,123,101,138,129,141,112,206,181,120,167,183,138,107,136,161,155,114,98,148,167,157,141,112,143,148,129,151,161,173,160,114,117,167,166,148,148,141,141,183,114,157,157,120,152,143,148,181,206,161,175,192,151,123,148,136,84,82,110,92,101,92,58,79,151,136,76,151,136,107,112,104,101,107,84,53,107,72,84,79,98,87,112,76,110,123,141,114,107,110,128,120,120,98,110,87,53,41,50,101,128,136,161,148,120,181,155,148,155,166,167,128,114,173,192,161,155,172,161,141,205,157,148,92,120,110,92,107,120,128,143,157,136,123,128,128,131,107,114,141,141,90,101,120,110,107,79,79,92,79,97,128,97,92,114,110,114,97,114,97,92,114,97,84,87,120,123,107,104,73,76,123,107,69,84,76,97,123,82,152,114,79,61,117,114,151,101,79,131,112,101,101,152,95,173,104,63,151,157,181,101,138,131,92,143,148,112,138,167,151,90,72,101,87,95,131,126,123,131,136,110,128,134,112,90,110,143,134,138,198,61,134,123,61,92,173,134,120,146,148,123,101,110,79,117,126,101,138,126,90,101,112,160,173,101,123,157,138,143,131,134,157,143,163,183,159,193,206,223,193,159,220,190,143,126,138,110,101,101,82,110,167,210,193,173,175,179,206,163,198,203
195,228,211,166,186,215,186,164,181,181,161,175,131,101,164,166,149,129,131,146,131,129,152,167,188,155,157,157,157,87,129,183,157,143,129,129,138,131,126,126,146,161,123,123,143,155,167,141,161,104,126,143,155,141,110,110,148,161,98,107,166,120,131,114,95,151,129,205,172,151,120,131,117,131,136,155,151,129,151,161,129,157,129,92,129,138,161,166,148,126,98,141,190,167,160,155,110,152,143,123,129,141,120,129,146,161,185,173,166,173,208,208,166,157,129,101,76,98,157,123,57,101,76,82,101,69,110,131,138,157,117,79,129,141,131,101,101,69,114,95,107,101,98,117,107,87,123,128,120,107,92,112,98,84,79,46,46,41,72,58,136,179,177,155,123,143,138,169,188,186,199,183,151,186,213,167,131,141,141,161,179,151,120,141,110,92,141,128,128,166,157,128,138,155,141,107,101,98,114,128,120,123,131,110,104,97,97,92,79,97,110,128,114,84,97,126,141,84,112,143,97,107,84,107,141,110,87,114,112,87,107,148,97,57,76,79,120,151,128,69,97,97,69,131,169,95,90,138,138,117,117,104,95,146,117,104,95,117,163,138,167,117,112,123,131,126,110,110,82,126,112,90,117,131,55,87,110,101,117,117,82,123,152,151,136,110,131,131,112,169,138,138,138,110,146,136,138,110,134,126,131,90,87,131,134,151,160,110,87,126,143,152,138,146,143,138,151,163,143,126,151,159,126,110,152,161,198,210,185,163,159,188,188,175,163,151,104,48,54,110,138,173,193,185,173,198,185,167,190,203,217
175,206,196,172,193,225,211,188,160,201,192,157,172,141,166,201,166,143,166,129,110,136,198,186,164,175,188,181,129,136,148,188,173,141,134,123,110,110,115,131,131,131,90,87,151,164,143,129,131,115,151,155,129,107,114,141,155,107,110,157,166,129,107,101,148,173,155,175,161,110,134,146,134,90,141,131,152,172,161,107,136,151,138,148,120,141,155,167,131,120,141,163,172,177,167,98,101,151,141,101,161,166,157,151,143,192,160,186,215,183,192,193,155,155,131,120,87,120,117,101,101,69,69,76,84,107,87,120,166,157,129,92,107,114,110,63,42,92,129,123,123,98,134,101,87,126,166,151,107,98,87,79,50,41,33,46,63,92,84,76,166,196,188,181,123,123,148,173,201,177,192,188,173,186,192,172,152,141,148,157,141,148,155,181,79,161,128,128,166,120,128,110,120,155,141,110,141,136,126,98,114,146,146,97,84,110,110,79,76,107,123,123,143,151,110,114,120,107,114,128,87,110,110,92,110,126,128,131,120,123,117,136,148,131,117,123,148,126,136,136,110,110,131,114,136,134,110,138,151,138,112,123,101,87,126,160,123,66,117,157,90,110,112,134,146,131,131,120,101,138,73,90,126,143,131,104,126,104,123,90,117,104,117,138,143,104,87,157,146,79,190,138,151,101,112,157,117,163,185,90,90,143,148,167,157,167,179,110,63,185,179,123,155,151,213,112,152,160,123,126,163,126,95,112,175,175,152,237,198,185,123,126,193,198,195,151,71,52,95,151,134,146,163,151,163,188,190,146,152,183,213
222,193,172,206,220,220,220,199,206,183,181,192,177,183,192,186,172,151,123,129,143,160,204,192,157,141,138,148,148,152,146,152,161,120,126,87,107,120,101,117,141,120,115,115,120,157,136,90,101,160,136,148,90,107,101,141,126,117,120,151,141,129,101,134,129,183,155,136,114,112,172,107,110,129,148,155,92,151,141,163,120,160,155,151,192,114,172,155,112,157,166,205,175,136,151,123,148,98,148,107,148,177,186,161,193,181,220,155,167,186,177,166,151,166,92,123,112,107,92,84,76,50,79,123,112,120,110,110,148,134,101,87,98,114,58,46,69,58,82,101,101,131,101,76,79,128,136,128,131,84,58,50,32,30,57,87,107,101,120,131,148,175,157,177,157,136,141,148,183,173,173,195,167,185,167,166,169,151,161,172,143,148,160,188,143,155,92,131,183,84,123,157,131,120,114,172,166,148,126,114,123,114,123,110,107,114,84,79,92,126,148,141,131,138,128,90,76,123,87,101,128,143,92,97,107,95,128,126,97,112,107,123,143,110,161,157,128,107,173,136,107,155,120,87,120,155,120,84,95,120,110,101,134,117,90,104,117,72,146,183,163,101,82,110,157,152,117,90,79,66,79,95,151,128,82,134,151,134,104,112,123,131,82,95,126,117,90,110,101,82,138,151,134,82,131,134,167,179,138,61,95,143,134,117,141,175,173,90,73,185,143,134,143,167,143,151,169,143,169,160,167,131,112,157,134,143,179,243,231,203,159,131,223,210,173,143,134,131,134,117,95,126,117,143,159,146,169,163,146,152,193
207,186,196,216,211,206,188,206,146,198,167,193,164,219,157,172,172,155,151,129,129,149,151,183,136,126,115,136,107,167,148,98,141,117,93,107,115,101,123,146,169,136,129,136,104,131,136,101,129,110,98,129,123,112,90,134,123,104,120,143,148,131,136,134,123,114,129,148,123,151,141,141,151,151,151,134,114,92,148,143,148,181,148,146,173,166,151,195,114,183,166,166,138,110,131,143,143,129,173,110,112,188,148,167,193,230,177,172,177,186,173,129,120,155,141,181,84,76,57,46,31,41,101,160,151,95,107,166,148,123,98,72,87,84,50,36,36,33,50,98,42,42,110,84,63,76,79,57,57,76,72,50,87,143,87,84,107,76,107,141,98,107,161,211,198,128,98,114,161,196,188,196,192,181,157,166,183,151,193,186,131,155,172,181,155,123,98,123,152,143,166,167,136,112,136,193,157,136,131,101,114,98,131,114,114,76,87,101,95,110,123,123,114,101,148,76,95,107,92,87,181,128,79,120,107,92,120,107,76,110,141,92,92,148,183,136,87,79,131,123,136,131,107,92,123,87,72,84,84,101,138,104,95,82,138,82,95,152,157,123,131,126,95,95,117,131,131,126,143,101,101,104,72,128,123,72,123,131,123,112,97,87,123,126,104,101,131,112,69,79,117,163,173,87,169,146,112,143,97,87,138,123,104,163,134,131,117,73,114,160,138,160,87,152,131,163,117,183,160,167,157,138,131,143,138,146,203,216,237,173,207,223,228,214,152,183,206,151,95,101,95,138,87,175,138,151,120,202,193,134,112
192,230,186,183,208,196,186,149,169,177,181,199,186,199,199,166,173,155,166,131,87,143,123,141,149,173,141,136,129,136,136,104,131,131,98,120,123,115,141,155,151,151,148,120,98,129,129,123,129,85,76,126,131,123,129,148,110,101,138,177,155,129,134,117,120,98,141,161,126,107,107,131,143,151,141,129,148,157,129,173,151,151,152,141,151,190,155,193,167,151,146,136,175,155,123,148,157,148,161,155,141,136,177,199,245,136,216,143,215,181,141,136,112,155,166,84,104,37,46,58,23,57,79,155,114,101,120,128,114,95,107,79,76,76,58,53,110,46,63,41,42,69,84,63,46,37,22,33,53,76,98,120,123,136,148,104,131,141,98,136,84,87,155,188,183,143,120,167,173,167,203,196,192,177,155,173,183,192,186,152,136,152,161,166,141,112,123,123,131,148,167,167,131,136,141,148,131,110,114,120,123,123,134,87,87,114,123,107,92,84,97,128,143,97,87,97,97,92,79,101,143,114,123,120,92,92,101,114,101,117,107,101,120,155,148,128,76,131,114,87,72,128,110,84,84,120,114,84,76,126,114,84,101,117,143,66,87,185,167,136,152,131,126,117,101,101,95,101,104,126,141,110,143,72,173,87,95,123,123,101,95,110,112,138,95,61,112,183,138,95,146,143,169,90,72,123,112,131,110,79,90,151,131,101,143,126,87,95,146,169,151,95,110,169,131,151,160,151,143,134,143,117,131,126,123,134,185,160,185,143,183,206,179,193,196,190,185,163,126,95,117,126,101,173,152,167,126,190,195,138,101
166,166,186,166,185,173,199,179,134,186,164,149,188,107,211,179,136,129,164,172,129,143,175,141,155,149,141,129,131,72,136,120,131,157,110,136,148,115,110,95,104,177,157,95,110,148,123,123,110,98,110,126,129,126,123,120,110,129,138,152,167,151,104,129,157,157,141,110,92,95,134,114,110,151,160,148,129,107,129,169,157,148,141,138,148,141,143,155,172,101,136,151,141,131,101,151,166,163,177,129,161,161,220,238,228,219,186,175,148,166,138,172,183,167,173,155,148,72,114,58,76,84,107,114,84,72,87,92,98,114,101,92,82,41,107,136,131,107,42,79,90,114,98,114,69,42,22,24,79,101,157,188,120,120,110,87,63,112,141,61,98,98,84,76,157,199,193,181,136,179,192,193,166,166,151,166,173,188,186,177,157,128,104,101,143,155,148,110,117,148,157,175,141,120,114,92,98,112,131,131,114,120,131,114,110,114,107,101,90,92,114,173,148,72,79,107,66,79,79,120,97,114,107,110,92,63,110,131,110,87,84,97,138,143,112,151,97,107,114,87,97,123,92,87,107,148,128,57,72,123,76,84,128,128,131,101,117,134,143,79,126,152,117,110,123,131,146,104,123,131,143,123,152,92,112,131,112,117,101,104,131,160,163,151,126,123,146,134,167,126,151,72,90,123,90,82,61,87,112,90,131,157,112,90,110,112,104,123,143,175,143,95,136,151,134,104,146,123,87,87,126,151,138,179,167,117,157,117,181,159,131,138,138,131,188,157,172,152,131,123,95,112,134,138,167,163,163,185,151,188,188
193,141,155,186,186,192,172,157,155,177,151,141,149,167,166,155,164,172,183,177,136,129,115,90,151,123,161,134,107,167,104,143,123,134,167,143,129,104,79,101,136,123,134,136,148,123,120,143,101,141,95,141,98,115,129,123,110,131,155,129,141,160,120,151,143,120,101,92,114,129,163,136,101,148,166,110,76,92,129,143,143,148,138,143,129,104,131,129,120,148,155,141,120,163,166,148,183,167,123,166,205,219,216,231,206,219,192,123,98,185,205,188,193,190,155,114,104,110,50,87,50,161,92,129,110,87,76,107,112,110,110,107,129,76,107,53,107,84,87,63,87,98,110,98,107,53,53,41,33,90,181,157,131,141,107,63,161,84,120,58,92,69,69,114,155,201,199,172,155,192,222,183,193,186,169,181,173,203,172,188,172,101,123,152,134,148,155,120,136,157,128,161,151,148,92,84,114,141,136,131,136,151,117,110,114,110,101,107,87,84,120,141,148,104,114,101,63,87,128,120,131,114,92,79,120,107,136,123,84,69,87,114,141,141,107,110,72,110,136,123,114,92,97,84,110,114,110,84,92,114,123,110,110,79,143,120,84,104,92,79,131,169,134,117,146,110,82,163,123,112,126,151,97,87,87,143,84,104,117,146,126,138,157,138,138,126,55,117,143,123,110,72,82,117,110,87,134,87,90,117,112,117,112,84,90,138,160,123,82,112,131,126,151,157,110,95,143,143,151,131,131,163,152,112,117,157,151,163,160,131,126,112,126,126,173,190,195,183,120,110,117,138,151,112,126,159,167,173,143,220,214
186,166,219,231,185,155,166,172,199,192,155,161,149,186,161,166,123,172,141,131,160,155,123,129,141,131,166,93,129,160,98,120,151,131,143,85,101,141,129,131,134,98,161,129,129,134,136,155,155,101,141,115,141,155,146,126,115,136,157,123,114,141,129,98,107,98,141,167,177,148,172,172,141,141,131,92,117,131,141,141,120,143,151,141,148,114,141,98,129,181,166,157,173,173,172,157,172,172,129,173,199,163,214,232,213,222,211,163,148,201,230,206,143,114,136,107,95,114,98,63,74,129,123,151,120,90,120,107,131,114,107,120,69,57,50,107,84,69,79,84,79,98,114,58,98,114,131,136,110,114,136,120,131,110,57,161,123,120,53,66,79,79,57,107,143,167,175,131,136,167,215,181,175,181,215,177,239,201,157,155,166,161,131,143,141,143,157,143,120,166,136,104,181,148,136,136,136,131,123,136,136,128,117,98,110,98,110,95,107,92,87,101,128,141,120,97,84,128,136,120,123,128,84,76,151,157,151,141,101,84,123,141,107,131,101,72,104,128,110,110,107,107,87,84,101,114,120,114,120,136,110,97,87,131,136,79,104,141,120,104,163,134,146,146,131,123,126,151,157,146,126,143,52,123,110,61,112,143,110,123,112,104,146,157,97,72,123,152,131,141,104,104,123,146,131,188,157,151,73,126,126,76,97,173,173,146,101,90,126,110,131,101,157,101,157,160,167,151,169,163,110,183,112,138,131,146,151,143,126,131,202,143,157,190,173,190,207,214,195,151,104,112,134,110,95,126,110,134,183,193,167
192,186,215,220,192,217,206,181,206,186,172,172,166,143,141,173,149,172,166,141,155,120,76,126,155,104,85,123,141,93,155,93,131,107,110,129,166,155,117,95,115,138,166,152,134,169,101,138,148,138,152,143,134,134,143,117,115,143,129,117,92,136,90,110,110,161,141,129,181,148,167,166,141,136,136,136,155,141,173,151,173,129,148,155,172,120,143,131,161,166,141,161,173,131,151,192,155,157,129,163,143,112,199,219,220,230,186,181,193,206,201,143,110,172,126,101,110,87,57,107,95,110,141,98,107,148,151,129,123,117,92,84,87,76,69,84,110,92,63,76,87,76,84,87,79,107,136,151,136,95,110,141,110,110,134,98,90,104,74,76,46,69,114,120,136,166,183,173,172,131,143,172,128,192,217,208,224,201,181,192,181,181,143,161,181,148,155,114,136,143,166,136,167,151,167,143,141,128,148,148,120,107,123,101,107,114,114,136,90,76,87,84,97,151,104,101,120,123,128,112,110,110,79,101,141,161,166,141,101,107,148,123,104,131,110,76,101,110,79,101,128,114,84,72,87,114,117,120,157,148,84,84,128,136,79,63,136,173,148,123,128,117,138,151,131,126,143,151,143,160,110,112,110,117,126,95,112,131,90,126,152,112,146,146,95,95,117,123,104,167,101,101,163,87,152,163,123,134,123,112,90,117,167,131,134,123,120,90,112,117,123,146,123,101,126,131,203,203,131,143,138,123,143,167,167,95,112,160,157,169,146,185,202,207,157,95,163,233,216,134,66,138,163,112,82,61,138,167,151,123,126
195,201,213,195,199,181,188,204,190,186,155,166,186,169,141,143,173,192,181,129,110,129,141,149,123,98,136,141,166,129,79,107,110,101,146,155,141,115,107,120,129,141,155,151,110,141,136,141,129,131,136,112,129,126,129,134,136,146,129,107,129,166,85,155,101,129,138,90,126,123,136,129,120,110,141,131,155,163,157,193,183,129,131,148,196,134,138,155,160,141,129,129,148,151,181,183,114,92,177,155,120,134,120,161,173,192,181,173,205,208,172,136,123,123,114,84,82,114,101,101,87,74,136,129,131,114,120,123,107,131,141,87,92,98,69,92,112,110,110,92,84,84,58,107,117,123,157,157,114,76,107,114,107,148,141,84,131,98,87,76,79,114,101,76,84,110,128,167,166,117,141,186,172,114,205,219,155,186,175,193,193,196,166,155,181,173,173,161,151,151,188,175,128,196,114,173,177,148,123,120,128,120,92,101,101,84,110,157,69,107,79,141,107,120,123,131,114,107,120,114,112,114,76,92,136,141,151,128,107,107,123,128,143,114,101,101,101,110,84,141,131,128,76,69,97,101,110,123,157,141,84,72,97,107,58,90,148,166,166,131,101,97,136,167,143,138,157,110,101,138,79,73,151,104,97,112,87,79,117,123,131,131,134,143,134,131,82,110,123,173,66,104,79,104,110,131,151,110,104,117,95,87,104,123,117,110,112,79,163,151,87,151,90,160,92,160,146,160,101,90,134,110,169,160,138,87,126,183,195,151,175,195,210,206,186,95,110,193,198,167,126,190,213,131,110,112,138,138,112,131,95
199,193,195,185,167,129,167,199,211,166,173,152,167,172,167,134,167,172,146,120,98,131,123,110,79,131,173,151,82,141,141,112,112,87,110,141,136,123,143,141,129,129,136,146,129,146,166,131,110,123,87,93,112,141,104,101,129,117,136,123,110,129,129,120,129,161,115,120,63,107,112,151,120,104,123,157,151,177,141,167,166,120,148,181,181,151,115,155,151,115,148,117,131,183,172,148,72,110,181,148,155,157,87,136,181,161,205,219,172,181,177,114,87,112,90,98,63,112,114,117,82,87,143,123,107,107,98,110,136,129,117,87,58,76,63,72,69,92,98,112,55,84,95,114,141,117,138,120,112,114,101,98,136,143,131,110,114,95,95,120,101,114,104,114,110,101,107,120,157,143,148,205,169,128,138,120,120,186,181,185,172,192,208,188,173,196,206,167,128,136,141,161,172,166,120,196,188,123,110,112,148,148,107,84,131,98,79,114,120,98,110,143,141,92,157,123,107,101,92,131,157,123,69,101,120,161,97,157,128,101,148,148,97,76,107,123,114,101,123,148,136,143,84,84,131,123,107,97,97,114,107,87,79,141,76,128,131,167,131,128,101,79,114,155,148,138,126,101,101,110,112,95,112,151,126,112,107,87,87,104,136,134,95,123,138,117,110,112,138,152,117,87,90,110,151,131,95,95,101,128,152,117,95,79,110,114,87,104,131,112,87,126,157,143,146,160,173,131,123,123,146,134,90,143,123,152,157,134,151,179,146,203,134,198,151,163,157,185,210,203,202,157,185,190,167,126,95,123,110,126,123
213,199,161,169,173,169,192,193,208,181,186,173,185,167,167,123,160,166,117,123,141,160,98,93,151,151,141,141,179,120,129,101,98,134,136,104,120,157,141,112,120,129,101,141,141,136,129,98,107,143,101,107,123,131,117,95,161,155,95,120,90,95,120,164,181,110,85,115,129,155,148,123,134,123,151,155,104,76,167,95,155,143,173,199,107,141,126,160,136,141,138,129,136,166,123,141,98,193,114,166,166,155,117,166,161,141,208,225,161,143,136,87,98,87,120,98,57,76,152,123,53,87,87,87,101,87,110,98,110,112,72,92,98,61,120,53,42,76,46,112,107,63,84,104,120,110,107,131,87,101,110,114,141,157,155,101,104,131,141,110,72,76,61,84,143,120,128,161,117,167,199,172,177,186,136,136,219,224,213,219,192,169,143,160,188,177,193,169,141,123,134,128,201,143,155,167,155,155,76,92,136,131,107,120,120,110,98,87,110,123,87,155,120,123,143,120,114,120,128,128,128,123,110,107,123,110,131,126,152,76,160,128,58,84,110,114,79,84,128,136,123,107,114,114,120,120,104,84,79,114,114,128,120,166,120,120,141,167,87,107,151,110,69,123,157,107,97,110,134,95,163,151,134,146,160,101,90,104,117,117,123,120,117,126,123,110,110,95,143,163,126,79,90,151,126,87,76,101,138,112,143,138,101,110,110,112,110,101,90,95,143,126,163,138,117,152,143,163,169,134,87,117,134,112,123,143,138,152,160,151,163,123,87,167,179,151,198,195,190,143,126,185,233,245,241,126,163,126,193,151,163
226,179,155,186,188,201,201,201,199,173,179,181,188,157,157,131,161,167,120,129,146,129,87,138,175,129,160,129,151,104,129,120,90,151,76,87,115,101,115,126,115,123,136,115,149,110,136,107,76,87,151,117,101,117,107,101,107,146,131,120,98,129,136,110,107,95,136,167,183,167,148,151,148,136,141,123,136,101,141,188,181,167,148,166,157,131,131,120,148,146,129,136,143,141,155,161,157,193,148,160,141,143,173,177,143,177,206,172,166,136,87,69,98,87,120,90,84,72,110,79,79,37,76,57,110,92,129,114,92,107,84,98,101,98,107,76,36,79,84,79,117,84,98,101,98,123,101,69,123,151,128,128,128,110,90,155,138,136,123,114,123,63,107,107,112,123,114,157,152,155,110,141,215,193,141,146,192,227,216,192,157,141,166,146,172,185,155,186,200,179,161,155,196,166,123,161,151,134,136,120,120,143,141,110,101,92,87,98,120,143,128,110,136,87,101,123,74,101,123,107,131,155,128,117,151,69,157,114,101,97,141,57,148,79,87,114,84,76,141,110,92,87,97,131,114,101,107,114,110,114,110,131,148,136,123,114,131,120,92,148,161,143,101,120,148,120,123,92,143,87,181,173,126,95,151,95,131,151,123,131,126,120,131,134,95,110,110,95,123,112,117,112,110,123,123,152,126,107,126,123,90,131,117,82,90,112,126,134,143,131,134,134,146,134,117,112,131,157,146,123,112,95,123,169,146,95,123,173,163,152,95,152,131,185,214,183,185,179,131,110,82,157,183,238,247,213,203,179,228,163,190
172,181,160,192,216,199,203,201,155,143,193,152,181,157,152,149,160,160,151,146,98,87,112,138,166,157,107,157,134,129,76,129,107,93,72,85,101,110,129,110,143,146,101,110,155,110,126,107,136,136,115,110,131,115,93,115,155,110,126,131,92,172,87,166,115,148,155,173,188,195,205,192,136,112,129,129,136,129,141,181,181,141,134,205,173,141,157,131,136,143,155,129,131,155,143,183,172,177,213,136,161,172,161,155,208,224,188,161,138,107,76,69,82,120,63,92,84,69,57,72,76,41,79,66,79,87,141,148,87,72,98,98,76,123,123,84,76,101,92,114,82,120,101,82,82,84,92,117,166,192,123,136,98,92,141,143,143,98,120,84,98,128,76,98,107,114,104,107,155,141,123,117,177,206,192,161,234,196,183,157,131,157,179,151,114,173,155,196,214,230,188,200,205,136,101,173,155,136,155,166,161,151,107,92,82,101,131,143,128,117,128,114,87,55,87,138,141,131,120,136,123,110,110,143,157,131,136,101,107,120,92,107,97,117,117,120,114,114,131,120,110,114,76,131,120,110,110,167,114,110,120,123,123,107,120,120,87,84,110,143,131,141,128,123,136,131,136,107,128,114,141,128,110,90,112,112,152,131,101,126,123,90,101,131,126,131,95,101,87,90,112,160,95,163,167,169,131,101,126,126,101,104,138,82,107,163,131,138,173,104,110,157,131,126,123,101,131,146,138,157,148,151,173,190,160,110,131,188,143,157,138,157,202,198,206,173,143,159,143,123,152,173,183,238,231,175,203,226,193,207,206
177,141,129,188,183,183,198,172,157,172,192,181,188,166,131,141,161,129,129,115,141,146,120,123,141,161,123,143,136,98,72,143,112,85,110,138,101,98,136,123,149,120,167,123,141,98,115,107,141,76,167,129,120,98,117,134,69,120,143,136,101,188,155,115,141,181,134,193,211,188,205,161,101,131,141,110,129,148,188,167,126,126,148,143,177,164,131,148,161,141,120,136,151,173,172,181,157,196,211,155,167,173,136,175,216,206,181,161,120,90,79,92,101,87,58,72,92,72,107,72,57,82,92,87,58,98,129,107,76,87,120,117,92,107,110,101,98,107,84,107,90,107,101,98,69,69,114,136,163,219,134,98,101,163,123,92,136,79,136,84,128,148,76,76,123,92,114,79,136,148,131,114,131,199,211,208,186,192,173,173,131,166,193,155,123,148,206,224,248,196,234,211,151,128,143,141,155,161,172,173,172,143,110,98,114,155,141,157,148,92,120,136,131,128,141,128,92,128,157,148,90,52,98,157,151,74,114,107,98,84,84,114,128,117,131,114,123,131,101,104,128,123,87,131,163,128,134,128,112,123,123,123,104,120,120,131,110,87,114,123,107,128,146,128,107,120,123,110,104,114,101,136,123,84,110,160,110,110,112,123,90,104,110,123,138,95,90,123,131,95,117,193,131,163,143,95,95,120,126,126,126,120,117,104,126,160,138,126,138,112,126,152,143,126,110,87,143,181,185,190,148,146,201,206,131,169,152,179,183,175,163,131,173,179,185,169,198,185,157,163,159,173,179,207,203,185,226,241,193,157,202
141,134,149,157,164,172,160,185,169,126,181,213,199,157,69,146,131,141,146,129,192,160,141,93,129,167,129,93,115,117,98,129,101,79,115,131,120,120,141,131,149,143,90,155,129,98,120,93,107,179,98,161,98,123,123,120,120,107,95,87,129,107,149,143,151,143,207,188,192,183,87,115,141,123,148,148,129,123,188,166,141,110,167,87,167,110,148,151,157,160,186,177,123,129,143,155,179,181,211,166,151,161,172,196,155,198,190,117,120,92,58,63,120,110,107,79,79,98,114,84,79,104,110,69,57,87,112,98,98,107,112,148,123,79,98,126,107,129,101,87,101,114,101,72,53,92,131,157,161,172,141,79,87,72,101,101,74,84,114,141,128,84,120,107,123,110,72,120,84,76,98,136,110,123,172,161,213,213,172,177,188,172,163,181,157,123,211,228,215,186,151,192,173,136,181,155,143,123,161,120,128,128,112,183,177,155,152,155,169,131,141,141,141,161,136,131,136,128,120,131,120,69,104,131,114,136,107,72,84,114,84,87,128,128,120,107,120,143,131,101,114,114,123,123,151,131,95,114,155,131,128,136,104,148,114,120,110,84,110,110,101,107,155,114,87,97,114,123,128,136,128,107,114,123,157,157,90,117,131,110,112,138,138,134,138,72,110,160,131,110,169,143,126,134,87,87,90,151,138,136,138,131,138,117,126,110,128,146,134,151,146,163,151,123,131,90,163,213,192,163,134,146,167,163,134,152,117,175,185,152,138,131,146,175,159,131,173,217,213,202,190,202,183,179,190,173,207,239,229,243,247
157,143,157,160,185,181,193,166,157,188,181,175,134,129,143,129,149,167,173,146,131,107,143,160,123,126,110,79,126,149,123,98,74,93,117,117,117,120,123,123,136,143,120,110,115,98,107,120,172,120,131,110,110,120,110,129,151,107,120,72,143,115,155,167,131,143,192,205,157,136,136,143,129,134,181,188,161,143,172,129,192,161,131,148,131,134,120,143,161,199,193,173,151,143,181,183,167,151,123,213,123,215,177,166,188,203,148,114,114,84,58,98,110,157,161,79,90,138,92,79,101,110,107,63,50,107,148,114,92,84,110,117,107,110,129,141,129,129,123,101,107,114,98,84,98,141,131,138,157,129,120,79,72,84,92,82,61,84,92,98,107,92,107,120,110,123,101,84,57,92,79,92,104,84,114,155,192,201,199,181,196,173,161,161,173,181,211,225,172,172,192,107,181,151,87,131,157,155,151,131,120,181,200,192,157,215,181,148,72,169,143,128,169,148,97,123,120,76,136,166,151,120,76,79,157,84,74,101,120,114,128,120,151,141,95,120,120,104,107,107,123,110,151,120,114,92,123,141,131,141,123,128,97,92,148,120,87,95,131,128,97,107,97,84,97,92,114,136,161,167,141,92,128,167,143,128,107,114,131,123,112,128,138,143,143,92,95,138,126,167,126,90,126,143,90,104,104,134,134,110,126,143,136,90,123,104,131,131,163,138,167,143,160,104,138,143,163,179,160,157,131,110,123,175,95,123,123,152,167,143,126,157,126,152,163,167,188,210,207,202,228,151,159,159,183,203,175,220,239,214,221
193,185,192,167,167,186,149,155,157,157,160,149,151,155,164,186,151,120,149,151,155,188,173,123,85,95,115,143,115,120,141,123,110,126,126,123,101,98,107,117,112,115,120,107,98,87,87,123,138,107,107,87,131,149,120,115,141,134,131,134,149,151,87,141,141,177,134,207,167,173,160,161,164,169,188,166,167,167,120,141,214,183,173,120,205,123,181,177,172,155,155,143,115,155,211,193,76,143,211,143,181,177,157,173,216,167,110,76,63,84,110,114,138,129,131,104,114,117,69,98,101,101,98,76,76,123,123,114,120,92,101,117,120,120,120,101,129,98,114,129,79,90,114,98,131,157,138,148,148,104,92,107,129,101,84,84,74,95,110,92,82,98,98,98,98,128,120,69,72,66,63,79,87,87,136,172,172,214,193,157,155,169,175,196,186,193,186,167,151,148,181,120,157,107,151,166,101,114,155,177,161,114,136,166,201,231,167,175,74,107,167,155,114,141,72,166,151,87,148,190,136,128,63,79,92,98,98,167,181,79,58,143,87,128,87,141,128,123,141,141,98,110,120,123,155,128,151,114,90,123,131,95,120,120,101,107,84,107,92,76,126,97,42,97,128,107,120,148,143,141,123,114,141,157,114,120,114,107,131,143,128,131,126,131,131,126,117,134,151,157,117,126,117,138,104,90,117,101,97,82,123,146,82,79,95,131,143,123,143,131,160,117,131,143,123,169,146,112,126,138,151,160,143,151,90,152,161,160,138,163,123,152,143,151,169,190,167,138,190,207,202,188,151,112,157,188,175,185,202,183,224
199,224,195,160,157,192,186,167,186,166,157,155,172,183,112,179,143,131,136,177,131,166,172,93,90,141,131,120,155,120,134,129,143,149,120,143,115,131,107,101,98,79,129,120,87,87,98,123,123,120,101,85,136,157,131,93,123,161,157,134,120,152,161,136,98,131,134,192,215,161,136,136,166,177,196,220,203,155,166,183,186,110,172,226,141,141,157,155,151,107,131,186,213,196,175,183,157,98,199,199,141,155,193,173,143,123,55,69,90,84,107,131,151,126,87,98,98,76,143,53,104,79,76,107,87,84,123,107,79,112,148,148,87,79,95,101,110,92,76,98,101,114,117,92,131,163,169,157,104,79,114,120,131,107,90,76,82,131,134,120,79,82,104,101,87,98,126,107,104,98,98,95,101,141,123,148,163,157,151,157,141,188,219,196,161,157,192,208,136,69,166,188,143,114,136,179,167,128,148,179,161,114,161,219,181,161,157,151,143,148,128,151,166,141,136,155,141,151,157,190,151,110,151,52,110,161,186,141,157,57,131,193,120,157,148,166,120,76,148,120,128,138,128,128,136,120,120,114,128,128,131,123,120,128,69,82,120,84,87,155,126,107,87,114,107,97,69,151,151,123,120,148,110,79,131,141,114,107,101,155,117,120,97,123,131,117,117,128,138,151,134,112,123,126,117,104,110,104,104,117,112,117,104,90,97,123,163,151,123,151,160,126,112,157,131,179,151,90,143,163,152,169,143,131,138,163,146,134,101,173,163,152,185,163,202,185,151,143,183,213,188,143,71,152,175,202,202,97,175,247,173
208,217,219,177,211,196,208,177,149,204,157,143,181,136,169,141,166,151,164,123,166,161,161,123,136,141,149,167,101,129,143,115,129,107,149,129,131,131,120,115,129,110,101,115,98,117,126,120,120,141,120,76,141,134,129,129,126,146,167,141,141,149,141,107,85,110,141,155,186,186,166,136,131,179,224,225,199,181,152,175,155,136,193,155,188,172,120,151,157,157,167,186,208,206,155,166,196,199,236,143,188,192,157,148,134,129,101,79,76,63,79,123,110,107,82,63,98,123,69,101,98,76,63,69,84,76,84,134,166,152,166,107,82,42,131,107,114,101,98,84,151,131,98,114,131,152,151,136,76,98,101,120,141,110,74,79,136,117,114,107,84,84,114,107,87,76,151,151,114,136,107,107,112,136,114,101,128,141,107,128,157,181,185,151,143,166,192,172,141,166,183,181,143,141,181,161,141,161,183,166,131,157,173,177,183,141,151,151,141,141,173,183,161,141,172,172,123,128,161,183,167,90,57,107,148,155,172,79,98,87,136,155,155,157,136,101,128,131,98,131,123,92,92,120,167,192,101,120,161,79,143,128,112,92,101,107,114,110,128,97,141,112,151,69,107,107,42,155,120,131,110,141,114,63,143,166,126,120,76,148,101,73,134,120,120,123,97,104,143,143,117,90,104,131,117,95,123,126,126,117,101,112,134,123,131,131,167,160,117,175,146,95,110,146,173,183,167,117,143,163,138,143,152,152,163,152,138,146,134,188,167,183,157,134,173,163,157,169,143,167,151,95,167,198,220,211,193,131,234,249,193
222,236,236,216,211,192,199,181,157,192,183,193,196,169,166,115,172,155,157,152,157,98,138,129,117,143,151,186,199,85,123,161,120,72,141,155,129,110,141,131,87,107,98,110,141,123,107,101,129,93,146,126,120,87,136,169,101,123,181,206,166,98,148,129,101,123,136,136,169,172,148,141,141,186,229,206,192,199,157,152,175,148,181,199,175,148,155,181,166,126,157,211,203,192,173,173,206,196,196,181,172,196,143,117,123,114,69,76,79,72,98,87,85,120,57,79,95,98,85,101,114,79,87,63,61,69,110,152,192,157,129,131,72,107,136,138,129,101,134,72,107,131,120,141,114,117,155,114,92,114,101,131,95,76,76,141,128,84,76,98,114,126,107,101,110,101,117,143,101,110,107,90,136,98,92,95,128,141,101,98,131,114,131,155,161,167,155,148,211,196,172,167,141,143,195,181,143,185,195,157,120,123,136,166,166,161,131,143,161,155,148,181,128,146,181,114,104,141,177,167,148,131,123,90,148,183,131,128,98,151,155,128,172,181,114,114,155,177,167,141,141,79,110,146,166,72,205,205,123,97,161,151,131,107,97,120,107,107,141,148,101,114,143,87,160,107,143,110,79,114,128,110,128,166,155,141,136,84,136,63,97,131,148,148,84,120,97,104,146,123,101,87,104,134,123,95,123,151,104,117,112,123,138,138,138,152,152,131,136,169,128,131,131,160,173,169,173,160,123,117,151,151,134,157,185,167,143,181,134,117,175,175,123,134,146,157,138,151,131,134,151,175,213,220,225,185,183,190,233,247,246
228,231,232,208,188,188,179,152,110,115,193,216,181,157,146,181,136,181,141,120,126,157,160,141,120,131,177,192,151,149,129,131,85,141,141,141,76,107,141,110,134,136,87,61,98,98,87,129,107,87,143,155,131,115,161,93,110,115,199,181,107,93,143,143,115,126,161,155,148,148,151,148,155,172,215,205,161,181,155,148,224,157,166,221,181,188,201,206,164,126,123,157,183,181,192,183,196,148,146,188,161,152,117,85,76,72,79,104,126,104,72,107,120,74,76,123,63,98,79,117,131,98,76,76,76,107,155,166,169,146,107,98,72,129,123,123,138,120,53,148,76,84,107,98,98,110,141,141,129,87,131,120,58,55,92,74,84,53,76,123,98,114,143,114,114,114,87,128,123,76,128,58,148,128,107,155,128,136,120,84,63,50,76,148,173,177,163,167,199,192,198,141,151,181,155,141,181,188,152,114,123,141,157,172,155,131,155,151,128,110,128,123,98,98,128,123,148,148,138,141,136,141,131,166,167,151,128,146,141,120,123,155,166,188,173,177,196,183,166,143,107,107,120,148,148,128,141,167,131,136,120,114,120,87,114,97,120,157,97,69,148,114,120,128,120,193,114,36,107,107,110,123,172,128,114,141,87,76,148,92,84,131,136,123,76,141,123,161,131,123,110,101,110,138,110,152,90,152,79,123,131,143,134,114,157,134,123,152,163,146,157,163,160,151,151,160,179,160,101,110,185,151,117,167,190,201,152,160,95,134,143,131,151,152,152,146,138,146,143,163,183,188,210,226,193,206,221,190,225,243,243
203,204,204,188,173,186,208,186,98,72,164,207,172,164,195,199,138,179,175,115,161,152,152,172,161,151,129,143,166,157,131,123,120,87,93,85,69,136,131,138,110,87,151,120,79,129,115,76,166,110,115,131,173,126,98,155,131,149,152,101,107,129,85,101,151,143,131,146,151,148,192,129,166,173,181,213,172,143,157,148,196,181,216,225,206,225,205,175,141,148,148,131,166,172,221,185,123,172,129,129,157,136,131,76,72,98,101,123,126,141,151,129,95,85,104,160,101,66,104,120,101,69,85,101,101,98,123,155,148,131,101,58,72,114,148,114,101,131,112,92,92,131,101,107,131,131,131,141,141,148,120,82,63,79,57,44,57,101,107,87,92,90,141,123,92,114,120,110,107,72,110,107,141,146,155,143,128,138,107,50,33,32,50,120,157,152,161,166,141,219,214,128,181,161,112,114,172,157,141,143,151,161,157,166,123,101,181,120,107,123,76,123,151,101,123,138,131,101,107,143,120,114,143,148,175,192,161,151,120,161,167,151,181,211,208,192,193,186,173,157,128,131,141,172,172,120,136,179,173,131,107,84,101,131,120,76,92,114,120,101,97,97,97,123,131,110,143,110,87,87,110,92,84,128,107,72,84,134,84,120,110,155,79,104,167,107,123,107,161,136,110,110,123,126,151,126,104,117,117,90,160,123,117,143,134,101,126,167,151,131,160,163,157,146,117,151,169,151,112,146,183,152,138,160,167,183,143,104,188,117,152,134,151,152,152,138,157,179,143,167,183,179,195,203,183,210,207,188,221,235,213
173,157,183,214,196,208,234,219,155,87,131,215,234,204,186,192,177,172,181,166,173,157,161,175,167,131,120,141,134,123,167,160,107,72,79,141,157,129,129,172,101,95,107,136,110,98,107,126,110,120,143,117,141,93,123,126,136,151,138,149,151,129,115,151,123,136,148,155,148,222,186,205,166,155,151,205,175,131,177,166,179,220,224,235,215,215,186,186,185,188,172,136,172,173,188,181,169,129,129,134,129,74,85,90,63,85,104,101,126,148,129,110,131,129,107,152,129,63,95,87,85,79,110,131,136,92,98,141,136,101,107,110,92,110,92,123,120,141,146,161,167,160,177,148,161,148,114,123,167,175,114,84,141,87,63,107,84,143,117,123,136,120,114,136,98,101,117,72,57,131,136,143,123,136,163,110,131,84,55,41,37,36,61,131,107,84,128,141,143,208,186,172,181,123,141,148,143,123,173,192,172,167,141,128,123,157,151,110,136,131,98,196,141,123,166,157,87,84,131,161,123,92,98,138,155,186,167,151,181,201,188,192,213,207,192,183,205,201,167,157,166,128,101,123,123,172,172,181,181,148,87,92,110,92,107,136,141,84,57,95,128,120,107,136,157,97,97,110,84,92,114,151,120,87,107,104,123,92,63,143,131,123,120,76,110,136,136,101,161,126,110,123,141,157,123,90,112,117,107,112,143,117,123,157,110,123,131,117,112,112,131,157,166,169,95,152,163,143,167,134,163,151,134,152,157,138,131,131,169,126,163,117,123,151,146,143,157,188,155,152,175,183,163,167,167,146,169,169,198,195,195
149,141,181,210,219,235,238,210,169,155,166,186,229,212,175,167,172,161,177,172,172,166,166,167,149,120,129,131,123,157,173,141,129,123,131,134,129,98,110,129,107,136,123,129,120,93,141,134,69,85,143,151,87,98,117,152,141,107,155,161,136,149,181,161,148,167,141,146,166,199,157,175,195,167,166,157,188,151,160,195,201,213,211,245,185,211,175,216,198,157,172,172,181,167,155,161,181,166,136,138,76,87,87,98,79,63,72,92,126,129,92,92,107,155,141,98,76,160,79,98,85,72,101,161,173,120,72,114,112,107,87,146,101,107,114,123,143,136,199,196,181,199,219,186,183,192,172,181,192,173,177,172,141,188,136,141,131,126,148,128,136,134,131,110,84,92,92,57,92,128,128,148,136,161,136,107,131,76,58,63,76,58,69,107,87,84,110,110,131,148,151,148,141,161,161,155,143,155,193,211,172,151,143,131,181,199,98,141,155,123,148,136,128,157,188,161,79,87,138,148,128,98,157,101,141,185,128,166,172,181,196,188,206,183,181,215,213,148,131,183,128,151,123,128,136,215,192,166,193,155,131,107,114,101,123,151,128,151,110,123,92,123,120,123,92,123,92,123,112,84,123,177,166,107,107,131,114,76,84,107,172,120,76,95,128,97,69,114,136,120,110,120,120,123,128,92,110,126,95,95,95,146,95,167,126,123,90,163,161,104,117,157,163,157,152,151,143,152,175,117,163,157,101,146,167,146,123,131,134,146,143,104,131,163,151,152,157,152,163,151,160,163,183,163,123,134,157,143,160,163,198
164,167,181,193,228,240,222,192,198,199,193,196,215,220,149,149,175,192,173,172,186,166,166,143,141,161,167,129,131,157,161,123,131,152,129,115,76,136,95,79,120,141,101,110,151,110,104,112,79,141,167,98,57,110,120,98,131,166,141,112,149,188,167,157,161,126,115,183,216,151,181,148,166,167,164,195,224,216,172,166,192,185,206,243,222,201,193,229,199,155,198,192,155,155,179,143,129,172,141,112,101,85,87,76,69,66,72,95,134,107,69,120,85,129,85,95,98,155,120,85,92,53,114,148,112,129,136,87,98,101,107,76,114,183,143,161,172,201,161,205,231,183,201,206,195,222,199,208,186,157,167,211,192,143,167,181,136,128,167,157,141,131,128,148,120,79,57,120,128,114,148,148,134,114,120,114,101,110,143,131,110,114,98,101,101,92,107,69,82,114,98,123,155,177,151,128,172,188,169,193,166,128,173,192,224,199,128,148,167,92,123,63,192,163,161,183,117,98,120,123,148,155,161,167,161,98,98,181,131,166,177,173,192,136,201,222,172,173,205,146,136,141,151,181,117,157,200,186,222,167,163,172,172,92,107,155,155,148,131,120,128,84,101,120,114,110,141,57,128,131,131,146,123,107,87,120,131,92,92,123,167,92,123,173,123,92,92,107,155,148,114,87,123,101,87,123,120,101,134,112,117,152,160,160,143,117,143,175,169,152,131,146,152,179,201,193,134,128,152,143,146,143,131,112,185,169,134,123,146,167,134,95,193,175,138,134,138,146,163,143,138,157,169,169,136,138,151,146,157,179,213
172,198,237,208,220,232,188,192,237,219,201,216,224,192,126,196,207,164,186,172,199,161,151,151,143,169,192,161,112,155,151,123,115,155,98,136,107,115,85,85,126,115,104,129,151,110,101,110,74,126,126,87,85,110,117,123,131,149,134,115,173,181,167,188,155,120,157,166,141,148,173,164,141,155,157,211,206,216,193,179,183,179,199,213,179,186,215,179,213,219,205,146,157,177,173,143,120,146,117,85,117,85,69,85,69,76,92,110,104,76,69,123,107,92,85,120,123,120,82,76,98,85,98,134,129,107,131,129,84,98,141,129,201,152,161,181,172,183,215,98,173,186,155,173,161,192,192,131,167,201,141,177,157,193,199,157,143,161,177,188,155,181,177,155,128,107,84,107,84,123,148,92,110,84,84,87,131,167,167,141,120,123,136,110,72,74,114,84,84,69,79,128,148,141,141,167,196,151,114,157,167,148,192,227,235,196,173,148,141,107,120,128,167,155,157,169,126,114,131,131,155,131,151,219,166,128,92,186,181,196,200,196,201,148,211,205,134,183,213,192,186,151,193,148,192,101,196,222,231,215,222,157,92,131,143,148,155,131,123,141,151,63,107,112,205,92,79,63,136,161,101,148,155,87,82,131,123,136,120,148,148,82,152,120,148,128,136,84,120,161,120,84,97,114,97,101,114,136,166,166,143,131,123,151,151,143,161,201,190,146,90,123,193,163,123,143,151,126,138,104,134,163,173,151,183,169,157,131,179,183,90,146,217,152,117,117,110,163,163,131,134,167,169,152,151,146,146,157,151,188,213
208,196,225,212,212,226,186,196,234,216,188,172,186,167,186,196,179,143,181,149,183,172,166,157,149,161,183,155,129,172,120,115,85,172,85,136,141,85,120,149,138,115,131,131,115,120,136,87,117,93,123,151,115,87,123,112,79,79,149,136,141,177,157,149,136,161,157,115,98,167,155,166,167,186,179,198,205,205,216,198,201,183,190,214,201,185,193,167,219,215,206,199,177,188,181,163,136,92,85,87,110,85,63,92,63,98,110,129,120,98,85,92,95,98,90,101,131,123,87,114,107,98,98,141,101,101,114,123,136,131,131,155,161,169,169,141,192,183,177,199,134,129,167,166,157,110,104,173,181,167,172,166,167,198,143,177,143,192,128,172,186,185,185,161,131,126,141,87,172,114,128,98,53,76,92,114,136,123,110,107,136,163,131,92,120,87,134,98,72,92,101,98,87,98,136,155,175,167,151,160,166,146,179,239,236,220,201,110,107,148,141,110,131,166,166,141,128,141,161,131,95,110,181,213,200,215,172,215,232,208,219,227,201,166,177,177,173,177,177,215,205,166,157,148,151,131,177,186,219,221,201,148,155,151,151,143,157,151,97,92,79,72,114,177,79,161,58,92,141,148,128,76,107,141,110,84,131,97,148,120,76,151,79,101,166,107,84,136,141,155,123,79,120,141,114,107,136,157,110,172,97,172,131,101,143,163,179,138,134,123,95,167,179,160,138,110,117,134,143,151,207,138,134,183,163,157,175,167,163,173,167,179,167,126,151,123,136,136,110,146,134,138,157,131,131,160,151,134,155,188,203
199,183,192,212,216,222,220,210,204,183,183,160,131,190,196,193,151,169,181,129,155,198,179,143,149,143,136,146,141,141,98,112,98,169,110,110,136,143,123,126,141,146,131,115,107,129,131,120,151,90,177,117,123,123,136,85,110,98,141,155,126,129,120,129,143,167,129,129,129,134,198,181,172,172,164,183,196,201,203,201,215,222,157,169,226,220,208,214,215,211,206,215,192,173,167,120,82,87,79,57,87,85,53,69,87,120,131,129,129,123,85,63,95,85,92,123,148,148,129,107,98,110,126,126,107,107,114,126,166,141,148,206,186,151,155,196,211,151,201,199,98,129,193,172,173,190,157,181,173,201,173,183,110,222,131,143,123,166,141,167,181,205,201,151,129,129,183,183,57,172,120,123,57,92,148,129,123,98,104,129,169,148,84,112,128,84,107,123,52,148,98,128,74,87,120,114,131,183,181,148,161,143,167,217,243,227,213,107,101,161,120,120,161,148,155,151,107,134,148,101,79,120,188,193,192,248,235,205,239,225,235,236,222,206,161,161,172,157,155,155,166,193,203,167,157,152,131,200,181,215,228,193,157,143,161,172,172,155,90,141,63,101,141,92,90,101,69,101,120,97,87,114,120,148,123,69,112,117,79,92,120,128,87,151,120,72,128,97,166,136,120,120,128,143,84,92,157,120,161,84,107,148,131,114,128,131,146,175,146,131,163,207,123,123,72,95,138,157,157,179,131,110,110,138,134,151,152,131,157,152,152,134,123,123,169,151,79,134,112,126,104,87,146,151,123,160,151,126,151,167,185
185,166,196,226,229,232,229,208,188,217,228,211,198,201,222,183,167,186,206,141,161,169,201,183,120,107,120,160,112,110,123,90,120,161,131,141,141,169,107,90,131,161,143,129,87,107,172,155,107,143,129,85,155,131,129,93,141,126,151,161,143,129,167,183,161,129,129,160,87,173,216,177,173,157,107,188,196,151,164,206,219,222,206,181,172,215,199,208,205,160,205,206,172,143,129,120,107,61,72,87,101,53,50,114,131,101,85,120,112,104,120,92,55,74,110,141,166,166,143,79,95,151,120,141,101,84,120,166,167,151,166,192,192,161,193,220,196,188,201,192,155,161,166,148,131,167,177,141,120,177,129,172,183,175,148,185,107,129,155,181,206,186,211,185,136,148,117,141,210,155,183,131,114,107,79,129,129,129,141,129,167,157,120,131,98,143,107,136,98,101,155,87,101,120,72,76,114,136,141,131,181,186,114,227,236,205,217,161,110,114,120,148,148,148,173,157,76,98,141,79,98,92,166,173,213,245,210,183,230,228,211,219,246,237,177,193,211,185,151,120,155,219,219,236,207,128,193,230,173,211,237,219,166,123,151,188,201,201,101,87,110,131,123,58,69,120,141,97,110,120,136,148,92,69,97,123,97,84,141,97,92,58,161,120,120,141,114,131,143,141,114,143,151,131,166,157,120,128,107,110,190,123,157,138,141,161,107,126,169,179,195,175,126,61,143,143,82,188,107,151,163,101,146,151,146,131,110,90,104,167,167,157,95,157,163,152,143,110,117,66,134,143,131,175,169,123,123,117,123,157,163
188,211,201,199,230,224,222,237,224,245,240,204,204,231,211,192,199,155,186,183,173,157,151,172,129,107,155,141,149,123,93,129,151,149,115,155,175,141,107,98,115,152,161,129,85,104,173,120,131,131,87,98,143,93,129,110,123,117,149,141,131,166,186,198,138,138,129,160,120,167,183,161,157,160,120,151,143,123,177,237,238,185,193,181,205,222,177,208,172,172,199,181,148,129,129,92,85,87,63,136,98,69,148,143,155,101,123,131,87,151,98,46,98,110,76,117,157,148,131,166,107,123,110,163,92,90,166,188,172,173,186,208,183,181,211,214,199,193,193,190,172,160,161,148,155,172,148,107,110,120,129,129,152,123,166,131,123,129,112,101,157,192,173,183,161,141,126,143,192,148,188,141,120,87,123,84,129,110,76,63,123,148,141,183,143,161,92,84,166,131,58,128,151,98,84,69,131,107,114,157,157,157,148,188,225,208,183,186,131,120,148,136,123,201,222,183,136,123,157,128,98,120,201,222,216,166,155,136,188,175,123,186,233,231,211,230,234,208,205,206,192,208,143,235,232,208,215,235,201,196,214,200,166,141,151,206,205,188,161,123,148,151,123,97,92,157,167,131,120,126,123,107,87,92,120,128,114,141,128,72,92,110,114,84,126,161,143,92,123,123,143,107,123,161,120,120,141,97,131,167,128,161,157,148,128,120,141,120,148,213,190,151,173,138,151,169,69,183,157,152,151,151,185,157,167,152,112,138,131,112,167,152,117,163,146,183,134,131,134,95,152,151,152,190,183,110,95,131,143,157,134
224,211,196,149,177,246,245,212,248,247,201,225,183,175,201,186,177,161,177,195,177,172,167,152,149,123,126,166,157,95,76,146,164,161,152,151,166,115,107,101,107,136,138,120,110,87,93,131,143,107,129,101,136,123,131,117,117,117,141,136,120,172,199,172,161,131,115,136,107,151,164,192,134,129,115,129,167,215,232,226,216,201,216,183,206,220,213,208,229,161,123,117,129,131,85,92,101,123,148,163,92,110,87,155,74,136,87,107,107,85,85,82,79,129,136,98,141,166,134,120,120,151,120,98,136,120,160,157,179,199,196,183,172,173,195,208,201,205,192,181,161,155,173,177,177,186,166,141,129,141,141,120,151,157,123,129,148,146,141,161,188,166,131,157,186,172,148,172,222,173,161,155,107,57,110,98,69,69,58,92,107,95,157,173,129,107,136,163,131,110,131,146,120,87,72,84,110,120,148,151,107,157,167,183,193,220,188,213,155,155,131,120,188,231,205,173,161,107,104,173,114,185,224,229,166,141,128,110,155,172,161,173,193,192,222,240,234,225,244,242,205,186,104,206,243,217,167,222,186,208,220,186,167,173,167,177,173,169,160,157,151,141,101,128,131,131,177,167,87,97,123,87,76,120,123,120,114,143,123,101,101,120,110,101,69,128,131,143,123,120,120,95,87,128,151,128,155,120,131,123,141,157,92,128,155,166,123,120,155,186,163,123,179,138,157,95,131,146,151,185,152,151,152,151,173,151,138,126,157,183,167,110,143,95,183,131,151,134,101,185,152,167,134,151,126,134,155,146,110,152,138
219,201,166,192,204,215,204,226,248,229,136,161,129,217,167,186,155,169,138,167,211,208,164,131,141,167,157,126,138,107,136,141,179,172,166,141,160,136,115,98,136,136,115,115,101,79,120,141,98,107,131,85,141,141,120,155,131,129,167,157,134,166,181,186,172,129,101,131,157,129,166,188,123,87,120,152,201,246,237,172,151,196,201,172,206,239,225,199,219,188,120,129,141,107,46,79,157,151,143,141,120,87,126,123,151,107,138,123,143,101,129,79,104,161,155,136,155,166,101,183,110,110,98,131,151,183,193,185,175,211,155,138,173,177,175,195,219,215,177,167,138,143,193,203,188,183,175,161,151,167,141,120,143,120,129,148,141,148,188,172,161,181,141,131,136,172,199,192,167,157,208,179,126,72,63,87,101,101,87,72,107,120,72,87,126,143,166,128,87,157,120,131,136,123,98,84,107,123,136,136,107,155,173,84,201,224,221,213,186,224,146,185,213,208,185,190,196,141,148,220,201,141,239,208,232,188,148,173,206,228,241,216,183,183,211,239,235,208,201,225,188,203,166,230,177,188,110,201,192,220,211,186,200,186,155,166,177,183,141,131,161,155,141,110,123,157,141,131,107,95,123,84,63,107,143,114,84,131,107,136,107,128,97,58,97,141,161,134,114,128,92,84,123,101,87,97,120,123,107,123,141,151,123,114,152,167,148,123,148,183,151,97,110,126,112,151,151,146,175,143,101,173,82,146,126,104,163,152,143,173,143,134,104,138,138,131,55,155,112,151,134,112,143,134,138,160,183,143,95,173,167
151,199,179,192,166,110,199,240,211,172,134,120,173,186,226,181,185,98,164,185,151,169,166,143,164,181,152,136,181,120,155,115,164,131,136,143,164,155,151,141,155,155,131,117,72,120,157,115,112,123,115,90,107,143,146,126,101,129,167,167,149,120,151,167,151,117,149,179,172,136,148,143,136,136,151,177,206,228,220,157,117,186,201,198,229,216,208,192,196,186,161,151,115,90,110,123,148,143,143,151,123,79,134,157,87,120,148,141,129,141,123,123,123,123,110,134,161,155,157,155,101,57,82,186,148,179,183,192,155,172,157,143,167,172,198,173,192,193,190,79,143,138,181,172,196,172,161,173,157,173,157,143,163,148,136,148,143,131,166,192,157,151,141,117,129,155,172,151,161,166,205,167,129,79,63,84,98,92,84,74,76,79,84,69,136,120,110,169,141,134,148,155,160,141,141,128,110,112,120,148,177,136,123,148,166,213,220,192,163,167,201,199,131,161,220,216,219,200,220,239,188,188,229,248,183,172,186,216,228,235,239,205,192,200,192,208,231,177,120,161,172,232,166,216,79,192,114,206,193,181,141,175,214,188,143,141,183,227,186,172,185,166,151,110,166,128,107,97,131,101,120,136,92,97,128,120,114,110,87,131,72,97,84,114,131,101,107,136,131,123,126,128,101,92,136,76,110,123,143,110,131,136,123,120,148,167,166,161,131,152,143,87,128,148,146,157,146,175,160,160,117,110,151,138,90,117,173,179,112,123,134,134,117,143,95,157,101,173,104,112,148,157,160,152,193,167,110,131,160,157,123
228,196,192,151,192,186,183,241,232,190,188,167,232,224,193,222,196,138,138,161,172,181,160,151,157,161,169,149,131,152,110,120,143,141,219,136,193,155,172,166,164,143,123,129,98,136,129,157,107,123,146,85,76,149,120,76,112,141,146,166,131,107,149,120,115,120,186,166,157,141,148,157,172,161,181,186,181,152,181,185,136,188,215,225,217,173,173,193,181,188,161,136,141,131,136,120,126,117,93,131,129,120,126,123,107,136,129,143,117,126,123,143,120,92,136,155,148,148,107,151,120,101,120,131,177,179,183,196,161,136,155,151,161,155,155,172,167,188,148,157,136,161,148,141,203,183,163,143,186,186,167,141,177,181,155,157,148,120,151,183,177,141,141,148,143,141,167,155,172,161,123,181,151,110,110,141,123,92,114,110,63,57,79,79,129,76,84,69,151,120,107,136,143,141,128,123,131,141,141,141,148,155,120,143,136,157,136,148,131,151,224,207,148,181,193,193,235,244,237,231,208,243,219,216,207,128,211,208,213,237,172,181,208,186,155,173,200,203,167,181,181,211,188,148,146,193,155,152,188,141,92,173,220,186,143,131,206,239,216,200,161,141,151,155,141,92,131,107,128,107,120,161,131,92,120,157,120,76,128,76,69,92,101,148,110,107,131,120,120,148,155,114,110,72,110,84,92,123,148,155,123,131,120,151,157,128,138,148,110,110,131,161,131,172,136,123,131,166,175,126,117,151,131,104,101,151,151,134,136,138,117,117,112,131,146,101,143,167,157,143,117,151,146,148,175,157,82,110,175,138,71
217,167,136,196,236,237,232,227,217,208,181,219,233,228,245,208,155,151,146,157,181,172,141,157,136,143,185,143,161,181,120,141,123,151,188,141,206,183,131,151,136,164,166,129,120,120,164,120,123,115,98,79,110,87,107,98,120,134,123,149,131,131,149,98,141,129,173,166,177,129,166,172,167,164,173,120,141,157,148,196,183,196,226,206,166,155,172,208,157,161,148,172,169,141,131,110,129,136,110,123,148,151,120,110,110,129,131,123,129,101,110,131,117,110,143,155,101,101,136,107,138,155,123,131,161,214,206,148,172,143,148,143,120,161,192,181,208,188,155,82,201,148,167,155,155,183,123,161,151,167,161,114,107,161,175,155,136,148,114,183,172,136,148,166,166,161,161,161,161,166,123,172,157,107,120,141,155,148,136,148,110,82,98,76,123,76,82,50,129,110,143,120,120,104,110,143,157,148,141,107,110,110,63,44,110,143,161,160,120,173,211,188,172,183,167,148,172,219,238,242,244,224,167,186,240,219,206,155,166,210,196,183,188,161,126,128,192,224,172,161,134,157,220,200,181,186,151,120,186,166,101,172,215,201,177,188,219,206,166,160,136,110,166,152,114,148,120,131,141,114,120,148,141,123,148,141,84,107,104,114,112,110,107,120,92,148,161,107,128,161,131,97,101,97,120,87,110,131,120,155,136,148,120,97,143,151,120,128,131,128,141,157,126,148,166,148,131,128,152,143,82,173,169,104,112,138,146,107,123,126,126,126,134,95,146,175,160,163,152,131,143,151,155,146,152,143,126,138,157,112,104
204,192,138,196,231,222,199,222,211,181,177,190,214,237,204,199,143,115,155,151,177,167,143,161,143,143,192,193,129,90,149,129,149,155,157,157,149,164,129,155,157,123,138,123,120,129,129,98,110,120,110,98,120,120,66,151,186,161,110,129,126,98,141,155,101,141,149,141,152,123,152,185,161,198,148,95,177,224,146,148,226,193,216,217,57,225,206,211,148,148,175,173,148,131,131,136,115,155,166,136,157,146,129,134,107,123,129,98,143,107,85,98,90,110,112,129,123,115,120,76,129,151,138,143,155,208,213,164,152,148,152,169,141,143,179,152,175,177,155,192,166,192,186,123,201,173,143,152,167,114,163,166,166,166,141,129,136,177,107,196,72,166,107,131,173,161,136,148,161,172,155,177,155,76,84,141,181,172,167,172,148,117,129,72,114,110,87,107,72,98,128,110,107,57,131,155,131,136,148,126,87,76,110,92,131,136,161,107,143,157,151,181,199,183,148,114,172,206,198,229,224,242,231,216,246,251,196,98,134,250,246,183,195,186,143,128,112,148,167,120,98,201,225,206,161,183,148,92,157,188,146,181,208,200,172,177,206,157,114,131,117,128,148,173,155,114,131,141,114,131,148,148,136,131,120,87,82,114,128,161,148,120,92,120,120,120,128,138,143,123,110,120,143,128,76,107,128,120,134,92,148,148,120,72,128,157,157,143,160,143,141,172,136,155,143,128,120,97,148,79,151,128,157,134,110,134,146,160,143,101,110,131,152,134,123,138,138,117,117,152,169,123,126,134,146,152,143,123,157,163,101
181,222,204,195,212,226,208,152,193,211,199,225,215,196,172,136,120,120,177,172,160,198,193,166,136,172,183,161,166,172,204,149,129,141,126,120,123,166,181,152,157,172,129,85,120,126,90,169,69,211,157,76,141,129,181,155,136,141,136,136,129,115,141,129,151,149,101,161,104,141,177,193,205,186,188,181,220,215,177,181,226,183,208,216,93,231,240,192,186,151,143,152,123,129,123,136,149,161,161,117,173,148,166,148,123,69,101,98,90,107,85,79,87,110,123,136,141,79,72,131,141,148,101,131,177,207,214,206,167,155,167,188,203,148,126,143,188,177,201,213,141,177,195,167,141,166,161,123,166,126,131,172,120,129,166,163,151,183,167,87,155,166,166,123,173,141,141,183,167,151,157,163,146,120,134,157,172,177,181,188,166,123,131,129,143,136,114,98,66,55,79,128,114,98,107,126,131,136,117,114,141,148,131,161,98,110,114,143,92,141,110,160,188,151,101,183,237,225,155,185,152,192,230,239,238,239,227,206,232,251,252,228,208,201,157,128,42,57,107,166,190,219,166,230,229,160,107,128,192,208,183,181,222,196,114,92,123,155,183,201,114,110,155,173,128,131,155,136,107,128,161,128,128,123,110,104,92,123,155,141,141,120,114,128,92,97,95,141,134,110,128,143,114,101,97,128,110,141,114,136,157,141,148,131,120,143,160,161,143,123,131,186,92,167,114,95,141,151,148,114,123,136,123,123,112,146,157,104,95,95,110,172,120,123,110,157,151,101,151,160,160,79,107,151,123,167,160,90,117,160,143
192,225,204,157,210,224,199,188,206,244,221,172,190,181,185,129,141,155,172,196,164,172,183,172,141,149,186,157,143,193,195,120,90,151,141,101,177,186,166,149,166,155,149,120,101,131,129,129,196,188,181,126,117,131,143,164,141,123,146,152,123,95,115,129,179,131,172,155,143,131,172,155,183,181,228,228,222,229,213,196,183,205,193,188,206,215,228,199,181,101,157,157,66,76,110,146,205,166,123,141,151,148,183,138,120,72,120,131,79,98,110,92,120,120,115,136,117,85,115,166,151,155,85,152,167,192,205,220,196,166,196,188,146,148,141,131,186,206,186,188,157,155,190,172,175,163,169,166,131,155,151,148,172,155,172,166,148,141,155,126,123,143,161,181,151,155,199,220,148,110,112,129,177,167,172,141,136,160,157,141,151,143,136,155,155,120,152,110,101,74,84,123,104,110,120,141,151,143,120,114,148,151,128,138,72,98,74,172,63,155,167,84,123,136,167,216,231,213,179,120,131,188,196,183,236,166,244,200,237,254,254,251,228,208,200,183,101,41,188,219,200,227,161,219,235,136,148,157,172,193,186,138,186,208,114,110,163,183,211,186,114,120,167,157,172,148,134,123,128,123,92,92,143,141,107,120,110,114,128,131,128,128,128,97,76,104,101,101,131,123,120,107,101,128,143,126,123,123,148,128,128,148,166,177,143,148,155,141,120,155,172,114,136,167,110,104,157,177,148,131,157,155,141,128,120,131,131,131,138,90,87,183,138,112,169,157,110,95,152,143,126,131,131,134,152,185,188,101,90,95,126
166,207,215,206,234,233,225,248,232,238,188,141,157,183,196,199,188,201,172,204,155,123,167,179,199,164,93,110,199,155,188,143,118,134,110,138,160,164,136,141,167,192,173,136,117,120,129,69,129,195,160,107,107,129,93,131,155,126,107,167,151,74,76,120,172,177,172,141,167,157,115,149,164,208,215,203,225,243,190,123,183,219,155,151,232,221,155,205,123,161,167,129,72,82,115,166,196,169,123,129,120,166,155,136,123,143,164,151,129,101,120,101,115,115,115,136,110,101,141,148,157,148,101,188,186,211,222,190,157,172,151,146,148,155,161,148,183,146,179,123,148,157,166,169,185,167,157,155,123,151,160,148,123,157,148,123,112,148,148,172,161,131,157,155,129,161,181,173,148,136,120,136,188,129,136,143,110,166,136,120,177,143,123,136,151,155,188,173,136,110,110,136,107,98,131,157,128,123,112,107,101,107,123,123,92,101,131,128,157,114,98,107,114,123,131,161,177,183,196,167,173,185,206,157,228,155,200,186,136,254,254,248,232,192,173,192,201,192,181,216,219,227,117,220,186,136,123,120,155,141,151,123,172,208,155,155,205,161,203,141,157,152,188,167,192,155,131,131,101,114,97,148,128,136,120,101,92,117,110,128,123,120,114,107,92,84,76,92,114,123,101,97,141,136,141,120,128,136,148,92,87,160,177,155,128,138,166,141,128,148,128,114,181,172,131,128,131,148,141,167,136,141,148,151,97,84,131,143,114,110,120,167,157,87,169,123,146,107,112,160,169,157,134,143,188,188,138,134,151,117,134
185,235,219,211,211,234,242,248,248,192,136,177,155,166,215,190,172,221,222,190,161,110,157,199,186,161,131,160,160,172,186,160,161,151,120,151,155,166,146,146,161,151,177,172,167,123,76,141,166,167,131,120,136,107,131,112,93,115,129,134,143,117,98,104,160,167,157,160,110,149,160,155,183,173,149,193,239,211,120,151,206,188,146,161,208,198,151,186,175,141,129,141,131,141,131,143,167,167,167,152,136,155,120,151,136,120,148,148,151,98,107,101,110,95,123,136,104,129,120,148,148,131,143,210,229,245,222,129,101,166,134,136,188,166,172,151,172,136,166,148,157,166,181,166,183,163,120,148,148,155,173,148,161,157,143,143,117,183,114,181,151,175,92,138,143,120,98,131,181,172,152,120,120,181,120,143,152,151,157,167,155,151,148,110,129,166,208,205,141,129,120,148,155,141,123,128,114,79,72,84,92,120,123,110,114,128,148,128,148,114,84,136,128,126,148,131,136,172,173,157,166,208,207,196,151,196,172,167,188,173,252,243,196,181,169,192,225,221,225,193,211,196,216,172,200,151,128,155,155,107,143,211,186,131,151,213,196,169,179,120,177,203,161,166,87,166,181,136,87,110,148,110,172,128,114,120,87,107,155,92,112,123,114,110,101,79,84,97,120,128,120,84,120,148,110,114,131,136,161,128,101,148,155,110,131,151,155,148,107,97,120,136,166,161,128,123,79,92,146,151,87,141,131,148,114,87,114,123,92,110,157,138,146,95,138,123,173,123,131,146,172,126,131,190,193,141,123,146,161,110,104
198,228,185,157,186,219,226,217,234,222,195,212,192,177,166,196,167,192,219,181,166,173,152,167,151,167,169,161,199,220,160,186,172,198,193,172,173,152,129,123,149,161,161,157,155,95,110,93,177,143,151,123,115,123,85,115,149,131,120,95,85,120,87,143,120,110,120,131,157,120,129,149,167,167,208,214,164,172,193,205,226,185,123,199,195,167,172,192,192,110,69,120,169,173,175,138,129,134,136,149,146,129,166,148,138,120,110,129,120,87,115,129,110,115,112,131,151,172,136,131,141,166,199,219,244,247,186,143,110,134,196,181,172,173,181,183,192,157,186,183,155,173,173,148,148,179,151,146,152,143,148,129,120,98,181,155,141,134,161,169,181,161,120,166,138,112,136,148,177,175,157,104,151,107,120,177,167,134,120,131,136,114,101,143,134,155,151,186,167,143,141,173,172,179,74,148,123,50,41,79,123,126,123,101,114,141,141,123,128,98,87,120,136,141,136,104,136,172,148,155,192,161,181,148,141,186,157,173,148,101,213,242,208,200,215,201,196,186,155,172,201,219,216,208,224,228,128,157,151,84,128,205,196,157,181,203,181,97,128,181,131,172,134,97,92,157,167,136,172,141,141,136,84,141,128,107,84,128,79,107,123,151,87,107,143,123,123,120,131,141,92,123,151,134,107,123,138,151,166,151,143,128,136,136,155,173,128,120,141,131,123,120,131,151,128,79,79,114,151,136,120,143,92,110,123,92,112,155,143,126,128,123,123,87,138,131,146,126,163,126,117,151,183,179,151,123,152,173,143,126,110
192,211,183,143,198,215,186,172,215,248,236,183,166,211,181,195,181,166,212,186,193,212,172,131,136,152,161,157,219,192,173,213,195,146,183,179,173,143,118,155,160,93,131,161,123,129,90,199,199,166,160,120,143,141,120,134,203,110,69,93,98,166,112,143,120,120,149,155,129,157,172,131,134,173,166,177,188,196,208,205,224,199,211,219,199,201,199,151,186,173,131,123,161,167,173,181,93,85,149,110,131,146,129,136,131,126,126,110,98,107,141,115,76,87,126,134,172,151,146,148,155,196,215,205,236,224,186,173,148,148,211,196,157,173,177,186,181,173,211,166,172,173,157,157,193,155,169,167,157,131,129,148,129,136,172,120,146,123,205,173,155,141,172,141,101,151,167,141,157,177,146,155,114,141,131,148,138,136,110,79,76,123,129,141,129,92,136,101,129,173,151,123,173,123,188,128,114,87,61,98,131,131,136,82,110,157,101,98,120,107,79,92,148,155,104,87,123,148,120,126,161,177,173,151,143,186,173,157,114,107,167,211,208,192,205,205,208,201,172,181,213,230,237,220,163,199,136,157,173,120,141,166,155,166,190,190,192,192,143,148,173,169,143,112,110,138,151,183,167,166,120,123,148,136,123,84,134,92,151,141,97,110,84,128,143,151,110,107,126,148,157,161,128,172,114,155,138,114,151,141,167,151,161,181,161,173,114,107,167,148,128,131,117,172,87,101,148,148,161,148,141,114,84,131,143,101,104,181,155,136,92,114,123,79,92,151,143,104,167,160,151,169,160,143,128,134,151,152,131,143,146
199,219,203,172,193,212,183,181,231,247,237,193,172,232,216,181,179,177,193,222,213,186,177,157,115,107,149,169,186,177,166,177,115,173,123,134,175,131,141,149,166,181,149,129,151,120,155,117,172,201,175,129,155,82,166,98,136,143,107,131,104,120,115,110,149,141,131,155,149,167,149,136,143,206,157,166,192,205,208,199,222,215,211,220,215,192,221,152,143,149,123,112,175,181,157,151,134,155,129,146,110,98,110,167,199,155,76,101,141,155,129,107,87,107,166,161,173,157,104,141,148,186,199,175,199,199,188,157,164,173,185,192,177,167,167,166,169,188,186,169,172,148,141,199,207,157,148,155,155,155,120,151,186,151,129,129,161,148,161,173,131,120,166,138,101,138,141,120,117,141,166,193,148,123,141,138,123,136,87,120,95,120,141,110,110,114,120,151,114,101,129,95,136,192,114,141,199,136,98,101,186,172,128,128,131,136,69,79,114,123,76,72,143,146,76,46,101,131,120,134,155,148,134,157,169,177,196,183,166,157,157,173,188,201,213,201,186,166,183,205,199,213,219,205,206,166,172,188,151,172,183,173,151,155,183,208,161,172,172,120,155,167,143,166,177,172,141,131,107,97,141,120,107,136,92,87,110,148,101,155,101,66,120,128,131,167,92,107,123,126,141,110,148,128,143,141,157,143,114,163,97,167,143,181,160,123,120,141,155,131,157,120,120,166,128,161,155,136,167,136,107,107,141,172,131,92,107,131,120,136,110,131,92,63,97,167,155,101,160,198,163,131,110,146,157,126,160,157,126,151,151
186,208,220,199,166,183,195,204,224,232,231,235,210,219,219,157,186,192,166,215,199,161,166,143,110,143,172,173,172,141,107,120,143,179,110,120,155,141,160,155,177,173,129,141,186,110,164,107,192,183,166,143,107,115,117,131,141,161,129,98,123,112,98,167,131,120,136,183,173,149,104,157,155,129,188,201,192,167,167,172,219,211,190,203,222,196,205,152,169,152,136,149,149,167,161,155,152,177,136,141,69,120,129,136,123,123,110,98,148,151,151,129,101,120,172,167,129,120,87,115,123,157,201,192,199,141,143,175,186,181,179,193,172,155,148,161,177,181,172,155,166,161,143,181,172,173,155,141,167,181,166,166,172,126,131,163,160,166,166,151,131,114,123,136,148,146,131,107,110,120,161,161,167,155,101,155,107,92,92,136,141,114,123,90,107,151,157,136,120,114,136,161,107,128,136,141,214,123,143,220,213,123,148,188,148,101,92,101,36,58,123,131,167,98,63,36,104,167,107,128,148,123,114,131,141,136,186,192,183,167,155,161,183,201,216,190,146,155,192,208,192,157,199,235,192,134,152,143,128,136,148,169,167,166,157,173,196,181,169,181,131,157,213,181,143,148,141,128,92,107,120,120,117,107,98,92,114,143,166,63,84,84,107,161,128,128,136,126,114,123,155,136,123,161,143,128,155,123,161,114,97,79,97,123,114,131,157,148,120,92,136,128,148,166,172,177,120,92,151,123,128,97,166,166,114,95,120,101,131,136,148,107,52,114,114,183,148,141,148,173,117,131,104,112,163,146,146,131,104,151,143
181,208,217,201,173,151,208,215,186,224,216,235,192,186,152,136,167,193,177,175,199,193,141,115,132,181,206,217,152,98,120,143,120,110,138,143,134,152,172,192,167,129,152,126,181,215,193,151,152,166,134,155,117,117,179,155,136,141,120,107,146,166,98,115,123,143,143,166,101,138,157,143,131,169,173,206,211,196,143,155,199,219,155,215,217,186,141,157,164,160,101,123,157,160,185,173,146,141,149,76,98,115,76,129,72,98,107,82,107,129,101,92,90,120,172,167,129,155,123,146,215,172,179,220,120,110,148,177,185,183,167,183,196,181,172,161,169,166,166,155,172,177,141,136,155,175,190,186,181,183,183,160,131,134,141,161,167,157,151,143,131,101,92,131,155,141,114,143,141,90,104,173,192,143,107,98,107,98,136,129,141,114,123,129,107,131,141,157,148,141,167,160,151,128,120,188,173,146,201,181,141,136,167,196,155,128,138,110,120,157,87,155,110,41,84,101,169,172,148,155,128,131,114,57,92,126,143,161,186,155,155,181,192,199,201,177,143,167,188,157,157,166,181,177,161,143,120,63,92,146,177,186,167,166,152,155,157,213,151,123,155,177,192,177,123,123,143,161,136,112,131,131,84,120,136,114,131,114,114,128,138,114,120,101,114,155,123,97,110,143,128,143,155,155,161,97,107,151,92,76,141,110,123,120,117,114,141,136,136,123,138,161,107,123,213,72,155,120,152,151,110,141,128,148,128,107,120,143,110,172,136,151,58,151,92,181,141,157,143,120,120,155,151,82,151,157,112,151,138,123,110
186,212,212,191,188,199,203,190,160,213,199,199,136,152,87,107,141,166,192,193,208,204,155,129,143,199,220,201,183,104,183,141,93,104,136,149,155,166,186,186,167,120,141,136,169,193,172,138,117,155,149,129,95,107,155,141,136,120,107,157,151,117,141,129,143,157,143,172,211,120,107,131,129,141,166,206,225,199,169,188,205,193,220,222,201,143,166,199,141,131,155,149,157,181,149,131,152,155,123,98,110,76,141,74,141,87,76,87,46,110,92,57,87,138,166,148,117,192,120,193,219,166,192,213,186,151,172,173,183,192,188,205,216,186,185,167,181,177,148,183,141,186,157,123,196,183,166,166,177,167,155,131,129,155,148,151,161,143,148,129,129,131,112,129,141,136,120,143,141,107,114,181,195,136,98,92,114,129,141,120,161,160,141,151,120,129,134,148,161,152,166,114,134,167,166,120,148,185,161,141,148,134,155,167,136,148,188,167,161,104,131,107,63,76,79,188,141,181,181,148,110,107,92,79,114,92,114,128,186,107,181,192,222,188,166,155,148,161,167,87,123,161,157,141,177,157,123,87,101,157,201,199,166,161,148,167,148,211,134,181,166,186,173,128,123,120,123,157,172,128,87,148,185,143,148,107,107,97,131,141,131,114,107,123,114,107,131,143,120,131,148,141,128,123,161,155,110,76,161,172,161,166,148,107,92,110,131,117,141,186,143,114,167,207,76,107,167,148,177,112,143,155,143,128,107,107,141,138,92,128,148,143,84,172,101,87,166,161,123,131,155,155,177,136,117,157,152,185,152,82,87
185,212,213,181,201,222,204,172,167,191,193,164,146,173,112,87,143,132,206,219,185,201,186,177,181,173,164,177,188,188,149,123,118,132,129,151,172,167,181,193,181,155,155,167,152,115,149,123,98,155,146,129,155,151,136,123,136,123,129,143,134,173,143,160,166,152,192,149,141,151,123,115,117,131,160,181,186,196,213,199,160,173,198,193,193,183,181,166,115,129,123,131,149,183,167,155,173,146,120,129,98,177,136,172,149,179,98,85,115,69,32,55,115,129,117,131,136,107,177,207,183,195,160,155,205,172,155,203,183,192,192,211,215,173,155,129,151,201,177,155,141,190,181,148,199,201,196,196,175,166,129,107,114,141,167,173,123,151,172,98,155,157,131,101,129,155,129,129,166,151,129,172,192,141,141,107,148,129,152,167,161,167,155,123,129,148,141,131,151,151,143,114,110,136,123,123,172,192,166,148,128,101,155,181,141,143,161,161,190,183,181,151,101,79,151,138,107,155,166,131,131,161,143,92,107,92,143,110,87,151,151,201,199,157,131,157,172,126,148,87,87,148,155,143,201,188,152,114,114,166,206,179,120,136,157,161,183,188,151,215,155,205,128,123,143,131,128,141,155,161,148,128,143,152,155,161,141,157,167,114,172,110,79,107,136,151,143,157,136,97,120,141,155,157,151,167,110,79,169,131,172,181,128,87,92,90,120,123,123,177,167,112,114,141,151,152,143,166,136,84,123,128,136,120,114,161,173,155,114,110,131,114,128,143,157,120,128,136,123,166,157,148,167,155,123,157,179,167,146,101,95
183,222,220,167,196,238,191,181,169,191,191,172,161,166,141,110,151,172,215,211,181,186,196,198,201,132,120,190,201,208,93,161,132,123,149,161,172,166,166,185,188,186,173,143,155,126,136,95,173,141,131,141,166,161,134,120,120,141,123,117,167,181,143,185,172,169,117,149,143,166,143,115,134,141,115,157,172,166,205,186,173,183,186,172,215,208,183,167,129,134,155,161,181,166,138,149,136,107,129,141,129,164,155,79,141,161,157,136,110,101,36,41,129,177,172,161,95,95,148,136,195,193,186,166,186,155,181,192,186,166,177,177,183,157,164,114,166,146,186,141,151,181,163,188,161,208,235,220,166,143,166,157,138,134,175,160,98,148,177,155,87,123,148,98,98,114,155,163,157,161,141,183,175,151,141,141,151,146,146,169,148,151,155,129,131,148,131,141,155,173,120,120,131,92,92,148,151,155,157,114,114,143,179,183,167,151,152,172,186,210,205,172,167,146,90,69,79,128,151,148,148,141,141,143,123,120,131,84,79,148,136,177,157,155,128,172,219,141,128,136,104,148,161,148,208,219,148,167,157,161,183,161,120,151,160,136,148,179,172,193,166,183,131,114,157,186,173,141,148,157,152,161,148,151,151,200,155,131,92,166,172,101,101,157,131,157,181,166,155,110,120,141,92,175,186,110,101,107,92,120,172,143,101,123,128,131,136,148,128,136,136,120,155,136,120,151,161,151,87,97,110,120,128,136,123,136,148,114,92,123,141,143,120,143,123,79,107,131,120,128,188,181,161,123,123,131,136,166,167,107,126
199,201,226,196,195,225,193,212,199,193,212,201,177,173,155,141,183,192,186,195,195,179,173,186,196,177,149,177,203,161,115,155,157,79,160,149,157,183,169,143,181,198,172,115,143,183,115,192,181,123,131,157,161,141,136,123,129,131,120,141,166,164,185,166,199,138,151,181,120,129,167,155,129,129,155,155,151,172,175,190,198,185,224,190,192,166,166,123,120,107,101,131,166,149,141,136,129,129,129,115,141,157,98,101,166,136,131,126,123,101,87,69,148,201,188,131,148,148,166,136,166,183,196,166,186,157,193,192,196,155,126,141,155,167,172,148,166,181,110,185,177,161,143,179,192,201,220,201,157,155,177,166,138,129,131,131,157,163,141,110,107,84,143,131,114,107,138,155,120,161,160,185,177,129,143,166,92,166,101,136,129,148,148,155,123,114,143,157,188,181,101,123,151,123,101,114,120,123,131,90,131,157,163,167,166,183,183,186,166,199,186,173,173,120,87,87,92,101,131,141,152,155,120,107,148,128,87,84,120,157,98,110,128,114,148,175,136,120,155,181,155,141,172,146,148,211,188,181,173,131,148,151,151,166,143,148,151,167,169,166,167,183,155,126,181,205,181,143,131,161,167,161,157,141,151,141,141,98,143,157,131,98,141,110,131,87,148,141,107,128,126,104,166,155,148,92,107,114,131,120,110,136,148,167,172,128,126,136,112,97,107,143,107,76,69,155,141,157,131,92,123,128,141,148,120,107,123,136,107,97,151,120,148,141,123,131,84,92,97,123,173,196,157,123,120,97,131,173,148,166,155
195,191,208,204,183,186,195,198,201,190,201,211,219,201,151,172,204,181,155,188,203,167,173,161,167,188,193,181,188,152,157,141,101,115,141,120,155,183,181,143,173,190,132,134,118,164,161,212,104,120,152,155,167,107,120,123,141,123,129,155,129,138,185,181,190,126,146,164,87,112,181,181,151,155,155,98,107,186,177,181,201,213,214,186,155,181,157,157,166,93,93,157,177,157,115,115,95,98,112,131,79,104,126,120,149,131,98,136,143,57,79,161,151,152,177,143,123,161,177,126,126,181,216,193,157,206,206,181,136,107,155,155,160,183,173,172,120,183,231,152,114,186,123,155,163,163,172,177,186,188,167,148,131,129,138,161,177,129,110,129,129,123,141,129,141,107,136,134,90,126,166,192,155,161,114,148,66,141,114,131,112,152,131,143,129,126,151,167,188,136,126,131,166,167,136,84,136,104,141,87,141,141,143,173,173,181,152,181,186,148,128,183,131,128,104,148,92,98,107,131,131,128,101,101,141,151,79,90,98,112,104,101,76,87,107,114,143,173,175,183,167,155,172,141,193,222,173,151,192,148,128,141,157,155,143,167,151,152,166,157,167,157,155,177,195,195,167,148,148,163,167,151,128,120,143,143,134,136,161,157,143,92,157,84,76,114,120,120,107,141,136,161,97,166,87,175,84,148,104,141,131,148,166,157,167,177,141,110,107,166,117,141,107,92,123,157,136,112,141,163,161,123,128,120,136,128,110,166,72,87,201,136,84,148,97,123,97,76,128,136,143,148,167,167,120,92,151,220,148,131,166
191,188,123,157,210,181,181,177,181,179,151,188,234,215,157,161,193,149,164,172,177,193,167,157,166,188,206,185,166,186,188,132,104,134,152,134,151,160,155,141,166,161,134,138,120,129,199,155,112,131,161,155,129,101,120,136,136,136,123,110,107,149,172,181,161,120,129,188,110,131,181,192,155,110,93,115,149,183,199,175,208,220,211,172,157,188,181,141,101,87,93,129,151,129,90,79,129,115,123,143,98,120,129,126,98,151,79,76,85,134,161,136,136,173,155,148,181,167,92,129,172,199,188,201,141,160,206,199,172,151,172,166,183,201,193,169,164,129,166,177,161,196,166,131,131,211,193,181,163,177,161,141,155,157,167,143,157,107,107,114,107,155,114,107,129,143,146,129,92,141,173,175,129,129,114,92,84,123,114,157,114,131,151,148,123,143,161,143,177,107,120,161,167,206,136,148,120,136,129,128,141,110,128,152,157,173,161,161,172,148,141,199,114,163,155,161,177,157,110,107,120,128,143,123,110,131,79,107,107,101,87,98,87,87,58,101,128,141,173,196,179,173,172,148,183,192,167,143,166,166,110,136,181,166,141,143,148,179,188,157,141,151,181,196,192,207,177,188,188,152,157,155,143,136,141,157,161,173,157,136,148,123,143,120,98,128,131,136,128,114,123,167,136,155,131,167,120,143,151,161,110,136,79,186,192,167,141,136,160,148,110,155,63,141,120,120,136,160,128,107,138,92,84,114,141,181,172,155,136,84,136,143,110,63,215,84,141,114,141,101,114,136,136,148,128,136,183,161,114,157,148
161,141,85,199,173,177,161,183,166,177,161,120,152,195,185,160,155,129,149,161,172,166,166,193,183,155,196,196,169,181,188,134,120,167,173,152,143,149,141,129,134,161,157,120,115,151,173,164,155,115,141,143,104,120,131,141,123,129,107,87,107,134,129,151,152,107,129,172,146,149,167,155,131,98,115,131,149,177,201,206,229,228,169,149,181,193,179,143,90,129,82,76,110,120,110,110,136,134,134,129,129,129,95,123,126,136,90,98,123,101,166,167,129,151,131,129,169,181,110,148,188,234,169,192,151,188,196,205,172,148,172,160,166,188,169,143,166,161,172,195,167,166,160,167,173,131,146,172,177,167,167,181,177,155,157,173,172,143,131,136,131,114,101,87,123,141,143,114,107,157,166,129,101,136,110,107,110,123,120,157,114,148,141,157,114,107,181,148,166,131,107,167,181,181,129,169,92,143,114,143,128,114,123,128,146,181,181,128,161,167,152,155,161,173,181,181,196,199,148,128,131,128,112,136,107,92,120,114,120,136,120,107,110,69,123,107,84,114,141,175,188,166,173,181,120,131,201,136,155,148,110,110,193,181,136,166,177,161,177,166,136,181,192,181,181,161,172,211,200,172,141,200,186,141,157,183,172,161,157,136,155,161,143,141,143,143,141,141,141,143,138,157,172,173,161,107,141,167,157,161,128,76,69,141,157,87,131,166,136,120,161,123,120,134,148,110,128,136,173,143,114,123,120,148,177,155,146,167,92,123,57,120,151,192,148,131,128,114,120,155,155,107,104,141,141,148,114,177,73,69,183
85,129,110,151,167,166,179,172,157,166,166,134,153,173,169,169,169,132,82,157,151,166,177,183,183,181,190,169,155,166,172,160,155,186,132,149,118,129,132,123,112,152,155,129,110,149,177,167,129,93,101,112,117,126,131,126,131,115,107,101,93,107,112,136,143,129,115,117,181,172,107,98,120,143,134,143,157,192,210,201,195,193,167,173,204,177,177,129,93,98,82,101,134,131,131,120,115,166,136,149,155,126,120,107,101,143,131,149,149,95,131,183,166,131,117,151,219,92,164,155,211,179,195,173,169,155,199,199,172,151,155,131,143,141,126,126,161,148,177,155,192,167,157,110,136,155,129,152,185,192,181,138,148,129,167,166,141,188,104,136,104,79,114,120,129,136,90,90,123,141,136,123,120,129,114,107,143,134,95,155,166,131,120,131,148,129,155,188,167,155,141,167,155,155,155,146,126,141,141,114,114,128,148,120,141,161,131,143,173,141,166,152,146,143,169,192,166,173,181,157,107,114,136,141,141,114,128,117,114,128,136,110,87,95,143,128,79,84,107,128,161,126,177,199,167,131,201,155,151,151,143,155,177,192,160,143,131,148,167,166,157,155,183,192,181,110,136,208,205,186,143,155,166,157,167,183,155,112,169,177,173,177,114,131,136,128,143,160,143,141,141,151,172,177,161,136,148,155,151,167,131,63,110,155,136,120,120,131,110,136,143,123,143,148,114,128,151,141,166,151,120,110,157,141,97,120,87,92,146,107,90,97,148,166,92,87,185,97,157,148,128,107,76,123,148,76,114,69,177,42,172
132,107,151,151,146,164,196,175,211,179,146,166,167,129,120,166,216,157,146,107,149,173,157,172,208,183,183,185,164,181,172,161,155,138,155,115,107,136,132,129,123,132,143,155,107,120,152,143,90,82,69,107,120,120,129,136,141,129,112,129,123,134,117,123,141,161,104,117,204,123,69,126,149,143,141,186,204,196,192,167,143,185,196,199,188,166,161,138,93,95,110,112,136,131,107,112,138,149,131,164,152,79,90,123,117,151,120,166,126,110,131,201,199,148,131,134,141,141,151,161,196,173,181,173,151,192,177,157,186,169,167,167,148,148,143,164,155,98,186,161,183,173,141,172,110,134,160,148,167,173,141,177,148,110,110,173,117,157,155,107,101,92,117,151,98,79,98,107,157,141,148,114,161,101,123,141,129,143,117,131,134,141,134,123,151,186,177,143,136,143,161,166,129,160,166,114,101,112,123,114,107,114,114,120,136,120,104,131,136,152,148,123,107,128,155,173,167,157,173,148,120,141,161,157,148,120,101,110,101,128,151,101,123,136,143,87,123,72,84,123,128,120,155,219,190,136,173,215,173,123,120,186,173,146,167,160,128,120,166,163,148,112,160,114,167,131,155,200,193,167,131,123,151,173,161,141,157,167,136,188,128,151,123,128,123,101,188,167,128,141,155,128,148,157,155,155,131,128,157,183,141,101,141,166,148,141,136,101,114,155,173,155,157,151,120,151,172,141,131,84,131,114,136,161,107,123,141,97,161,167,136,58,120,148,123,101,161,110,148,155,136,143,128,131,172,97,84,136,84,114,181
160,132,146,120,201,193,201,196,166,141,90,129,136,151,166,166,211,149,215,183,172,177,172,177,208,217,177,141,172,190,181,123,118,155,172,138,151,169,93,129,157,123,181,155,115,115,115,123,120,93,141,110,115,115,131,146,151,136,120,136,134,141,157,141,155,157,129,129,152,115,112,175,173,149,157,196,219,181,161,181,177,186,188,192,161,179,169,149,120,101,93,104,107,107,90,98,123,115,131,136,131,123,101,117,131,93,85,115,126,166,177,201,211,157,157,115,107,107,129,206,161,193,126,110,179,193,157,148,215,195,115,131,134,196,193,186,192,148,222,155,181,141,167,160,206,181,155,155,192,186,157,110,129,138,136,188,120,141,50,114,151,114,101,110,141,123,136,141,157,148,136,148,136,114,110,141,107,129,166,146,157,131,107,107,141,143,163,98,101,120,161,148,129,120,98,155,117,101,107,141,120,69,87,131,134,120,123,120,141,148,114,76,107,151,141,157,193,206,188,166,166,148,146,143,136,136,92,110,101,128,143,107,163,155,110,101,101,79,87,128,134,155,123,155,172,120,173,228,114,107,141,155,172,107,166,136,63,120,143,146,143,101,157,166,155,167,157,128,181,157,167,166,98,107,123,141,157,152,151,166,151,98,188,141,172,167,128,166,167,131,148,101,141,131,84,136,131,148,160,157,151,155,157,151,128,123,136,136,141,169,138,110,157,166,160,128,143,120,107,136,131,128,120,146,146,76,110,151,151,160,114,110,76,114,143,128,136,148,148,123,131,141,200,192,157,157,120,110,172,114,131
155,153,160,179,138,115,141,191,136,141,141,136,167,149,173,181,167,206,177,172,157,188,212,186,181,192,157,151,181,192,151,136,186,204,160,181,166,149,141,98,82,129,206,126,118,129,107,115,136,126,132,126,129,107,149,90,149,131,129,146,115,151,193,166,136,141,143,151,120,120,155,173,155,172,193,192,199,161,117,177,166,181,157,199,208,215,166,146,98,82,87,107,93,74,90,93,112,123,120,126,149,129,115,131,112,90,85,101,115,134,201,213,186,134,120,157,120,90,146,152,115,172,167,179,181,177,143,161,177,183,155,131,155,188,188,166,186,188,192,155,129,167,131,163,173,186,155,161,192,177,114,129,123,181,141,92,120,136,120,120,155,148,117,131,129,141,129,129,155,151,123,92,107,193,84,107,129,117,172,114,123,141,131,98,129,146,114,181,120,143,129,151,155,120,155,120,167,141,129,120,123,107,87,92,155,148,126,161,157,98,92,107,126,136,155,166,186,201,181,160,167,161,114,120,131,152,123,104,110,112,120,110,161,155,101,110,98,107,114,120,110,107,120,101,114,138,192,222,155,155,188,167,157,155,128,114,120,143,155,148,143,114,117,167,141,211,110,107,161,172,155,148,157,123,141,172,181,186,161,148,131,107,161,179,74,143,183,205,166,107,138,172,123,97,57,128,155,157,148,110,172,177,152,114,101,128,141,136,148,155,114,123,166,166,151,114,128,126,155,161,128,110,128,143,128,107,172,166,157,172,123,155,148,107,143,155,141,114,131,152,128,136,175,196,128,87,141,192,166,155,151
177,167,157,136,129,167,153,134,166,126,98,123,129,155,181,181,149,143,167,157,198,211,177,160,173,201,161,157,206,192,172,164,149,172,161,123,179,143,141,107,132,143,166,155,107,93,118,134,126,93,85,172,157,93,172,149,107,117,175,98,129,177,129,141,107,151,177,152,129,123,183,166,149,181,192,172,161,112,79,136,169,161,172,198,181,188,173,129,101,85,93,104,79,63,107,131,110,131,110,141,126,76,149,115,107,117,98,85,104,141,188,181,129,107,120,161,123,85,155,129,98,155,166,164,167,166,148,167,166,151,166,134,120,161,167,172,177,181,141,141,123,161,157,186,188,186,148,141,167,181,151,136,192,155,101,114,141,155,136,183,131,155,107,155,152,107,143,101,87,141,104,141,129,157,107,66,155,175,120,110,123,120,169,155,123,166,163,131,151,155,114,148,166,126,155,157,123,166,123,92,148,155,123,101,134,148,110,148,141,148,131,134,138,120,155,92,173,172,167,143,161,157,151,183,166,167,128,123,110,110,87,114,128,136,107,141,136,120,123,101,79,79,107,87,98,143,155,160,201,206,205,188,172,188,161,141,183,192,157,143,155,155,114,161,183,167,141,152,166,172,128,161,166,148,172,192,183,173,148,151,161,173,84,114,128,211,167,173,87,120,141,157,143,114,114,141,179,79,128,192,177,161,177,84,107,192,114,136,110,114,120,120,155,166,114,141,134,143,166,166,151,136,141,157,120,107,155,110,136,166,148,120,131,128,136,141,110,97,128,136,120,92,128,181,123,131,110,161,183,161,148
160,173,120,132,177,146,136,153,181,183,126,120,181,149,155,149,153,136,181,177,173,177,155,181,186,199,196,186,206,193,155,183,155,123,120,126,172,146,161,76,138,149,149,172,115,64,136,149,76,87,126,155,141,149,123,131,115,161,183,98,146,166,90,95,123,157,186,107,175,183,143,166,157,199,107,183,107,85,120,188,183,146,173,192,155,177,167,120,101,79,107,107,85,93,107,110,107,107,101,155,107,98,117,93,120,115,95,61,138,167,149,148,129,120,131,166,129,129,148,143,129,131,123,151,173,181,166,173,166,141,151,131,129,157,148,167,172,141,167,120,123,181,208,157,155,181,155,141,141,114,134,155,148,146,114,155,107,141,160,155,148,141,85,92,136,152,92,117,129,131,143,98,129,79,136,129,95,107,120,98,172,120,131,188,148,114,160,143,92,166,173,179,98,136,148,183,98,151,151,136,107,138,136,110,98,110,148,128,120,98,151,98,136,123,146,79,143,177,181,123,120,205,193,192,172,151,131,120,58,79,63,131,112,120,110,148,120,104,136,90,110,110,84,84,92,120,136,148,196,213,199,196,157,173,190,166,181,167,134,148,155,148,131,167,167,141,166,166,155,128,148,155,136,143,157,179,183,181,167,157,183,166,131,167,166,157,128,143,114,151,200,131,123,151,148,143,167,166,120,101,157,173,172,87,177,160,161,155,112,131,128,120,155,155,110,151,148,151,157,148,138,151,151,138,136,128,138,117,148,166,151,148,120,123,120,101,123,131,136,131,97,97,161,166,110,123,157,76,114,157,157
166,149,118,157,203,181,120,161,181,157,155,138,98,98,112,149,167,177,155,155,186,173,186,175,177,198,192,183,193,196,160,123,179,155,87,155,167,164,101,155,177,172,167,157,136,136,129,120,123,149,149,134,129,129,152,136,141,157,123,123,123,107,155,155,131,101,120,161,181,172,155,190,193,138,104,157,98,157,183,166,167,161,177,192,190,169,172,141,95,115,120,112,120,120,110,93,93,93,107,155,101,110,72,157,107,101,115,85,112,151,166,167,172,157,148,183,183,193,87,155,155,143,155,157,186,160,164,173,160,134,141,141,164,138,141,131,188,172,157,107,157,183,166,186,188,173,151,141,117,120,166,177,167,148,143,155,143,136,138,141,126,138,126,136,117,107,136,143,152,120,160,107,87,129,138,123,84,131,134,148,131,143,107,136,173,151,120,123,141,192,172,141,157,157,157,148,141,131,120,166,161,104,131,120,98,69,120,92,166,123,148,120,161,167,87,92,131,167,126,101,143,192,186,163,128,173,161,76,101,57,87,166,136,128,110,98,114,114,123,110,123,98,92,98,110,131,163,183,161,172,172,160,123,148,190,172,136,123,114,157,120,128,141,152,141,141,155,151,131,120,143,161,136,141,143,141,141,166,167,157,192,201,183,181,131,114,131,173,181,157,131,148,166,177,167,161,157,160,161,155,161,151,128,131,101,128,166,146,148,166,166,143,123,120,175,128,141,138,143,126,97,157,141,131,128,128,136,136,160,172,136,141,107,141,114,101,151,166,123,101,101,131,166,141,101,97,128,143,143,148,166
141,141,76,157,107,190,161,146,173,173,120,120,115,90,115,173,141,149,181,115,169,173,193,161,157,157,226,204,177,181,169,155,120,141,132,149,141,126,107,149,164,126,149,151,155,155,179,166,136,141,136,157,132,132,120,107,136,107,112,167,138,123,152,166,120,110,141,157,160,149,164,193,161,157,167,146,151,190,181,107,169,181,172,192,204,186,167,131,79,141,123,123,143,129,87,69,76,107,120,123,107,117,101,120,110,120,143,123,74,141,157,161,192,181,131,186,190,183,98,173,161,161,166,129,151,151,161,172,166,131,157,198,155,129,136,141,155,166,148,157,166,151,161,181,169,157,151,129,148,160,155,155,155,129,166,148,143,157,107,123,157,155,117,107,146,141,123,120,134,155,136,136,136,117,141,129,129,131,141,110,131,110,112,136,155,129,129,161,166,160,155,185,157,148,172,148,155,129,136,155,183,131,69,107,123,110,84,128,163,131,141,152,181,114,143,69,126,131,123,110,157,196,177,131,136,186,141,193,107,107,107,157,117,110,128,131,104,104,84,114,157,107,98,155,148,161,173,173,131,148,128,136,128,161,192,193,155,120,114,167,101,104,136,141,151,166,131,128,120,186,148,161,143,157,177,157,141,161,157,166,186,205,155,143,136,157,186,192,186,166,114,136,177,185,172,157,151,155,114,136,167,138,134,128,107,120,166,166,138,157,161,110,138,161,155,101,120,120,120,128,167,123,114,141,143,157,107,123,141,167,141,87,136,148,114,136,141,155,120,107,128,120,128,143,148,123,128,172,181,143,151
129,134,85,120,126,129,167,157,160,141,98,72,110,155,134,129,167,149,115,141,191,120,166,146,151,173,166,166,149,186,186,225,161,132,120,126,136,115,149,138,129,138,85,98,126,155,157,157,129,123,107,149,132,120,120,136,136,107,141,193,149,93,134,149,131,126,134,172,186,120,164,181,131,157,167,172,173,183,167,157,172,155,155,192,208,192,136,93,79,107,131,104,143,129,69,66,87,120,115,110,120,126,123,112,107,134,123,123,120,129,172,183,193,152,120,157,172,141,136,152,141,169,129,107,157,181,157,141,146,148,172,192,155,151,173,181,112,166,181,181,172,152,129,152,129,155,166,148,141,123,148,151,152,131,110,148,151,157,161,148,173,166,129,107,112,148,166,141,101,134,141,131,120,107,110,129,148,141,148,155,120,92,131,131,110,129,148,166,163,143,131,155,188,166,136,181,143,123,151,123,92,141,131,141,167,151,161,136,120,148,136,155,177,98,136,114,123,107,136,155,131,157,173,131,141,129,155,183,213,151,114,95,114,148,128,136,131,120,120,136,157,141,136,110,172,155,161,120,114,148,128,169,128,172,179,179,167,143,141,152,172,92,167,131,193,181,84,128,141,188,155,155,198,192,155,136,166,169,166,166,192,186,161,167,177,200,200,181,167,157,148,134,148,172,148,155,148,155,148,143,183,128,114,143,160,148,136,161,155,166,192,166,161,155,101,123,131,141,136,157,173,76,128,161,183,157,110,107,131,136,120,97,151,141,110,148,155,148,126,128,157,141,131,143,173,157,148,186,155,107,151
143,110,120,120,136,143,151,169,173,132,136,141,101,115,115,155,129,141,167,190,132,141,153,166,173,129,160,155,115,136,216,149,166,149,157,129,136,172,151,115,151,157,107,107,134,149,173,141,129,110,129,95,166,104,136,149,143,123,129,146,131,146,134,120,115,117,152,141,149,149,164,164,136,143,129,131,199,183,166,164,166,157,157,199,186,166,112,79,87,115,115,98,101,104,69,120,110,101,134,136,129,123,129,112,98,141,110,107,101,131,190,206,179,155,136,129,136,141,161,141,143,188,112,169,192,172,157,126,131,143,123,126,166,166,157,173,157,120,173,141,166,123,148,148,123,151,181,143,98,92,172,141,131,120,63,155,173,152,148,155,177,167,151,129,123,141,151,134,114,90,101,92,87,129,129,98,92,136,177,166,136,112,112,129,120,167,181,141,161,110,143,143,107,141,177,151,141,120,92,101,131,110,120,151,143,161,181,136,104,120,107,114,141,155,84,126,166,110,84,123,166,114,120,161,136,114,179,211,136,192,131,129,123,114,123,136,143,166,151,131,128,166,141,146,157,131,131,110,146,177,128,134,167,177,161,123,177,183,166,186,177,143,186,173,186,193,107,143,131,155,151,148,211,186,141,160,136,166,183,151,186,143,172,157,169,173,186,186,141,193,186,110,128,157,128,151,151,161,155,151,131,151,157,76,172,183,167,181,192,186,169,161,155,172,128,136,157,120,186,196,136,141,161,151,110,110,117,131,141,114,131,161,136,157,155,131,148,148,148,143,183,167,141,166,173,173,155,141,114,114,148
155,149,155,123,93,129,155,166,153,129,129,136,141,110,123,134,104,151,151,191,173,203,155,126,87,149,146,143,118,115,164,198,172,166,149,120,188,107,120,118,155,141,129,118,166,181,110,87,115,123,110,129,74,136,149,107,120,129,131,190,155,107,146,98,123,155,166,190,181,186,193,143,151,172,136,179,167,152,95,181,201,169,164,193,190,166,95,87,110,93,93,120,59,63,85,115,110,136,155,129,123,120,85,82,110,141,110,107,120,151,201,196,179,157,136,129,129,143,155,148,155,181,151,157,155,134,141,123,117,101,107,151,155,152,120,148,146,120,148,131,157,131,164,141,157,173,183,146,123,123,120,120,107,120,110,143,201,129,161,141,157,148,134,131,136,141,129,129,136,87,85,98,117,129,114,117,146,166,151,148,90,129,136,131,123,112,151,104,141,112,177,129,148,129,148,141,141,136,120,114,114,138,148,143,179,146,131,167,155,92,92,138,123,123,123,146,155,131,141,172,192,166,129,155,151,181,155,151,114,143,167,167,114,98,148,157,166,166,131,141,157,141,148,120,136,110,98,84,92,101,161,161,167,172,177,177,138,151,148,167,172,186,173,161,183,222,167,148,120,167,148,172,186,177,172,172,128,167,177,120,131,141,160,110,166,128,188,183,177,200,166,131,172,166,131,173,148,200,157,167,101,196,136,173,79,192,201,186,196,192,157,131,131,141,128,131,155,166,192,128,148,157,107,123,128,97,120,128,123,141,131,141,123,112,128,110,138,155,157,155,123,110,128,161,172,151,97,76,128,161,148
160,143,157,149,155,149,151,166,151,129,141,141,149,175,157,141,112,98,143,190,183,166,149,141,141,157,134,126,132,120,151,166,167,146,129,136,149,134,136,155,123,141,120,138,151,141,136,123,143,129,115,138,172,107,167,141,76,143,186,181,179,149,115,131,149,177,141,166,175,177,196,192,160,172,177,141,136,82,115,141,201,181,104,123,214,179,169,79,98,117,98,85,110,82,72,161,143,120,101,107,115,107,79,115,131,120,129,123,166,167,166,177,179,149,151,138,131,143,152,155,157,177,166,148,141,123,123,129,110,107,131,146,131,136,123,90,143,155,148,151,146,141,136,141,167,163,143,161,167,120,79,131,107,155,129,161,181,123,146,148,129,141,131,136,110,141,148,123,136,112,76,129,123,138,107,167,126,148,120,129,141,134,141,129,129,112,161,166,148,146,129,188,123,155,141,155,136,155,126,126,173,177,155,148,161,172,157,177,123,84,110,157,166,120,136,110,134,181,186,173,183,148,141,148,188,192,120,87,183,148,186,208,167,98,123,161,155,186,173,138,151,157,157,72,79,87,69,72,120,120,177,205,143,143,166,157,155,157,161,155,196,196,172,151,213,236,177,120,123,155,193,166,141,177,172,141,173,167,136,114,107,166,183,128,166,151,173,161,188,181,151,161,173,166,166,167,151,193,151,177,120,198,166,196,123,188,136,161,181,181,143,120,97,128,143,141,141,131,151,141,123,151,114,136,151,134,92,120,128,128,143,131,110,92,114,123,157,172,120,120,110,110,155,141,143,107,92,97,143,151,141
166,149,161,191,195,166,141,155,160,151,155,166,179,193,173,129,115,149,157,155,151,153,120,129,143,152,160,160,138,98,123,129,110,101,126,136,126,141,93,141,167,132,149,115,129,110,79,120,149,120,123,160,98,85,120,155,107,173,183,149,117,76,149,161,172,173,201,186,208,149,199,192,164,136,120,208,157,123,155,131,164,188,134,160,215,192,143,129,117,85,115,59,115,93,120,151,131,107,85,115,112,87,141,129,123,87,98,138,167,196,166,146,172,129,155,155,141,177,183,166,155,161,152,129,148,129,131,155,131,115,129,148,129,120,120,131,151,141,151,155,151,151,136,120,129,98,112,151,136,136,157,129,138,161,148,161,110,107,112,157,151,120,92,131,141,131,136,114,152,152,107,120,161,141,123,148,141,110,143,141,172,129,138,172,173,141,110,166,163,131,188,167,175,177,177,141,123,84,101,136,155,143,141,143,173,167,152,104,107,123,123,205,92,173,114,79,112,196,196,123,148,201,129,173,201,155,172,129,114,131,195,227,151,141,76,90,167,190,186,172,166,148,131,141,72,61,107,136,92,128,151,167,128,92,141,186,179,188,188,177,196,188,155,155,186,172,123,128,141,177,196,141,143,188,166,136,136,141,141,120,128,186,193,143,157,200,183,131,136,148,173,151,110,151,200,186,167,172,128,161,151,205,161,155,152,123,131,181,161,173,157,136,114,92,173,143,112,160,173,84,107,167,141,155,161,148,120,143,141,110,148,131,92,151,104,148,143,166,114,84,120,110,136,128,120,148,157,148,128,143,151
172,173,193,179,185,179,169,136,157,183,164,151,155,167,141,120,98,177,181,95,120,141,129,151,132,151,181,161,151,110,123,132,136,107,123,157,141,123,93,120,151,120,120,129,98,143,155,104,98,136,110,98,181,151,87,115,164,131,129,85,117,155,152,149,167,183,169,177,164,196,173,166,199,138,193,181,192,167,107,112,149,120,138,193,196,181,141,129,93,85,87,101,85,120,107,115,129,141,120,110,115,123,120,141,69,76,155,136,183,186,149,136,169,134,141,152,192,161,138,155,166,161,115,148,110,166,115,141,131,104,138,151,120,143,152,151,151,136,160,166,151,166,136,101,107,112,120,107,110,188,188,143,152,141,157,131,85,120,136,141,136,120,98,131,157,136,115,120,134,141,126,148,167,92,123,161,134,138,151,143,143,129,160,172,155,148,123,172,129,143,123,120,167,110,161,141,107,92,129,136,143,129,155,166,141,161,131,188,157,76,151,166,152,161,79,120,98,141,167,157,155,167,120,166,151,87,63,167,129,114,131,188,183,110,148,90,110,166,196,206,167,141,161,123,57,110,98,141,101,107,107,131,148,141,114,128,157,141,213,215,188,181,155,181,186,172,161,172,161,157,148,128,166,192,148,110,131,155,181,179,192,167,151,173,183,213,206,128,98,141,181,151,143,173,208,205,151,141,126,166,177,196,143,148,141,107,177,193,167,151,155,151,136,107,183,151,128,155,112,114,110,166,155,167,166,110,126,151,126,120,136,148,120,131,131,136,136,114,58,148,141,92,128,161,155,151,177,160,128,131,161
181,195,201,167,166,167,195,157,141,157,136,107,115,141,69,110,132,177,115,107,123,110,149,161,107,132,173,149,149,123,136,166,115,136,110,141,149,129,129,115,146,132,107,129,112,118,120,74,93,132,151,123,129,129,123,132,155,143,123,167,186,149,155,155,155,141,166,177,183,190,167,183,201,177,155,186,181,155,131,134,186,208,185,167,183,166,126,117,98,53,85,117,110,93,107,112,101,112,123,107,87,107,129,98,98,85,155,115,188,183,151,155,186,151,192,152,186,177,151,177,172,167,146,151,148,155,141,126,129,166,143,157,167,177,173,143,129,129,172,161,120,167,141,123,110,107,115,129,152,172,155,161,146,120,129,98,92,117,169,120,76,129,141,129,157,136,101,141,129,101,161,172,110,98,143,155,143,141,141,143,143,129,155,181,169,148,129,136,114,129,136,101,166,172,166,136,107,98,120,136,143,146,141,166,155,138,167,157,148,114,161,136,192,131,183,155,134,151,129,136,188,169,114,148,136,44,161,181,141,123,114,120,183,143,107,136,114,107,128,157,131,201,151,79,84,90,110,84,123,69,143,120,123,128,141,152,128,157,234,208,138,141,201,166,114,215,219,193,167,92,128,155,188,201,148,107,161,205,167,183,200,136,181,193,228,239,186,123,107,152,151,148,205,190,192,206,128,120,161,167,181,167,128,151,173,101,155,201,179,136,131,123,148,181,169,136,120,92,114,166,136,161,157,148,151,117,107,101,101,136,126,107,151,131,128,131,114,136,143,148,141,148,177,136,143,128,172,192,141,128,155
172,186,179,149,134,129,155,161,134,107,93,136,93,134,93,136,166,151,95,132,110,112,107,155,126,123,155,152,129,123,132,129,118,160,93,172,85,115,120,161,129,155,143,136,107,90,149,141,120,115,143,107,136,155,101,173,161,164,160,160,164,149,143,115,138,141,141,172,190,141,199,190,157,149,131,157,157,123,129,186,193,175,181,169,146,143,101,136,79,63,95,98,110,85,74,85,76,87,93,76,98,149,141,79,50,98,107,149,193,177,183,143,185,141,161,217,188,166,143,155,160,173,123,123,177,131,141,141,172,131,136,129,166,155,155,120,98,141,141,148,151,173,141,136,110,76,148,166,141,131,129,151,120,115,115,107,131,143,143,101,79,126,155,148,157,123,92,164,123,126,166,146,90,141,161,155,166,120,129,143,151,143,151,175,155,143,129,117,151,141,155,143,172,169,148,141,110,92,114,136,152,151,136,166,166,146,161,134,155,172,155,146,172,169,199,192,181,181,161,141,136,155,169,141,114,143,131,186,131,172,167,101,186,224,188,141,92,92,92,101,166,136,98,69,84,101,143,157,98,157,69,101,76,123,112,84,161,198,183,173,167,161,181,143,101,196,199,201,120,98,141,181,200,196,172,188,143,104,151,161,172,166,175,155,238,235,183,143,128,143,192,186,172,161,186,201,166,173,143,183,192,173,148,141,143,92,166,211,143,136,136,120,128,181,141,92,120,131,151,167,148,141,151,155,151,131,95,84,114,110,114,120,155,161,143,97,101,183,166,126,206,157,141,120,101,166,196,173,128,128,151
160,186,161,110,161,98,112,132,129,120,118,101,107,118,136,149,155,138,120,79,76,132,123,155,166,136,149,166,141,115,118,141,129,129,132,177,72,134,107,134,98,155,155,141,136,112,143,129,149,123,107,149,141,157,76,211,161,183,164,155,136,149,126,98,93,141,143,185,198,175,204,188,164,104,160,151,131,129,123,155,206,188,157,199,166,173,172,85,85,76,76,110,72,87,69,41,57,98,98,123,141,120,93,115,93,90,117,155,213,192,155,146,173,183,141,175,207,172,141,155,177,143,155,123,141,141,115,148,155,167,69,115,115,131,151,115,126,161,141,141,167,134,177,112,87,143,104,143,110,123,110,123,129,131,141,136,123,148,155,129,115,129,129,136,141,131,107,155,148,155,136,131,136,120,148,169,148,131,157,141,129,155,141,129,129,114,136,123,188,143,155,148,161,141,114,148,131,98,120,141,161,157,181,205,155,155,185,173,192,167,143,148,172,183,186,192,173,161,152,151,117,120,172,173,148,172,196,205,222,213,167,151,201,206,205,120,92,126,98,69,128,138,69,57,84,128,143,148,167,84,87,148,120,123,123,123,136,131,161,155,181,143,186,183,181,188,155,166,172,136,173,157,200,213,196,213,173,87,181,141,148,166,143,172,220,236,208,143,173,172,166,148,143,183,192,196,200,167,141,131,201,198,183,110,136,172,193,183,131,110,136,166,161,148,92,123,136,131,161,155,128,155,161,161,131,114,123,114,120,114,131,141,151,161,123,84,120,148,136,181,177,143,84,107,97,151,167,136,136,148,131
173,186,173,110,107,98,129,132,118,149,164,149,120,107,129,157,151,110,76,120,93,155,155,141,173,183,153,129,123,129,141,155,141,123,166,129,120,107,134,107,101,129,151,110,143,157,155,149,169,146,98,157,160,104,196,115,136,172,123,149,177,172,152,115,85,93,193,161,206,185,175,203,149,164,149,143,136,149,143,141,181,201,192,206,206,136,115,115,79,69,59,85,76,76,59,57,110,112,107,129,143,138,126,143,146,90,131,179,185,204,181,181,211,211,173,143,183,204,181,164,177,155,93,115,115,115,157,141,151,115,93,110,129,131,172,149,141,146,126,120,107,120,136,126,131,136,104,87,107,155,123,112,160,161,143,155,141,148,164,131,120,141,110,123,131,136,136,141,141,148,136,141,143,101,131,148,87,157,131,114,143,151,117,92,129,110,129,196,188,131,120,129,173,136,148,114,138,123,117,129,161,173,188,206,123,123,192,179,196,167,186,181,123,120,161,183,166,151,129,107,123,120,129,183,183,177,222,231,215,215,173,138,148,183,172,143,166,166,110,155,167,107,69,57,84,110,148,151,128,131,114,92,79,87,107,131,157,136,123,131,143,177,230,196,213,199,173,167,192,186,201,181,200,214,157,123,181,193,157,181,146,114,193,186,193,205,211,173,166,128,169,225,213,188,172,175,225,161,120,157,216,213,157,120,166,196,196,183,172,141,128,181,161,161,120,131,101,148,126,141,138,148,155,131,97,107,143,141,120,123,136,148,160,138,97,107,107,110,166,172,136,136,101,120,120,136,136,97,136,161,107
161,191,149,126,110,136,146,132,123,129,166,157,115,143,143,164,132,123,129,172,136,112,149,166,183,186,136,112,166,169,149,146,164,123,155,115,129,98,132,134,107,123,129,110,149,173,151,149,107,149,143,152,76,151,193,85,143,155,143,104,151,149,146,115,98,181,206,164,186,196,177,173,151,143,143,164,152,149,143,151,172,192,208,188,192,149,101,141,55,79,61,72,115,115,79,87,143,129,126,155,155,143,90,107,167,131,115,155,155,151,192,213,211,204,203,186,192,216,186,141,166,155,151,157,129,104,136,155,101,98,143,136,155,164,149,120,110,123,98,98,120,123,141,129,151,110,120,98,123,155,141,110,123,167,151,177,177,120,98,129,136,123,101,112,131,98,172,141,136,148,148,123,129,101,117,110,126,107,85,131,167,148,104,101,123,131,173,208,143,129,129,177,129,141,166,92,120,117,112,129,123,151,167,166,120,129,161,173,181,173,188,166,63,129,166,172,166,155,141,110,120,120,151,208,201,220,230,203,151,192,193,143,136,160,203,216,195,183,161,161,148,107,84,76,101,107,128,169,172,141,98,120,101,151,167,107,101,148,148,161,192,193,183,208,215,199,219,186,183,161,215,201,148,161,157,128,136,219,208,188,193,167,148,236,198,219,181,210,148,161,183,211,220,173,183,205,216,211,148,188,205,243,136,193,141,172,181,181,186,166,181,177,173,161,128,148,143,151,107,114,123,120,97,110,92,107,146,161,136,136,151,141,141,134,84,114,101,126,148,141,110,123,141,128,136,141,131,107,136,167,120
143,177,172,151,136,129,138,120,141,149,98,155,146,126,132,129,123,149,153,173,141,93,141,177,157,157,141,149,181,161,143,132,132,149,134,132,123,112,98,141,134,107,141,161,172,151,126,107,76,167,164,136,85,169,129,157,155,155,85,157,118,115,131,146,134,167,190,186,173,196,172,164,120,181,82,164,149,120,157,172,230,206,131,177,192,149,120,61,74,107,79,101,143,115,76,87,55,112,166,183,151,123,101,87,161,141,123,129,138,204,149,173,219,220,196,196,172,155,169,155,166,179,161,123,161,152,101,120,104,101,136,160,161,157,101,115,115,90,107,123,141,149,166,131,120,134,120,141,141,131,112,126,155,166,169,151,141,98,136,166,136,87,131,120,141,82,166,148,155,131,131,120,115,110,136,129,107,101,87,148,177,148,101,107,126,136,167,166,107,101,166,136,136,138,92,120,117,98,120,134,107,129,143,143,151,151,155,167,148,155,151,129,98,143,166,141,160,167,157,136,123,155,183,192,206,219,211,235,192,183,173,155,166,192,207,206,213,206,213,177,114,87,110,138,107,120,141,155,143,148,123,157,167,148,146,101,84,131,166,148,141,177,192,155,201,211,208,172,222,199,136,190,186,155,166,166,148,167,177,193,210,177,188,196,196,201,166,143,123,141,222,238,215,200,200,234,201,200,155,222,231,242,205,151,210,148,201,173,183,181,166,161,148,177,114,192,120,167,128,148,101,151,69,120,114,123,161,166,155,148,161,110,134,76,143,120,151,120,107,123,117,114,131,120,128,136,141,128,138,183,128
143,166,167,151,107,101,101,110,93,120,143,129,101,110,129,129,79,136,120,93,141,155,115,141,167,161,179,181,157,155,172,118,123,161,112,107,143,166,132,136,129,120,155,173,155,151,134,120,136,172,166,141,149,155,115,157,155,149,134,169,136,123,141,172,181,157,177,172,199,167,161,131,93,155,115,167,141,98,143,173,214,203,120,143,175,134,98,53,131,115,63,115,98,57,85,101,101,104,141,172,155,115,155,141,85,110,149,141,173,172,177,213,238,220,181,146,204,186,155,166,151,131,196,188,157,155,129,123,149,151,112,120,146,161,129,93,110,120,131,149,157,120,136,134,101,107,101,141,141,112,101,131,157,157,157,112,131,136,131,146,136,101,115,120,129,98,101,151,157,101,123,117,131,123,120,115,110,131,129,152,166,141,110,110,110,129,148,107,98,92,107,98,114,141,92,123,131,129,123,151,155,143,129,155,166,155,173,155,157,157,120,79,129,141,155,167,173,192,157,129,148,167,155,155,172,151,219,240,217,199,143,114,166,206,199,173,183,183,172,172,92,205,136,131,107,107,141,79,120,123,155,143,181,181,131,128,123,79,110,143,172,172,188,185,192,172,155,186,213,231,206,173,186,155,155,179,161,123,136,166,201,201,188,210,220,148,114,117,155,188,201,215,211,205,188,216,239,141,203,231,222,183,188,213,208,183,188,186,173,192,141,157,173,157,177,107,131,177,155,148,143,131,114,148,157,148,141,141,141,152,141,114,143,101,157,128,155,123,101,161,141,123,92,114,136,148,136,128,141,163,128
118,104,157,136,155,173,93,115,149,126,104,69,126,143,115,76,132,138,138,115,155,136,120,172,146,132,172,196,172,166,161,167,112,107,120,76,149,160,107,120,132,141,160,146,151,167,136,110,155,157,167,143,134,155,93,132,161,181,181,166,161,131,120,157,192,167,149,186,201,155,123,143,118,110,146,131,134,98,141,172,177,185,161,151,166,149,104,136,110,101,69,87,57,98,120,93,120,131,101,107,151,157,136,101,107,101,110,196,201,193,201,234,190,226,192,151,141,192,181,155,143,134,161,196,155,188,143,120,166,167,167,136,161,181,155,110,85,129,151,143,183,152,98,173,115,126,120,166,131,123,129,110,117,141,157,167,123,117,104,161,166,126,104,148,98,138,161,136,141,129,85,134,155,107,90,107,129,143,131,98,107,131,129,101,110,143,112,107,110,95,79,104,114,101,114,129,136,123,114,148,166,166,143,141,157,131,131,172,179,155,129,98,143,172,141,208,201,173,114,114,177,157,157,123,87,123,196,195,206,213,151,129,172,185,172,177,157,136,152,161,199,201,190,110,120,107,79,120,63,87,148,151,141,148,141,123,84,120,110,141,128,128,117,151,181,128,92,114,196,222,222,199,155,181,220,173,120,110,141,166,173,181,196,231,243,161,114,157,181,206,224,208,196,173,190,183,166,208,205,215,213,208,230,219,167,146,181,200,157,143,128,97,167,166,161,120,161,173,136,141,157,107,155,123,167,151,76,110,155,141,114,114,157,151,110,114,157,114,148,148,123,107,131,114,120,148,148,141,136,126,151
141,141,136,204,196,193,143,104,136,120,153,136,85,141,72,186,120,206,98,155,161,98,115,132,123,126,155,166,155,98,149,149,107,101,146,76,76,98,101,132,136,141,146,152,149,141,136,110,166,143,167,138,107,141,115,166,172,157,181,173,179,157,131,155,173,177,183,173,188,120,129,172,120,85,141,129,107,120,110,115,134,149,166,161,149,141,112,129,101,74,76,79,123,110,85,82,126,172,131,93,101,141,151,101,146,129,117,224,173,183,192,204,199,234,215,149,199,173,166,131,172,161,123,129,155,177,115,134,141,157,166,172,181,183,129,151,188,115,112,166,146,161,115,110,98,157,79,131,98,141,115,123,117,123,143,161,148,110,76,98,143,143,107,120,141,107,136,120,143,161,120,120,161,110,101,120,131,136,138,101,123,138,120,129,138,117,114,120,101,84,79,114,112,98,136,146,166,148,141,148,141,157,166,143,129,131,129,148,177,160,167,172,157,167,175,213,193,110,98,161,208,183,155,92,58,101,166,172,192,186,157,136,183,173,157,172,163,148,172,161,216,161,177,131,143,114,87,63,101,87,114,143,123,98,107,131,148,136,141,120,131,76,136,110,120,128,92,173,152,177,167,199,188,163,181,183,157,148,141,183,173,213,224,225,215,183,181,215,232,199,188,216,208,186,172,234,166,141,217,236,213,205,183,183,193,166,148,188,173,141,148,157,143,157,143,157,166,148,112,120,148,141,128,141,167,123,84,136,155,134,107,123,177,114,55,136,183,128,166,104,183,166,136,110,114,155,155,131,136,110,141
139,166,155,123,141,155,157,132,126,167,138,143,123,118,169,136,129,149,107,195,177,149,85,88,98,155,141,136,141,107,183,93,141,115,149,120,110,123,98,167,123,138,136,155,151,93,129,129,166,136,146,136,107,157,166,172,188,129,136,157,186,172,164,183,161,186,167,143,161,126,143,149,129,76,166,136,98,129,107,107,129,115,138,143,126,131,76,98,69,85,79,87,120,98,69,85,149,172,183,161,69,76,143,110,104,177,173,136,172,173,208,188,192,213,188,201,177,146,134,177,166,177,161,161,141,136,141,136,141,192,166,166,181,175,161,172,131,104,151,155,123,107,126,110,151,87,98,141,141,98,131,101,129,134,155,136,120,76,155,107,120,87,120,85,123,110,131,120,161,136,123,129,117,112,110,141,129,87,76,151,157,138,166,114,110,123,114,131,110,74,92,98,136,129,148,155,177,143,148,136,120,129,166,138,98,151,161,126,143,172,181,192,169,161,160,188,166,107,148,199,205,181,136,110,98,136,201,195,177,148,166,181,183,181,167,141,161,167,155,141,141,188,141,166,173,123,76,72,136,92,110,136,87,87,148,134,136,148,148,101,101,143,128,98,76,143,104,120,151,163,128,186,228,186,155,186,214,222,148,205,225,235,155,157,206,155,193,227,196,215,239,224,183,181,183,199,220,222,224,250,247,215,181,208,192,173,161,177,193,206,193,148,136,143,148,155,128,110,157,161,161,161,166,110,97,160,160,157,112,114,123,128,120,131,143,148,148,151,151,136,181,161,114,141,167,131,148,157,148,114,97
157,146,153,115,82,167,193,196,160,112,132,141,118,136,149,149,138,132,115,181,157,120,85,79,90,115,149,110,107,98,173,164,149,104,129,123,129,132,196,141,149,155,143,112,155,136,87,141,155,138,112,157,157,157,191,120,183,95,120,141,155,161,183,201,181,129,143,149,129,173,146,129,120,136,136,141,120,120,129,149,143,118,149,146,155,120,76,64,76,110,64,69,93,72,85,120,141,141,172,157,87,82,101,107,98,143,183,136,183,204,196,173,155,152,149,166,183,172,161,157,172,151,143,149,123,143,104,141,152,157,120,134,155,175,143,131,161,151,157,120,107,112,129,95,167,87,110,110,134,98,131,141,155,143,110,123,101,120,151,110,123,112,98,107,186,57,61,126,141,136,117,123,123,110,101,107,107,63,141,110,169,148,166,107,110,114,101,110,129,84,76,107,101,107,161,161,148,117,136,76,166,136,114,110,136,169,160,101,90,161,201,181,173,157,148,172,173,146,172,208,206,177,155,155,173,215,211,172,155,131,172,201,166,161,143,98,129,143,107,131,148,155,136,172,188,141,114,141,148,136,107,101,92,120,136,114,131,155,114,128,157,155,141,98,87,126,92,110,163,155,152,199,234,208,183,216,199,211,183,230,237,201,183,225,128,131,188,224,143,157,245,243,215,220,199,196,193,240,232,254,254,227,167,141,205,201,175,183,188,152,123,126,128,141,131,131,141,104,157,166,143,141,101,69,131,192,177,151,128,123,141,151,114,126,131,101,107,97,148,183,128,95,128,128,131,157,213,177,101,84,92
136,121,112,146,155,199,203,186,167,132,129,107,129,136,101,151,118,141,161,149,132,146,129,98,104,120,143,115,69,112,146,149,120,141,143,152,141,155,112,152,120,149,134,129,120,107,110,129,143,175,136,196,98,120,155,104,136,107,149,112,141,167,161,164,169,129,136,181,120,175,146,110,136,136,151,151,123,98,149,151,129,141,160,161,173,110,93,69,93,61,87,55,90,87,129,120,107,151,155,126,129,93,61,98,101,63,134,157,141,157,211,175,123,157,166,131,141,161,167,166,138,149,166,149,112,141,129,120,155,129,141,152,143,149,117,149,155,141,149,129,126,107,98,115,98,129,95,87,107,166,120,126,149,110,69,107,166,98,69,136,146,87,120,110,57,110,58,101,129,141,148,129,136,107,85,115,66,101,76,146,92,107,136,120,101,107,84,120,117,110,107,110,129,151,161,134,129,129,136,110,123,131,114,129,155,129,131,92,110,166,188,173,181,148,136,173,151,181,193,186,172,167,167,181,193,213,177,131,148,155,173,167,129,151,163,129,114,123,129,157,136,98,143,181,183,181,177,177,167,155,120,107,143,107,76,123,131,98,95,136,188,172,136,141,123,141,98,107,128,177,208,224,232,211,177,198,146,148,167,192,186,167,236,186,181,192,186,208,183,192,240,248,237,235,233,188,240,240,249,254,248,190,63,57,192,208,172,183,166,143,161,136,151,143,114,131,123,167,114,131,161,128,123,157,151,114,92,128,141,148,141,151,141,141,126,110,110,128,131,97,123,148,128,148,183,167,141,155,128,97,123
121,123,151,139,172,191,166,146,153,126,143,118,95,129,129,149,181,175,149,155,172,160,129,151,129,95,107,115,129,101,98,126,136,151,141,107,95,167,155,155,155,157,141,143,149,138,115,120,155,191,151,87,177,90,69,149,151,123,157,167,115,123,143,138,161,196,120,173,161,151,110,141,110,120,172,143,129,112,155,146,136,157,157,177,157,107,115,85,101,72,132,74,107,85,98,87,136,192,181,149,120,93,63,85,123,39,93,166,123,196,226,173,101,120,141,143,136,129,155,173,134,123,151,166,123,112,155,143,177,161,123,123,120,143,166,141,151,141,95,107,120,123,98,129,123,131,123,90,107,87,123,141,131,104,143,136,92,148,131,123,143,134,87,136,131,92,50,69,136,107,126,141,115,115,98,112,129,79,120,129,110,129,101,120,129,92,167,141,101,101,131,92,120,155,141,136,114,92,148,173,123,120,148,123,123,107,98,123,120,148,179,208,173,143,143,208,110,172,192,136,166,148,172,183,177,181,167,141,141,151,155,152,155,172,188,155,136,161,173,110,95,117,161,166,173,177,175,183,175,177,152,141,148,114,90,107,98,76,107,136,175,199,181,161,161,163,114,98,143,172,219,234,196,161,146,172,172,146,136,126,131,173,193,166,206,214,208,201,234,239,196,181,222,230,234,234,244,235,247,250,220,136,58,131,193,201,186,166,167,167,188,183,166,131,143,155,181,177,131,120,143,172,131,166,166,120,114,151,141,123,166,157,143,161,166,157,136,188,110,123,141,155,160,151,166,181,188,157,134,136,131
121,121,141,146,166,173,149,123,123,129,93,146,132,167,149,146,134,173,146,134,157,149,120,115,129,115,118,123,129,155,132,118,115,160,141,136,166,110,136,132,149,160,143,141,118,136,167,143,155,166,166,172,126,157,87,149,136,155,120,120,98,110,166,175,138,161,183,161,183,120,129,141,129,129,157,157,110,157,149,120,177,192,160,175,129,110,120,79,149,87,151,76,98,66,82,120,149,183,172,129,87,90,107,85,107,85,120,141,190,215,199,172,141,155,136,110,129,120,129,120,157,120,141,157,134,123,157,157,166,123,123,93,131,183,183,134,129,141,110,104,104,98,143,129,129,129,129,129,110,129,173,143,120,107,115,117,115,107,110,110,123,120,129,112,123,107,110,101,87,107,95,76,92,120,115,95,101,131,136,120,131,110,143,148,107,167,166,95,98,107,110,117,107,151,141,120,76,136,92,131,123,76,129,141,123,110,104,84,120,155,196,193,157,151,155,206,110,161,177,131,188,104,136,120,169,181,181,167,120,120,155,181,173,172,167,175,181,181,167,123,123,157,173,138,155,166,136,161,211,173,173,161,143,143,120,84,84,87,120,136,151,181,163,163,173,179,136,136,173,167,186,205,143,128,151,172,181,181,173,172,177,183,157,167,161,186,220,224,229,239,208,172,227,235,196,216,239,243,237,235,192,173,177,201,196,192,216,167,161,172,166,208,196,141,136,161,172,155,167,166,92,157,131,166,97,160,188,136,136,136,82,172,120,155,110,173,155,155,128,107,151,161,183,167,128,167,161,167,172,143,157
76,166,149,151,149,141,118,98,85,120,107,132,173,161,149,149,177,170,151,126,76,98,129,95,98,101,118,132,115,173,141,93,157,115,85,107,129,136,136,138,151,166,179,155,143,129,136,155,115,93,120,138,136,146,136,129,129,138,155,146,136,136,134,151,157,149,152,167,166,136,136,126,166,151,167,149,126,141,132,152,157,161,188,161,143,132,110,120,115,95,98,50,107,129,136,95,129,143,149,93,63,110,143,149,85,143,123,173,196,201,164,186,172,149,123,95,141,149,129,141,143,115,136,129,107,173,172,193,160,143,115,117,161,186,179,173,126,129,120,104,123,138,107,120,161,136,167,151,123,136,157,123,87,98,98,117,101,69,131,141,115,85,123,120,120,123,110,69,72,92,76,115,131,120,87,101,134,126,107,148,143,104,110,148,181,120,110,110,129,157,166,166,129,123,167,123,123,104,155,98,131,112,98,120,107,123,110,101,123,151,141,148,148,192,167,155,101,192,166,148,151,143,120,129,186,206,193,205,155,148,188,181,160,167,143,201,185,166,181,175,172,157,161,141,166,167,141,131,181,167,179,186,163,166,143,101,123,114,143,128,114,84,155,167,148,141,177,155,166,186,181,172,143,141,167,173,172,213,186,213,196,172,163,169,161,151,172,188,220,215,206,211,239,235,206,206,213,222,225,208,186,224,224,208,219,205,227,211,157,166,211,224,188,141,151,136,128,206,141,167,101,97,161,161,172,151,167,166,128,120,131,155,72,136,148,112,161,177,151,172,141,155,172,205,172,143,157,123,157,157,166
85,157,129,149,121,123,93,110,115,110,149,132,167,115,155,161,155,141,188,126,90,57,123,141,98,110,110,120,172,175,141,166,161,98,166,95,115,129,183,132,160,166,149,143,126,129,166,123,98,107,166,155,132,151,129,152,167,141,141,134,123,136,110,143,172,143,164,172,181,160,136,143,141,157,157,157,151,112,129,167,181,164,173,160,143,101,79,74,59,85,85,57,115,164,141,87,90,87,98,107,76,107,143,166,85,120,143,183,207,213,157,155,155,155,134,129,143,157,157,149,141,129,129,101,149,193,193,173,173,181,136,167,199,166,155,155,110,98,98,155,104,93,134,126,164,126,166,141,98,98,104,129,107,101,123,98,93,136,98,85,120,115,136,87,152,115,98,85,92,107,92,112,136,120,76,131,79,98,123,104,101,115,101,101,129,120,115,112,131,155,175,148,104,117,173,166,120,87,76,138,143,123,110,107,101,143,173,123,123,161,141,126,155,155,123,123,157,183,129,219,131,188,173,157,173,169,211,221,172,155,172,148,141,183,192,157,181,215,188,215,196,148,136,169,167,146,155,136,157,192,193,199,192,173,157,131,155,143,136,104,98,131,141,120,169,155,173,161,157,193,193,192,151,123,151,192,213,199,155,167,201,177,166,120,167,143,131,141,175,157,143,199,234,224,216,239,183,188,208,177,166,205,215,235,220,193,215,239,208,181,216,211,166,173,172,143,161,136,181,173,110,110,143,143,166,193,143,157,166,87,128,183,148,131,141,148,161,123,183,136,143,163,161,148,97,110,177,166,138,172,181
118,82,104,141,129,126,121,129,129,123,166,136,120,107,172,155,101,134,186,107,149,118,136,161,118,107,149,136,136,167,173,101,151,160,201,69,149,98,149,155,177,157,120,120,136,98,155,110,123,160,151,129,151,112,169,141,132,155,167,157,151,141,132,164,120,210,193,172,181,157,120,160,160,115,161,149,141,138,175,175,115,118,172,155,134,90,41,64,44,69,110,72,93,129,85,85,98,69,98,157,120,101,131,117,117,146,172,161,217,199,204,164,157,193,172,155,151,149,146,143,186,161,149,110,179,167,167,117,172,186,173,161,166,157,143,143,110,110,131,138,98,110,134,172,151,136,131,136,82,76,98,123,120,123,143,136,117,141,92,98,148,101,129,76,98,115,120,104,120,167,143,107,123,120,76,123,148,123,110,141,110,123,129,120,141,92,123,155,143,167,131,69,90,129,131,143,141,143,120,114,120,107,148,120,112,143,161,148,114,129,131,110,146,161,120,151,166,148,183,208,199,131,131,136,188,181,167,217,199,141,166,183,169,186,192,190,201,207,183,219,208,148,166,181,141,117,181,186,143,193,193,183,181,177,183,173,172,155,126,131,128,84,128,136,166,172,148,151,157,175,172,146,128,128,173,161,206,152,151,155,192,123,172,110,166,141,136,114,151,148,114,148,157,188,205,230,183,205,225,203,183,208,228,211,196,172,216,242,228,155,148,152,157,181,157,167,177,97,136,128,128,148,110,161,181,181,166,166,173,143,151,188,148,128,155,157,128,181,110,183,161,166,148,143,131,136,136,141,172,172,173
134,129,129,161,136,121,107,110,107,136,164,107,76,120,136,136,101,132,141,138,175,149,129,129,120,126,149,141,120,143,186,143,101,141,141,141,132,120,151,149,123,136,169,160,98,123,157,143,146,151,204,132,151,149,155,93,126,155,98,98,157,173,136,153,129,153,151,151,169,129,149,146,172,181,123,112,134,118,101,134,166,161,179,172,136,79,64,64,85,85,85,85,72,87,129,85,104,152,143,141,172,112,110,115,149,151,181,173,177,192,204,210,185,169,172,166,152,141,120,151,199,173,160,129,155,167,149,129,161,151,151,129,136,157,169,157,141,136,146,136,129,131,98,120,136,126,143,107,112,76,107,120,131,151,136,115,126,115,120,143,143,136,87,123,92,98,98,110,148,148,126,161,120,85,136,110,101,141,115,151,151,131,120,120,110,98,107,129,157,136,131,76,120,155,114,123,141,76,120,101,123,141,173,148,90,129,114,92,110,141,136,74,161,172,167,131,131,166,186,166,117,148,131,148,201,181,136,167,213,206,193,196,161,157,177,160,199,206,186,206,183,193,192,141,107,129,199,219,141,84,128,172,193,177,195,196,173,177,138,148,131,92,114,136,126,157,151,131,128,151,151,136,143,173,169,141,131,172,131,152,110,92,138,141,136,134,120,120,173,172,120,120,123,148,172,188,146,216,231,243,230,230,193,193,183,199,215,211,173,128,79,131,155,143,166,172,143,167,110,157,112,167,177,166,123,151,206,183,157,157,155,143,186,192,155,131,114,136,173,157,157,173,148,136,117,136,143,155,183,157,151
141,139,129,115,129,123,134,121,170,143,93,132,136,126,120,123,132,110,120,186,166,151,136,149,141,129,126,161,164,143,136,136,101,98,120,149,123,146,134,98,126,126,143,141,98,110,164,157,161,149,129,149,151,157,98,129,138,110,166,173,166,160,110,90,166,173,151,107,181,126,101,161,167,167,151,132,149,152,126,98,172,211,93,129,141,110,115,33,115,95,69,93,101,104,115,87,112,172,129,110,107,98,115,120,136,120,107,149,188,206,208,201,211,208,157,129,136,143,151,160,181,141,138,151,141,177,155,155,166,120,120,143,151,166,183,166,149,143,143,161,134,120,120,110,115,136,166,115,107,110,151,129,129,143,90,110,149,129,141,123,131,87,146,131,69,69,120,143,166,141,120,123,136,110,155,107,172,131,136,157,115,155,107,166,131,143,131,120,131,120,98,166,98,120,136,131,110,123,110,114,101,92,143,151,98,84,129,129,107,120,123,129,152,146,114,138,183,188,188,166,166,160,141,172,225,211,177,185,188,219,192,148,151,155,148,146,190,230,181,141,199,211,151,141,161,199,166,148,183,98,72,177,206,172,181,183,181,193,166,151,131,107,110,123,120,114,123,148,157,167,173,173,173,151,131,157,148,136,126,128,107,131,69,112,141,114,114,128,155,151,123,131,143,107,181,173,107,186,215,243,236,231,206,208,181,203,192,172,188,143,72,136,160,163,220,200,148,141,151,173,157,161,181,131,141,186,196,157,128,151,157,192,201,173,131,101,131,143,173,151,141,157,157,123,141,155,161,157,166,166,157
166,121,121,132,123,136,166,129,76,126,126,126,153,129,132,112,123,146,160,151,134,151,161,167,149,110,126,183,155,129,126,134,136,98,120,149,136,120,138,136,141,129,141,141,76,110,177,155,146,129,177,110,169,110,123,132,104,129,141,129,120,101,90,90,118,177,155,110,143,126,123,172,115,87,199,166,141,179,149,181,211,141,123,85,172,93,64,59,129,72,74,129,61,59,98,87,110,138,149,149,136,112,98,110,90,117,110,216,129,192,211,199,201,188,161,143,112,115,149,167,164,166,134,149,173,183,173,157,155,129,115,143,166,155,173,152,155,155,155,166,161,123,136,143,123,149,149,107,129,155,134,129,129,112,85,120,143,155,131,98,101,95,123,115,79,87,120,131,155,166,151,110,123,126,92,172,120,117,107,152,101,129,115,172,123,123,148,120,117,138,120,107,143,114,87,120,117,72,143,114,84,84,136,87,129,151,107,120,136,98,134,143,126,84,155,143,181,169,181,172,183,192,138,167,185,161,177,206,186,157,183,181,114,148,87,120,222,235,181,213,199,163,172,186,201,186,148,98,107,128,128,161,161,167,155,181,183,193,190,148,117,120,114,143,131,110,151,188,193,198,211,183,166,172,151,161,172,151,128,128,110,98,123,136,117,120,143,148,107,110,143,123,131,161,167,160,155,151,196,188,206,222,234,196,216,196,192,205,186,114,101,173,219,222,225,205,155,177,206,161,201,155,148,167,166,196,177,114,101,141,186,161,181,120,155,104,173,157,141,141,143,141,172,157,110,120,167,166,131,148,141
121,177,183,132,104,104,141,157,141,121,166,166,136,93,183,95,167,136,120,149,115,151,161,98,98,141,141,155,129,141,138,143,155,155,149,141,160,123,138,172,143,141,149,146,132,123,136,146,141,123,151,151,149,132,141,141,129,161,155,126,107,123,129,166,177,136,129,149,110,93,132,151,90,167,152,181,155,172,199,115,151,167,82,123,90,143,90,136,115,57,115,98,101,134,107,72,115,123,132,136,123,115,151,76,74,136,120,219,196,181,190,211,169,181,157,120,115,101,151,161,112,175,107,161,157,177,157,151,120,129,129,141,161,160,157,129,115,136,123,143,181,143,131,149,136,93,134,134,149,141,117,141,143,126,87,101,141,129,107,112,115,79,110,141,110,90,107,107,120,143,115,95,101,123,107,161,161,101,107,148,126,146,115,110,98,79,120,155,183,167,101,104,87,101,107,98,101,131,172,110,90,92,76,143,131,129,136,123,129,110,98,134,123,186,101,79,104,141,172,148,181,163,166,107,163,196,172,183,161,107,186,213,143,148,112,192,225,188,196,219,201,160,98,155,193,188,172,141,110,107,161,126,98,123,141,167,172,167,201,172,166,181,117,123,166,148,161,190,215,222,177,173,167,177,166,166,181,173,131,136,128,128,155,166,117,134,173,166,141,128,148,131,136,172,143,157,181,167,114,128,172,183,208,196,230,206,206,201,136,123,188,211,225,207,186,201,200,222,215,161,183,188,177,166,155,172,172,161,173,151,151,152,157,143,163,192,206,128,167,186,157,148,173,172,131,157,181,155,107,128,141
185,141,121,98,104,129,136,188,151,88,143,161,110,134,129,129,101,141,129,134,110,93,98,155,129,136,126,107,153,134,129,98,196,173,155,151,175,110,134,201,136,129,173,149,120,118,132,166,151,123,151,129,138,143,143,155,149,166,143,143,151,143,149,161,149,161,181,164,107,115,146,129,129,143,157,172,172,136,129,207,227,132,76,151,112,132,87,120,85,64,87,69,110,90,85,90,101,107,129,155,155,151,98,85,101,141,152,164,188,229,199,183,155,169,136,110,136,110,131,87,76,166,155,110,155,172,141,123,161,115,129,131,157,167,146,98,136,98,98,157,155,166,138,120,98,85,136,172,155,141,136,155,155,120,79,110,120,98,129,131,117,85,123,166,115,85,92,120,95,92,85,82,98,141,131,148,155,101,134,136,129,112,107,115,76,101,129,166,164,131,107,87,101,129,141,110,151,98,120,136,129,84,98,117,129,120,120,107,98,76,92,136,90,161,84,79,129,167,141,172,193,155,161,166,161,181,143,141,160,141,199,143,152,76,84,196,141,177,232,192,188,79,79,173,219,186,173,120,148,107,151,136,123,157,141,114,131,172,188,177,166,186,192,172,183,148,82,155,173,161,157,173,161,193,161,173,148,155,155,143,151,172,161,167,155,141,192,166,128,143,155,136,141,155,166,166,148,136,120,131,141,148,188,188,201,201,193,208,186,192,208,193,183,172,192,188,192,206,215,172,186,185,167,166,181,161,167,196,200,143,131,185,157,157,167,211,151,172,211,205,185,186,183,166,167,200,192,92,123,151,157
107,121,110,110,98,160,141,126,175,123,110,95,138,115,88,166,98,141,164,61,104,157,136,172,166,90,101,123,136,76,146,172,129,167,151,155,69,149,110,123,149,138,153,129,85,136,172,181,146,173,169,155,146,146,138,161,161,151,155,161,153,136,143,172,177,155,151,134,110,141,138,132,155,149,157,173,186,151,129,166,183,120,110,166,129,107,129,112,98,55,59,87,87,69,69,93,120,151,172,173,146,115,87,129,107,112,87,157,120,231,192,183,120,117,110,131,179,136,61,110,123,76,151,136,183,157,155,151,129,161,123,120,149,157,143,149,120,136,120,172,167,155,98,141,50,141,107,157,164,107,157,181,129,115,115,101,115,129,143,123,90,115,98,129,98,107,90,131,98,69,85,87,95,148,148,151,175,183,126,136,123,112,141,123,85,110,115,123,129,92,98,157,173,112,101,87,87,117,76,79,141,120,114,114,129,120,120,107,129,101,72,131,141,98,120,129,143,72,92,188,181,192,131,141,151,138,173,183,161,172,185,167,141,148,101,123,141,157,195,219,136,123,143,167,172,173,151,172,148,148,120,166,167,120,128,175,123,148,155,167,183,186,208,206,166,128,104,84,215,192,183,131,181,161,155,141,136,110,148,155,172,192,155,123,192,173,157,76,79,117,114,114,136,181,172,128,107,128,136,128,141,166,181,172,188,196,196,208,207,192,198,199,196,188,192,151,148,205,206,211,219,188,185,201,201,177,148,143,173,205,205,195,141,138,181,173,141,155,213,196,183,193,186,155,183,213,155,97,181,151,167
107,115,134,115,141,166,141,104,151,160,115,110,141,98,98,172,143,172,112,107,149,136,88,104,136,115,107,136,166,93,173,149,155,157,120,143,141,129,136,104,149,120,85,136,110,85,177,164,166,191,166,183,136,115,177,134,161,173,123,143,149,129,161,157,172,129,141,120,161,132,179,136,141,149,166,198,183,129,129,157,172,151,132,141,151,87,76,112,76,76,85,79,87,82,98,85,112,157,120,107,107,110,132,115,120,85,72,172,166,172,155,192,204,166,141,123,141,146,120,117,120,143,107,155,172,164,166,160,149,123,155,129,112,115,149,167,129,143,149,177,143,110,120,107,93,123,120,101,129,155,141,149,112,123,120,115,143,151,129,110,107,129,63,95,101,123,101,107,138,92,92,120,110,123,172,143,181,167,141,131,101,110,110,148,115,110,115,107,120,131,143,148,160,110,84,131,53,74,107,131,143,157,123,101,131,114,120,123,123,120,101,129,129,129,151,173,161,92,181,196,155,161,148,129,131,152,196,196,157,136,143,183,208,129,155,120,114,183,201,186,148,134,166,157,155,155,134,157,193,143,123,199,183,199,192,152,141,155,173,173,151,157,195,188,155,151,161,166,205,193,188,141,152,166,141,148,98,128,151,157,157,161,136,123,148,172,57,29,55,32,101,110,155,172,128,92,110,120,131,87,120,151,128,136,166,172,160,155,188,221,220,208,216,200,172,166,148,192,208,183,201,216,213,185,185,196,148,107,188,238,237,193,141,131,161,161,151,157,173,143,155,167,157,157,166,161,161,177,188,141,188
118,136,149,129,166,153,157,121,101,157,155,107,110,132,107,167,188,151,155,166,173,88,93,136,181,136,88,118,155,141,166,181,157,126,167,126,149,153,120,115,115,104,123,153,191,143,149,179,155,151,85,149,132,129,149,134,166,181,87,149,155,129,166,120,160,115,157,120,183,141,193,143,141,164,155,186,157,120,132,129,149,107,136,141,107,76,110,72,107,98,132,69,64,79,76,90,141,138,129,110,123,120,129,76,149,107,63,152,172,146,167,172,181,172,141,155,155,161,155,136,131,131,151,167,173,161,151,149,143,161,136,117,115,104,110,151,172,129,161,161,141,155,85,129,126,123,131,136,131,136,120,115,146,136,101,107,101,129,110,120,141,107,112,131,141,120,76,120,155,131,104,120,110,110,141,161,131,136,148,90,107,120,110,126,129,107,110,120,136,151,148,98,115,107,141,110,107,76,101,141,131,136,143,143,136,141,143,112,110,126,129,114,143,136,141,188,192,157,151,183,148,107,155,114,120,208,238,186,131,138,169,183,201,188,138,107,107,188,186,151,166,177,181,167,123,146,173,136,166,181,151,167,183,155,101,120,155,196,161,148,172,181,167,155,167,163,152,143,217,192,192,213,173,181,131,155,107,98,166,181,196,185,114,114,161,136,58,46,33,41,82,143,175,84,87,84,136,112,84,95,117,120,84,110,128,128,92,151,186,211,219,196,199,199,173,157,128,148,183,173,188,193,193,167,183,186,123,143,208,227,219,200,157,157,157,166,188,183,141,120,151,172,157,148,148,141,193,192,155,179,215
121,155,151,129,153,155,151,157,134,149,157,132,132,149,161,132,120,112,167,166,170,90,118,183,167,134,82,107,149,136,157,136,132,151,141,120,149,132,157,115,98,101,149,143,129,175,136,157,126,90,93,76,166,120,136,186,118,149,177,120,120,123,143,141,149,115,155,132,161,199,136,173,149,149,143,173,132,79,141,149,98,90,143,141,101,85,101,101,123,85,115,59,79,76,85,87,143,167,160,132,161,115,110,72,76,85,120,120,129,155,181,193,161,120,129,138,136,141,134,112,141,143,146,186,193,160,161,143,129,141,149,131,129,101,131,141,146,152,152,155,115,136,136,136,155,117,129,141,123,98,120,141,152,157,93,87,85,123,120,131,129,120,129,143,120,115,101,136,115,87,112,98,87,104,107,155,131,136,98,107,101,172,136,72,115,120,101,107,120,129,155,148,115,98,173,92,129,79,92,123,146,131,166,120,129,143,129,114,120,131,129,141,141,107,173,148,199,183,129,107,120,141,143,107,151,226,213,192,166,155,151,183,201,195,136,141,160,181,192,169,143,181,216,173,141,157,155,166,215,181,112,136,183,120,131,177,193,172,166,143,136,172,183,177,177,166,181,199,173,183,224,238,192,157,199,157,172,177,172,201,193,151,141,143,114,136,141,46,79,52,131,120,151,101,79,69,92,131,120,148,110,57,120,110,92,112,76,161,138,155,216,193,188,177,157,155,151,152,157,172,177,183,206,167,157,183,183,179,200,215,201,215,173,196,166,179,200,196,167,186,169,188,192,141,175,200,192,151,177,220,192
121,173,153,139,123,136,155,195,195,141,141,170,172,155,166,90,64,120,166,164,138,129,166,164,132,129,115,90,136,157,107,93,138,136,123,151,149,166,149,112,123,115,115,157,151,161,161,129,132,64,69,149,177,166,175,155,129,136,183,166,134,157,143,155,101,118,115,167,166,190,141,183,129,104,151,136,98,107,164,186,134,107,136,132,59,132,123,90,101,76,85,64,76,69,82,101,107,143,167,155,141,123,72,110,66,93,98,129,123,161,166,164,177,167,115,123,134,98,143,120,95,129,157,161,164,129,129,136,136,143,143,141,129,112,131,134,115,160,181,115,115,166,169,129,93,107,141,141,141,120,107,123,143,143,110,120,107,85,104,101,120,120,120,107,120,129,131,120,115,76,107,107,79,120,120,104,138,79,141,87,101,157,107,104,87,120,120,92,120,157,155,141,123,129,117,110,136,101,101,148,120,161,148,101,107,120,123,129,104,123,120,114,143,161,181,92,161,157,134,120,141,155,161,177,172,173,173,148,155,129,155,183,196,226,188,107,186,172,173,166,136,143,175,157,161,161,193,181,148,155,141,129,181,148,131,151,148,166,192,192,151,98,126,148,177,183,192,232,205,208,219,188,186,172,169,192,192,196,199,206,183,155,161,173,148,143,173,148,123,72,120,114,157,141,76,92,110,112,136,114,52,57,120,114,123,82,148,112,76,131,188,193,166,143,167,192,186,172,148,161,188,186,186,172,163,192,219,196,167,201,211,200,208,213,181,177,205,215,206,222,193,188,196,161,200,236,172,143,161,193,173
115,181,160,157,88,155,185,173,166,129,167,183,155,98,173,79,115,151,161,115,98,143,173,161,132,129,129,104,149,136,88,136,146,120,149,172,166,167,161,132,160,136,79,146,191,166,161,126,104,104,134,172,155,153,146,120,120,141,129,179,172,155,141,155,134,98,155,173,166,155,211,112,120,155,155,107,98,143,175,206,169,93,98,93,87,160,129,72,93,85,79,76,72,85,120,141,120,101,138,149,101,118,79,149,66,141,101,110,141,177,161,151,167,141,120,107,110,134,120,155,192,161,123,199,112,181,141,110,115,131,151,157,120,85,120,141,143,143,149,93,115,160,161,177,104,123,146,136,149,157,129,115,136,157,149,107,93,110,85,101,123,115,136,90,123,136,129,143,131,79,82,148,98,136,167,129,110,120,107,92,107,115,98,151,112,87,151,136,115,129,120,115,148,129,69,151,134,101,110,141,92,181,136,98,87,110,136,129,112,107,104,151,169,143,151,98,129,155,167,123,107,161,166,172,181,167,173,141,161,117,172,201,208,242,208,161,169,205,208,213,131,112,155,157,148,151,161,157,163,141,143,141,110,79,161,166,131,173,206,167,120,128,157,155,173,186,173,183,203,177,177,175,167,143,141,173,167,181,221,224,206,193,219,213,211,173,201,169,114,148,148,167,157,146,157,128,98,120,123,84,57,98,128,128,167,141,120,110,110,161,183,143,181,190,193,225,192,172,183,196,213,186,183,143,201,157,211,192,136,181,225,211,206,188,155,167,192,208,224,235,196,163,190,205,205,215,196,92,131,177,219
115,160,177,151,123,155,170,112,141,110,207,155,151,101,151,141,177,146,166,155,136,129,166,157,141,132,101,112,136,132,129,146,132,149,151,107,121,161,186,161,138,149,118,121,181,173,155,141,120,196,167,120,181,155,129,143,129,146,143,132,136,115,123,161,188,153,129,136,177,193,183,186,169,149,129,98,98,149,186,206,173,76,69,129,120,149,115,64,90,74,72,101,98,120,151,157,101,76,101,115,101,98,93,136,104,123,87,115,129,181,183,131,129,117,136,136,123,167,129,141,143,149,161,160,136,141,126,161,141,151,123,136,143,107,98,146,149,134,157,138,141,107,149,183,143,131,136,152,155,155,136,136,129,104,93,120,115,123,129,129,141,76,110,141,136,95,107,120,110,123,107,107,131,136,143,101,134,131,66,123,110,92,95,76,87,123,148,131,85,92,136,129,110,136,123,110,107,117,76,107,141,167,129,95,110,107,117,120,110,148,141,148,157,76,134,114,141,155,157,101,141,181,160,131,146,143,157,188,177,152,199,195,173,236,172,199,199,230,166,169,110,117,166,151,114,155,205,120,120,129,107,57,141,148,173,179,161,141,131,131,143,148,141,169,148,128,172,193,141,136,157,173,166,157,84,131,155,167,181,186,211,177,196,213,213,199,173,206,193,173,148,157,155,138,143,172,173,148,123,101,120,123,138,136,141,126,98,128,110,157,151,166,148,183,172,181,172,173,219,222,222,193,179,107,157,157,155,141,155,186,228,219,172,143,120,172,215,213,215,237,213,186,201,205,192,208,216,128,177,193,215
153,186,153,166,141,129,141,132,112,121,160,121,170,118,126,195,161,193,188,191,166,115,149,141,115,104,101,120,132,155,118,123,110,155,129,88,141,149,157,157,88,101,134,120,151,166,161,173,177,206,149,101,181,188,129,134,149,141,136,129,132,120,107,167,199,183,107,120,155,173,164,160,149,172,160,126,115,181,229,185,136,120,134,164,76,72,101,64,64,69,87,118,143,143,143,143,110,110,132,101,76,76,101,141,98,74,85,87,104,141,196,157,129,129,129,149,151,131,112,164,129,151,169,143,166,134,129,85,123,166,146,120,129,120,149,161,120,177,157,131,87,110,143,157,129,138,126,123,141,129,131,115,90,107,155,107,110,115,131,129,129,143,129,129,93,93,98,117,131,85,85,115,98,87,112,141,92,85,87,101,79,72,129,107,98,131,152,129,110,112,92,123,110,141,148,76,148,131,55,107,166,136,92,123,114,110,107,107,120,172,163,110,152,129,123,143,136,136,148,101,167,167,131,141,146,155,166,163,141,152,157,136,123,173,177,173,201,201,183,123,129,167,148,136,173,157,166,110,114,136,117,141,126,173,157,148,161,120,128,128,161,155,169,192,152,131,172,148,183,179,143,167,186,143,136,151,181,155,161,148,167,213,190,210,186,216,167,216,235,205,157,181,172,155,155,167,172,136,123,143,172,181,101,66,101,163,101,128,161,143,148,157,141,148,166,183,161,151,210,211,211,196,151,148,173,173,120,143,208,196,173,193,193,155,167,188,216,211,208,224,235,213,200,193,186,213,225,206,196,200,206
181,149,198,181,139,121,104,79,88,129,126,151,175,129,177,151,146,207,157,172,172,112,149,112,110,134,132,120,138,161,110,149,129,166,104,118,183,175,129,149,88,161,173,120,146,167,188,172,186,188,98,87,161,186,138,118,132,134,149,153,153,136,155,167,186,161,126,149,76,161,172,166,188,213,210,201,177,169,161,149,161,181,149,129,136,61,95,107,87,61,85,87,155,177,129,93,120,166,155,85,57,72,98,85,76,115,93,74,107,117,201,181,126,134,123,110,152,151,115,120,129,151,141,149,149,76,101,141,149,120,141,136,123,146,107,143,210,129,101,155,104,143,161,167,143,123,117,155,151,157,131,85,74,117,129,79,101,167,129,149,155,141,93,120,120,107,136,98,120,136,87,134,148,101,76,107,120,155,92,79,85,110,155,141,138,134,136,131,92,110,148,123,141,141,148,92,115,131,141,136,123,114,101,120,107,110,129,151,123,136,131,136,151,123,110,136,141,129,123,114,151,146,155,143,148,166,143,92,129,141,129,123,143,166,131,141,186,188,157,114,148,181,129,120,166,141,148,129,160,110,166,151,148,131,157,136,152,131,129,141,151,179,183,172,172,186,163,161,95,188,120,177,177,141,128,186,141,199,213,183,181,230,225,179,173,166,188,161,138,148,181,199,173,143,192,141,155,186,166,181,186,126,126,123,136,98,141,128,123,160,157,131,104,98,123,120,120,157,172,141,208,192,166,196,213,177,155,208,201,186,213,183,188,208,206,172,183,227,200,177,230,208,181,183,215,211,234,227,198,196,192
139,107,149,164,141,123,112,115,129,151,151,155,170,149,191,79,155,121,155,132,149,151,155,161,155,149,112,134,141,155,151,151,151,172,132,118,196,190,157,183,170,199,186,112,136,155,149,141,167,181,136,107,175,160,132,134,112,141,166,186,188,179,166,155,141,157,161,155,141,167,191,166,191,215,206,220,169,136,149,132,143,183,138,101,85,95,59,98,85,69,110,123,129,132,123,120,138,155,120,120,87,74,76,85,120,164,93,79,115,141,192,173,110,110,134,123,157,175,129,129,155,161,143,161,136,120,151,141,141,131,129,136,107,107,115,129,173,120,143,136,104,104,141,151,152,123,131,172,199,157,120,117,107,93,143,110,136,188,143,166,131,123,120,69,126,95,107,143,117,136,141,126,143,120,82,173,129,126,76,85,72,107,146,115,183,166,107,136,136,136,143,123,101,117,157,110,199,131,112,136,107,110,110,92,138,148,148,167,114,114,107,138,110,123,76,123,136,92,92,157,173,155,166,141,123,143,101,74,134,148,161,186,181,157,114,155,196,172,143,143,120,151,166,143,181,166,98,151,181,131,126,166,175,143,183,143,155,167,151,157,138,151,155,141,192,198,163,114,167,136,138,181,126,172,183,172,192,219,213,192,199,148,227,211,166,155,222,128,225,192,177,104,173,201,185,213,188,173,196,166,107,98,161,167,120,101,186,114,114,161,151,151,84,63,107,141,128,136,155,128,172,177,213,205,200,186,201,213,167,173,228,208,166,193,206,177,155,188,188,167,200,193,201,215,225,237,216,215,196,190,157
141,104,104,161,151,110,134,129,121,141,166,136,170,149,121,115,115,132,129,134,129,155,172,134,161,141,101,126,146,160,129,166,166,177,153,157,155,157,155,191,183,164,151,126,129,129,123,155,123,172,166,149,149,132,143,153,164,129,149,175,190,181,167,172,151,161,155,149,199,166,222,196,221,185,173,186,196,179,186,183,151,166,126,74,160,107,64,112,50,115,98,120,143,129,120,120,118,93,143,93,53,87,120,120,172,123,129,50,85,136,160,152,93,107,169,167,152,181,143,149,157,149,155,141,131,155,155,167,149,136,138,117,98,115,115,141,143,161,183,149,141,98,87,107,146,143,166,188,188,149,107,115,129,98,87,149,112,146,151,161,149,131,123,107,93,98,76,141,157,110,123,129,131,136,107,69,101,117,110,85,110,136,76,115,160,179,148,136,129,76,92,112,115,120,123,131,138,110,166,129,129,110,107,120,120,129,131,107,98,98,169,50,146,92,63,120,90,92,92,141,193,167,136,123,120,101,114,136,152,167,183,177,141,181,141,143,183,172,155,136,114,136,167,157,160,141,114,134,161,143,129,152,167,169,177,196,161,183,172,120,117,123,151,152,155,173,157,163,138,120,143,151,167,172,186,179,196,203,167,148,141,160,192,188,196,213,179,227,138,192,166,114,193,188,186,186,167,172,201,173,141,163,183,167,181,128,123,143,141,161,110,110,141,128,128,151,136,110,148,138,101,205,84,203,166,131,196,186,208,161,166,208,215,213,196,177,192,173,151,186,183,220,216,228,235,232,219,208,201,181,114
121,132,144,144,157,134,153,183,173,141,136,121,166,167,151,79,69,149,149,132,136,123,107,134,138,151,126,132,155,132,164,166,181,186,172,166,115,170,141,115,155,149,141,129,149,149,138,149,151,166,134,143,98,157,167,161,172,129,134,136,161,181,155,146,141,155,149,120,177,181,206,201,212,183,166,149,188,212,211,191,149,141,129,90,181,74,93,64,98,98,107,155,149,107,123,120,107,143,143,85,72,42,110,112,143,107,98,82,123,93,129,146,129,155,151,126,177,181,166,160,136,167,110,151,112,188,166,143,123,117,131,129,107,107,90,134,155,177,181,177,149,85,129,136,131,141,143,183,166,120,107,123,129,129,129,110,98,126,136,149,161,98,123,123,95,93,85,85,120,110,131,141,92,92,136,115,120,155,92,138,136,101,69,157,141,141,141,129,120,101,87,90,134,101,138,155,126,192,126,98,117,143,92,120,141,107,76,101,120,107,98,183,101,92,58,148,131,76,107,98,136,131,117,104,123,110,120,148,148,136,136,155,161,166,120,136,172,161,146,117,110,131,151,157,136,141,141,141,107,157,136,161,161,157,177,201,181,155,148,114,129,136,110,131,136,181,167,131,173,131,120,151,186,193,155,173,148,193,172,126,120,123,129,172,199,201,183,157,192,151,157,188,190,186,188,181,161,148,183,183,166,193,181,148,181,131,126,107,172,110,148,98,141,177,148,131,114,114,112,112,136,98,148,101,87,166,186,206,193,161,177,196,226,205,166,166,192,201,148,120,192,227,234,214,227,219,196,213,225,201,161
155,173,170,151,134,167,166,161,155,129,101,193,155,175,132,141,164,151,155,155,164,167,144,155,157,151,172,141,136,123,151,129,164,190,199,149,107,149,161,138,141,173,141,110,123,132,115,141,161,167,120,101,132,157,172,153,136,141,141,132,149,160,141,107,107,115,151,129,155,217,157,199,217,215,161,164,173,186,199,185,175,188,179,166,129,87,93,55,95,87,115,98,155,141,155,151,110,98,93,69,87,98,101,151,64,107,98,101,79,104,107,188,199,129,149,155,123,151,173,131,155,172,85,90,120,203,115,107,129,98,123,115,98,115,101,160,149,169,155,166,161,161,161,151,120,129,143,136,126,136,101,107,131,143,149,120,95,98,136,107,101,131,138,149,112,85,110,104,98,93,112,123,85,98,123,123,110,131,157,110,117,141,115,59,90,129,151,160,141,101,157,136,120,167,166,146,172,98,138,115,148,101,95,143,120,85,87,87,143,114,123,107,101,136,107,192,98,136,101,69,69,114,148,143,101,98,92,155,114,63,148,186,173,129,131,157,172,148,143,136,107,141,151,141,129,148,143,120,136,173,129,196,161,152,151,183,173,129,141,151,148,160,101,114,161,181,173,155,183,131,136,136,143,183,181,151,131,173,181,123,161,181,141,141,173,172,152,173,172,123,172,208,188,151,141,186,193,157,148,185,169,151,172,192,196,172,114,110,72,141,131,134,157,167,141,114,101,92,110,128,123,58,79,98,201,173,172,151,148,167,181,128,186,173,151,201,206,213,148,138,193,217,219,225,131,148,188,211,193,196,188
121,144,149,172,132,144,191,172,136,146,141,179,155,151,126,216,55,198,141,151,149,121,144,173,183,144,155,118,141,181,112,132,166,144,121,160,132,121,151,170,149,166,129,101,115,118,98,146,129,149,98,155,132,110,169,167,129,112,129,141,149,129,134,110,79,120,134,151,155,196,199,212,228,216,177,181,149,161,193,208,191,191,166,107,101,76,79,85,64,95,120,132,151,151,172,169,141,120,98,120,132,120,120,82,50,155,44,115,98,120,160,173,136,115,136,141,76,95,93,138,177,167,120,110,167,120,136,104,186,115,79,104,123,129,141,172,129,155,120,201,192,143,146,136,110,151,151,152,131,107,98,87,129,131,136,87,129,63,110,120,110,129,107,123,120,85,115,149,131,120,120,112,123,92,129,136,143,138,107,92,131,85,85,123,95,110,167,167,157,161,95,87,131,141,120,123,95,101,155,148,143,120,129,76,79,101,107,107,120,79,138,98,134,120,138,151,92,87,129,110,76,141,126,107,120,82,79,148,129,85,192,166,172,120,120,172,188,151,131,181,138,120,166,114,110,151,136,112,188,161,166,161,166,126,161,161,155,151,155,166,166,166,131,131,161,211,138,172,151,166,163,129,173,181,129,148,155,143,157,151,166,167,157,172,155,167,136,136,151,175,151,183,181,172,166,167,141,161,166,143,143,181,172,181,216,183,128,148,131,87,123,181,177,128,101,114,110,128,128,114,87,110,128,92,131,123,143,120,172,166,123,173,173,192,188,200,227,211,141,186,192,200,136,220,41,186,211,186,161,186,201
126,141,172,153,139,115,166,172,101,121,121,141,136,160,164,126,151,126,107,136,149,123,121,134,144,155,110,126,173,110,166,126,141,110,153,123,173,149,136,203,166,123,144,121,123,121,132,153,123,93,157,129,136,144,166,155,126,123,141,115,134,134,126,93,129,166,120,169,172,201,224,186,216,216,172,141,172,211,204,157,149,157,136,85,101,104,85,87,72,87,107,134,155,149,167,181,166,76,64,104,98,107,85,64,101,143,69,110,120,112,143,152,87,120,167,141,101,69,167,151,126,143,136,157,129,95,173,164,98,129,120,136,149,146,104,117,115,136,149,222,177,129,157,95,155,181,172,123,107,107,117,101,110,95,115,98,129,50,123,134,123,136,93,74,115,115,129,149,120,110,87,120,164,149,151,157,148,74,85,87,101,115,87,120,143,112,107,146,120,92,148,112,72,87,112,110,155,138,134,143,110,148,123,87,98,131,131,107,85,120,110,110,131,76,120,120,92,129,69,123,129,120,148,129,98,87,131,138,169,134,117,148,120,167,136,151,183,167,146,98,136,123,110,123,114,161,155,167,167,188,181,123,131,131,155,157,141,166,166,173,183,155,157,151,167,198,123,163,141,195,141,177,172,136,148,120,148,143,155,166,148,172,188,201,148,186,120,199,107,172,101,166,148,151,181,181,166,199,192,107,148,201,179,173,186,205,234,213,192,213,167,148,128,98,92,110,161,143,110,110,131,101,76,87,101,110,123,152,148,172,114,131,183,186,181,157,183,195,128,177,216,206,177,186,206,161,157,131,193,177,201
139,134,151,129,166,166,155,185,141,123,139,151,126,167,164,139,95,88,136,155,121,186,121,79,149,166,141,141,157,198,85,115,82,123,98,112,144,141,144,183,160,98,110,104,74,151,161,98,123,157,155,115,126,188,144,121,151,136,149,123,123,166,123,120,186,164,160,172,212,196,191,141,226,201,157,179,201,212,177,123,141,141,141,134,107,120,98,115,87,87,85,110,155,167,177,157,115,32,37,87,112,107,85,101,101,115,107,115,107,98,115,166,183,166,143,146,157,155,149,172,149,101,141,131,136,129,117,129,110,131,172,136,123,151,149,123,129,177,166,183,161,190,120,129,141,151,141,93,112,141,136,129,123,136,101,129,87,136,136,93,141,141,87,55,129,143,138,129,82,98,85,143,161,155,157,141,115,104,98,101,90,136,138,151,115,63,76,131,136,117,115,134,107,98,129,117,129,167,134,126,107,107,126,136,129,120,120,92,120,161,172,101,72,107,131,107,136,131,138,141,136,104,157,136,87,110,112,134,136,120,107,123,161,172,155,107,160,151,98,141,120,123,141,141,155,173,148,173,166,169,143,129,129,161,136,160,141,148,183,173,173,172,155,181,173,157,186,161,160,161,161,188,155,120,157,101,129,167,141,136,141,192,205,183,166,169,181,172,157,148,131,131,143,155,181,166,172,206,181,107,183,193,193,166,172,181,186,213,240,231,186,155,110,98,114,87,98,131,123,128,87,120,123,79,98,120,110,141,120,123,172,141,169,161,161,181,110,69,131,216,215,219,219,186,128,148,107,141,193,201,192
126,191,183,151,181,181,141,157,175,129,107,164,160,136,101,121,115,98,121,155,129,76,179,211,155,151,155,155,167,98,141,129,79,85,107,126,132,132,146,141,155,157,121,123,136,107,151,129,177,149,118,141,157,151,149,112,121,141,151,164,126,132,177,173,199,177,191,173,215,201,172,211,225,181,172,211,195,149,151,166,160,157,183,173,123,112,129,157,110,101,76,123,161,177,157,98,36,21,24,98,120,93,87,101,85,98,85,82,69,107,98,101,192,211,167,169,173,141,149,157,149,115,138,138,134,141,115,120,138,131,129,141,155,152,120,104,136,166,136,166,211,181,141,155,120,98,129,167,134,93,131,151,129,151,90,129,101,208,110,141,110,98,107,79,120,155,136,101,82,101,104,161,123,141,126,115,167,120,101,129,107,120,129,120,98,74,123,148,141,110,107,157,148,87,72,120,101,98,136,129,131,115,110,112,141,129,131,138,167,136,107,98,123,107,141,129,120,141,183,148,141,157,148,148,155,166,101,90,123,101,129,136,181,148,98,110,131,107,123,107,120,148,177,155,143,120,120,151,148,131,129,129,177,181,136,148,129,151,181,173,167,199,199,186,181,166,166,155,161,143,193,136,161,92,129,136,131,141,107,95,136,192,196,155,173,172,166,193,183,151,151,141,161,155,129,143,181,193,161,143,196,192,181,114,181,141,148,151,199,181,222,192,167,141,128,143,138,120,107,138,128,131,141,141,120,84,76,107,128,107,148,161,134,155,157,117,79,155,206,175,172,211,183,200,201,136,128,136,155,172,161
155,167,161,139,141,146,157,157,112,129,132,123,85,112,115,74,129,139,129,155,173,115,98,164,141,166,199,118,141,138,98,126,123,112,132,107,141,85,115,173,151,112,110,136,141,121,141,141,144,166,118,173,186,76,144,126,179,172,141,155,143,85,183,186,212,193,188,204,201,243,188,211,237,204,186,199,212,181,138,172,199,172,206,177,149,136,120,161,123,115,76,118,136,129,118,50,24,24,33,107,110,107,98,87,101,98,57,79,69,98,76,93,173,183,155,161,173,138,157,143,138,136,126,149,126,129,143,141,120,112,115,141,129,98,136,143,131,143,172,188,149,120,120,141,157,141,149,110,120,134,136,136,129,129,101,76,143,141,115,151,76,87,117,98,85,129,107,107,117,107,107,131,101,151,98,120,149,98,87,136,123,143,148,107,98,143,160,157,172,183,95,131,134,72,107,85,120,129,166,136,136,131,131,98,101,141,126,120,148,148,181,152,101,123,141,123,148,148,129,107,131,157,141,110,129,136,155,87,129,101,120,136,120,151,141,126,101,92,136,172,152,131,161,141,151,177,101,120,129,141,172,151,136,183,173,155,148,185,166,167,224,225,186,161,181,167,141,129,151,151,193,110,110,120,148,138,114,95,114,120,126,166,173,148,167,183,146,231,155,177,136,193,173,123,151,192,190,151,143,172,163,151,167,128,160,181,112,155,161,107,205,196,215,208,166,131,143,167,92,143,136,136,185,98,92,110,84,123,84,166,167,161,126,143,141,101,155,181,192,143,179,143,228,224,143,107,128,120,148,148,120
157,146,155,155,129,121,139,141,167,151,121,95,93,72,132,101,149,144,121,110,98,155,160,157,160,157,161,155,115,141,146,144,132,121,121,85,107,101,110,149,151,155,166,134,121,157,172,166,123,129,129,132,132,151,167,172,166,129,149,141,155,155,172,236,188,146,191,198,233,250,204,212,166,219,196,186,208,193,195,201,186,188,204,193,157,191,57,134,136,120,98,87,107,110,90,46,30,44,79,129,160,101,107,87,112,82,76,95,85,93,123,132,166,175,149,123,173,157,157,149,107,143,129,120,95,115,129,115,110,104,93,120,141,129,131,193,155,164,181,101,115,107,110,138,155,123,98,123,146,157,131,93,123,126,123,152,115,115,120,115,98,136,115,149,115,115,107,104,120,98,85,107,129,120,93,136,101,115,101,117,123,157,141,129,141,164,173,157,151,155,117,126,115,107,120,107,143,155,146,167,138,129,166,115,85,155,141,101,161,167,76,143,92,151,74,129,95,131,129,155,136,101,123,131,76,110,101,101,129,131,129,112,126,114,148,107,146,173,155,120,110,120,136,148,123,98,123,161,151,181,148,161,166,167,181,166,161,186,167,169,201,206,192,167,148,148,143,172,138,155,167,114,87,120,151,155,161,138,141,148,107,110,152,161,155,166,155,186,173,177,155,188,166,181,198,199,161,143,172,166,107,136,152,161,117,128,141,155,166,167,172,183,213,215,192,157,161,177,123,110,136,136,143,98,120,136,163,123,92,123,151,155,131,107,107,136,181,148,172,161,151,120,201,173,173,148,141,143,136,155,167
161,134,166,173,144,134,104,85,126,136,129,141,107,98,107,85,101,123,110,107,141,172,167,157,136,121,93,153,167,173,132,138,132,101,136,121,121,132,107,98,132,132,138,121,118,132,161,134,134,138,82,149,167,179,186,155,121,129,118,134,155,188,166,136,120,164,193,169,224,232,237,188,149,215,211,177,198,183,179,201,181,181,175,175,177,141,123,123,129,166,98,120,110,95,39,42,69,72,115,151,141,101,90,120,87,98,93,64,120,126,129,132,166,186,120,85,155,183,136,132,93,151,112,90,98,129,104,93,107,107,93,98,141,136,149,190,186,155,173,151,98,131,151,129,107,104,152,120,123,131,107,98,136,175,115,129,131,107,136,141,129,161,107,87,129,126,101,69,72,110,129,101,90,104,131,131,87,134,112,93,166,148,141,143,166,155,141,167,157,115,107,136,115,131,129,101,143,129,136,141,129,115,110,120,143,155,136,151,123,131,143,141,112,141,151,123,98,120,126,129,101,112,110,120,120,107,85,134,98,131,177,181,120,131,161,136,166,92,63,129,151,120,98,92,155,161,167,161,181,161,134,141,148,192,157,117,129,151,161,141,148,185,186,172,114,167,157,107,157,160,131,136,120,110,155,167,167,155,129,129,148,123,166,196,151,131,151,173,183,196,172,155,181,206,196,186,188,192,166,114,120,151,151,155,107,143,172,167,199,216,181,167,188,199,211,181,128,148,136,87,107,143,101,123,76,157,151,87,112,120,148,131,101,123,128,107,84,141,201,141,148,141,227,123,235,155,141,136,155,131,141
157,183,175,151,141,126,121,107,129,166,136,139,132,134,157,121,76,136,141,157,166,188,170,136,129,90,115,139,144,160,69,110,160,161,121,76,76,129,149,141,132,164,183,157,104,121,149,136,98,101,166,134,153,175,181,104,98,107,155,172,146,132,120,141,151,149,166,155,179,204,183,166,166,181,186,183,157,153,160,186,177,166,143,151,155,129,151,132,155,183,101,151,59,50,50,79,129,123,143,115,101,120,69,107,76,138,85,61,134,118,112,141,136,110,112,129,166,195,134,126,87,98,90,131,110,123,93,123,134,131,115,120,129,155,181,143,195,129,161,136,107,107,160,101,112,134,166,157,136,149,136,141,143,129,161,157,123,151,172,155,115,120,110,107,107,110,101,101,110,101,117,115,85,149,136,98,131,69,107,151,138,117,148,148,155,157,129,141,155,115,98,126,141,141,143,123,110,129,115,126,112,120,110,129,157,129,123,161,87,155,151,129,131,112,166,95,107,148,85,141,126,120,129,110,129,76,123,98,110,131,166,141,148,85,120,143,101,120,120,72,79,85,79,136,138,161,141,166,148,177,157,107,117,155,123,110,143,138,157,188,151,107,141,141,148,155,101,160,155,161,161,129,143,161,126,120,151,141,114,126,123,161,166,152,157,143,166,173,148,205,201,167,143,146,192,219,224,199,143,148,157,120,148,155,155,195,199,219,228,206,166,161,193,206,192,166,143,155,152,141,123,101,107,148,76,157,79,161,123,136,107,107,110,141,136,76,107,206,173,152,205,188,205,188,205,200,148,167,181,155,92
166,134,151,161,141,107,136,167,136,139,115,107,155,188,149,126,149,107,141,161,181,190,161,121,134,129,175,172,157,98,139,141,172,121,132,79,107,132,167,177,155,134,123,112,149,121,129,107,149,107,149,167,138,149,141,85,173,172,121,166,151,107,123,181,177,115,136,196,190,161,141,166,126,101,138,186,177,166,141,151,166,166,155,136,132,157,157,126,157,146,123,98,79,82,110,110,141,157,126,120,120,115,98,95,115,126,101,107,110,98,120,134,110,87,136,161,149,173,143,149,85,132,123,129,110,120,141,166,166,143,126,129,129,166,192,141,166,143,115,120,120,112,143,141,151,151,161,151,151,151,136,138,117,188,175,93,123,206,136,98,126,123,98,101,104,93,104,101,110,110,85,93,95,107,101,115,101,129,129,123,123,112,152,141,112,134,152,136,136,141,101,107,141,143,155,126,115,129,115,143,120,104,95,104,155,138,129,148,92,129,110,136,136,87,120,101,123,141,136,123,92,101,136,136,107,85,148,151,120,129,90,148,129,107,143,104,138,112,141,123,107,107,110,143,161,131,188,151,110,166,98,114,175,167,95,148,143,143,114,136,131,129,146,120,166,87,213,101,129,206,123,129,161,148,152,148,114,117,129,136,206,157,136,148,152,166,141,134,167,161,166,131,123,131,183,192,172,192,188,205,166,117,141,181,188,216,224,230,213,186,128,155,206,181,161,186,193,172,173,172,123,92,114,131,79,114,123,177,148,128,120,110,107,128,128,128,177,173,141,141,181,173,230,219,161,177,192,148,148,110,114
144,121,129,173,155,129,151,151,136,104,76,132,173,188,177,132,136,129,141,155,177,186,191,155,149,151,149,215,144,112,161,126,121,115,76,101,110,161,161,164,126,107,141,121,79,161,121,141,164,121,172,110,134,166,146,173,155,138,166,188,153,166,183,129,115,186,149,211,173,141,166,173,138,101,166,211,193,172,172,98,101,167,172,157,167,149,151,146,143,132,107,79,72,98,123,115,120,134,123,93,110,120,129,132,126,69,107,110,98,98,115,112,136,129,143,143,126,149,132,141,151,175,93,85,141,149,143,155,136,120,129,101,120,155,193,188,161,117,115,141,134,143,167,169,175,166,155,166,161,131,129,141,141,157,123,101,143,149,126,93,85,129,136,107,115,107,87,107,126,123,107,74,72,107,115,129,115,115,98,98,183,166,98,95,131,161,155,131,107,157,136,120,110,148,131,143,129,117,129,131,126,92,110,141,155,141,123,134,123,120,129,129,101,85,76,110,134,110,146,114,82,114,148,114,84,117,120,107,123,141,98,129,148,120,92,104,157,163,138,136,141,141,107,101,146,163,107,161,92,92,136,112,141,151,129,141,136,141,167,141,110,120,166,157,166,72,177,155,215,183,131,193,161,143,129,104,95,123,173,181,120,136,141,141,123,136,177,192,128,141,151,136,157,148,123,177,155,141,211,211,199,152,161,181,199,215,224,192,167,161,141,183,199,146,157,188,193,181,181,172,117,107,98,104,79,120,161,173,161,143,123,82,79,98,128,131,128,166,123,76,141,205,215,148,208,190,155,87,155,141,114
110,129,157,141,149,157,144,121,141,98,93,121,146,183,185,123,90,141,164,141,161,166,193,190,118,115,136,181,175,134,177,93,88,115,121,72,126,155,139,138,121,98,121,129,138,144,141,144,107,164,123,193,181,149,141,129,188,181,155,123,141,149,199,183,183,196,186,118,177,149,172,141,132,143,136,186,196,183,161,149,153,198,204,208,227,188,157,160,123,123,85,69,98,95,115,120,104,90,123,141,120,151,136,85,98,129,85,93,85,101,120,93,93,155,166,151,129,123,120,151,155,155,136,115,157,132,72,129,141,115,98,93,129,151,172,211,146,115,143,129,161,167,188,181,186,155,129,179,143,129,166,136,129,141,104,141,129,93,123,85,123,120,87,98,115,123,110,101,131,166,115,93,104,76,115,149,98,151,85,129,141,117,115,129,117,117,101,120,164,148,131,98,107,115,92,131,120,87,129,141,129,110,141,167,136,115,120,148,157,115,123,143,98,72,92,112,120,134,148,120,79,84,110,114,123,110,69,98,161,143,129,129,101,98,117,148,183,157,151,172,163,129,120,134,136,110,155,131,95,114,131,167,141,151,151,151,155,143,136,155,155,148,167,155,131,129,110,155,166,141,193,155,201,110,126,114,141,136,129,128,161,151,146,167,155,141,188,151,213,79,167,148,157,136,107,134,172,143,196,196,188,172,166,205,222,192,188,148,188,148,183,186,185,172,175,181,181,188,167,161,128,141,107,123,141,123,161,157,151,131,98,84,87,92,114,110,63,161,151,110,123,205,196,157,211,201,143,114,141,120,98
74,104,149,132,149,166,166,129,98,104,139,136,134,172,157,136,129,141,149,141,132,181,183,166,136,129,167,167,132,126,136,107,110,121,134,123,121,129,121,136,123,132,157,149,144,136,196,151,179,129,172,153,181,144,164,198,188,101,112,144,129,208,199,134,185,191,173,157,167,186,155,196,179,160,107,185,224,211,198,160,204,210,155,166,164,169,206,183,166,115,107,93,85,98,101,115,123,123,141,129,143,110,129,120,107,64,118,79,85,107,110,107,82,101,166,166,141,85,149,123,172,155,167,134,110,82,76,129,141,112,95,107,123,141,146,166,149,141,143,149,188,183,160,193,172,104,123,149,143,155,172,141,120,141,129,120,115,131,85,110,151,134,141,101,115,136,115,149,160,146,123,104,138,55,117,164,101,120,85,120,126,129,104,115,87,85,115,131,152,93,161,143,98,120,131,161,136,155,101,107,131,151,131,120,167,143,136,151,166,101,95,173,87,115,112,82,123,136,120,112,87,76,107,110,92,95,114,120,123,120,141,76,101,114,155,160,141,141,148,151,152,138,141,148,157,136,120,131,136,129,98,131,131,151,181,146,123,123,151,155,141,155,157,136,192,114,129,167,141,155,167,136,92,166,143,155,173,143,143,188,151,151,151,172,166,166,167,219,101,155,123,157,148,151,146,151,166,166,136,155,131,148,155,177,151,177,157,136,167,160,199,206,192,206,173,169,199,177,151,177,177,173,98,123,136,136,123,143,141,141,143,131,101,114,128,143,92,141,199,143,98,181,172,183,215,195,161,155,120,101,104
161,129,136,155,144,149,179,141,121,121,136,153,146,136,141,157,166,141,121,139,172,190,172,151,134,149,153,129,136,107,110,149,144,129,129,115,98,107,146,149,149,138,146,155,126,121,173,141,186,155,149,149,136,160,164,167,161,151,88,144,161,155,181,186,157,132,173,193,123,183,146,199,166,153,141,191,203,136,101,153,219,167,138,132,166,191,201,181,190,166,79,36,120,110,101,120,138,132,149,129,115,149,138,107,76,146,87,98,120,85,93,110,98,110,146,146,129,115,120,185,166,143,138,107,115,120,160,149,141,132,123,115,115,157,123,141,161,129,131,157,172,167,167,157,143,123,129,131,167,167,161,155,126,141,110,85,138,136,98,155,157,151,155,136,115,120,123,136,120,87,129,123,126,72,141,93,110,104,93,120,107,117,110,76,107,115,129,129,149,149,123,201,136,167,129,138,98,72,166,131,129,141,160,136,131,173,161,129,136,141,141,101,92,141,101,87,120,112,87,123,110,87,117,120,76,98,129,123,110,143,98,92,131,129,138,151,120,131,129,117,129,148,166,148,134,148,131,110,131,138,107,148,177,161,163,136,120,101,126,167,148,143,173,155,129,131,131,148,148,141,148,155,157,161,177,196,161,157,172,143,120,114,151,177,129,166,141,141,141,79,141,198,141,101,136,123,120,148,155,155,155,114,131,211,136,161,151,98,177,157,177,196,192,203,181,167,186,143,167,222,199,136,141,110,128,136,90,161,136,157,173,131,107,123,141,160,148,136,166,123,131,183,110,172,186,181,167,151,151,131,120
144,136,136,151,110,110,155,132,157,141,153,144,155,126,141,161,144,110,134,164,173,167,173,155,107,151,141,132,141,141,146,149,141,132,129,121,110,136,170,166,138,121,144,155,107,121,164,179,190,141,90,129,115,123,185,173,146,153,112,132,191,161,173,173,118,110,166,112,166,181,173,143,169,141,166,188,177,157,166,186,198,138,166,132,166,183,167,177,155,98,107,46,76,101,115,149,110,134,132,115,143,129,93,136,93,101,95,115,107,85,85,118,93,110,151,136,138,104,98,157,146,166,98,93,152,138,120,129,166,129,98,134,143,138,129,136,152,107,120,120,110,161,173,166,151,157,166,141,160,186,167,149,166,141,112,131,149,134,143,183,196,143,131,157,101,98,141,141,98,93,141,141,129,131,101,101,95,112,117,115,93,87,90,76,120,129,120,161,120,129,141,167,138,120,136,101,115,107,146,151,148,148,120,151,152,141,183,167,151,87,120,129,107,183,72,110,112,120,101,101,129,120,136,129,101,98,85,166,114,129,123,120,148,131,131,112,129,129,85,107,136,120,141,136,151,120,131,87,129,110,110,131,181,123,143,136,107,110,114,143,141,146,166,172,126,129,131,141,151,141,129,183,181,148,136,155,134,131,129,110,107,152,148,148,129,129,177,172,148,141,155,167,148,131,160,157,141,148,167,167,120,166,157,163,148,87,114,155,161,155,177,157,192,231,215,181,201,199,222,211,186,151,148,92,128,151,101,148,141,110,148,134,101,128,131,131,120,114,101,114,148,167,151,79,131,183,186,151,166,166,120
132,141,136,129,115,123,136,107,141,141,160,118,155,155,93,141,132,134,164,141,160,173,161,157,121,129,132,136,149,161,123,123,101,136,144,129,123,151,177,161,126,123,141,141,129,132,173,167,157,153,121,129,155,149,177,198,185,161,138,129,167,177,151,151,164,144,172,155,132,164,181,153,123,143,169,179,167,157,183,186,161,172,141,132,149,151,173,143,118,132,79,85,104,132,120,143,141,85,151,173,79,101,123,120,172,129,69,118,151,115,93,101,85,72,112,143,157,90,112,120,146,149,120,151,118,143,120,149,146,115,101,129,117,95,149,104,98,131,149,141,136,161,195,173,143,157,177,141,131,172,181,173,181,129,166,129,166,157,173,172,167,167,123,115,87,85,117,123,129,136,136,155,157,155,107,95,115,149,149,115,98,87,98,98,98,104,120,134,136,149,143,107,101,120,136,93,107,148,131,115,166,166,143,126,143,155,188,181,129,152,93,131,120,151,85,143,129,76,129,120,120,148,120,123,114,129,92,110,141,107,167,82,166,95,148,90,120,136,101,85,107,107,87,72,131,151,155,85,143,114,143,123,161,155,151,134,123,129,129,160,157,148,143,167,143,141,129,141,181,193,155,136,141,110,120,138,141,129,92,120,172,143,143,129,169,148,129,155,173,173,129,114,138,143,120,167,155,141,155,157,134,120,167,173,141,87,126,155,143,181,172,172,181,188,188,213,205,201,232,185,151,186,196,76,143,104,123,123,114,148,107,128,128,123,131,114,87,107,92,155,114,167,173,128,186,183,208,157,155,155,143
155,93,164,123,134,129,121,121,132,134,136,149,155,141,115,149,151,157,144,149,167,190,183,139,144,151,88,166,136,129,121,121,95,126,129,123,98,144,151,144,149,167,139,121,110,129,177,151,164,151,155,110,185,206,212,195,181,160,149,166,208,175,155,186,190,173,157,191,129,118,179,173,129,149,181,172,157,153,181,155,132,181,164,195,193,157,191,157,167,166,132,115,107,123,120,112,155,153,110,129,143,120,136,188,120,132,143,101,138,107,72,85,101,93,93,132,120,136,191,120,191,115,107,129,141,136,164,166,173,143,131,120,120,160,123,141,69,173,155,85,136,149,157,151,181,167,129,123,123,166,196,188,161,146,129,131,181,143,160,110,131,155,129,76,110,87,76,101,151,161,136,152,131,123,101,129,166,188,151,123,104,101,129,107,85,107,143,141,136,157,143,87,120,146,136,131,82,107,126,126,172,201,167,112,120,166,161,155,155,141,107,87,107,93,131,123,107,120,117,120,110,136,131,98,112,120,72,107,169,131,136,123,85,123,123,101,117,136,120,61,79,107,85,90,157,141,143,115,157,123,114,123,161,143,107,148,141,131,136,157,167,120,157,148,131,126,167,151,203,181,161,110,112,151,101,126,160,155,143,134,167,143,143,120,160,157,157,123,120,141,151,161,161,166,163,166,161,114,114,101,151,151,84,148,143,98,84,136,143,157,155,161,161,169,201,215,193,183,196,181,173,186,181,148,110,63,136,128,107,120,155,131,98,114,128,107,110,148,166,148,95,131,196,215,200,206,167,148,155,155,110
132,72,183,141,136,136,107,136,136,121,115,153,144,121,161,151,144,132,129,149,155,167,155,129,155,170,82,149,115,121,139,129,121,126,126,129,90,110,129,144,155,173,164,69,98,129,183,155,118,123,183,123,183,196,190,207,183,177,185,199,196,177,191,193,215,204,167,172,144,149,199,173,167,181,173,143,166,191,141,129,123,167,207,186,191,160,155,173,196,183,110,107,107,85,136,132,118,123,151,141,155,136,155,183,166,143,132,98,85,110,87,85,98,107,101,123,120,155,161,167,183,160,129,120,129,191,177,152,129,155,143,155,166,161,115,85,138,131,151,120,129,101,107,160,166,136,141,141,157,166,181,183,143,110,93,143,155,120,110,155,126,107,126,120,107,85,76,129,136,149,123,136,107,87,120,186,172,166,155,149,136,129,172,149,107,136,141,146,136,120,120,107,136,167,161,129,79,57,157,185,192,199,173,143,141,166,129,131,129,101,95,107,98,90,129,148,85,95,98,141,120,120,129,131,148,148,131,129,151,129,87,76,92,115,123,129,136,87,101,115,98,87,98,148,151,92,131,161,148,161,110,143,136,123,107,155,148,136,157,120,143,166,148,120,155,114,148,177,155,131,129,166,151,151,143,151,163,152,167,157,151,155,141,129,129,161,143,143,129,151,183,167,151,131,173,161,107,98,92,138,123,123,120,131,120,120,84,155,123,107,104,128,143,161,211,201,166,193,183,163,193,211,188,148,87,98,136,136,101,98,110,141,114,128,131,128,166,172,167,107,69,123,208,193,200,173,155,136,134,151,143
121,160,136,126,136,134,132,141,141,104,134,155,139,129,167,151,136,129,98,144,161,136,129,141,161,141,110,104,110,123,129,123,121,157,123,164,101,76,136,166,151,129,141,110,129,155,153,129,110,132,166,155,157,172,170,204,198,173,181,183,183,208,191,188,222,209,170,139,172,172,181,195,188,185,161,151,166,155,110,98,123,166,193,207,188,149,155,215,228,149,110,115,123,98,120,126,101,149,90,153,181,120,129,149,132,129,82,61,74,85,98,98,115,120,129,151,151,123,134,175,181,181,151,132,173,149,115,166,123,110,166,167,161,129,123,126,151,129,173,129,120,120,82,167,161,126,136,164,136,123,160,166,104,138,172,141,129,126,129,172,141,136,123,120,93,85,115,115,104,76,115,120,115,129,79,161,172,141,151,167,181,169,151,136,123,157,141,101,126,87,107,120,123,151,167,131,149,98,201,219,205,195,173,169,181,166,143,129,93,59,120,101,85,93,123,129,87,98,117,129,98,107,129,148,141,134,131,126,148,79,101,151,136,129,131,104,131,126,98,123,110,85,107,136,107,112,115,155,138,107,129,141,98,148,151,143,157,152,131,92,123,177,123,129,151,152,120,155,104,123,107,129,177,161,143,136,120,167,172,120,177,157,136,101,166,141,136,166,98,177,166,123,131,148,177,177,98,136,131,138,131,110,134,148,114,160,173,131,136,114,123,161,146,123,167,231,228,211,193,192,166,104,193,169,141,107,123,120,128,141,120,107,107,120,134,161,155,155,155,123,131,155,183,205,172,148,155,114,114,167,172
107,121,121,129,136,136,172,129,95,123,167,161,155,151,141,146,141,129,110,151,161,101,107,166,121,129,132,107,129,132,126,141,134,157,172,146,95,85,132,164,141,110,136,129,149,141,112,136,141,123,115,161,166,149,188,166,183,167,173,190,196,199,170,186,196,173,186,151,161,151,199,193,155,143,155,155,149,120,123,120,134,149,161,213,141,167,203,225,225,167,143,107,101,123,115,129,110,141,115,143,129,129,104,120,149,136,115,93,107,104,82,72,79,129,136,129,123,79,107,129,136,155,166,177,136,181,155,115,129,120,138,151,149,166,149,155,129,155,192,160,112,87,110,166,138,161,151,161,192,157,143,149,173,193,157,166,151,118,141,110,149,107,141,129,146,126,136,146,85,69,120,115,101,93,107,136,129,141,110,166,172,155,101,143,155,151,149,110,161,120,149,129,115,93,201,166,173,195,196,186,192,195,181,172,167,173,157,115,57,120,93,101,66,90,82,136,107,138,120,93,101,101,129,177,161,87,110,146,101,107,123,129,131,141,110,107,117,115,90,107,107,107,85,110,79,87,120,148,123,92,141,129,141,148,141,143,157,143,110,114,120,114,107,141,166,148,141,167,123,107,76,141,179,155,141,129,110,161,173,155,177,138,123,98,148,123,166,120,143,151,152,114,148,166,112,129,155,138,110,123,98,183,110,186,82,155,157,141,123,123,128,148,120,120,143,166,228,161,157,201,190,151,186,235,172,57,128,161,123,114,107,107,90,131,151,128,120,87,179,183,87,151,192,201,167,155,136,141,173,161,136
146,153,93,88,151,160,179,173,155,144,155,166,149,129,167,121,107,155,166,155,141,98,155,172,115,129,144,141,155,160,144,139,144,161,155,132,104,98,121,146,144,155,160,141,141,121,123,139,95,136,161,175,164,151,155,136,153,183,181,167,172,191,173,183,172,188,172,157,149,151,183,151,120,166,164,132,129,138,120,151,160,188,196,206,166,219,177,167,186,207,173,149,110,104,129,132,123,120,143,115,85,120,132,143,141,183,120,115,101,87,85,87,118,126,129,132,136,101,82,110,129,107,155,155,136,132,161,134,152,179,155,136,155,149,167,157,172,138,166,172,155,151,167,166,129,136,175,101,136,188,149,155,143,152,164,183,188,149,141,110,123,151,98,149,172,131,98,98,107,129,123,110,87,79,120,146,123,192,90,136,107,143,186,181,161,151,161,166,196,157,141,129,120,129,201,188,181,213,181,157,166,172,196,149,131,161,136,93,76,167,76,98,57,110,107,129,136,107,107,131,123,134,148,123,107,79,120,123,107,120,115,151,134,129,117,131,90,87,92,104,92,110,76,92,120,148,172,141,141,155,129,123,98,107,136,155,151,141,136,114,101,107,117,146,157,141,198,192,148,110,79,141,167,155,141,110,120,172,181,166,161,120,134,123,151,169,167,129,190,148,151,136,107,129,146,148,160,157,136,117,131,110,143,167,110,177,92,107,123,151,148,129,107,120,157,183,199,157,177,166,192,186,201,211,155,120,161,123,84,101,136,131,110,114,199,90,151,72,230,205,157,166,216,177,177,151,172,155,166,172,188
157,98,132,107,129,157,157,157,134,160,175,181,155,139,170,196,132,144,195,167,134,181,121,132,155,129,144,167,172,191,134,115,149,149,139,129,121,95,98,157,161,149,144,141,132,136,132,132,132,141,146,157,166,166,123,136,172,183,161,149,167,196,186,175,193,175,126,155,157,161,121,118,141,173,151,123,98,110,149,183,215,226,193,199,167,217,149,146,172,196,166,123,118,151,157,136,104,120,129,146,115,110,132,110,172,161,132,136,98,85,107,149,143,115,134,160,107,69,101,93,50,129,149,183,177,115,161,164,141,155,141,110,164,172,129,179,155,183,166,155,149,169,155,157,152,141,179,177,115,167,167,155,129,146,177,192,173,151,98,120,134,123,98,151,161,131,110,87,126,166,129,107,110,101,131,149,173,166,123,126,120,190,155,146,172,190,161,141,186,181,129,155,164,181,157,183,192,208,208,181,155,120,192,186,110,141,146,101,107,129,120,101,123,110,149,123,110,87,143,149,107,110,131,85,87,101,123,98,136,141,92,148,129,115,136,120,85,98,151,129,98,98,107,141,141,136,177,166,129,131,129,148,79,98,148,141,141,120,110,141,120,129,143,123,123,177,172,161,157,146,92,123,151,157,123,84,136,185,167,155,148,129,148,151,181,173,166,155,161,143,123,131,120,138,177,155,146,151,114,131,136,129,157,155,152,136,120,136,131,129,141,129,143,173,123,98,136,151,193,123,192,186,239,143,192,199,157,143,107,101,161,151,98,128,161,143,76,166,199,222,177,167,199,173,141,192,220,143,131,186,173
88,181,141,115,144,177,160,121,173,173,183,160,132,153,177,149,179,141,186,151,129,151,107,126,166,129,132,161,196,167,129,136,144,121,151,166,88,123,107,161,129,107,149,123,149,149,107,110,136,129,141,132,155,149,118,129,172,183,181,183,186,191,155,151,173,153,121,170,172,153,112,121,149,155,153,132,110,107,173,220,232,222,181,172,191,191,173,193,206,186,153,132,164,173,132,104,123,136,120,120,132,90,74,76,107,132,146,129,74,87,110,107,112,134,166,151,76,101,115,101,64,110,129,138,177,179,204,164,115,166,190,167,129,157,172,131,166,186,177,155,141,136,143,123,143,167,157,120,120,157,183,149,151,172,138,167,143,155,115,183,173,151,151,120,131,129,123,129,169,155,123,115,85,112,155,141,161,172,141,157,157,161,149,149,175,193,149,112,166,211,169,149,201,208,167,161,186,214,205,181,161,136,186,193,138,161,173,141,98,129,129,161,131,115,143,151,74,107,151,101,101,126,136,115,110,129,115,131,157,136,76,101,151,120,120,79,107,107,87,120,129,136,141,131,157,110,148,172,87,107,115,120,101,115,166,141,104,131,131,136,166,141,143,114,117,136,129,192,155,148,141,143,157,129,120,110,129,173,161,120,161,134,166,141,183,155,163,157,129,120,131,131,161,169,141,114,129,148,131,157,151,141,143,143,136,126,114,101,101,141,136,131,129,157,157,146,172,157,167,123,151,167,208,155,205,188,151,79,128,148,138,114,79,98,151,114,155,141,173,155,199,188,193,193,193,200,166,177,148,138,151
172,104,201,121,149,172,123,141,166,183,134,141,149,129,139,181,173,141,141,175,129,115,160,161,139,134,188,161,132,155,141,136,85,121,149,151,107,85,136,149,93,93,132,136,136,118,107,123,134,149,151,134,123,144,121,136,164,179,193,190,172,183,146,149,157,129,141,199,166,115,149,151,115,129,153,141,129,132,157,215,221,222,172,181,198,175,204,224,220,199,172,170,183,129,98,123,132,151,110,79,129,79,69,53,69,167,143,120,95,98,85,79,143,149,118,101,93,120,126,129,87,85,129,93,143,188,149,129,167,173,166,166,211,152,101,107,101,155,193,161,76,85,164,183,167,155,177,167,129,157,172,166,143,198,155,186,126,123,196,173,212,151,129,169,123,115,166,143,101,129,120,101,112,161,149,149,141,143,149,155,216,179,141,167,181,172,120,126,167,155,149,179,222,201,186,206,131,110,181,185,172,167,161,172,155,143,143,151,120,143,107,143,136,107,141,141,93,120,115,112,115,115,141,149,151,161,161,123,131,115,117,123,166,69,120,110,85,76,92,123,166,166,151,151,107,152,120,134,101,107,136,134,151,112,143,166,120,114,120,136,155,141,107,120,141,101,110,131,155,123,179,192,157,160,131,136,120,148,167,148,141,148,183,141,166,148,172,160,110,84,107,129,166,161,107,129,148,161,101,151,160,110,151,143,114,92,114,120,131,141,141,166,143,141,151,141,151,155,123,107,157,208,173,143,201,196,186,143,131,120,136,114,92,69,76,107,136,141,101,128,179,192,214,188,177,206,173,188,177,112,138
129,121,161,118,157,141,151,157,136,139,151,115,112,112,153,167,129,132,183,172,93,104,191,160,141,149,144,115,121,183,157,74,95,129,121,95,107,93,149,121,129,123,136,155,115,141,153,151,164,166,160,172,107,172,123,144,151,185,167,167,144,166,161,144,136,123,155,188,149,129,155,139,112,115,155,153,136,157,181,190,216,226,201,172,181,206,207,204,206,203,177,151,151,134,129,138,149,132,115,107,123,69,32,49,115,167,149,120,98,76,85,98,101,93,72,85,132,161,175,120,98,85,107,136,161,166,129,149,191,201,183,173,146,204,172,59,69,212,173,151,63,134,173,206,149,166,172,123,149,172,151,172,155,143,143,146,129,157,193,186,85,201,186,210,160,85,118,164,131,59,143,101,141,57,129,166,120,110,120,166,188,208,166,155,157,136,129,161,181,157,188,204,225,216,181,173,186,161,177,172,155,188,206,186,157,129,123,155,161,93,98,157,134,136,129,87,112,131,131,110,101,101,136,172,160,143,177,120,110,123,131,123,123,98,151,123,76,101,129,143,167,157,131,134,76,167,123,110,123,131,112,112,107,120,98,129,129,148,138,107,167,136,110,141,92,120,112,114,126,136,199,155,92,129,157,148,151,101,148,167,107,151,183,148,98,186,199,155,76,148,123,129,143,148,129,173,173,143,120,123,136,155,167,155,114,72,110,161,169,134,123,157,155,110,129,129,131,136,157,166,166,151,186,136,161,211,196,196,161,141,128,101,120,120,128,148,110,92,84,95,136,128,188,199,188,148,188,173,198,188,141
166,129,132,132,172,161,155,141,136,149,173,166,151,177,181,155,132,175,188,129,149,153,157,136,144,126,151,166,166,136,110,104,123,61,110,110,129,98,118,66,141,149,126,136,139,129,151,126,173,183,123,161,151,166,144,155,144,166,85,167,141,166,151,107,121,144,149,166,149,126,139,134,136,126,146,161,172,193,196,191,225,226,208,161,166,204,227,195,188,193,181,132,132,170,141,120,141,151,143,120,107,79,32,82,164,166,161,126,93,76,69,110,101,69,69,110,141,161,151,120,76,64,93,141,141,141,115,155,183,203,181,129,134,149,169,151,164,199,141,149,120,129,183,208,199,203,210,172,151,160,136,157,175,149,118,126,160,167,149,177,173,196,208,181,173,161,155,149,179,157,181,93,120,123,87,129,179,143,136,155,155,104,155,134,136,167,155,117,192,172,136,192,231,216,211,177,138,151,179,172,173,196,173,143,151,141,104,149,166,101,141,126,149,110,110,129,123,107,123,120,120,123,141,149,115,115,151,136,98,104,85,85,141,143,129,120,126,110,123,136,136,136,129,129,87,123,141,141,115,101,112,92,76,126,107,101,138,151,151,141,136,120,141,101,143,123,161,155,123,172,160,129,98,84,123,167,166,161,136,155,104,146,143,146,131,216,161,107,155,143,141,141,148,138,172,177,177,120,148,69,141,222,148,181,110,131,141,143,155,131,129,138,136,131,120,117,120,148,183,155,167,157,188,148,173,222,219,220,213,166,128,101,136,157,155,69,123,177,98,69,112,120,120,173,166,166,192,206,172,181,181
183,132,149,149,123,134,157,136,175,175,155,141,132,141,136,136,157,151,166,188,157,123,121,136,129,93,107,151,149,157,167,167,129,107,118,123,115,141,85,98,121,74,161,139,157,115,121,186,181,149,164,166,173,101,149,129,121,121,98,141,132,144,104,93,132,123,132,155,149,123,98,151,126,149,136,151,188,196,177,188,220,224,183,120,136,195,235,199,199,186,173,173,153,146,112,98,132,172,157,120,115,146,115,136,179,172,132,123,98,76,74,98,118,85,93,101,132,115,115,104,120,93,101,120,136,132,132,120,129,157,166,155,120,136,188,199,155,181,181,131,129,161,199,210,190,193,131,129,155,129,107,115,151,118,107,201,166,87,123,212,210,166,136,151,155,151,166,204,183,151,172,123,157,115,138,98,177,166,173,136,117,146,136,131,149,188,143,131,157,107,155,188,204,160,216,230,152,120,181,199,173,143,129,149,149,131,129,123,172,129,85,166,131,87,151,152,129,155,155,110,120,120,141,143,126,115,123,136,92,104,136,157,129,107,129,167,141,104,110,110,115,131,136,120,76,57,148,157,95,104,129,76,72,115,129,136,131,143,146,131,112,131,141,110,141,110,161,172,141,141,123,129,148,136,136,148,161,131,101,155,151,129,166,148,151,169,192,131,151,131,181,183,166,155,155,173,179,110,92,92,177,181,186,126,161,166,160,114,110,148,161,136,101,110,107,110,161,157,177,172,143,148,181,196,195,205,185,211,228,192,141,107,84,128,155,131,143,141,114,107,98,136,98,166,181,213,213,173,192,224,208
183,157,161,107,66,98,157,132,132,155,141,149,139,123,157,167,153,121,160,144,149,129,132,186,160,121,76,155,173,123,123,155,115,123,157,121,79,170,121,126,93,141,129,141,136,129,98,132,173,179,161,110,149,157,107,101,129,144,112,88,98,151,136,149,146,110,107,141,121,149,115,104,173,141,149,136,201,170,164,167,195,201,157,136,164,177,208,199,188,188,181,172,155,155,149,129,141,88,201,173,141,181,186,151,136,149,79,69,87,79,101,101,101,110,107,107,98,79,107,129,166,110,101,115,107,120,110,82,110,141,166,134,141,157,188,149,146,155,155,98,149,172,166,193,173,129,107,115,129,149,120,129,186,155,167,199,115,50,166,193,225,172,155,186,151,138,143,131,166,161,112,149,126,173,138,173,179,181,151,166,188,107,107,196,172,120,173,166,157,138,143,186,166,172,136,192,115,181,172,181,129,129,173,169,141,141,172,120,93,98,164,44,143,131,72,74,149,85,126,157,136,123,110,151,93,110,98,143,138,92,148,120,87,138,161,177,136,101,115,141,131,123,129,115,79,72,136,107,143,141,110,72,79,123,155,136,117,151,117,92,120,123,131,157,136,92,141,136,104,110,141,141,141,155,131,136,141,151,129,136,134,117,148,120,166,143,192,114,173,134,177,183,136,95,107,161,166,146,120,110,146,161,183,143,199,110,155,167,148,172,157,114,79,98,114,110,196,114,173,173,161,151,161,211,216,193,198,183,201,199,148,98,87,128,136,161,114,128,114,114,101,114,110,161,213,199,198,193,192,183,216
161,166,121,98,85,90,149,155,134,134,115,85,98,157,146,183,139,93,85,183,151,157,183,170,166,160,166,134,123,112,107,136,141,121,98,85,118,149,149,121,74,121,164,136,121,129,166,161,118,149,155,123,141,141,186,141,93,153,104,123,172,157,153,129,146,149,123,123,121,149,160,134,198,151,167,132,167,166,173,153,177,175,143,160,199,157,157,186,170,186,172,155,181,199,175,120,112,123,172,161,141,155,129,149,90,107,64,41,87,85,95,120,110,112,69,120,72,98,149,141,118,120,72,93,118,115,98,107,129,155,181,166,155,169,136,101,146,115,132,123,161,167,141,161,152,120,129,136,112,146,181,186,172,155,181,172,136,85,149,225,234,206,201,208,138,85,129,143,101,93,115,149,192,129,181,216,185,181,157,157,136,155,183,199,192,120,152,222,181,173,123,177,206,161,143,120,213,208,175,167,188,216,185,157,172,131,149,93,98,166,85,93,136,120,98,110,107,160,190,173,117,104,101,107,101,79,107,166,107,120,85,123,98,107,136,129,129,120,141,151,143,101,138,131,98,107,107,117,151,141,107,101,120,157,148,131,134,151,123,98,84,131,148,166,129,148,143,84,101,136,131,131,120,129,131,120,131,155,136,98,123,123,98,117,183,172,166,151,148,148,177,183,141,114,114,120,138,152,141,172,172,123,148,188,177,181,114,188,143,131,131,92,112,148,138,131,155,143,166,192,181,161,155,199,236,175,183,193,192,172,148,148,131,84,98,143,114,92,131,160,136,92,123,141,216,183,172,199,215,225,219
107,186,104,155,141,172,164,129,115,123,110,115,107,149,212,146,107,167,64,115,151,110,121,166,173,173,186,155,101,110,129,121,93,136,57,136,115,66,115,186,129,74,126,155,141,134,123,172,190,144,129,123,141,129,115,141,144,129,115,129,166,155,129,141,132,129,132,141,134,139,132,149,181,181,134,151,181,98,132,179,191,166,160,170,195,177,129,141,153,167,181,120,219,215,161,115,107,136,149,134,138,107,93,107,88,98,76,55,95,115,82,74,120,136,72,129,85,141,169,93,90,123,59,115,132,123,98,85,126,157,185,173,129,167,95,155,146,141,193,172,177,166,143,157,143,138,141,112,115,132,190,204,181,155,181,136,193,172,212,166,143,190,212,199,157,141,149,129,151,143,126,129,151,167,183,188,173,169,141,151,131,151,225,206,201,198,151,192,199,155,146,201,245,188,107,151,181,224,207,193,186,183,204,186,157,166,152,87,149,126,161,129,149,126,141,151,173,151,149,115,101,110,101,95,129,120,101,110,79,101,148,123,98,98,151,129,101,129,110,101,115,107,141,155,87,101,136,101,98,181,87,120,120,155,155,136,143,141,141,141,101,148,166,143,166,160,136,131,107,136,117,148,120,107,129,120,129,143,141,120,120,129,107,136,205,181,161,138,143,155,167,166,148,129,129,131,148,166,193,166,107,172,161,129,141,151,161,157,172,136,101,120,143,131,123,129,151,177,172,205,123,141,183,163,192,157,167,224,193,114,157,181,131,87,63,114,87,90,131,143,136,84,107,157,167,138,173,188,219,240,215
115,166,107,211,132,157,153,151,101,98,121,98,149,179,157,170,132,144,188,107,167,121,132,191,149,112,123,155,136,139,112,129,107,144,134,74,126,88,155,93,129,126,101,151,155,141,157,186,173,144,136,121,132,110,129,177,161,126,112,123,166,167,141,161,107,82,121,141,191,141,104,115,173,161,132,177,166,101,129,172,188,183,172,186,188,196,153,129,155,161,155,167,210,215,157,115,110,141,136,123,134,107,110,120,107,98,93,98,115,101,85,104,110,120,115,115,76,120,141,85,101,107,107,85,115,136,101,82,118,129,107,129,149,115,155,193,151,172,226,201,193,157,149,141,126,155,177,126,132,155,151,181,181,141,166,177,199,132,172,141,161,172,161,149,155,161,192,155,141,166,110,131,98,161,199,157,161,172,181,149,172,172,193,199,161,161,115,115,213,222,192,204,245,219,166,210,228,220,234,220,208,224,199,181,183,188,181,172,155,129,141,157,131,76,120,166,151,141,79,87,129,120,120,177,131,143,82,107,131,87,107,131,107,161,131,98,85,98,123,107,110,131,160,110,98,148,110,74,136,131,92,129,136,123,148,129,126,155,173,167,98,155,173,167,151,134,151,141,114,120,123,166,131,98,141,148,134,157,157,120,120,98,148,126,173,167,129,120,146,166,167,155,120,120,134,167,177,136,177,181,136,177,155,107,141,198,177,131,117,114,84,120,155,129,151,148,166,196,161,157,199,183,183,183,186,188,181,196,157,107,143,181,141,101,69,79,79,131,110,131,110,98,101,128,87,101,188,224,234,229,205
107,144,151,177,146,136,129,155,123,115,126,107,107,173,166,161,115,107,149,161,155,144,157,149,107,149,93,76,151,144,101,112,166,76,151,107,76,144,132,129,146,144,121,132,167,161,144,126,129,141,151,129,107,74,151,121,139,136,93,104,141,167,155,134,112,88,139,141,136,166,139,183,166,177,183,175,134,155,172,172,164,153,132,136,161,204,155,123,155,188,155,151,199,208,172,123,120,141,141,138,120,107,129,149,120,88,104,134,101,85,85,104,110,110,120,110,79,110,136,123,115,112,107,64,143,149,120,107,110,90,72,95,157,107,157,169,149,151,161,199,185,167,123,93,129,177,190,166,143,152,123,149,167,195,172,228,167,93,172,196,166,126,69,104,115,136,199,208,157,172,177,115,115,155,173,206,151,166,201,151,115,161,192,181,141,172,123,120,219,222,146,129,206,222,215,211,235,220,237,234,166,181,192,155,138,220,234,183,110,161,131,93,85,120,149,155,177,117,87,85,120,151,166,136,129,141,141,98,87,143,120,131,123,134,136,101,115,107,95,123,138,129,129,117,101,129,141,129,151,76,141,129,148,151,115,131,143,181,155,131,129,161,161,175,76,192,136,151,155,95,123,161,141,141,134,129,129,155,157,114,107,92,141,129,188,117,131,129,141,172,141,166,166,120,143,155,151,151,167,146,131,141,177,155,148,192,141,92,98,107,129,148,129,141,114,134,151,177,148,151,219,205,208,213,199,199,166,183,201,148,141,143,128,120,107,120,114,120,112,131,107,120,92,69,76,155,220,205,157,172,199
166,166,141,121,129,136,129,149,151,126,110,115,132,167,188,136,101,121,157,160,115,129,141,112,141,132,129,107,110,149,110,132,166,167,115,121,85,144,98,115,126,136,101,123,115,132,132,134,123,115,151,141,76,153,115,183,98,149,115,98,157,129,134,126,157,161,141,186,173,173,161,151,151,172,181,164,161,149,160,160,160,164,149,151,177,155,123,143,183,129,166,173,160,167,175,175,166,146,123,132,112,129,155,166,120,76,141,129,87,76,93,120,118,98,101,115,120,112,134,141,120,120,107,87,120,129,120,110,93,107,93,85,123,110,132,149,134,93,98,173,164,166,149,129,134,173,172,157,136,120,126,143,167,199,167,220,185,172,173,186,110,76,79,118,110,149,225,192,151,172,166,112,192,183,179,167,149,181,195,167,167,192,169,136,173,183,143,131,196,219,160,172,206,243,228,192,228,229,215,181,166,175,166,136,157,235,237,192,149,136,98,95,93,129,181,166,155,155,126,110,129,131,107,98,76,136,151,120,115,146,136,76,129,166,177,161,136,166,138,120,131,129,117,161,172,112,143,126,134,148,129,136,148,155,148,155,141,129,183,152,131,151,148,120,166,172,166,155,141,123,136,157,167,148,101,123,157,129,136,136,84,136,136,143,173,110,129,161,143,166,157,177,190,126,129,141,129,155,123,84,148,151,177,161,166,114,166,131,120,131,141,161,141,131,114,157,129,143,192,186,183,192,224,201,192,192,157,143,186,188,157,120,157,166,114,128,141,110,148,148,128,136,101,84,112,199,201,114,87,141,196
173,166,123,123,98,101,136,151,144,129,136,181,191,181,172,153,110,110,160,177,149,129,129,129,134,107,104,132,129,123,136,141,177,141,115,93,129,123,107,115,149,149,107,107,76,107,123,101,149,107,129,155,155,155,141,129,167,132,126,121,110,167,110,115,160,166,160,179,155,179,157,110,166,134,170,160,173,193,160,167,177,157,151,143,155,161,149,132,166,120,191,82,141,155,157,181,120,110,115,98,132,161,177,112,76,88,141,90,136,66,120,149,138,112,101,120,129,101,129,151,120,132,149,98,101,120,120,118,98,90,98,98,112,120,98,132,132,110,126,149,155,185,183,132,126,172,181,151,126,120,136,183,172,143,193,225,215,211,183,149,69,85,143,141,166,157,177,186,161,143,157,188,169,211,161,123,172,204,169,193,181,143,129,166,204,181,149,129,167,204,206,193,228,222,151,214,173,230,192,151,175,188,141,157,151,222,238,188,126,55,126,136,107,161,185,172,117,143,134,101,131,136,93,63,149,141,134,120,123,87,166,123,138,179,136,134,172,192,141,98,146,126,107,120,129,129,123,120,107,107,123,115,110,157,172,151,112,110,161,163,120,157,166,136,151,151,155,123,120,183,146,161,161,166,148,148,167,117,92,136,120,120,148,136,120,141,136,157,166,167,177,155,151,136,120,148,117,123,110,157,129,157,114,177,148,107,136,167,129,136,166,143,120,117,155,173,107,148,188,151,173,195,199,211,216,161,131,131,199,213,199,188,172,183,148,148,136,107,131,161,143,148,84,84,141,166,151,120,141,128,155
141,160,166,149,121,107,134,153,151,146,181,190,173,177,161,166,141,139,166,181,177,146,132,136,115,115,129,121,144,129,155,157,93,121,155,121,101,126,115,134,136,121,98,76,98,118,129,129,129,118,126,160,185,132,183,157,157,166,141,121,149,139,134,144,164,129,136,166,175,155,69,134,144,123,149,188,166,141,166,143,161,132,120,120,107,146,153,115,141,186,136,85,173,120,115,166,160,110,110,118,129,120,93,115,98,104,110,136,143,85,132,132,87,110,132,129,110,87,104,151,136,120,181,129,101,93,141,107,123,107,98,98,110,129,120,118,120,129,118,132,151,173,151,87,138,201,199,185,157,123,151,193,179,138,190,208,203,225,211,120,64,136,173,173,196,172,157,201,161,157,203,161,79,157,166,110,192,222,149,181,143,117,169,201,192,166,146,95,149,149,192,206,193,219,172,161,129,169,173,172,172,131,138,129,167,207,224,213,85,126,110,136,104,129,93,136,166,155,143,110,98,76,115,157,157,131,123,63,136,115,98,87,92,160,131,155,173,129,141,155,151,129,115,166,115,101,131,123,120,146,143,120,98,131,143,129,129,120,129,167,148,148,143,104,148,129,151,148,152,196,148,136,167,136,114,129,148,141,114,141,120,123,166,131,141,141,167,129,175,163,166,148,129,143,134,114,136,148,151,173,134,141,129,161,126,155,104,173,151,157,166,120,120,157,192,148,110,128,166,131,177,181,188,199,177,143,167,193,220,224,199,196,151,167,146,141,87,131,90,123,114,107,84,107,148,114,128,141,110,157,192
164,179,195,141,151,149,139,141,141,144,155,155,160,190,144,177,129,161,161,190,188,144,149,129,121,141,144,104,136,129,123,98,98,129,161,121,107,123,90,136,136,136,121,110,123,129,107,110,139,129,129,161,167,149,166,151,157,173,173,149,132,121,141,153,141,121,129,136,76,95,101,132,123,144,149,132,155,155,160,138,149,129,129,151,120,120,155,101,110,76,107,126,126,166,167,186,164,120,107,120,98,76,93,110,76,123,98,143,59,134,173,79,129,76,120,107,98,120,132,115,132,141,155,167,101,107,74,155,157,115,107,115,112,141,136,93,85,110,120,115,129,146,141,118,161,204,204,175,160,152,166,172,186,169,136,169,206,212,206,167,118,123,151,196,227,216,169,155,149,160,177,107,74,141,157,166,192,192,166,177,146,143,167,166,157,155,104,85,101,136,136,188,167,199,143,143,129,138,155,129,112,155,167,141,172,183,195,199,120,110,120,87,120,93,131,115,129,129,98,98,87,120,146,93,141,107,131,63,141,92,107,85,134,148,148,136,148,129,148,173,98,98,136,76,92,148,98,141,115,131,95,131,110,129,138,131,129,85,98,151,167,120,129,114,143,192,107,143,136,143,173,152,98,92,126,151,166,172,131,151,188,129,107,148,169,141,134,157,167,160,167,155,166,141,120,131,157,177,155,148,173,141,161,155,148,141,157,167,157,167,136,131,161,169,172,136,166,123,151,131,169,167,206,157,151,155,203,221,220,206,167,157,167,181,196,87,107,131,76,114,128,114,101,143,136,131,110,114,151,183,208
193,173,177,136,141,151,144,115,141,139,98,144,181,167,141,179,121,164,157,199,161,157,149,160,141,139,141,151,115,121,115,121,153,121,115,121,136,129,82,144,157,144,157,136,123,149,141,93,115,121,104,151,173,167,141,179,160,149,151,149,123,129,112,121,149,126,139,155,136,121,93,110,110,144,191,155,98,134,107,120,107,110,153,167,141,123,126,118,166,93,110,161,146,161,166,185,120,85,110,120,107,107,107,61,85,129,95,93,115,153,107,66,118,110,87,85,101,85,98,120,120,134,93,120,129,112,143,164,115,172,136,166,107,123,98,74,101,132,123,98,107,129,152,123,167,186,172,151,136,155,166,172,193,183,123,161,199,149,215,212,155,123,172,231,244,208,107,110,138,112,101,115,173,172,149,175,166,166,198,181,126,123,120,123,181,188,87,57,79,76,101,183,160,157,129,172,167,152,157,131,131,141,155,173,196,186,161,166,152,131,120,85,149,134,98,110,129,115,107,107,141,123,76,123,85,129,149,85,115,120,120,110,129,104,129,123,148,166,143,166,151,151,110,129,131,110,157,92,92,167,181,129,90,58,101,141,148,120,141,131,188,120,120,141,151,117,157,120,151,177,152,143,152,84,92,129,138,181,172,117,136,117,79,172,114,69,129,166,151,148,148,141,129,114,134,157,148,157,157,114,120,166,181,160,101,136,172,148,129,151,136,155,185,151,148,183,175,129,101,128,181,177,185,151,167,173,219,227,201,177,161,173,193,173,205,143,87,92,107,167,161,107,161,128,114,141,155,185,175,128,151
188,141,161,153,134,151,153,118,121,151,126,141,149,161,129,166,121,181,157,170,153,167,136,173,134,141,146,144,136,121,157,107,146,161,95,146,121,121,95,126,161,155,151,126,141,141,136,126,104,107,129,164,181,191,129,161,126,126,121,149,149,98,101,151,172,141,136,173,121,98,157,129,136,149,149,144,88,104,132,121,149,149,129,157,155,144,151,160,170,175,123,172,121,144,196,164,93,121,141,98,98,93,115,136,57,107,121,101,72,93,146,107,136,132,104,74,85,98,85,64,76,120,112,98,107,66,107,136,107,172,181,164,120,132,107,112,132,141,107,98,123,104,146,90,161,104,181,107,115,151,155,181,193,157,149,166,186,151,177,193,166,141,196,229,226,175,98,129,85,76,66,134,201,195,72,129,181,193,186,161,134,151,143,141,211,217,115,131,115,55,143,198,199,196,129,160,177,138,157,143,146,149,136,183,199,173,138,93,146,129,131,110,107,146,129,120,136,129,123,115,129,166,157,120,123,141,120,138,143,104,143,92,112,85,115,120,143,155,148,172,177,138,166,117,115,151,76,101,110,181,126,172,72,110,155,141,123,151,141,151,146,134,129,141,148,143,148,123,167,166,141,107,131,136,101,117,120,141,114,98,87,148,129,166,126,151,110,167,146,87,79,114,141,129,151,136,129,136,69,143,131,172,155,129,123,160,143,120,131,141,146,151,192,181,160,167,161,161,120,151,183,186,155,151,166,167,219,222,186,157,172,167,181,183,166,181,107,110,167,131,128,136,123,101,114,136,157,181,186,141,128
144,139,160,161,188,141,173,151,141,161,153,115,107,161,167,149,129,172,146,155,153,186,155,146,161,161,141,115,151,141,141,104,173,188,121,132,139,121,121,93,149,149,136,134,141,132,107,132,136,129,155,177,172,199,136,149,126,110,129,166,164,146,126,139,155,144,132,144,157,123,136,144,149,160,160,144,82,118,155,129,121,136,161,167,167,141,157,188,149,129,134,126,129,155,193,196,146,115,123,123,132,141,132,138,107,93,107,104,76,79,104,186,141,138,115,76,115,87,57,110,146,107,85,64,59,112,76,101,104,107,120,183,110,110,129,126,98,76,72,57,72,93,120,98,59,107,152,101,157,177,166,183,166,161,172,161,201,166,149,173,136,107,143,177,188,172,129,132,79,93,129,192,215,157,110,157,204,203,190,188,192,173,181,196,211,199,166,217,215,161,192,225,219,192,123,155,151,93,123,155,143,120,143,166,157,149,146,120,146,120,129,93,93,172,166,123,129,129,107,115,155,166,129,129,166,117,115,131,93,131,76,87,110,98,92,117,129,112,115,148,146,115,155,161,76,131,107,141,120,129,183,131,101,134,157,131,141,120,151,148,129,141,177,114,92,129,157,177,136,131,84,148,173,112,101,129,129,120,172,110,131,167,148,155,151,110,107,129,161,110,98,120,117,129,136,155,148,151,129,129,152,120,129,138,129,87,155,157,110,129,166,141,161,183,173,148,155,157,143,166,151,161,160,143,143,166,196,206,193,177,201,196,157,148,186,196,128,90,107,107,131,128,92,110,123,131,136,155,161,143,143
141,153,151,173,198,146,129,149,134,149,153,146,110,132,177,110,136,167,173,141,112,199,146,129,151,151,151,141,101,149,132,146,191,136,149,123,160,98,134,95,134,144,141,129,110,104,121,166,155,121,144,166,153,160,149,179,149,123,149,161,166,149,121,118,134,151,155,153,157,107,153,146,166,129,195,161,141,136,118,129,144,149,151,146,155,146,155,138,121,104,149,129,110,166,212,199,141,144,149,126,146,129,107,121,121,79,90,88,98,123,155,149,110,107,120,115,149,166,123,120,129,98,93,85,59,76,93,87,93,107,76,82,107,74,98,126,85,59,41,50,141,151,90,123,115,72,79,149,166,161,175,123,177,196,161,146,181,152,123,152,72,76,95,172,167,181,166,129,112,141,172,217,204,155,151,181,219,215,206,206,166,120,186,229,183,172,177,222,225,216,181,192,195,136,136,152,110,98,141,149,129,117,151,152,166,143,166,143,110,141,115,107,141,166,149,161,152,110,115,141,143,120,107,93,115,98,107,117,101,126,129,107,120,110,92,110,120,92,92,115,141,141,85,129,160,123,131,141,188,148,92,101,143,143,107,141,166,161,141,131,155,120,161,79,131,120,163,148,160,136,123,155,161,98,76,107,155,173,129,192,63,92,120,136,155,131,129,76,112,141,87,123,157,123,110,134,123,141,161,107,148,167,151,110,143,98,161,177,183,143,141,123,87,114,167,157,163,131,129,177,69,136,166,160,155,166,199,211,193,199,211,198,151,148,225,183,120,74,84,120,123,110,101,123,131,120,84,92,120,120,151
118,129,155,193,196,153,112,151,183,183,203,183,123,93,118,107,161,193,164,144,121,115,129,141,107,129,123,139,155,160,183,167,149,144,146,129,98,132,149,129,121,157,144,79,85,110,141,149,141,141,115,149,149,115,166,166,161,181,129,167,132,110,115,118,149,179,155,167,141,149,144,157,166,151,175,149,141,141,129,161,146,126,134,166,151,155,144,115,76,132,123,104,155,136,186,175,155,138,167,167,129,136,144,123,98,98,104,74,107,121,98,87,134,120,134,169,166,132,141,136,90,98,93,76,85,110,104,85,69,76,76,72,107,85,85,143,107,79,95,98,134,167,120,115,120,112,87,132,123,143,110,141,167,206,172,136,160,107,115,123,59,57,138,211,188,193,151,129,143,136,166,212,201,143,164,193,220,219,201,188,161,155,186,195,141,161,167,188,208,151,161,141,181,115,131,115,131,115,123,110,120,157,177,166,167,173,157,93,131,161,129,149,173,143,143,161,141,136,155,138,120,76,87,79,120,101,136,131,136,138,120,98,136,148,120,101,129,136,110,92,120,123,129,101,107,123,129,164,161,148,120,76,131,172,120,120,141,120,141,123,98,101,141,141,141,167,151,136,141,112,138,120,143,120,69,101,123,134,163,87,123,84,148,129,120,95,141,101,126,157,120,87,110,151,141,92,114,177,161,123,192,129,167,87,131,148,172,183,186,136,98,120,123,166,143,175,175,157,107,92,95,143,136,177,155,192,208,193,167,155,172,157,188,196,186,183,143,87,92,107,123,128,128,128,136,117,79,107,146,131,87
132,123,151,166,139,121,157,129,134,181,181,132,110,115,101,107,179,191,166,121,129,170,175,166,132,98,88,139,191,161,172,157,134,161,129,69,85,157,136,136,121,123,129,121,98,121,136,123,126,161,98,151,155,118,155,155,151,172,129,172,134,112,121,144,161,170,155,164,112,157,149,177,104,167,172,153,107,141,153,157,144,153,173,121,123,172,132,90,172,149,121,186,144,79,199,181,121,157,149,151,136,115,132,101,123,110,69,121,126,98,121,107,126,98,129,107,93,120,72,76,87,74,69,104,59,64,93,74,59,76,104,69,87,115,129,146,155,104,76,76,151,155,132,155,132,123,118,98,115,129,115,141,172,151,188,177,149,126,104,143,66,101,219,225,226,141,90,141,98,98,166,201,192,134,157,215,199,230,215,186,173,183,172,146,115,160,164,161,204,143,131,157,143,152,131,129,155,93,95,141,141,177,179,155,151,173,123,136,167,173,166,143,181,143,136,129,136,149,155,115,87,76,101,149,120,136,157,141,129,93,95,117,175,172,123,120,136,138,129,95,131,131,107,129,161,138,129,148,157,123,129,120,123,143,148,131,120,120,123,129,123,141,141,129,151,141,110,131,110,136,157,157,131,107,63,69,110,131,152,155,114,107,148,92,72,129,143,143,148,131,63,92,123,101,141,112,163,129,87,148,110,120,157,82,129,141,166,148,131,143,123,131,129,166,138,131,151,167,104,92,172,87,128,172,161,188,169,136,161,143,128,161,199,205,181,192,128,141,131,114,123,151,143,136,151,138,143,172,163,112,69
157,98,166,166,166,155,141,132,134,172,155,167,161,134,107,136,155,177,149,199,144,161,167,161,118,107,104,129,155,161,107,104,93,136,132,88,132,155,118,141,115,64,107,123,93,95,172,136,85,139,149,144,160,141,126,161,129,161,161,151,161,157,141,161,155,136,153,166,129,153,126,149,98,126,132,157,141,141,121,132,153,144,134,136,151,183,123,157,138,166,144,153,129,123,199,144,151,112,129,151,167,144,134,121,129,76,82,115,121,69,136,93,98,104,87,57,37,50,129,155,101,85,79,79,76,87,76,132,129,85,107,112,98,129,115,93,101,149,90,76,149,141,132,155,155,132,115,115,101,107,166,177,141,141,134,161,110,129,110,59,95,161,226,222,229,155,136,167,107,98,173,183,164,157,164,196,220,237,219,193,183,192,167,129,129,151,183,169,173,155,129,166,166,149,155,161,146,98,141,177,173,167,155,136,129,123,141,120,167,173,120,141,136,136,120,123,141,117,131,149,120,129,164,177,107,123,87,107,107,101,115,155,172,131,136,143,120,136,141,157,120,155,167,151,167,117,131,107,141,136,148,141,74,107,136,131,138,129,136,151,166,131,120,160,161,148,126,143,155,155,136,134,181,157,82,92,117,129,129,129,120,110,155,148,148,151,141,114,110,131,110,57,129,181,136,167,188,120,72,90,126,141,141,107,112,110,136,151,148,129,136,151,172,117,129,114,155,129,136,181,166,151,151,160,143,128,143,181,186,173,155,183,213,193,231,193,114,155,177,92,161,101,148,138,138,148,167,181,138,98,79
118,141,155,161,98,157,149,129,175,181,141,141,160,93,72,141,141,149,191,136,151,173,167,170,151,115,132,88,85,121,126,123,132,110,107,144,144,132,141,146,146,129,95,115,115,107,121,136,161,149,126,118,173,160,107,123,161,164,166,155,166,155,149,172,144,136,164,155,144,149,144,139,115,132,121,151,141,126,104,151,173,121,104,153,166,166,129,149,144,155,177,101,164,181,153,155,112,129,141,149,161,166,123,157,107,141,161,88,98,76,93,69,51,69,37,32,69,64,50,120,107,101,46,123,132,169,141,155,167,107,136,98,107,126,101,101,136,107,87,118,129,120,101,129,136,115,136,87,98,160,155,155,155,118,129,161,157,134,141,143,188,172,193,226,222,179,166,155,90,93,143,129,120,149,157,179,219,215,192,183,161,199,172,129,149,141,192,181,151,152,157,181,215,192,172,166,129,129,164,172,151,149,161,149,149,110,110,107,181,110,120,123,93,141,131,107,141,157,136,166,141,115,192,152,149,72,85,101,110,107,110,146,151,141,146,155,120,120,148,172,120,117,157,151,129,131,120,141,123,120,123,129,87,101,123,129,177,166,161,123,152,166,155,166,148,129,129,104,155,131,157,110,84,157,138,114,136,101,141,76,120,104,138,148,167,120,123,120,79,87,123,141,123,166,173,161,155,129,90,72,107,141,155,136,112,134,141,151,167,146,148,157,131,131,143,188,166,120,222,163,166,131,155,141,131,112,157,166,188,177,157,186,213,210,222,151,92,151,129,110,143,141,120,98,101,151,172,161,143,98,79
129,134,161,153,172,161,155,172,190,183,175,161,69,134,149,139,141,157,104,164,167,167,160,201,188,155,88,88,107,110,155,149,69,95,166,107,134,153,115,141,185,146,76,98,115,88,129,172,144,155,115,136,166,167,144,139,161,139,151,170,155,141,172,183,123,166,172,129,134,141,141,149,139,123,136,166,151,139,144,144,157,141,115,112,144,144,121,121,155,170,153,141,155,136,121,173,157,193,153,107,129,121,115,160,153,157,149,110,82,123,53,51,36,29,53,74,46,76,110,90,85,115,101,136,126,149,123,146,134,143,101,115,93,85,112,110,85,85,143,123,123,104,123,69,186,98,120,95,95,129,157,123,101,164,155,157,196,172,129,166,186,151,186,220,173,164,136,98,138,123,115,129,87,110,123,161,175,151,155,152,157,193,181,131,151,110,173,196,149,149,181,212,222,201,169,143,129,131,136,167,173,161,149,166,173,123,101,141,155,129,155,107,101,141,115,123,141,157,155,143,131,131,167,143,141,79,123,107,93,123,120,112,141,131,120,148,143,85,123,166,115,98,131,136,92,157,92,169,92,129,138,148,129,110,123,148,161,148,120,123,148,161,129,129,148,123,131,129,155,151,120,69,79,173,167,134,104,123,151,114,148,72,131,166,120,143,107,79,107,123,117,107,123,141,181,138,123,110,117,173,134,131,134,107,114,129,146,157,129,120,129,143,172,155,151,155,141,166,183,181,195,173,152,151,166,107,120,143,167,199,186,167,205,201,151,143,123,110,92,143,131,131,79,92,129,161,169,166,181,148,141
121,136,185,166,157,144,151,170,170,164,153,149,85,85,157,107,129,144,136,98,186,121,151,199,161,123,170,132,110,151,129,132,155,118,136,69,155,151,144,139,151,167,132,95,107,123,151,93,199,134,93,149,123,153,129,149,139,121,101,144,151,164,172,170,164,181,164,141,141,76,107,161,118,123,166,191,173,146,161,155,153,155,132,141,149,153,134,132,155,181,161,181,149,98,149,212,204,190,166,132,132,123,101,155,161,149,136,144,166,98,104,55,46,30,50,79,107,79,69,64,69,101,120,129,98,166,118,149,136,129,157,169,134,101,120,136,115,85,64,82,126,123,112,98,112,120,136,85,129,110,129,188,151,110,151,132,141,146,141,126,166,183,172,196,104,120,90,123,136,132,129,151,151,112,149,188,172,95,157,160,167,186,177,131,98,152,186,192,172,151,175,208,193,199,172,131,151,129,141,161,179,166,120,160,192,155,120,131,149,166,160,112,120,149,129,107,120,155,166,155,138,143,172,136,72,110,149,115,129,149,123,110,120,120,131,155,172,110,92,151,129,107,101,107,129,136,101,141,148,146,157,155,123,110,101,110,155,166,123,173,129,112,136,148,146,98,167,151,161,123,107,148,148,131,141,148,50,98,177,161,110,76,166,136,123,79,79,76,151,126,92,117,141,120,141,129,129,141,155,151,161,134,92,129,136,141,136,131,123,136,177,148,87,120,141,152,110,141,186,193,179,163,167,148,148,138,141,186,177,177,192,167,186,181,114,161,155,69,141,123,63,114,161,143,166,161,186,192,181,186,193
126,160,193,164,149,166,155,155,157,144,101,107,132,118,144,144,149,146,149,188,132,141,157,141,167,155,129,166,155,155,173,151,141,179,95,76,157,141,118,107,141,129,121,134,132,132,112,181,139,126,123,107,167,123,118,146,144,121,121,146,167,173,172,149,188,164,144,160,76,136,104,179,129,191,191,155,172,160,160,164,151,160,166,151,149,160,170,151,110,191,155,181,186,157,167,201,196,172,172,155,129,167,141,129,121,146,132,136,161,157,123,57,57,37,53,66,90,64,69,79,107,118,136,132,123,146,173,149,129,155,149,123,136,141,155,149,104,85,110,115,120,104,123,107,141,110,138,93,149,129,143,132,157,138,107,123,123,157,123,161,172,166,79,151,183,199,143,98,87,164,191,120,132,211,186,199,141,120,117,183,136,208,141,141,98,214,186,198,167,152,173,173,177,196,177,129,123,149,161,112,157,169,101,155,173,149,120,120,151,173,143,129,131,160,123,76,115,173,179,143,115,107,136,110,95,136,155,134,141,129,104,115,112,126,141,141,161,136,76,110,120,79,82,120,157,136,141,129,157,146,155,138,123,110,115,131,136,157,172,129,93,120,110,148,157,101,161,148,181,120,120,155,141,112,123,148,87,101,129,134,115,131,196,98,169,98,120,123,136,157,143,101,69,148,107,120,172,131,98,151,143,161,87,129,84,143,151,136,136,92,79,172,161,114,152,161,129,155,181,177,183,148,155,143,155,181,129,148,186,177,192,211,188,181,193,129,107,114,123,101,129,173,172,152,166,173,148,129,136,167,172
155,199,199,157,136,146,155,151,132,121,126,107,134,166,160,167,164,181,85,151,172,161,149,166,151,179,196,166,155,166,181,136,121,161,123,149,129,167,155,141,115,164,173,155,132,144,164,107,141,164,161,121,107,134,79,123,167,129,172,144,166,151,149,191,167,149,126,151,136,121,188,167,149,179,172,144,160,179,170,129,141,173,149,115,151,166,166,129,107,141,166,181,204,179,172,167,191,183,155,155,151,167,179,141,129,107,141,110,167,126,123,95,88,61,72,82,79,64,90,101,129,104,129,151,115,141,151,123,129,164,134,120,129,136,149,141,143,115,107,120,120,120,110,87,141,136,123,98,136,149,132,132,149,151,132,118,129,120,132,149,74,136,129,149,193,120,160,110,98,166,164,110,107,149,208,231,136,98,157,173,203,161,120,110,120,172,211,149,161,186,172,166,206,211,222,129,107,123,167,177,173,166,82,141,129,141,136,141,136,123,149,141,123,167,115,57,136,211,186,152,123,123,129,123,149,149,129,120,143,129,93,110,120,101,101,136,138,87,92,123,92,85,131,155,141,141,148,120,107,134,155,141,136,120,129,148,115,129,131,76,107,120,110,157,157,129,120,155,155,104,148,136,107,129,114,117,129,107,84,123,136,152,146,141,141,123,129,112,114,161,101,79,120,123,120,101,136,123,112,155,143,157,131,98,84,98,107,157,131,87,114,188,166,141,141,107,148,120,157,129,183,181,141,157,136,160,172,136,177,213,222,141,193,196,199,131,69,107,98,110,161,151,155,188,161,157,151,92,110,120,166
201,206,172,121,132,157,161,149,144,144,166,126,129,107,172,181,144,146,155,155,167,167,157,139,126,123,161,181,155,157,155,123,132,129,153,160,123,195,149,155,98,110,157,160,166,153,155,155,123,167,177,144,98,115,155,129,141,155,161,179,181,186,183,166,115,134,101,141,144,149,175,115,101,144,146,149,191,151,170,144,153,188,132,129,157,115,139,160,98,161,177,166,146,164,183,173,185,172,141,141,155,141,172,167,141,98,146,123,132,107,136,157,144,98,121,123,101,107,123,85,110,107,141,129,138,82,129,93,90,104,132,110,141,149,129,151,161,175,166,115,115,93,101,164,115,107,136,112,129,155,149,123,155,181,149,115,101,123,115,141,132,149,172,107,141,199,210,181,120,120,95,101,129,211,225,181,107,74,161,155,131,143,87,107,155,87,164,192,110,161,172,172,211,166,118,185,115,169,219,199,123,161,118,179,149,172,164,131,141,167,157,136,115,141,141,123,181,164,166,201,131,143,155,136,149,161,131,110,110,110,120,110,120,107,110,148,138,98,136,155,120,123,177,196,123,134,123,120,110,107,146,172,161,131,120,134,136,107,98,131,136,129,136,143,131,120,98,129,161,161,151,92,101,143,107,79,101,101,76,85,115,143,120,155,69,123,123,123,92,79,92,131,131,115,120,69,136,151,169,157,151,129,166,123,79,76,74,110,129,141,166,131,143,172,151,120,131,183,148,123,231,166,157,167,166,141,157,151,143,196,206,186,185,190,152,138,76,120,123,123,114,167,172,199,143,101,166,183,155,177,181
212,155,149,139,160,191,151,123,149,153,157,132,161,155,160,134,136,177,157,172,179,173,167,126,115,166,151,157,181,155,139,153,173,155,146,155,155,161,157,144,136,132,134,161,177,155,101,136,151,132,144,132,139,121,144,149,153,201,166,186,151,155,211,175,115,141,141,149,118,173,136,107,107,149,132,164,155,144,129,170,191,191,161,141,112,151,181,191,173,186,164,115,115,141,191,196,167,161,155,141,149,157,177,157,132,149,155,132,107,123,129,195,144,121,129,123,126,129,98,98,107,107,141,90,136,107,129,79,104,57,115,120,141,155,129,129,126,123,149,161,107,66,120,85,98,98,110,157,132,120,136,123,141,161,129,101,72,85,95,120,172,129,136,151,173,212,212,208,172,115,110,132,120,136,157,115,93,151,131,87,183,166,123,101,120,141,131,161,166,161,192,177,161,186,193,160,131,220,181,172,107,151,149,204,186,166,134,164,149,136,167,149,115,120,181,146,98,141,190,213,117,172,183,115,120,143,123,85,93,110,167,115,107,129,115,129,131,129,148,141,148,138,155,167,112,138,115,120,136,107,107,172,172,117,131,131,120,110,166,151,136,143,134,143,120,120,123,136,161,157,115,79,129,155,123,87,115,110,57,76,120,143,131,110,98,107,120,120,87,110,143,148,107,90,123,107,166,177,155,120,177,155,148,131,87,123,143,129,123,148,151,148,167,166,155,136,141,181,167,161,143,141,148,151,148,120,92,157,186,169,177,188,192,177,172,161,138,192,87,129,157,148,192,186,181,148,146,161,199,172,211
186,155,170,183,151,153,149,104,115,149,146,149,166,186,88,149,188,146,206,191,183,181,166,141,136,129,115,90,151,170,172,136,175,118,112,177,129,110,129,115,115,118,149,186,172,172,157,141,151,126,141,149,139,179,157,161,186,193,181,191,204,185,166,186,181,155,132,115,129,115,129,149,107,136,157,129,129,141,126,151,193,160,123,149,129,160,191,196,166,107,118,129,157,144,157,188,191,149,129,123,129,149,170,153,151,136,155,123,118,146,155,175,112,93,115,144,132,120,120,104,107,123,138,132,115,136,132,141,146,74,104,160,151,149,155,120,141,161,118,181,110,98,79,85,87,118,107,123,136,98,85,120,132,141,141,85,93,118,172,120,115,107,112,129,191,217,226,216,151,76,98,136,141,175,149,149,107,101,129,129,141,136,155,120,115,93,107,98,107,172,193,161,155,188,143,76,141,203,186,143,72,141,190,179,157,123,155,173,167,129,151,160,143,151,155,149,115,172,160,123,149,143,141,129,110,98,98,101,141,143,129,115,112,151,110,143,90,177,126,131,161,155,151,164,120,107,148,143,148,129,115,120,126,110,115,126,123,110,152,85,76,148,120,136,131,110,146,151,131,107,129,141,136,141,141,120,141,123,98,123,148,129,129,131,134,120,110,107,107,157,148,107,110,123,129,136,155,129,110,101,188,173,101,148,155,141,129,151,148,117,120,155,173,155,129,120,151,126,188,148,141,129,123,107,143,148,151,92,151,172,136,161,177,215,208,166,161,167,84,69,90,183,172,166,177,172,120,151,166,213,173
167,167,144,85,118,141,129,98,121,144,164,146,121,144,107,144,166,139,193,139,161,173,173,153,149,129,123,115,110,149,183,129,123,151,170,136,132,129,172,141,126,167,167,166,155,115,160,115,101,126,149,136,132,141,141,172,190,195,196,216,208,204,191,157,201,166,110,129,167,155,129,166,136,93,144,134,121,155,153,132,160,191,160,157,141,129,146,151,193,123,129,129,173,160,155,215,196,132,107,115,98,98,118,157,149,121,121,129,132,149,136,149,110,79,115,149,112,112,141,98,85,132,129,143,136,87,151,161,166,120,134,141,166,149,151,157,161,161,104,141,173,129,93,166,66,123,110,120,107,141,120,112,136,149,146,134,149,146,110,138,110,129,107,123,166,211,237,191,115,136,152,166,164,149,149,138,101,115,143,161,149,146,141,157,112,141,76,69,136,186,172,146,166,179,155,120,138,157,90,115,166,167,199,177,149,155,177,141,98,129,157,160,129,141,141,141,181,161,167,107,146,166,115,120,117,101,129,131,131,149,95,115,129,123,149,120,101,136,131,143,151,157,141,143,93,87,181,151,123,131,129,120,120,115,120,126,101,85,112,72,63,143,95,129,141,107,177,141,131,123,82,107,136,141,129,129,126,131,141,129,136,98,131,146,146,134,148,120,107,136,123,98,141,131,115,115,134,87,120,136,161,141,123,155,136,151,155,151,148,136,141,141,148,146,129,120,131,148,167,161,157,160,120,107,151,131,123,129,151,155,143,186,148,148,167,167,181,110,87,82,76,181,205,151,120,166,161,143,201,172,192
172,175,90,28,136,129,110,129,136,132,155,141,129,110,149,132,146,129,121,79,141,146,166,151,141,134,126,146,121,112,172,141,129,129,166,153,164,157,161,175,144,141,155,146,166,166,136,98,170,129,155,149,123,167,157,153,139,219,220,186,164,144,191,183,170,161,107,123,98,160,141,151,160,101,123,183,161,155,149,155,172,155,155,151,139,123,164,166,129,146,155,161,177,164,155,177,191,121,107,110,95,110,144,129,115,98,107,136,123,79,129,123,121,110,115,132,123,85,76,93,93,98,110,129,132,93,143,153,175,136,141,118,157,138,143,185,166,115,141,157,199,166,181,141,149,101,110,132,98,149,123,120,136,132,149,149,151,110,87,112,157,107,110,115,138,181,237,190,167,166,219,201,166,129,123,120,141,161,212,160,131,181,98,166,120,115,134,107,107,166,172,115,152,206,167,183,172,115,123,149,143,136,181,183,181,151,131,166,155,107,141,155,149,115,101,149,167,157,193,143,120,164,141,112,126,131,129,107,120,141,120,143,143,90,85,107,138,76,87,131,138,146,110,53,85,143,181,155,101,115,141,146,115,98,131,110,98,110,123,110,129,141,131,129,136,149,166,129,120,141,92,131,167,123,120,115,120,101,115,120,101,131,90,152,141,148,155,129,95,98,120,123,141,123,85,120,129,107,155,148,123,141,123,117,129,143,136,141,166,151,172,114,148,161,155,114,151,183,183,196,208,186,134,148,199,181,129,134,143,177,183,205,196,157,166,217,175,112,76,129,166,166,193,201,151,196,219,155,131,161,192
129,144,129,64,49,123,215,181,129,121,123,155,166,132,160,126,161,88,101,115,129,144,177,181,172,175,166,153,132,129,166,166,170,167,173,151,136,179,144,181,172,167,146,151,151,110,121,161,110,151,155,121,166,107,155,98,132,191,225,170,157,134,149,201,157,161,69,134,141,112,161,153,139,155,139,129,149,134,134,146,185,155,144,132,144,129,166,155,79,107,167,172,155,149,186,191,155,136,129,115,139,98,107,98,123,85,136,107,132,139,85,115,123,129,121,107,93,115,74,93,101,87,149,146,120,112,141,149,181,166,141,153,173,166,166,175,177,172,172,185,193,186,143,143,172,79,118,104,129,115,123,98,136,157,115,107,129,98,115,87,120,87,118,93,123,85,167,191,161,107,196,240,183,107,76,129,132,211,192,131,149,173,115,157,107,74,115,118,136,167,167,151,186,190,177,172,201,179,166,149,155,131,157,177,193,161,104,141,143,136,157,141,157,93,131,143,188,123,172,173,115,112,155,193,151,101,98,149,172,151,141,107,129,93,117,120,101,90,69,101,136,107,110,123,98,141,157,149,131,98,129,141,104,136,141,107,107,155,138,167,157,131,110,101,136,146,138,120,131,143,148,136,131,120,129,104,85,85,151,98,141,151,115,101,148,131,120,131,110,123,131,143,141,101,76,120,85,155,131,123,129,157,141,84,123,110,114,148,157,123,141,148,123,143,181,131,188,203,198,173,205,177,148,173,211,205,155,151,129,172,173,160,161,181,228,201,131,107,90,98,148,167,167,188,198,224,208,183,199,196,206
136,134,167,110,181,191,172,172,139,141,126,93,115,155,181,166,166,79,155,172,121,161,186,215,212,208,195,177,166,144,151,191,216,206,149,98,149,164,141,141,144,155,155,132,164,129,118,167,129,157,141,95,129,161,136,98,164,177,201,181,164,151,132,172,167,177,166,149,153,144,121,141,107,129,115,167,141,177,166,129,110,181,141,101,141,115,126,115,166,107,190,172,164,173,151,172,173,98,107,141,149,112,95,123,107,115,146,136,144,123,134,101,107,141,123,121,112,107,134,79,93,138,138,149,149,149,153,161,190,183,149,141,166,181,183,173,191,190,181,188,155,129,153,153,115,123,101,136,164,129,95,126,138,107,101,120,151,138,107,107,115,110,136,98,76,98,136,167,118,98,161,191,183,141,87,166,193,157,173,120,152,146,110,123,131,120,157,173,166,204,195,188,167,164,129,151,219,204,155,155,161,143,179,183,169,143,143,177,120,115,183,141,177,161,120,181,166,155,151,167,151,157,188,193,177,136,161,155,123,120,161,141,126,107,120,107,120,141,123,90,107,143,110,110,131,141,141,141,115,117,157,101,110,166,123,155,143,167,149,120,123,115,87,107,143,155,143,143,129,134,148,136,120,131,141,141,115,104,120,107,167,146,141,79,110,141,157,110,92,136,164,155,136,87,90,95,107,161,120,101,148,155,129,123,87,129,143,129,110,101,107,143,129,134,199,166,186,188,205,143,195,183,157,177,185,183,167,155,138,161,181,114,114,219,205,201,129,120,120,107,123,141,107,148,220,238,219,161,169,224,215
173,139,167,198,167,172,172,167,141,107,129,144,160,136,157,166,155,155,173,203,167,144,186,222,211,207,217,219,166,155,191,206,224,225,153,129,151,151,155,144,110,141,155,121,112,141,155,181,157,141,118,139,166,141,101,157,161,166,179,123,104,146,166,151,170,229,196,155,177,141,101,139,121,79,190,121,164,157,146,110,166,164,107,155,155,98,149,115,141,222,166,141,177,144,179,166,151,118,110,121,107,144,118,136,82,144,146,141,126,141,72,146,107,121,110,118,144,93,107,88,123,107,177,107,166,129,188,157,161,141,95,129,110,101,173,196,191,157,181,166,107,160,196,141,167,136,129,149,146,132,107,129,82,87,143,141,136,129,129,129,120,129,126,141,93,107,151,136,104,107,155,149,129,157,173,206,186,76,129,183,193,155,101,107,151,172,215,204,183,208,219,161,161,160,129,167,199,206,123,87,123,157,167,160,173,219,173,90,157,149,155,204,166,123,172,169,198,172,85,117,155,79,120,141,166,167,129,167,161,136,123,129,79,151,98,167,136,120,149,131,93,131,131,85,136,155,134,90,141,141,115,101,149,155,149,166,172,120,93,107,107,120,141,129,141,155,155,155,141,123,134,136,138,134,136,148,141,112,112,120,146,129,104,92,123,123,123,101,79,131,167,157,138,143,117,92,161,173,166,110,155,114,129,157,92,114,141,123,101,110,131,120,155,157,166,177,166,151,188,155,186,186,181,177,169,167,181,155,148,169,169,151,114,219,186,166,161,110,69,120,87,129,131,157,219,205,160,167,186,186,167
151,157,155,164,149,149,177,146,123,121,123,126,107,88,136,107,118,129,136,172,179,167,151,172,164,216,233,209,173,151,191,173,212,234,212,149,153,164,121,129,155,149,141,146,166,186,196,198,167,141,157,191,181,160,177,206,132,93,141,95,132,201,219,186,157,186,238,201,155,144,139,118,98,107,118,167,134,112,129,155,107,110,132,139,166,136,136,153,155,123,172,164,196,207,173,155,157,155,121,121,155,166,107,104,141,132,146,74,90,157,141,98,85,101,149,112,66,88,101,136,129,132,166,181,126,95,149,123,151,161,136,112,101,85,166,186,193,172,203,186,170,188,183,191,161,181,173,134,93,95,76,79,115,149,166,143,101,129,112,132,141,123,141,172,134,115,104,93,115,151,166,134,123,146,166,172,129,110,120,198,204,166,131,177,177,188,221,196,141,157,181,161,129,169,186,167,193,155,101,123,123,199,149,164,201,199,181,141,143,173,155,220,141,143,72,199,123,166,79,152,101,69,123,136,95,131,115,143,213,126,123,76,143,143,66,131,98,160,173,101,151,151,157,167,166,151,107,107,110,79,161,155,110,157,167,101,101,131,98,141,167,155,157,166,157,151,166,161,129,123,151,166,181,123,136,148,141,141,104,107,123,123,107,92,115,120,110,107,120,123,136,141,136,166,143,101,120,148,167,146,129,107,143,98,107,101,129,136,101,92,151,155,157,172,143,157,167,163,186,181,157,196,172,136,166,161,166,167,173,190,166,193,151,186,155,131,181,101,92,134,120,120,148,167,155,98,136,193,173,183,190
121,170,129,141,126,121,155,121,110,157,141,95,115,98,107,121,129,93,157,167,153,141,88,98,188,211,236,212,141,93,126,126,198,235,206,172,164,160,85,164,196,155,129,195,224,193,185,208,181,179,206,222,208,225,231,203,157,115,129,157,206,229,215,215,170,121,173,173,155,186,164,112,129,132,141,141,167,129,98,141,164,149,173,123,172,188,164,155,149,141,179,219,206,172,110,157,188,141,121,118,129,129,132,166,132,129,98,123,126,79,123,172,123,144,149,132,115,101,104,110,170,129,157,173,79,72,115,167,93,151,170,136,107,143,181,195,166,206,190,199,181,179,196,188,188,161,186,151,98,79,85,120,123,98,143,129,110,141,82,179,132,141,149,151,146,112,85,82,98,149,166,172,166,118,110,115,151,160,149,157,183,172,166,166,149,157,196,181,115,143,161,157,167,177,177,181,167,110,155,107,152,167,141,199,211,192,186,173,166,186,186,172,160,151,53,107,177,193,129,95,149,143,141,164,115,107,149,107,141,193,157,129,143,104,155,149,136,123,167,129,166,172,157,138,143,107,87,115,155,129,123,129,93,166,59,120,123,167,157,141,164,167,131,151,193,146,131,143,110,101,134,141,136,92,141,131,126,143,76,63,129,143,120,92,115,120,110,115,129,136,136,134,129,141,157,129,92,92,131,136,98,110,129,110,126,120,98,136,123,98,141,175,172,181,155,151,167,185,175,201,151,192,177,120,151,172,151,167,188,192,172,179,136,148,188,166,181,129,129,101,123,72,126,155,114,76,136,177,172,215,211
173,126,121,107,149,115,141,134,149,166,136,166,129,121,126,186,166,107,121,144,166,129,107,98,181,225,213,190,129,98,55,129,186,190,155,179,115,123,157,198,186,144,186,231,229,170,181,201,204,216,216,229,199,234,232,188,201,212,195,199,226,222,203,204,188,155,157,155,188,191,164,129,149,129,123,115,126,129,126,149,173,160,141,123,166,204,144,136,104,167,225,204,175,149,185,167,149,155,139,129,110,166,157,146,121,85,98,98,90,121,161,126,123,107,123,121,123,115,95,115,166,151,146,126,95,136,155,129,141,188,186,191,191,196,170,136,136,85,120,132,134,166,167,208,172,188,196,149,157,93,132,120,93,98,115,120,107,95,155,149,107,193,98,141,107,143,110,76,72,98,172,175,143,129,132,155,185,141,136,136,155,161,177,136,101,141,161,157,155,161,129,149,179,172,186,196,173,136,141,151,149,188,167,172,181,181,199,177,141,183,179,157,181,141,120,186,186,179,155,115,179,192,157,155,172,151,115,143,199,186,151,157,157,179,149,98,164,166,101,129,172,161,157,87,41,87,157,208,161,110,107,53,186,115,151,93,123,98,101,115,141,131,126,166,157,69,87,149,120,129,129,177,85,131,101,136,141,123,92,123,141,141,136,74,134,107,110,126,148,155,136,148,110,155,161,110,107,110,110,131,114,120,136,141,143,146,114,136,141,136,148,136,131,166,172,169,169,173,175,198,183,199,205,157,161,188,169,155,172,169,151,120,120,172,222,192,167,136,98,76,63,63,107,136,123,148,172,186,220,220,214
181,121,129,88,110,149,141,129,126,155,162,118,98,141,141,166,132,146,112,157,177,172,166,146,181,191,179,204,185,98,126,126,167,149,129,149,118,161,166,204,183,188,206,225,204,183,193,183,177,225,177,206,144,211,234,157,217,226,217,212,224,206,181,172,190,181,185,181,170,172,173,157,136,115,149,129,98,110,144,161,166,141,134,151,153,172,129,167,172,146,204,179,172,164,149,155,129,155,151,110,90,136,157,112,115,88,110,121,123,98,136,129,104,129,123,121,115,90,79,136,166,181,164,101,177,141,149,172,191,177,222,201,191,183,146,129,149,129,85,90,126,153,123,151,208,181,181,166,157,101,141,149,93,120,85,129,87,90,132,149,120,166,101,107,132,155,85,85,107,107,141,138,110,161,167,173,199,85,164,129,110,136,181,129,85,107,112,132,183,166,167,181,66,101,192,173,149,120,66,141,181,198,181,146,173,188,188,199,181,167,169,183,186,151,166,201,179,173,183,183,201,185,149,167,172,151,149,207,216,129,90,161,186,149,149,120,120,136,110,107,98,160,141,95,85,155,204,141,115,149,117,87,173,76,115,93,76,129,136,120,161,161,141,131,101,85,136,157,136,143,160,85,167,123,72,120,104,131,120,141,136,115,167,107,136,79,143,110,155,155,141,141,131,157,134,110,136,136,110,141,143,129,126,131,129,131,136,143,131,123,131,151,155,141,167,181,163,157,177,205,183,157,188,199,186,163,173,167,141,131,151,143,167,173,201,196,129,129,107,84,52,57,84,98,161,213,201,193,234,231,227
162,157,115,110,134,141,115,88,98,95,90,85,95,121,126,129,115,144,160,149,151,175,204,213,172,155,199,225,212,177,195,162,179,157,155,141,149,104,164,172,181,167,155,183,196,195,207,183,185,181,98,110,157,149,224,149,211,206,209,211,219,181,136,164,204,206,196,193,181,193,177,157,153,136,146,161,132,134,144,149,115,129,129,144,129,123,166,132,149,188,167,155,181,177,151,155,149,151,157,129,112,118,115,115,121,98,98,107,136,181,115,110,115,85,104,110,98,101,115,139,166,167,166,179,151,93,153,196,199,221,212,204,166,141,143,136,129,151,132,155,166,151,136,155,141,186,207,199,170,191,155,129,112,104,112,101,146,79,151,132,129,104,129,115,155,132,98,123,115,110,115,93,98,166,172,167,181,126,191,107,76,136,115,110,115,87,93,115,151,181,199,190,50,115,173,152,85,112,149,166,167,166,161,157,151,166,201,219,193,115,141,183,208,166,155,188,166,161,172,192,173,157,151,141,129,110,151,213,215,172,120,151,167,107,138,115,79,136,141,117,129,155,166,146,161,167,167,129,123,120,123,134,141,120,136,120,172,146,107,87,141,141,107,120,110,129,175,129,149,90,131,192,126,87,143,115,123,92,136,120,131,143,143,131,131,115,138,101,129,166,98,129,110,148,131,136,129,143,138,107,148,141,76,123,123,110,151,129,129,92,120,155,151,157,173,181,151,167,183,181,172,151,188,213,167,123,143,155,157,157,181,148,129,167,181,129,136,151,120,123,87,58,84,101,166,220,215,188,221,232,224
167,173,104,136,167,115,110,95,85,57,76,115,98,98,118,123,141,149,121,121,129,155,198,225,172,146,186,220,221,201,183,177,157,141,132,155,160,132,186,136,144,126,144,146,166,155,166,219,199,123,110,88,173,199,215,191,207,183,191,212,211,209,225,221,204,195,190,220,226,213,160,183,151,149,149,183,172,166,157,115,123,149,93,126,151,134,129,123,172,204,153,172,199,201,186,157,126,123,146,149,123,118,115,123,144,82,93,136,141,141,141,85,98,121,121,88,129,146,160,161,129,126,132,120,146,143,153,164,188,208,195,181,134,136,166,175,151,149,177,157,129,107,110,149,183,141,143,211,195,172,155,136,98,104,146,118,112,132,98,136,98,129,129,146,129,129,151,134,95,101,123,110,101,132,118,167,155,177,149,76,107,107,129,149,136,85,87,141,161,172,172,183,155,186,183,167,126,157,217,183,126,132,123,120,151,190,206,183,155,141,173,167,208,192,143,143,172,183,186,192,155,179,160,98,101,134,149,155,196,195,151,129,129,129,129,146,120,143,157,151,120,117,136,141,151,134,131,141,120,85,126,141,149,157,101,107,172,123,115,129,110,169,169,149,138,151,179,141,161,93,143,126,141,141,104,123,120,146,161,155,101,141,151,164,98,148,157,123,129,141,143,92,172,131,92,141,141,120,117,131,155,123,63,143,136,101,79,123,87,110,141,161,151,181,186,166,151,173,172,129,166,186,196,196,167,155,143,143,177,172,136,138,126,188,167,129,181,157,138,136,146,114,120,129,155,183,177,141,186,237,227
201,185,129,101,132,112,129,129,93,115,121,107,129,123,118,123,136,132,98,132,118,141,172,191,155,151,181,186,186,181,172,149,93,72,149,141,161,157,149,132,112,123,153,144,141,173,186,212,181,139,129,129,172,191,211,183,175,160,186,203,233,248,245,225,204,173,217,207,219,216,186,183,149,172,186,215,172,173,157,121,121,115,115,155,179,141,141,161,157,191,167,172,190,199,172,123,129,149,139,132,98,136,161,141,129,88,123,76,186,132,157,121,82,132,134,132,121,157,139,144,149,149,69,104,160,167,181,166,146,141,153,160,134,134,151,120,188,136,132,155,93,129,136,134,110,151,141,179,195,191,172,129,149,98,110,146,110,87,110,136,123,141,143,115,136,151,123,115,129,98,93,120,115,110,120,143,132,136,134,138,87,72,164,136,129,87,141,196,172,141,161,161,172,199,172,188,192,186,208,198,98,98,87,129,173,196,188,152,138,173,193,151,172,157,151,143,206,192,177,196,183,157,155,126,110,98,143,149,172,196,185,151,85,129,149,173,155,172,181,177,166,143,160,152,129,129,129,110,98,72,167,166,141,161,131,129,167,157,120,129,107,155,172,93,129,155,161,134,115,93,143,172,79,87,141,107,155,136,155,172,98,76,107,90,161,112,148,136,131,167,136,101,69,101,115,131,166,129,141,141,129,134,126,129,136,95,120,155,161,143,157,155,172,148,120,136,177,167,161,120,141,222,192,186,193,163,141,143,166,151,123,166,167,166,161,167,203,175,148,58,129,185,181,143,107,129,84,92,219,220,222
213,172,151,141,110,112,129,151,129,149,167,141,129,129,141,115,93,146,155,129,98,153,185,181,157,151,151,151,151,157,153,104,76,115,160,151,167,144,155,123,110,129,155,166,144,172,199,181,139,157,155,144,191,191,160,166,149,144,155,199,237,249,236,186,191,191,166,177,186,220,226,185,164,199,199,181,167,144,161,151,98,107,188,188,181,172,172,166,164,172,166,166,181,199,144,107,141,157,136,136,107,126,160,123,129,134,129,79,141,136,121,129,110,126,132,121,141,141,149,153,101,172,107,149,129,167,170,175,132,160,186,132,132,166,155,118,141,153,151,143,151,151,149,129,143,72,98,143,201,164,191,199,138,118,87,120,126,120,120,136,129,110,129,138,98,98,107,107,129,141,107,120,129,141,110,110,120,104,98,132,157,166,132,107,141,155,164,181,138,120,172,141,120,149,179,190,173,210,167,181,143,157,120,149,166,173,181,167,138,160,193,136,149,107,166,166,173,166,173,193,198,98,120,155,143,93,120,214,185,173,169,149,141,167,166,161,172,161,155,143,167,151,90,112,160,155,129,115,115,149,151,110,120,141,141,149,141,136,98,129,166,123,115,115,107,141,151,117,72,129,181,131,66,98,141,101,120,155,161,151,87,69,76,92,143,129,141,141,115,151,120,129,110,120,148,157,199,167,129,160,151,136,104,104,143,173,151,172,161,141,186,173,50,76,110,110,166,167,155,148,143,193,172,186,190,123,148,161,151,151,151,167,172,167,152,181,201,177,129,79,143,190,196,143,98,129,136,157,235,216,206
183,166,160,139,149,146,149,144,129,123,166,93,157,141,126,101,144,153,144,129,129,167,167,172,162,132,121,139,162,139,144,95,151,141,167,179,149,118,153,141,139,132,155,177,149,141,167,157,141,166,160,166,181,110,121,172,149,177,177,196,229,235,211,155,155,188,173,136,166,216,227,198,153,139,166,166,144,155,188,196,211,213,173,181,151,173,164,153,161,161,172,167,155,157,141,126,141,149,141,126,98,110,161,110,161,136,121,107,118,144,121,82,123,118,107,126,160,172,175,161,107,144,157,155,136,161,143,170,155,136,120,149,173,175,153,167,115,115,167,166,155,160,157,193,136,141,129,166,208,203,161,191,172,101,76,107,134,112,129,136,79,85,112,132,120,87,120,123,112,132,107,93,112,132,143,143,107,120,132,79,164,206,143,141,157,183,199,192,141,149,192,129,87,186,199,151,129,173,112,146,201,207,179,161,169,173,173,173,157,155,185,107,141,107,167,149,141,177,216,172,155,136,126,149,149,151,169,201,143,161,151,136,196,149,166,173,177,131,101,126,149,136,110,136,177,151,98,101,167,161,98,101,160,123,141,155,166,123,98,110,166,157,149,146,79,143,157,120,93,131,131,136,151,131,123,76,101,157,120,87,92,76,131,131,120,131,141,155,141,155,172,120,76,101,141,166,120,117,126,146,161,123,131,167,173,161,183,131,157,183,120,114,123,129,136,123,151,167,131,131,163,148,172,163,126,114,131,161,157,157,157,157,148,167,155,151,193,151,107,110,131,166,186,161,148,166,166,173,208,216,192
166,129,144,139,136,167,141,95,93,129,98,101,141,98,104,149,151,107,149,173,141,151,162,141,172,134,126,144,139,129,129,155,107,153,151,129,132,132,123,161,144,121,167,188,141,121,129,155,132,172,172,151,136,146,175,161,166,193,177,191,220,224,186,115,149,193,161,85,155,207,181,175,166,104,136,144,136,190,208,220,211,188,179,186,161,146,146,132,166,185,157,172,132,118,139,129,155,141,118,118,123,121,132,121,139,107,121,121,129,146,110,93,129,132,141,166,160,157,164,153,155,132,166,144,185,181,201,146,155,132,149,155,166,166,149,155,199,141,181,188,141,215,132,172,179,181,173,188,177,201,196,141,143,123,88,115,90,151,98,166,98,79,107,87,141,141,110,132,120,98,141,199,129,107,136,123,167,53,95,167,188,193,181,166,201,212,183,183,192,166,173,186,155,157,186,161,129,129,132,155,208,211,185,192,186,181,186,192,183,173,160,129,141,118,157,134,172,190,183,115,110,155,155,166,161,181,192,129,149,172,129,129,115,143,166,183,136,149,107,123,155,155,136,129,123,126,151,166,181,161,166,107,149,138,93,161,151,149,112,123,172,167,85,107,143,172,172,157,110,169,151,166,186,120,131,146,129,110,120,129,141,92,98,177,172,120,110,141,141,129,161,157,120,110,107,166,193,173,157,110,136,141,167,160,129,155,151,141,157,143,141,129,161,155,134,136,166,155,129,131,161,155,157,136,161,136,131,161,148,157,146,129,110,138,186,167,183,173,126,136,87,136,161,173,172,181,161,166,188,201,208
136,104,136,155,121,95,110,144,134,118,112,126,123,101,146,110,66,181,155,151,132,166,167,134,126,149,129,107,121,149,107,107,115,149,141,121,112,157,123,146,112,155,164,173,155,141,149,149,139,155,136,172,134,188,209,181,191,208,177,183,213,208,155,101,177,188,166,149,204,185,177,188,161,155,123,146,206,236,237,231,196,179,191,216,190,164,167,164,199,196,141,160,132,123,136,129,144,129,115,126,132,107,121,121,126,115,61,85,141,134,115,121,146,151,146,151,167,183,167,161,161,141,181,166,186,186,191,132,155,161,149,141,149,177,191,166,166,201,186,146,173,146,173,138,166,186,191,188,181,193,181,167,177,151,76,115,151,104,87,107,129,98,112,120,132,115,85,112,107,129,132,74,123,93,134,115,93,149,155,164,90,164,177,146,141,155,161,155,173,164,172,185,206,206,151,152,181,123,115,199,215,183,166,188,193,181,183,207,201,186,166,167,155,120,141,149,173,151,98,110,93,120,164,173,164,172,157,151,141,104,110,141,101,157,166,155,123,161,134,141,173,161,120,93,117,146,160,149,155,157,155,98,181,131,120,115,136,151,104,143,151,115,107,120,185,172,141,155,167,157,120,188,138,149,85,76,92,148,129,115,138,120,141,155,123,164,120,120,92,157,157,148,148,157,138,129,186,198,129,92,151,157,141,110,107,123,161,110,131,101,110,87,129,166,136,107,82,101,177,177,141,161,143,136,151,166,167,172,172,172,107,120,155,157,186,166,173,224,188,98,79,143,141,161,186,175,155,166,188,185,215
115,134,102,115,85,93,144,173,129,129,166,107,132,157,101,69,149,93,141,121,139,170,149,144,115,132,149,104,107,141,101,104,123,177,95,173,85,149,132,107,121,167,161,164,160,129,167,155,151,123,129,186,188,157,201,222,212,186,195,186,186,155,123,149,186,167,219,224,220,204,219,220,172,164,123,164,226,241,234,201,188,179,206,226,219,201,166,179,199,186,149,149,141,121,98,121,129,95,115,129,110,149,177,172,107,85,51,88,161,136,134,115,149,155,123,132,175,190,164,160,146,155,179,155,175,173,143,134,157,161,161,170,155,172,166,157,190,199,181,151,173,151,166,191,186,222,226,199,167,181,193,166,161,164,120,98,76,123,155,93,143,104,74,167,132,166,151,93,110,123,129,107,110,79,115,110,112,136,132,120,164,98,138,141,132,129,173,155,141,186,183,169,206,172,188,225,206,110,173,172,224,220,201,157,157,201,192,155,199,199,149,172,161,186,115,136,129,101,87,120,112,151,172,164,164,167,166,160,101,98,164,181,151,143,134,134,164,155,151,177,166,136,131,129,120,120,117,155,166,120,136,149,157,107,123,123,151,129,107,131,143,90,85,123,138,164,120,149,129,129,155,161,120,136,107,123,167,92,123,120,131,129,112,148,120,148,166,98,167,69,161,129,148,141,173,131,101,115,167,179,136,157,69,120,120,148,155,148,157,87,114,101,179,173,136,120,136,129,148,173,173,155,129,131,120,148,112,177,183,163,143,186,186,173,166,131,148,201,157,112,101,76,101,143,173,172,186,177,167,157,186
118,115,121,110,129,153,179,173,141,151,151,121,155,141,93,107,149,157,123,149,141,144,149,121,118,123,123,107,101,101,167,172,134,170,121,136,123,149,129,118,85,144,161,167,149,110,155,157,134,136,151,153,215,149,190,190,191,136,166,136,146,146,139,164,155,160,141,222,227,235,244,227,201,166,167,199,216,212,226,206,166,201,225,239,239,196,166,141,195,204,141,129,136,107,136,115,72,88,115,146,155,166,146,183,149,82,110,79,141,93,115,132,153,141,110,134,155,157,160,155,177,177,160,186,166,166,181,172,149,172,181,172,166,186,175,173,149,123,155,143,132,157,157,167,208,216,186,157,143,157,166,161,151,141,132,79,101,95,82,136,120,155,166,57,149,161,107,101,129,112,120,107,57,167,161,123,167,87,173,95,120,64,104,115,157,129,120,136,132,157,155,149,93,220,104,229,155,192,157,196,190,231,173,120,104,183,193,143,149,177,141,161,143,196,183,120,101,112,93,157,166,141,183,188,173,167,134,161,134,172,216,161,166,157,115,143,173,157,155,177,157,131,166,141,101,115,155,166,149,110,141,151,115,123,110,155,143,134,141,110,120,110,101,117,123,155,157,155,112,155,101,123,138,129,157,123,112,107,107,148,131,138,129,129,148,141,148,101,131,129,90,136,107,101,129,120,107,151,161,101,110,151,141,87,120,131,161,151,129,44,92,143,110,148,129,123,120,148,167,183,92,123,138,87,201,92,120,161,134,155,166,148,146,148,143,98,141,181,183,141,136,120,110,129,166,177,199,198,155,131,143
107,113,91,121,124,113,141,151,129,129,141,132,149,167,118,134,121,134,149,115,121,149,160,188,166,121,149,149,149,141,98,98,121,146,129,93,153,141,101,110,98,110,139,141,129,121,132,141,161,146,161,164,141,185,157,107,166,110,85,98,161,181,144,129,101,101,76,198,234,237,239,193,224,198,211,225,206,191,213,233,232,227,193,232,237,181,129,134,225,177,157,129,136,101,110,141,98,95,134,141,183,157,151,191,157,69,76,112,123,149,155,172,144,110,149,157,161,198,149,155,198,181,149,234,141,229,212,170,161,177,175,166,177,193,172,170,144,98,136,101,129,144,172,181,183,173,149,141,132,153,186,155,161,155,153,141,82,93,85,149,132,123,107,90,120,153,136,110,136,151,120,132,120,143,166,107,98,138,149,157,120,85,74,101,129,149,123,136,129,118,132,129,146,115,129,166,141,241,143,136,188,186,155,132,143,149,164,120,166,120,155,143,167,186,186,98,167,123,143,173,181,186,192,179,143,155,131,123,183,172,188,149,161,157,126,138,161,166,155,149,149,166,155,120,120,155,157,141,149,120,53,129,117,110,151,143,138,155,141,107,104,138,110,120,149,149,161,155,129,149,93,151,149,129,115,90,131,161,138,155,143,95,120,126,138,117,104,115,131,120,123,98,58,110,98,129,160,151,141,92,136,216,107,120,92,161,148,143,131,161,129,129,112,131,143,123,129,104,110,120,146,120,155,148,163,136,131,192,136,161,167,84,141,143,101,141,157,151,148,110,146,173,114,107,131,148,216,155,172,166,138
107,98,181,107,104,118,124,132,167,155,149,167,166,162,162,146,115,157,144,129,149,172,162,136,157,155,115,134,141,144,132,85,98,157,118,98,98,126,85,88,123,107,123,144,126,123,149,179,188,155,155,151,161,132,144,121,160,129,115,129,155,155,126,76,95,141,209,226,238,220,121,157,224,228,175,179,177,167,191,239,248,240,211,207,216,164,141,123,191,161,167,173,132,93,118,166,134,118,146,139,121,141,204,136,110,69,98,115,136,110,173,173,164,110,129,191,188,151,132,181,172,198,164,227,243,209,208,172,170,141,172,188,166,153,151,146,136,141,93,129,151,151,166,161,155,141,141,134,123,164,193,157,141,183,167,132,88,93,120,118,93,98,85,74,157,188,141,110,87,136,101,76,98,115,136,98,118,134,120,79,85,85,107,115,120,120,98,107,136,141,166,110,107,93,132,90,149,188,192,183,212,220,177,164,143,138,172,193,166,107,157,132,172,107,151,204,198,186,206,199,186,172,107,101,155,151,123,175,131,136,155,181,161,141,204,129,155,177,146,120,151,131,129,157,155,149,155,151,136,123,42,129,129,172,143,129,141,149,117,110,110,129,136,126,141,120,112,136,131,136,151,166,138,117,120,110,143,166,149,131,107,98,107,85,98,126,131,92,110,151,120,72,58,101,129,120,141,172,136,131,155,152,136,123,110,167,157,167,143,123,107,76,110,129,120,107,120,155,120,101,157,141,143,141,177,87,199,143,155,141,148,157,120,146,166,155,136,98,107,196,213,151,136,87,136,213,148,166,192,143,141
177,107,179,98,115,102,102,121,129,157,175,98,181,151,222,139,155,132,132,166,167,151,151,157,144,132,101,121,151,155,72,101,149,162,132,115,93,110,112,69,144,155,123,151,141,151,129,155,188,149,126,170,204,216,183,193,212,173,136,129,149,155,104,90,173,228,235,245,237,155,57,155,211,204,134,121,129,126,161,209,232,242,240,188,196,153,136,123,155,149,149,173,123,98,132,139,155,134,110,110,139,129,160,118,110,74,121,166,107,110,155,149,161,144,107,167,191,157,139,157,151,161,196,234,216,173,201,157,186,149,167,166,146,141,132,110,149,173,76,188,115,177,173,141,149,123,141,149,126,149,186,172,151,172,166,157,123,101,115,115,110,101,85,129,199,195,118,101,85,85,149,118,90,129,132,87,172,164,157,112,76,72,110,132,107,87,132,149,129,123,112,115,123,151,101,107,149,146,85,183,181,186,199,175,166,188,166,155,161,107,120,143,110,155,143,212,222,229,188,213,183,177,131,107,149,149,160,151,143,188,149,193,199,131,172,161,199,183,149,87,93,134,136,136,120,149,161,149,115,131,136,161,177,166,93,141,138,157,120,85,104,123,166,136,110,136,107,134,136,136,151,149,157,141,131,120,110,110,123,104,112,160,120,87,131,161,157,129,101,101,157,136,87,101,120,131,136,138,148,129,115,120,155,120,98,161,148,164,148,143,166,181,129,98,104,155,136,117,166,148,141,141,148,131,173,131,152,148,136,141,143,141,173,167,151,148,114,123,192,188,211,157,129,107,206,107,167,173,131,155,166
93,139,132,126,118,121,91,85,88,141,90,162,51,160,76,188,144,144,132,155,153,134,126,136,136,166,160,110,170,104,191,93,167,157,129,121,177,123,123,129,149,175,136,149,149,93,144,132,149,98,95,188,239,249,231,227,235,196,107,118,149,151,129,151,217,227,238,246,237,183,193,224,209,172,170,134,98,118,134,172,185,204,222,181,170,167,129,151,144,149,164,151,118,134,161,136,132,118,107,141,155,126,132,129,123,121,129,126,107,121,121,112,129,170,149,181,222,188,141,118,167,136,157,196,212,204,149,204,129,160,161,166,149,155,132,155,183,110,153,166,123,167,157,107,157,121,141,153,155,157,173,188,155,110,170,172,104,123,115,101,98,95,120,143,167,166,110,90,120,136,167,166,151,151,120,120,157,141,129,85,85,74,107,129,129,134,85,101,112,90,85,104,110,107,157,143,120,120,149,143,152,166,186,151,149,172,120,136,175,138,118,129,177,151,166,204,225,226,155,141,196,177,149,123,117,157,157,151,181,192,172,186,186,123,173,166,199,157,151,131,131,141,136,107,101,151,151,172,98,141,120,206,146,161,136,141,157,161,136,110,143,120,112,151,123,177,110,138,141,136,155,107,166,155,131,110,123,131,120,117,131,148,129,146,166,151,141,117,117,107,143,161,136,120,120,120,123,120,115,101,92,131,129,148,155,161,148,143,166,177,179,155,129,146,138,141,143,134,136,107,114,120,136,131,151,151,143,155,155,129,110,148,167,186,167,167,183,129,129,230,201,134,98,84,143,148,161,172,190,177,151
93,132,141,110,51,102,134,113,85,82,144,76,93,146,115,181,149,155,107,153,126,166,123,149,144,144,181,149,149,166,149,153,177,157,149,107,160,121,129,166,149,123,136,93,88,141,126,121,144,141,185,209,230,248,246,249,191,166,121,132,161,151,157,177,216,237,243,232,243,245,250,248,245,226,198,149,107,157,188,188,177,172,177,172,172,181,149,164,172,181,155,115,129,166,191,129,76,93,144,136,132,129,149,141,107,104,115,164,121,123,141,121,129,173,195,199,215,226,219,181,149,141,141,188,204,185,172,191,157,155,177,173,136,134,166,138,141,161,155,149,181,115,95,155,129,166,157,173,190,173,157,181,144,95,177,167,88,141,82,98,141,72,157,120,143,143,126,110,155,183,149,177,181,151,123,141,110,157,141,157,61,93,136,157,149,132,85,85,123,82,107,120,87,123,132,120,115,112,76,85,143,160,132,132,141,164,166,190,206,149,151,161,112,98,132,173,186,219,193,179,226,196,143,141,166,166,110,107,177,188,169,143,151,192,172,181,149,129,192,188,126,115,143,126,115,141,136,123,90,157,166,166,134,188,110,215,143,129,151,169,173,136,123,149,149,141,149,138,146,134,149,57,155,146,136,123,166,155,110,155,169,117,136,123,166,123,131,141,148,85,136,155,141,107,87,107,126,126,115,131,134,123,141,181,166,131,161,141,131,161,136,143,157,157,148,120,141,167,131,110,129,120,131,148,151,161,173,151,151,161,157,141,141,181,163,161,166,148,155,183,220,161,136,114,98,188,219,148,155,136,141
118,107,88,93,98,136,139,121,129,121,90,153,149,121,139,177,166,123,149,141,141,144,98,144,167,107,118,160,149,121,132,136,188,160,141,107,155,134,110,167,129,79,123,139,88,121,149,136,177,231,191,228,173,234,244,237,166,164,157,173,207,190,177,204,175,155,236,241,248,252,244,248,253,241,188,149,141,167,204,206,172,153,132,170,161,179,149,191,204,161,123,121,139,149,177,161,118,107,134,115,123,121,141,144,85,115,141,141,149,149,155,132,129,181,204,188,190,228,244,232,167,155,186,206,199,191,186,193,204,170,160,172,167,144,166,193,141,138,185,188,175,166,149,115,155,160,183,199,181,186,170,123,151,167,161,155,115,121,49,172,136,98,151,107,101,141,166,161,146,167,149,166,146,123,151,146,172,172,173,177,101,120,166,132,98,115,129,79,98,141,104,90,110,87,87,132,129,129,132,120,87,115,101,90,129,149,188,199,195,157,155,129,93,141,151,166,175,183,166,166,215,229,186,173,173,157,173,164,129,167,136,149,183,181,143,131,115,141,183,193,183,141,136,138,146,161,120,123,136,203,167,143,161,136,87,123,157,141,136,161,173,149,129,115,134,85,166,131,129,164,107,98,134,134,149,136,120,136,141,157,166,143,98,107,131,129,136,173,115,129,92,141,101,136,129,112,120,117,136,155,90,161,192,129,155,85,177,115,104,155,157,167,157,129,141,148,134,134,131,129,107,120,152,166,173,152,166,173,155,129,143,186,161,141,151,136,120,107,186,211,167,173,172,143,131,84,123,151,114,129,167
102,95,88,121,151,144,121,107,93,129,144,129,136,136,136,146,157,132,107,134,121,149,199,153,107,121,155,139,129,141,144,162,129,129,121,107,141,121,134,123,129,149,157,181,173,123,144,172,204,191,193,186,215,173,191,166,149,175,188,217,232,224,181,153,190,226,229,235,247,242,225,247,253,225,216,153,177,166,173,166,134,155,129,144,161,172,155,141,164,175,110,93,134,132,146,157,153,123,115,121,110,129,121,166,107,151,115,101,153,129,141,126,155,191,196,190,196,207,232,236,206,204,201,212,186,177,195,181,172,198,166,141,157,166,188,204,177,138,183,208,219,212,175,186,155,141,186,161,141,153,161,149,161,177,155,172,112,107,166,123,110,120,151,115,85,172,193,164,120,155,164,136,136,161,160,132,161,173,181,164,173,151,166,129,141,161,157,110,107,136,107,112,141,85,98,173,123,120,146,115,93,93,93,85,107,115,82,183,166,183,143,161,110,161,161,149,172,118,191,238,192,157,181,177,167,181,138,152,136,143,155,173,173,179,161,129,141,177,167,183,172,87,87,136,138,141,141,155,155,206,167,149,157,117,164,143,101,146,138,136,141,151,131,107,129,98,123,131,167,173,155,98,115,129,136,98,117,136,131,123,148,157,101,110,129,115,120,172,101,120,69,123,107,193,155,110,115,129,141,141,85,141,143,115,161,112,148,101,141,134,117,146,167,117,87,129,146,90,129,157,107,114,181,167,155,76,120,167,131,120,141,173,166,136,110,87,114,167,172,143,181,196,177,131,92,107,101,101,146,136,120
85,142,142,113,136,124,126,129,107,132,126,129,129,129,112,101,121,129,136,107,107,141,166,123,90,155,166,129,98,149,149,155,112,141,141,112,164,121,126,173,164,136,118,149,204,172,155,224,193,151,196,195,155,222,155,141,98,115,201,234,219,221,204,144,191,155,157,196,204,175,229,247,241,226,149,173,183,161,115,118,118,115,129,136,164,121,115,173,149,129,98,101,57,90,110,110,132,132,121,153,115,115,183,107,149,115,132,101,85,95,144,136,166,186,170,164,166,196,201,186,193,227,215,185,157,186,190,179,181,219,167,82,144,199,204,191,153,173,211,222,199,211,185,195,173,141,153,151,129,129,166,191,155,157,166,118,101,98,123,121,115,112,136,132,138,151,149,149,132,155,151,136,191,211,132,69,167,208,155,170,186,191,183,157,191,204,166,149,157,167,175,164,110,107,118,181,141,143,112,155,101,93,107,126,93,93,149,107,123,199,166,206,85,222,129,173,123,141,213,186,152,143,151,185,193,166,167,138,155,141,155,157,190,149,107,98,117,143,179,172,141,107,98,134,157,149,149,199,183,129,117,166,169,141,115,157,131,120,141,141,107,117,104,72,115,120,123,143,149,120,134,129,98,123,123,115,167,141,123,141,151,151,136,141,136,115,115,141,129,90,107,92,129,192,141,101,151,160,148,129,117,76,136,131,151,148,143,126,155,92,114,120,157,141,92,101,120,107,136,173,110,82,157,192,120,110,98,148,123,114,155,181,136,131,131,120,155,172,167,101,172,157,151,155,107,101,84,157,172,101,101
151,129,107,102,129,121,121,142,129,172,132,121,129,126,121,98,126,141,149,153,115,101,123,134,129,136,107,136,123,141,155,139,155,132,149,141,146,170,149,141,146,129,126,141,157,198,188,175,186,199,224,204,172,220,186,134,107,144,167,231,219,166,166,191,201,155,110,186,101,149,155,215,238,215,155,139,161,149,144,161,151,85,149,167,160,179,195,167,166,129,141,139,74,85,144,121,118,132,118,132,177,141,136,141,146,110,101,72,76,79,160,141,161,167,134,76,107,196,151,88,164,208,217,173,193,231,222,193,167,190,164,132,181,201,199,193,141,157,219,229,196,201,193,211,155,98,136,144,123,115,144,161,149,155,134,129,110,112,138,129,118,115,110,115,120,164,151,141,161,155,143,175,181,166,126,110,224,225,161,181,173,199,151,155,196,201,167,166,183,188,201,199,157,115,141,141,167,172,120,141,141,129,132,120,123,120,87,69,141,157,175,166,199,183,161,173,110,198,151,167,98,131,177,185,188,173,107,172,149,123,161,155,155,131,90,123,115,123,177,203,167,155,129,129,151,136,183,149,143,129,141,167,101,123,129,120,131,120,129,149,120,101,129,117,134,157,149,141,123,136,134,131,90,115,151,143,149,155,120,123,167,172,151,157,123,95,129,129,148,110,76,120,129,136,123,101,136,148,148,141,123,115,148,131,155,155,143,148,152,79,177,148,157,166,136,107,79,107,161,148,129,92,120,167,123,166,92,131,110,141,136,155,157,163,166,120,136,155,177,177,155,114,175,173,143,57,131,161,120,92,76
149,79,124,149,126,104,85,136,146,162,155,98,126,126,121,88,149,104,136,186,121,90,90,141,144,85,121,141,160,129,177,172,107,107,157,170,151,134,183,167,160,186,123,132,153,134,155,193,209,203,172,226,246,221,219,206,129,98,199,215,183,98,144,212,204,153,88,112,141,141,112,157,179,193,199,144,164,179,155,129,79,121,181,201,161,136,160,186,155,151,139,175,170,170,129,121,76,101,95,98,149,155,161,149,136,126,104,66,98,121,166,151,166,170,107,85,121,160,98,66,151,166,216,196,231,250,207,179,132,121,183,188,186,204,186,164,166,134,208,208,195,149,157,173,139,98,123,155,141,107,107,141,151,136,121,112,141,115,149,144,82,101,79,76,118,175,170,132,166,195,161,98,115,126,193,191,186,181,201,193,188,153,115,136,151,181,173,141,157,183,199,193,155,115,132,143,161,186,167,155,166,167,129,107,129,101,69,87,151,87,132,152,181,167,173,181,141,151,155,149,166,123,167,192,181,149,167,115,110,134,157,129,101,107,155,166,131,177,172,179,164,134,151,157,157,157,131,107,149,98,136,110,120,110,129,101,136,134,136,151,120,123,129,131,134,151,129,79,136,172,155,107,110,138,155,143,151,149,131,107,141,148,120,87,107,134,155,136,141,136,107,95,101,115,101,107,120,166,167,129,136,141,141,181,157,129,155,151,129,98,177,181,157,155,152,123,76,110,166,129,143,107,84,92,148,155,112,84,107,151,148,120,148,177,166,155,173,157,155,167,136,141,183,181,123,84,92,90,129,129,141
129,113,126,134,115,85,98,144,155,139,149,101,139,124,132,98,101,121,124,167,153,129,124,132,162,121,104,136,144,115,151,166,144,155,98,129,166,162,181,173,175,173,155,123,132,129,193,198,177,161,195,221,227,173,207,224,155,57,160,215,173,151,173,209,188,190,151,126,186,172,123,126,181,191,226,235,227,186,132,110,88,141,181,185,151,104,157,183,123,141,157,164,149,155,134,107,90,118,126,88,110,101,141,166,93,101,129,115,107,144,144,166,157,151,141,134,136,121,121,121,149,219,204,216,232,229,141,188,157,132,193,215,185,166,155,157,199,222,220,211,211,129,186,115,167,121,129,141,149,132,144,157,151,149,136,85,141,123,115,132,107,107,76,157,188,157,136,132,149,166,160,132,126,161,201,115,151,185,237,193,157,141,141,126,118,179,179,132,149,172,186,149,136,93,136,157,141,191,195,157,157,179,143,115,173,166,98,107,107,95,98,101,157,166,141,161,136,198,167,136,155,164,172,188,173,181,181,161,161,107,141,160,157,204,167,166,151,181,131,129,193,173,115,149,173,151,149,141,123,167,141,87,129,110,123,126,120,136,155,169,146,123,149,120,167,123,115,138,87,166,131,107,149,161,172,166,155,141,123,98,120,120,134,101,115,151,131,129,141,151,110,123,123,120,107,134,148,166,166,131,141,143,166,161,101,129,155,141,120,120,148,141,120,141,166,143,107,114,129,143,143,101,95,101,129,151,123,79,151,152,148,151,129,151,167,157,167,136,151,136,166,138,155,136,141,138,79,107,167,179,181
134,129,91,102,121,88,98,151,166,149,113,144,144,129,121,129,93,166,141,146,146,126,129,139,153,144,98,115,141,115,110,132,124,132,66,164,155,144,141,155,149,123,129,155,141,183,193,134,160,149,217,213,196,141,206,195,183,151,177,201,196,212,204,212,208,199,161,183,231,228,172,129,110,166,179,213,236,215,173,157,126,155,139,104,161,153,191,121,88,126,146,157,149,146,110,82,115,149,149,104,107,123,90,104,76,74,141,98,121,129,153,167,149,166,181,196,217,191,123,144,185,188,167,206,185,177,149,157,179,186,219,216,155,93,132,195,215,234,248,247,225,190,211,129,139,141,149,129,173,188,153,129,166,173,141,115,85,107,121,123,104,112,120,167,181,155,151,141,132,153,188,161,115,173,157,98,208,186,206,173,136,167,155,172,161,166,172,155,161,161,155,169,183,186,138,172,141,190,181,143,160,157,173,166,186,191,151,115,93,98,76,93,155,151,115,129,157,204,177,141,136,172,186,173,149,181,179,143,173,115,146,155,157,136,141,167,149,167,115,129,143,155,173,172,192,208,149,136,76,123,93,157,141,123,93,123,123,87,129,149,93,87,149,138,129,157,141,136,164,107,149,123,131,166,136,110,141,188,177,138,98,115,110,193,166,117,129,129,115,92,120,123,155,172,155,138,136,110,129,152,148,167,136,107,120,131,143,155,148,136,141,131,98,136,143,123,107,92,120,151,110,107,148,129,157,157,155,152,161,151,155,155,143,151,120,107,148,143,148,136,155,151,143,192,224,151,92,101,192,211,206
142,149,95,98,121,98,93,144,164,126,93,132,101,139,110,139,129,166,139,79,107,126,115,110,121,126,121,98,112,115,107,85,132,118,129,88,129,155,126,110,121,132,132,144,155,153,167,129,115,164,166,212,181,177,193,167,181,199,207,238,226,186,198,211,206,201,157,226,243,245,179,166,166,157,121,185,220,233,215,190,155,61,90,183,191,191,149,173,98,123,181,155,123,118,139,123,107,110,153,193,121,93,144,118,149,121,88,123,115,85,166,164,149,190,213,191,232,229,155,121,155,181,188,193,199,177,164,123,155,199,207,204,151,101,93,121,161,222,248,245,225,199,167,155,129,149,151,132,170,166,129,121,164,167,123,155,72,98,166,104,121,146,118,141,132,155,170,167,151,155,166,173,155,146,172,188,222,193,196,155,157,155,181,190,173,191,183,134,161,186,149,188,155,129,181,175,183,166,157,157,155,181,191,167,151,186,188,155,90,93,129,167,136,115,110,146,155,149,155,166,160,172,186,186,151,157,157,129,172,143,151,167,131,123,152,161,160,172,157,151,157,143,192,196,155,155,173,57,93,166,138,192,141,107,129,123,98,129,129,141,110,131,131,115,149,167,175,110,110,167,98,131,152,152,101,59,151,173,172,155,107,131,157,161,166,141,181,167,69,117,110,129,151,192,166,129,141,157,126,151,155,143,141,161,76,148,129,129,141,151,131,120,129,120,101,79,120,120,123,120,92,131,148,129,196,167,183,177,143,104,120,151,172,151,84,82,152,157,143,129,136,181,183,188,186,129,76,129,183,177,177
136,132,107,104,115,110,115,113,93,93,95,118,110,129,124,126,132,129,115,69,104,126,115,91,104,118,129,129,121,144,104,85,98,141,129,98,166,167,149,107,141,149,121,123,188,166,132,93,104,153,183,175,186,209,172,181,221,235,225,239,235,166,185,212,149,161,161,188,238,222,193,183,149,101,141,155,181,173,186,177,149,112,175,227,98,206,115,129,151,139,172,98,153,129,126,132,95,112,166,161,170,177,121,85,121,110,157,121,144,110,129,166,172,173,181,209,247,234,204,170,204,204,219,209,193,179,161,136,155,191,196,177,149,107,42,42,110,199,225,215,208,207,179,144,132,132,136,144,129,98,129,132,136,149,115,141,121,107,136,126,121,107,120,149,126,143,175,172,161,132,129,173,191,146,195,207,172,191,186,129,181,149,181,157,170,143,126,146,151,149,107,120,110,120,177,149,181,149,115,146,155,151,129,112,136,161,198,161,120,155,186,188,101,76,126,143,138,93,155,191,188,181,192,199,155,149,172,167,157,151,166,166,143,129,141,141,183,198,166,166,173,167,195,188,161,157,131,181,136,129,172,126,164,129,110,129,117,136,149,110,110,138,129,76,161,110,93,136,152,120,120,129,123,76,141,141,120,120,129,157,131,131,76,155,148,186,143,95,167,136,131,92,131,141,129,136,172,155,98,120,148,110,115,181,107,136,151,123,141,123,123,155,157,123,98,129,151,92,129,110,126,141,129,155,199,177,110,136,136,82,123,167,148,152,87,112,141,151,120,129,131,193,157,101,110,143,138,110,110,155,188
98,110,129,155,153,126,110,85,72,129,129,115,146,118,98,115,126,118,129,107,104,132,141,144,132,139,144,139,144,162,95,101,121,155,160,164,141,129,134,141,160,141,110,129,166,167,110,85,126,141,115,161,193,204,188,191,201,212,228,231,222,179,153,186,134,69,155,188,222,193,188,186,74,155,126,172,181,181,144,144,141,129,166,181,173,107,186,76,149,136,149,190,139,129,132,104,132,172,149,144,151,155,98,129,129,146,90,139,134,157,129,141,123,141,172,204,238,224,195,196,164,173,240,186,217,188,181,151,157,196,195,121,98,151,177,144,107,155,196,186,193,211,186,167,157,134,141,157,144,98,141,155,118,170,141,110,129,95,112,115,69,93,134,155,167,170,172,118,120,161,151,155,186,177,166,161,157,141,160,115,167,188,157,120,143,129,115,157,157,93,85,123,107,129,123,155,167,132,155,129,136,107,101,136,166,193,206,173,126,188,173,141,155,107,115,101,136,82,183,188,179,188,188,173,164,161,172,155,136,149,183,167,161,141,155,143,173,186,181,172,188,212,193,181,166,155,167,143,155,115,157,157,177,166,131,131,101,101,136,164,149,98,101,123,110,90,136,115,149,131,107,115,115,136,134,101,123,149,120,120,131,120,76,110,157,164,90,172,101,141,93,148,157,129,110,131,131,160,141,112,131,115,123,85,141,136,172,143,98,131,155,166,146,136,123,115,98,151,129,110,129,101,92,201,166,84,107,129,136,148,120,98,148,166,120,120,120,120,76,148,141,172,92,120,157,199,123,69,92,188,210
121,93,126,129,126,85,79,95,134,142,88,132,157,124,93,126,124,139,157,112,98,136,146,153,149,132,104,124,151,155,88,144,167,151,173,155,141,146,136,144,153,146,141,129,155,170,149,121,134,151,151,155,167,190,206,206,183,161,185,215,199,132,85,123,134,132,181,155,185,151,167,151,101,132,129,186,188,121,98,134,141,149,155,230,121,129,167,121,129,141,177,101,129,123,123,121,149,153,132,157,115,136,123,146,136,126,172,69,141,123,132,107,107,132,167,151,188,227,170,166,149,166,235,234,208,179,141,144,177,193,177,141,157,213,198,166,173,186,157,186,196,181,191,153,151,172,166,161,167,183,177,155,115,161,172,101,132,121,82,118,98,110,134,155,177,157,149,98,98,161,188,172,151,166,141,120,101,98,151,129,143,188,101,98,151,141,115,129,120,85,87,141,141,141,112,193,151,151,141,157,143,118,118,167,201,199,155,104,177,179,191,175,85,138,115,129,98,151,151,138,199,173,160,172,157,161,131,107,141,173,206,181,161,160,155,152,161,167,166,151,173,207,186,181,172,172,149,115,141,123,155,149,136,141,143,115,120,131,155,146,115,107,161,136,107,129,136,141,120,155,143,101,107,129,141,149,141,129,129,131,138,131,115,161,141,101,123,157,155,76,110,129,161,141,95,120,131,123,129,98,87,101,98,123,101,107,148,131,141,131,85,107,136,141,107,110,143,76,148,107,87,101,129,107,84,155,69,107,155,148,129,166,155,134,138,129,92,69,129,157,148,155,138,196,210,199,92,92,107,167,183
91,98,113,115,98,88,79,102,107,142,124,151,121,157,157,157,151,134,141,101,110,124,153,153,112,88,85,132,126,129,101,132,132,146,149,139,149,164,164,144,155,166,170,164,155,172,167,141,134,157,160,123,157,204,208,186,132,126,186,195,149,104,110,132,153,177,141,129,166,141,149,121,144,107,139,144,144,149,136,155,151,132,198,199,190,79,151,132,129,123,132,141,134,141,107,110,129,126,123,155,132,126,118,132,129,132,136,155,141,126,155,141,155,164,98,123,199,215,186,195,164,239,238,228,201,183,141,155,191,206,160,157,181,199,219,198,167,206,151,211,95,211,191,141,172,181,141,149,183,161,129,172,144,107,183,183,88,98,121,144,76,72,181,173,172,121,115,160,134,123,167,186,153,173,129,76,76,110,151,155,155,143,101,136,129,118,129,149,98,118,177,170,141,141,143,188,166,118,141,196,149,155,173,177,167,143,120,120,179,157,172,188,79,175,126,123,110,151,123,143,151,173,191,193,138,172,173,129,161,208,192,204,149,181,115,143,172,120,151,183,157,166,181,183,141,141,155,131,138,134,123,131,131,141,126,95,141,169,149,136,131,136,123,166,136,157,104,129,141,149,143,93,107,167,177,151,110,98,155,161,129,131,166,172,151,112,136,120,148,123,131,107,136,167,141,148,155,131,129,110,87,120,123,85,173,155,126,129,117,98,101,107,148,136,101,129,177,123,123,110,120,107,87,129,166,76,84,84,155,161,141,101,107,141,166,151,101,87,155,157,177,129,155,216,173,167,92,112,92,123,181
88,118,107,126,121,121,149,93,115,155,142,126,142,185,155,160,144,115,134,124,126,134,175,149,79,107,88,121,82,121,118,118,149,155,149,157,126,129,149,149,155,149,157,186,141,151,179,132,134,129,149,166,199,199,161,121,115,155,183,181,132,107,144,134,149,146,166,149,160,151,129,107,123,151,134,151,177,177,153,149,173,166,188,151,153,139,110,132,144,155,177,129,155,121,121,121,139,126,107,110,149,110,76,160,141,153,115,151,118,134,141,161,146,129,155,139,141,208,229,170,242,177,237,172,172,151,179,110,153,206,196,188,181,183,188,181,85,188,229,211,208,155,166,222,157,149,134,157,167,164,134,151,144,118,195,160,123,98,157,64,98,88,183,144,141,166,166,181,141,115,151,161,191,155,79,149,141,126,166,157,126,120,138,141,132,132,129,177,157,149,181,132,118,167,166,118,134,141,155,172,155,173,172,146,132,129,120,95,90,123,183,191,188,169,112,90,126,138,166,143,107,155,196,172,132,183,229,181,152,155,155,206,123,172,155,155,166,149,169,199,138,141,181,157,120,129,157,131,136,131,110,131,141,123,129,98,110,149,134,126,131,149,120,167,115,141,141,149,161,104,120,146,123,143,161,129,141,161,129,149,206,136,149,172,181,129,129,123,166,136,69,126,148,157,98,79,131,101,87,123,131,166,123,98,131,141,161,126,107,123,161,129,146,148,143,141,79,110,141,101,136,112,107,92,166,129,123,151,129,92,98,101,115,193,183,107,101,131,110,181,166,136,110,166,181,192,129,76,82,120,177
110,121,129,136,118,124,186,102,129,172,121,98,181,177,110,121,115,149,144,166,121,134,155,153,107,110,93,121,107,124,104,141,141,149,167,181,157,98,124,141,136,124,121,173,172,129,179,141,107,139,191,195,219,170,166,141,149,181,170,166,161,123,167,155,181,164,181,121,161,175,118,98,149,160,151,155,166,161,141,139,183,195,153,112,107,118,141,121,164,173,157,144,141,126,107,129,141,129,123,123,98,85,126,136,101,141,157,129,132,136,149,155,139,93,76,118,136,161,179,193,188,191,161,157,141,161,157,151,167,188,175,183,161,136,186,181,144,196,234,191,181,181,144,177,132,181,151,201,188,149,167,167,155,155,188,141,157,110,76,88,115,93,112,146,170,196,211,173,123,149,204,167,146,123,120,175,136,129,181,104,98,149,143,155,172,155,123,141,179,149,101,90,155,161,120,98,167,179,120,136,134,132,112,136,181,172,118,87,110,129,155,172,198,191,112,136,161,155,132,132,120,120,141,146,166,177,208,201,101,120,138,120,129,199,160,129,151,188,161,141,172,167,164,151,141,131,110,141,123,136,120,155,115,85,129,101,87,112,134,136,131,157,129,141,110,141,157,136,146,93,115,152,141,143,155,120,141,169,131,149,155,120,129,126,155,93,166,177,115,120,148,129,148,104,123,123,141,155,107,141,157,134,143,172,173,110,129,107,120,136,126,136,166,157,136,120,107,101,161,148,98,98,120,98,123,143,110,131,87,110,155,167,157,129,120,98,131,123,63,151,164,155,112,175,177,131,131,112,107,129,192
142,136,126,110,126,121,129,144,144,153,124,149,151,121,113,104,110,155,166,170,136,132,144,149,134,95,121,129,129,88,93,134,115,166,155,177,121,98,121,139,141,144,126,141,177,141,166,173,93,157,173,167,222,203,207,181,191,198,181,121,134,166,181,173,217,198,172,118,191,144,126,149,170,166,151,151,141,118,104,153,177,211,136,141,139,107,141,126,167,157,129,155,121,85,141,155,98,101,129,126,129,98,121,98,166,155,95,107,132,132,118,98,121,139,141,155,149,136,155,216,207,155,167,164,185,204,166,149,157,141,144,161,175,155,139,172,177,167,191,190,186,149,155,151,206,175,181,149,177,173,161,157,139,136,177,177,112,76,136,115,107,132,201,199,191,193,208,136,57,85,143,132,155,151,143,166,136,170,110,149,110,167,172,172,157,138,110,123,149,129,110,149,151,115,129,136,151,155,120,136,120,66,110,173,207,206,167,149,172,115,110,132,173,217,160,193,186,123,74,101,118,123,123,123,149,186,186,155,101,131,110,93,160,192,141,129,151,120,166,149,136,161,161,161,151,110,79,118,152,120,143,129,90,66,131,129,110,141,149,141,151,166,123,101,101,151,117,112,115,107,131,141,141,157,129,136,151,141,123,107,93,110,120,112,155,98,151,115,164,61,98,143,134,107,120,173,76,131,107,183,148,129,87,148,129,93,74,123,131,87,115,129,141,155,141,87,79,87,148,123,126,141,136,129,115,131,129,112,134,141,148,141,126,110,117,148,136,148,151,199,166,148,167,141,129,177,188,166,123,141,161
155,91,98,129,107,107,98,151,98,102,160,124,115,126,132,129,129,142,162,141,129,110,121,132,132,95,121,129,110,102,104,136,129,157,126,146,107,132,141,132,132,139,149,126,121,199,151,157,124,141,123,173,201,224,222,215,221,221,196,139,123,181,166,183,181,221,151,141,181,123,166,173,204,157,144,157,129,121,151,155,166,177,173,136,160,85,121,155,167,157,161,144,115,136,161,151,118,126,153,129,101,115,121,157,107,136,149,118,121,136,136,112,129,157,177,172,112,166,191,123,212,199,211,201,188,164,172,181,196,161,151,185,198,213,207,139,98,155,190,204,186,173,203,213,213,167,179,149,149,201,193,149,141,172,208,199,157,123,132,76,115,121,146,166,208,215,208,129,57,107,177,166,172,143,132,173,118,141,87,155,129,173,155,175,120,126,155,155,110,98,149,141,143,115,155,129,98,138,138,107,136,93,149,166,172,201,181,188,129,115,118,188,151,201,183,183,151,120,87,93,115,132,134,93,74,136,155,115,110,129,131,155,172,161,143,141,141,123,141,152,151,157,141,143,112,136,120,110,149,129,120,110,138,110,136,152,166,151,136,131,155,161,98,95,93,136,129,110,115,117,151,129,115,149,155,181,172,107,98,93,110,95,136,141,166,136,161,157,129,115,134,141,123,157,183,167,157,155,110,167,141,173,101,107,157,93,69,129,98,107,126,120,120,134,129,101,129,101,136,155,161,181,110,131,177,120,120,123,131,131,107,141,173,155,107,136,98,141,161,172,172,157,157,155,84,152,183,143,112,123,84
136,142,118,95,88,142,149,98,107,93,115,110,149,160,126,146,142,129,121,121,91,98,102,121,134,118,98,98,113,124,124,144,121,136,113,107,134,134,151,141,113,134,118,110,149,181,134,134,129,160,121,144,196,206,226,225,212,201,204,208,191,170,155,149,157,193,121,173,167,199,193,208,198,149,144,167,162,157,181,175,166,136,166,69,157,141,69,166,181,155,157,132,141,141,129,141,177,161,136,155,107,144,126,123,123,149,85,136,132,123,149,121,95,155,164,153,167,167,132,107,191,238,183,191,173,161,186,175,160,166,179,190,190,196,164,98,170,183,181,188,199,166,198,188,155,153,161,175,151,129,132,173,181,141,161,193,123,121,155,107,121,123,110,136,172,237,236,167,120,157,155,151,166,166,155,166,82,161,141,151,151,172,143,141,93,120,170,138,118,112,129,141,172,110,173,149,143,123,141,132,132,138,141,136,151,143,149,166,98,138,146,208,120,161,193,143,141,120,143,120,115,132,87,72,115,120,149,132,177,149,161,160,181,172,167,161,161,152,177,181,141,138,129,136,126,131,107,161,143,112,151,151,141,141,120,157,166,118,141,161,93,93,129,126,138,131,131,110,143,136,141,120,166,149,164,167,151,120,126,107,120,161,143,167,177,155,141,134,123,155,166,87,123,161,149,134,172,155,76,136,149,141,107,136,120,129,136,141,110,93,136,120,117,131,120,87,107,166,98,136,131,148,148,136,112,123,129,76,85,101,167,167,104,101,98,90,141,136,208,192,201,141,98,161,164,72,188,169,107,92,123
121,142,166,76,107,129,142,93,121,142,102,155,162,164,149,167,121,76,121,98,76,118,166,141,76,88,91,98,141,124,115,144,93,110,124,118,136,132,153,164,124,136,121,107,134,166,166,151,136,162,141,151,204,201,196,172,172,209,219,219,206,162,141,144,160,110,139,188,183,212,208,221,181,141,141,166,181,162,151,160,155,132,129,85,166,141,121,149,121,166,155,146,107,95,141,170,177,160,90,164,160,98,115,121,132,112,66,166,141,144,149,161,132,146,175,179,190,173,98,76,195,183,107,123,185,188,188,177,172,181,181,155,166,217,177,155,181,183,172,181,199,129,185,123,129,155,198,181,144,173,177,161,129,129,199,170,155,155,141,110,88,93,107,160,191,204,215,185,155,181,173,132,153,153,149,138,98,167,107,107,155,141,112,120,110,157,138,98,104,115,155,161,115,123,175,183,167,110,181,95,120,136,146,132,136,123,120,161,123,115,157,166,141,204,155,166,160,149,161,146,120,120,93,101,164,155,98,177,199,183,169,143,204,166,186,157,152,186,201,166,93,129,157,155,151,123,120,167,112,149,181,152,143,120,141,136,110,138,155,188,172,93,85,136,166,146,120,76,120,167,149,166,173,149,134,115,149,151,126,149,166,166,126,157,161,123,107,85,152,164,157,131,136,131,123,110,95,107,98,149,131,120,110,120,93,149,129,129,161,123,155,143,117,129,110,115,107,141,112,85,151,92,136,107,110,87,79,110,85,136,166,136,115,107,110,129,107,120,172,214,136,134,151,183,123,161,143,148,131,117,129
129,160,85,121,129,107,79,191,46,155,88,126,136,121,166,91,118,124,110,102,126,136,149,93,136,74,121,115,115,121,107,144,110,93,115,115,124,132,149,166,141,134,110,98,132,186,181,155,155,149,134,166,206,191,149,149,167,211,216,208,193,151,155,155,153,141,118,155,166,155,155,211,141,123,132,160,162,151,110,88,136,151,110,132,141,115,193,112,104,181,155,129,121,121,146,166,146,132,107,112,123,82,136,160,101,136,141,186,149,149,172,141,118,121,155,160,181,186,123,129,149,64,76,146,234,207,166,129,209,186,149,164,186,179,136,204,173,183,179,199,193,188,139,161,179,123,179,186,167,155,129,146,115,166,212,181,144,144,132,107,107,141,157,181,173,172,172,170,146,170,175,123,120,123,151,151,110,93,149,161,155,141,87,129,126,120,126,120,110,126,161,161,123,172,199,183,155,107,79,118,118,107,129,151,157,141,120,136,134,155,167,157,149,181,115,161,166,183,160,183,143,141,143,136,149,149,93,173,155,196,161,173,181,166,172,132,141,177,190,126,98,149,173,161,110,132,93,123,141,161,157,141,129,143,157,136,120,141,173,166,155,161,123,141,151,172,161,110,110,155,149,155,123,149,167,120,157,177,138,173,181,120,126,129,123,98,107,120,166,155,172,167,115,90,120,136,93,117,155,155,115,129,107,107,101,161,115,151,175,136,131,136,131,134,129,141,93,93,151,110,110,98,172,76,143,123,115,161,155,166,151,112,110,98,131,143,74,115,186,161,98,181,148,161,157,208,186,107,120,155,167
110,93,121,142,121,121,129,98,164,88,118,121,126,107,98,142,146,135,115,139,129,141,118,91,82,124,107,85,172,179,107,93,129,110,93,82,113,144,155,139,129,107,107,121,172,155,155,153,155,115,149,167,199,199,144,151,173,172,201,220,201,186,185,139,151,155,144,139,115,112,85,112,149,144,144,149,132,121,136,157,166,166,112,141,136,115,166,139,139,149,149,121,153,121,93,104,129,123,107,79,88,112,144,160,132,132,166,177,160,141,167,123,107,167,141,126,195,196,211,161,118,46,139,208,235,235,183,157,206,206,173,181,157,141,179,181,181,107,199,206,231,175,144,199,173,129,170,157,110,144,141,121,112,181,196,157,151,90,79,121,95,129,166,191,193,191,186,183,188,153,141,151,157,151,129,129,120,134,155,196,151,161,166,132,138,151,138,132,149,146,132,161,157,186,181,129,107,172,76,64,115,120,149,129,123,123,110,112,157,177,149,143,141,134,151,151,161,208,203,181,157,136,149,143,123,120,129,123,107,157,166,179,149,166,141,161,161,155,151,138,141,166,167,155,112,132,120,138,141,155,136,123,90,155,151,157,149,120,152,157,136,157,123,129,151,120,164,110,104,120,123,136,117,167,141,157,181,186,141,123,181,123,131,155,151,120,149,149,151,131,181,155,101,117,149,141,136,143,149,131,123,120,136,123,120,166,143,151,155,134,149,136,143,136,110,93,87,107,141,101,107,136,131,143,123,151,161,120,131,107,107,115,98,107,131,129,136,129,136,143,146,148,120,120,181,190,181,136,92,110,129
121,129,126,107,91,98,172,91,155,107,91,102,102,98,110,121,107,153,157,129,141,134,110,134,69,141,85,95,107,172,76,124,136,121,104,98,121,129,102,153,102,93,144,155,98,146,151,146,141,121,144,129,198,203,155,153,179,155,186,234,211,225,177,121,134,157,126,121,107,115,115,136,149,136,123,144,141,170,188,181,166,149,121,151,155,129,139,153,107,98,123,112,129,132,98,69,110,126,79,112,107,93,126,141,129,93,157,177,173,161,149,123,134,161,129,121,191,219,237,186,160,98,225,175,222,186,146,186,186,170,167,179,173,157,177,157,126,146,204,211,193,141,151,173,166,183,181,155,141,153,144,134,149,191,104,161,144,93,85,79,141,166,161,166,155,155,160,181,167,139,123,166,120,129,115,76,215,123,177,181,151,132,172,166,138,129,149,155,155,179,190,172,141,123,149,166,181,120,143,82,118,141,132,132,115,64,134,155,115,110,101,132,98,107,160,161,173,211,211,193,151,177,173,161,115,85,110,87,76,136,175,155,166,151,183,167,161,129,107,151,166,157,183,173,118,161,172,161,107,123,132,136,129,161,141,166,155,118,136,146,107,131,110,129,157,110,115,98,143,110,110,115,141,136,120,151,216,211,123,76,157,175,131,166,192,123,157,98,110,149,136,131,155,157,141,152,166,110,85,93,136,151,138,136,141,149,155,151,129,115,149,157,131,112,101,93,112,157,151,98,148,157,123,141,120,120,151,90,107,152,157,141,98,85,115,141,177,107,136,175,129,98,107,161,115,123,120,161,123,79,141
124,124,91,104,139,98,151,153,76,124,121,135,98,93,149,93,155,166,132,124,98,98,170,151,129,69,132,91,151,95,162,85,115,124,93,98,107,129,115,95,118,88,115,64,162,177,126,144,129,155,110,155,193,229,204,149,157,196,201,191,195,216,149,144,121,157,98,151,153,141,123,164,146,141,136,155,162,149,141,166,172,132,153,107,95,170,155,126,118,110,115,107,132,146,136,123,141,139,88,93,121,129,118,110,110,93,141,155,157,177,132,129,129,110,101,123,196,208,237,232,196,181,196,172,186,79,141,191,175,161,172,186,188,167,172,186,175,186,151,167,161,196,123,157,181,181,161,144,132,167,183,166,170,129,144,141,177,98,98,93,129,139,153,161,193,179,157,181,195,172,151,160,166,98,170,181,98,146,161,126,157,136,151,141,149,151,151,143,120,185,183,129,129,129,173,143,183,161,115,120,167,161,129,126,123,93,101,161,123,123,149,69,136,123,151,161,129,196,212,186,191,215,208,149,110,134,98,90,98,132,161,173,186,199,201,164,136,132,151,143,155,166,173,181,157,173,172,183,120,120,123,120,181,177,149,155,173,129,120,129,110,149,157,131,155,93,131,157,161,107,123,141,151,129,87,120,181,181,110,101,131,167,167,98,131,129,183,110,136,93,101,131,173,151,131,136,120,112,87,93,149,167,107,151,151,136,136,155,115,141,149,141,112,120,115,98,149,177,151,131,149,131,85,123,101,92,129,104,123,186,166,136,141,85,115,115,101,141,166,143,107,131,136,166,166,155,160,166,141,98,148
98,136,135,135,149,129,107,121,142,149,142,113,124,95,121,110,110,110,107,124,121,93,107,149,126,69,136,98,141,98,85,76,104,85,115,129,98,88,166,149,141,141,118,166,115,153,136,141,129,155,101,190,222,224,208,157,160,155,209,229,186,191,155,186,149,172,181,181,155,104,123,162,151,141,183,149,151,136,121,149,188,155,144,95,88,153,172,146,101,115,136,146,126,118,155,157,115,144,155,93,149,132,118,115,141,107,121,132,181,164,129,82,90,132,136,149,172,170,236,237,229,136,177,190,134,88,155,198,196,196,185,161,155,172,199,212,201,155,132,172,201,186,151,183,166,144,155,146,149,166,173,172,155,160,186,196,172,95,107,118,74,115,136,129,193,242,225,212,196,141,161,196,177,149,157,141,146,173,179,72,136,141,172,129,85,101,143,136,126,179,72,199,85,155,120,199,170,161,143,141,167,181,141,69,76,136,141,141,157,93,120,155,93,123,141,161,186,225,196,166,215,196,186,172,166,183,98,85,132,129,123,167,172,183,219,201,149,143,173,161,141,166,183,199,183,166,186,183,175,166,115,123,185,193,166,151,172,143,118,120,107,143,183,120,120,115,161,175,141,131,166,172,141,136,85,107,143,149,151,155,155,151,149,120,110,169,149,123,93,76,107,115,136,157,120,87,87,98,120,115,104,93,173,155,131,90,138,155,107,177,143,95,134,152,123,129,172,141,149,131,131,120,110,101,107,110,107,129,151,166,157,129,131,98,131,151,155,143,179,152,101,164,161,143,152,161,192,157,110,110,129
110,121,149,135,85,132,91,115,118,102,149,149,144,129,110,107,98,110,102,115,134,134,124,136,141,107,102,141,144,129,104,69,118,93,98,76,107,155,166,181,139,155,124,79,155,136,121,149,144,139,112,173,226,220,209,181,141,172,188,188,216,215,173,166,212,172,181,151,129,110,129,110,115,172,173,141,151,134,129,141,219,183,121,95,132,144,134,121,93,104,139,146,141,155,164,136,88,153,173,98,134,123,134,112,90,107,134,166,151,160,157,98,82,186,201,151,141,181,201,221,196,149,211,199,161,155,186,208,204,183,155,141,151,167,201,183,172,166,166,181,149,166,198,193,161,146,136,157,181,172,183,170,157,141,185,183,134,107,93,121,115,121,98,141,239,253,253,236,212,199,166,141,161,155,129,141,93,143,155,72,115,120,160,123,120,155,149,141,141,153,138,93,161,155,129,164,151,211,129,93,143,120,126,157,132,93,115,90,132,129,177,110,157,186,132,167,166,151,188,167,173,149,143,211,183,136,155,183,123,110,134,101,136,141,169,199,172,157,120,101,155,192,201,193,164,173,186,186,186,161,123,166,181,173,192,183,151,141,120,98,112,155,169,167,143,149,141,129,155,149,155,149,143,115,149,123,141,143,152,164,186,166,149,136,129,151,123,131,123,141,76,110,143,166,141,123,149,136,136,143,120,149,120,120,115,141,166,115,120,120,141,136,157,155,123,149,152,129,134,120,192,107,126,92,141,136,76,129,173,155,136,148,136,123,129,157,157,161,177,148,112,166,151,120,166,155,183,166,92,120,136
91,88,142,91,107,121,91,104,98,173,107,144,118,142,124,107,118,95,95,124,149,149,155,132,144,76,110,167,129,102,129,141,151,141,107,132,181,179,134,157,146,141,155,151,136,162,151,155,162,85,151,175,203,226,199,166,155,191,155,204,247,226,196,220,206,216,129,107,181,209,167,88,107,173,151,136,160,141,149,212,188,179,149,121,141,121,93,107,146,110,151,151,157,146,149,126,121,121,141,144,101,139,126,121,69,153,161,155,164,167,186,183,191,215,219,146,129,181,157,185,179,199,220,188,141,175,177,181,149,149,173,166,166,157,166,157,134,167,151,151,107,181,166,172,167,160,129,136,186,173,146,170,177,166,179,141,136,129,85,107,155,151,136,141,239,253,253,245,193,167,115,98,120,149,151,136,143,115,136,93,143,129,123,146,149,160,160,132,149,170,120,129,126,141,166,166,193,132,149,129,157,132,93,85,107,149,160,132,129,141,166,143,132,141,153,123,155,172,177,191,193,172,175,204,175,186,183,161,93,141,76,143,69,129,129,191,186,149,138,120,107,193,206,155,118,155,183,141,181,157,175,173,160,172,155,188,155,132,155,151,167,172,196,213,169,149,120,120,167,134,136,131,141,151,177,136,120,143,161,167,177,186,131,129,149,131,149,183,167,120,90,155,134,98,131,143,149,160,151,155,123,76,115,107,120,149,117,110,149,141,120,155,149,136,104,120,131,141,76,107,172,92,115,120,155,138,131,141,181,177,155,161,141,92,123,129,148,148,152,129,107,161,167,157,177,183,166,167,112,76,136
113,102,121,107,155,121,76,107,102,132,76,149,121,173,129,121,110,98,110,104,121,160,104,157,115,102,121,134,129,121,115,141,141,129,155,139,129,141,129,151,121,129,124,126,149,146,164,139,167,199,179,141,129,198,173,166,179,157,166,219,250,219,141,204,199,132,121,149,199,191,155,139,123,126,139,118,141,155,112,141,193,193,185,151,112,66,141,166,166,141,141,153,146,157,123,172,132,98,132,149,123,98,121,129,112,149,172,186,172,167,191,227,232,215,186,166,141,167,181,164,199,212,190,181,136,118,149,157,118,155,185,164,172,164,149,164,110,166,129,173,155,188,129,167,161,129,129,141,175,161,123,161,157,157,155,167,161,121,115,123,134,155,149,123,216,253,252,231,136,98,129,120,118,161,190,149,141,107,85,110,136,110,120,153,173,172,166,173,155,157,132,120,181,151,181,126,151,134,134,157,151,149,129,136,134,151,166,136,107,141,136,129,151,141,141,149,151,185,235,191,195,220,206,208,211,193,136,123,143,132,129,115,76,172,136,155,149,155,151,169,161,172,201,155,132,76,152,212,149,177,208,151,123,141,186,173,129,107,169,173,136,173,199,186,181,129,167,143,151,164,173,151,136,134,155,167,152,157,136,141,167,143,151,157,131,117,143,157,129,107,136,155,85,93,136,110,123,172,157,123,107,115,141,136,110,98,129,141,131,161,120,120,123,123,131,131,115,107,93,79,129,164,143,173,126,155,143,143,192,199,181,129,101,95,148,101,120,152,148,151,123,199,172,155,179,192,177,167,131,85,143
132,129,129,146,113,107,76,121,102,88,93,129,129,157,126,104,98,110,115,95,88,121,155,85,66,121,88,121,129,141,98,121,141,107,141,155,82,118,167,139,132,93,98,153,175,141,166,183,141,155,185,186,121,160,198,149,188,229,190,206,222,222,193,149,196,188,155,149,170,167,129,107,104,112,129,167,172,167,129,153,191,160,170,170,104,123,136,146,161,144,115,126,157,166,149,172,129,98,112,136,132,69,129,129,93,151,172,173,167,177,175,166,172,166,157,167,157,139,173,219,204,201,181,172,155,118,132,167,141,132,161,157,155,155,172,139,136,141,166,149,161,139,173,151,146,107,129,166,144,144,151,129,121,129,144,177,141,115,129,157,141,155,132,110,185,246,241,172,88,110,146,144,155,167,206,136,141,104,85,98,88,101,110,151,161,143,143,166,183,188,181,151,167,166,181,143,82,155,173,157,157,141,93,76,136,161,132,87,120,175,167,120,129,149,120,151,177,222,215,204,206,211,211,215,186,132,115,143,120,146,132,76,141,110,120,98,123,101,141,188,203,167,149,172,152,123,167,196,175,196,164,151,110,143,188,151,120,157,185,186,191,191,141,177,149,173,166,160,155,183,177,161,141,149,160,192,161,149,134,146,177,123,177,155,138,101,98,120,107,123,143,131,115,115,149,141,129,155,146,107,123,166,136,110,136,149,120,141,166,172,141,120,123,155,155,110,107,136,131,110,183,181,177,177,120,157,148,155,211,192,148,115,107,138,155,143,129,169,157,195,146,214,141,183,186,177,181,161,123,95,143
93,107,136,135,110,107,91,129,126,88,107,98,113,129,98,124,98,107,95,98,149,107,98,74,98,88,95,98,76,153,85,139,129,98,91,129,118,82,146,107,129,102,76,144,91,190,132,134,191,209,183,172,175,149,172,195,226,188,175,162,196,191,199,173,188,139,167,153,157,173,141,121,149,126,107,181,153,141,144,193,144,115,132,166,149,101,121,149,161,141,141,166,141,166,170,146,115,98,112,93,121,149,115,107,115,139,161,151,164,186,186,153,129,149,160,164,132,129,153,167,215,193,172,186,212,220,186,199,188,149,129,149,161,149,155,141,196,98,161,107,155,136,191,101,149,129,141,146,151,115,129,155,121,141,166,155,167,90,115,141,161,141,129,132,167,213,222,172,123,129,167,115,183,157,136,177,72,123,79,101,98,149,151,138,141,123,143,136,167,164,143,143,115,172,155,123,141,161,167,161,164,155,149,132,107,134,134,93,115,132,179,166,129,132,129,155,172,193,212,206,175,177,198,207,199,149,143,191,115,173,132,166,167,115,120,87,115,115,95,161,206,166,107,161,204,129,238,149,212,149,181,141,157,199,141,166,188,188,201,177,129,199,167,183,149,204,123,161,157,131,166,155,160,172,149,146,155,143,177,141,161,136,177,155,136,85,93,129,63,129,149,107,149,136,136,177,141,129,136,120,129,157,129,129,157,177,129,129,152,155,155,141,136,161,141,115,129,151,141,141,166,199,166,129,107,141,155,141,188,166,157,141,141,166,148,179,151,177,225,213,216,199,123,196,183,152,155,157,120,115,167
88,79,107,121,129,124,85,88,115,91,126,129,115,113,129,155,98,72,113,113,129,121,129,72,85,104,93,85,79,136,157,113,134,107,149,149,118,121,157,151,136,155,129,76,93,155,146,141,153,217,209,191,209,199,203,247,247,221,196,198,239,164,204,212,179,177,181,107,134,155,199,193,123,121,144,177,181,172,162,191,129,157,149,183,136,110,110,141,136,141,139,132,151,144,139,121,98,144,107,115,136,136,101,107,118,118,161,157,155,173,173,181,157,173,190,157,101,107,204,204,160,191,191,211,242,248,244,204,175,172,161,151,183,193,172,157,157,139,141,157,161,157,134,121,155,136,155,161,167,118,115,185,166,151,157,191,188,85,151,98,129,139,129,144,139,175,203,190,149,129,161,141,157,136,95,177,72,129,88,110,141,166,153,121,136,141,144,129,107,155,136,175,123,136,155,172,173,167,146,167,161,129,136,141,136,146,129,151,141,143,153,153,87,129,143,151,123,141,172,183,181,149,164,208,193,179,181,191,172,177,191,153,161,143,85,129,101,93,115,110,132,167,169,161,220,201,181,185,132,155,172,161,181,167,201,183,188,196,173,129,101,155,186,183,155,136,173,76,131,131,177,164,181,141,129,155,172,143,161,155,107,181,129,115,120,79,107,93,63,101,143,136,155,166,123,136,136,149,136,157,141,107,149,181,123,136,120,136,143,157,151,157,136,129,141,90,157,152,115,143,123,167,151,123,131,129,126,92,151,198,173,131,141,155,117,131,193,205,196,222,237,208,120,138,220,188,148,155,129,129,177
121,110,118,107,110,82,69,85,110,124,144,149,142,121,136,139,85,64,121,132,107,129,115,66,88,107,107,107,136,121,160,88,121,129,149,172,151,166,177,153,139,157,124,132,113,149,153,129,196,217,212,217,220,219,227,236,248,225,211,226,239,220,141,208,172,212,166,107,129,201,201,175,172,144,107,146,164,206,167,121,172,153,166,157,161,139,123,123,101,126,181,181,144,121,115,110,136,126,129,153,126,115,123,76,76,126,181,188,110,129,172,204,196,190,161,149,88,155,220,196,141,190,193,204,234,247,247,216,173,172,172,155,166,166,161,144,151,157,166,166,146,132,139,161,167,166,151,153,149,141,129,173,186,149,149,186,173,173,134,101,85,157,126,129,161,186,199,173,149,144,161,185,134,121,115,136,118,167,129,107,175,146,149,141,153,160,138,144,149,166,115,129,155,129,155,215,199,167,144,166,177,149,110,155,143,136,161,183,129,173,98,157,120,153,167,143,120,129,157,160,175,166,157,222,204,183,101,211,213,167,181,191,118,155,143,112,107,93,90,115,126,152,141,166,213,220,188,196,143,161,204,175,155,193,186,199,206,199,136,123,141,155,167,203,157,155,98,117,151,196,166,196,188,193,181,166,167,175,157,167,177,143,115,134,123,101,107,110,110,136,120,136,143,166,138,93,120,155,172,160,136,120,117,183,104,98,110,151,166,166,151,157,115,98,155,131,193,151,129,134,93,157,151,155,141,110,98,115,151,186,151,136,148,136,143,131,177,219,208,205,219,201,155,201,220,188,179,181,143,126,141
132,121,129,121,102,79,107,124,98,132,142,132,162,139,85,85,93,93,102,107,121,132,107,104,104,72,85,110,142,124,85,82,95,134,164,162,157,132,118,142,167,144,121,118,136,149,115,121,196,216,231,218,207,183,215,245,234,227,155,222,247,244,121,201,144,139,157,191,141,118,201,218,173,123,85,101,118,151,136,157,172,132,149,173,211,121,90,136,115,118,155,161,186,151,98,136,129,121,107,141,90,88,123,107,88,146,164,177,166,132,157,129,149,139,166,155,155,183,121,166,190,90,185,216,211,225,242,220,167,146,183,136,181,166,157,173,173,144,172,186,183,146,139,167,193,191,157,160,166,155,129,161,199,199,146,151,188,193,149,129,107,144,136,139,146,186,204,195,186,193,177,177,191,155,172,160,185,204,172,155,191,161,132,141,141,138,121,149,177,155,149,132,155,177,161,216,141,181,149,129,138,151,129,123,134,115,143,166,188,87,183,115,155,196,188,101,126,107,129,172,193,201,193,186,183,149,177,206,183,188,123,188,196,166,188,149,141,149,129,87,120,136,107,161,149,201,198,211,199,155,188,181,160,172,191,219,181,151,146,161,199,181,149,172,155,157,149,120,141,215,155,213,186,211,166,136,151,167,146,167,185,166,151,85,126,101,87,74,164,131,136,87,152,167,131,101,98,138,164,131,131,131,85,172,123,149,107,141,157,166,161,141,107,98,149,188,199,199,181,87,123,167,181,161,143,101,107,148,161,151,143,155,161,131,167,123,157,208,211,211,192,211,196,157,167,205,206,188,141,120,161
135,98,132,91,104,132,129,118,104,82,124,102,124,124,85,85,115,126,88,88,124,91,118,107,95,85,113,107,124,142,76,93,107,95,129,162,136,76,113,166,151,132,139,118,132,121,93,110,153,193,226,239,215,166,170,226,240,198,141,216,245,245,144,144,104,136,183,190,173,164,186,199,167,115,123,129,88,107,155,199,144,141,166,172,191,149,101,139,139,139,188,161,126,183,144,146,132,104,161,104,121,121,110,132,74,79,201,206,132,107,121,112,121,74,172,144,160,93,123,146,141,183,190,199,181,204,222,185,136,151,155,129,196,132,167,193,196,141,188,204,191,181,167,166,172,167,170,157,132,141,157,153,199,173,98,167,208,188,151,132,132,112,132,144,157,186,208,219,206,181,157,181,186,170,216,220,231,196,183,212,199,151,123,110,115,121,123,149,173,151,181,157,155,149,166,155,149,172,179,151,115,136,123,98,129,149,95,141,136,149,191,129,166,173,167,118,188,115,146,191,196,193,173,172,166,177,212,188,188,172,120,186,181,208,206,157,141,155,120,123,166,126,98,143,110,167,203,201,161,204,173,216,166,206,229,179,157,199,206,173,157,149,151,181,155,143,123,166,166,166,151,166,181,155,166,181,149,107,157,198,192,155,155,120,136,98,93,157,136,129,120,131,146,149,93,93,149,136,115,151,101,131,129,161,136,152,90,129,149,172,155,123,93,110,129,166,201,192,157,126,161,131,181,131,173,90,141,166,173,151,166,148,131,143,167,161,155,181,192,211,205,192,192,120,151,206,206,155,136,141,138
95,129,118,82,132,144,98,102,107,51,115,110,79,107,144,129,118,121,98,121,102,85,85,126,91,121,124,121,134,160,115,82,102,98,110,121,98,118,179,166,121,129,144,124,113,129,110,85,115,177,226,235,220,172,129,157,191,166,132,141,191,201,155,157,149,166,186,183,149,132,155,177,172,179,155,132,132,166,170,170,136,124,167,172,123,177,172,126,129,153,177,191,151,141,183,136,112,129,85,170,90,151,107,123,129,134,146,146,132,144,153,93,121,66,149,172,118,121,136,166,98,132,215,179,144,173,172,151,155,136,167,155,129,110,141,179,211,173,153,183,191,196,177,121,129,144,167,166,132,121,155,151,166,151,149,179,188,167,151,139,149,118,123,132,166,183,173,190,157,166,204,190,129,181,225,204,206,172,161,208,191,149,149,98,121,149,139,144,157,151,181,155,144,129,146,121,166,153,183,166,110,129,123,123,151,129,107,110,149,149,141,193,129,132,143,173,167,172,136,193,177,155,166,149,185,215,177,157,167,120,157,155,236,206,155,151,173,161,146,143,155,141,110,87,120,173,98,160,126,186,107,173,204,183,204,193,177,188,186,132,107,177,152,161,136,123,190,141,167,190,167,131,134,166,211,219,157,123,141,181,160,141,101,120,131,172,173,134,101,136,141,134,129,101,129,115,129,149,129,143,136,129,107,151,141,157,123,110,166,157,129,129,115,129,155,161,186,151,143,193,131,110,152,155,160,151,166,136,148,151,166,155,131,141,155,177,161,169,166,173,186,167,157,155,193,201,199,129,90,131,141
107,124,135,88,82,121,107,126,93,85,121,95,82,98,153,157,102,72,93,129,98,166,61,115,104,79,136,124,139,136,151,121,93,129,107,74,110,151,132,157,121,144,113,124,129,149,142,113,153,157,186,204,193,175,141,124,124,129,93,101,162,196,172,172,155,179,220,188,112,121,110,149,170,199,167,134,181,167,172,172,144,144,181,172,151,157,129,129,149,139,144,151,149,173,157,121,110,146,170,79,126,144,136,101,107,129,166,151,141,149,129,115,98,123,107,126,181,166,149,129,157,206,219,173,121,149,186,141,157,157,153,79,66,132,144,164,207,167,101,161,201,141,129,157,129,141,151,198,121,139,112,211,146,161,173,167,167,155,166,139,141,101,107,129,160,172,155,172,149,160,201,188,144,196,186,123,101,123,146,199,199,183,155,98,132,144,132,132,129,132,167,155,166,149,132,121,132,149,167,166,132,129,155,172,134,107,136,110,132,136,98,146,141,120,155,183,149,173,181,172,143,123,173,164,166,161,132,173,155,167,203,191,227,172,141,188,196,155,149,181,160,164,166,151,141,98,129,136,110,79,63,175,172,193,161,172,177,132,126,155,166,134,151,93,181,161,181,173,110,115,192,136,141,143,172,201,172,136,123,141,129,110,107,149,177,173,120,192,157,115,161,149,141,138,98,112,117,120,157,141,151,120,110,136,112,149,149,123,120,136,136,167,164,141,157,183,196,169,155,151,129,155,161,173,143,155,177,129,112,123,166,186,167,136,123,143,181,167,148,164,151,155,177,196,196,199,167,129,98,101,123
173,129,166,102,69,115,126,132,74,129,121,76,135,115,124,102,88,85,76,136,113,146,126,57,164,93,124,110,85,142,153,144,115,142,118,98,134,121,79,113,129,129,113,102,146,126,177,141,144,139,151,173,157,166,166,124,95,132,69,164,199,217,193,155,139,191,224,207,93,115,166,126,149,181,181,149,188,181,166,166,183,181,173,141,149,166,172,151,118,93,98,149,157,166,149,101,110,134,126,93,136,123,95,115,155,126,134,199,155,104,144,121,129,141,93,121,179,161,121,112,186,229,236,196,161,132,136,160,123,149,115,93,118,167,190,206,144,121,144,177,115,123,123,155,181,155,167,149,129,167,146,151,129,191,170,173,155,172,153,188,173,115,85,129,144,161,179,175,136,183,172,186,172,201,146,136,85,129,136,167,190,179,167,132,141,161,161,144,151,98,151,183,183,126,149,121,107,177,167,149,172,166,173,141,112,123,129,123,120,120,79,85,132,120,141,149,155,172,172,151,155,149,167,185,164,155,173,203,155,167,177,173,172,164,152,191,166,161,155,149,166,167,164,167,166,161,59,101,134,98,132,143,186,123,101,129,173,166,152,190,188,115,155,157,173,193,141,181,167,129,166,104,166,206,183,131,101,167,199,166,172,160,129,164,177,110,120,131,166,123,143,164,157,166,131,87,157,161,126,155,166,143,117,131,120,115,136,136,115,120,161,155,151,161,167,177,166,166,129,136,181,177,151,148,146,161,173,151,123,141,172,181,172,141,107,110,160,175,129,143,143,164,181,188,186,172,155,151,117,72,120
129,151,142,88,85,93,149,74,136,51,151,91,136,115,85,107,129,110,93,121,124,104,110,144,155,135,51,129,107,146,121,121,126,142,129,121,129,118,121,82,155,118,129,85,149,115,164,141,124,172,155,151,141,149,188,129,141,118,104,212,222,212,141,132,95,209,199,160,146,231,212,124,157,141,155,151,181,134,175,139,206,173,160,151,151,134,166,129,93,129,132,166,151,139,90,107,139,157,112,118,129,129,110,132,121,149,172,173,161,121,151,157,157,141,107,132,115,144,193,186,224,246,239,191,112,141,186,179,167,134,121,141,149,175,151,149,170,173,172,166,104,139,193,160,151,181,149,134,149,155,129,95,157,193,146,191,155,186,167,183,185,129,79,118,155,134,167,151,175,193,172,193,186,204,219,188,88,151,149,132,181,151,126,141,153,167,188,173,164,129,144,93,175,129,167,132,167,149,177,185,198,177,126,129,143,123,90,120,136,110,123,101,110,120,151,166,155,149,141,167,172,155,164,186,196,196,196,167,136,167,183,151,151,173,136,141,101,138,161,151,161,166,143,167,206,155,134,157,155,120,155,132,72,120,115,120,136,143,155,152,107,167,177,215,215,131,206,149,221,183,136,183,149,63,107,157,134,193,199,136,123,157,134,173,151,164,131,161,177,143,107,136,157,123,110,167,166,155,87,157,85,173,120,136,131,131,155,115,107,173,167,143,149,172,141,192,167,131,167,181,136,136,136,161,173,138,161,155,129,141,143,141,143,167,149,110,136,151,136,161,173,157,141,167,173,141,155,155,101,84,143
79,121,136,107,110,115,162,118,124,121,85,91,79,76,129,170,139,85,76,98,132,136,162,151,85,124,107,121,166,121,121,129,121,121,107,113,121,107,126,113,149,135,98,118,121,115,136,139,155,151,151,136,139,136,149,134,157,124,204,234,218,124,110,121,76,230,167,124,190,245,232,162,164,121,155,179,166,121,172,173,166,173,121,170,136,157,126,115,123,134,129,132,144,123,76,129,132,93,157,118,76,129,110,98,126,146,170,166,139,153,129,208,232,199,139,155,155,164,183,166,204,219,188,164,166,149,160,181,161,188,151,149,146,112,134,181,193,181,129,157,161,141,112,129,126,173,177,144,115,110,151,129,177,206,166,107,144,166,164,146,166,149,110,121,141,129,166,144,219,166,198,199,155,224,239,177,55,129,164,123,161,170,146,151,177,167,170,193,155,98,107,107,188,172,179,185,143,82,173,177,166,143,132,172,155,155,123,151,123,157,123,151,134,166,167,181,129,101,136,175,167,153,166,160,172,193,191,123,146,183,172,166,160,167,129,93,85,143,177,151,126,157,141,146,201,193,191,204,149,129,167,123,66,132,129,93,104,110,76,79,132,157,149,136,129,129,149,192,167,219,173,115,141,188,181,172,183,149,136,157,63,193,186,107,166,126,166,161,131,120,131,155,157,161,149,120,172,155,120,101,181,151,169,173,149,204,161,66,151,166,172,172,166,123,161,183,198,186,181,107,123,101,190,146,155,120,160,192,157,129,120,155,172,181,157,101,157,123,181,199,151,123,138,115,101,131,177,161,123,123,143
91,115,115,135,135,113,149,142,91,98,82,107,110,104,107,110,121,107,98,115,115,121,124,107,102,115,110,121,167,132,107,146,124,85,126,124,102,115,110,149,129,102,121,136,134,149,155,149,155,134,121,110,141,151,129,149,160,172,225,240,220,132,121,124,141,190,162,113,164,225,233,188,177,157,172,179,118,107,162,201,144,166,149,149,181,151,153,115,132,139,149,132,107,118,95,107,118,126,85,98,104,112,151,101,95,149,141,98,101,115,177,212,211,225,215,196,201,139,118,144,211,201,177,139,110,160,166,149,157,166,186,167,149,161,172,172,181,172,173,157,107,64,101,166,153,107,104,139,151,115,134,123,172,167,123,121,149,155,141,166,173,151,129,136,121,112,141,188,186,157,211,186,136,219,231,167,69,88,167,121,141,161,172,172,157,149,151,186,151,64,132,167,173,195,198,166,66,101,166,157,123,146,149,143,166,166,143,143,88,141,141,155,199,164,138,153,93,95,126,161,181,157,151,132,155,183,157,129,149,146,166,196,164,161,143,104,120,132,151,143,143,166,149,118,181,201,181,191,146,129,161,132,120,132,123,93,123,141,110,115,166,151,123,107,98,172,123,107,151,183,161,161,196,166,181,206,188,175,151,177,123,229,177,107,172,177,120,186,110,167,183,157,177,126,79,141,141,172,183,115,123,172,143,186,186,215,177,134,172,141,167,192,155,136,129,143,225,157,157,166,141,177,177,181,131,167,155,183,166,123,151,177,167,136,157,155,177,166,173,115,143,123,160,167,134,167,206,173,129,131,120
66,129,172,98,146,129,118,167,153,115,113,129,118,95,79,102,144,118,118,129,129,121,79,93,121,79,121,85,172,151,102,144,121,72,102,177,142,88,93,151,144,98,149,146,107,126,167,173,126,91,85,79,129,188,185,155,146,199,211,240,245,224,181,196,191,173,166,110,136,183,203,185,172,173,162,166,121,164,166,172,155,107,175,177,199,172,162,121,121,146,90,110,121,107,90,69,121,88,151,93,104,121,129,132,95,136,141,136,149,132,155,183,173,151,186,191,173,123,157,155,151,160,167,144,107,129,170,183,172,110,149,183,115,151,199,173,181,141,175,161,82,136,177,173,129,149,141,136,121,160,166,166,179,199,141,121,149,153,149,157,167,183,157,118,110,98,151,172,166,199,186,153,151,160,190,220,206,186,155,136,141,181,183,170,129,141,173,167,132,121,129,183,155,172,172,151,93,143,155,143,129,126,149,149,149,157,143,126,155,110,211,120,177,167,85,115,79,120,123,129,181,155,115,120,141,167,107,141,173,132,155,161,166,143,115,107,132,123,129,161,155,151,126,126,98,143,123,181,151,126,151,138,132,143,141,141,167,173,172,167,161,110,93,123,141,123,115,141,85,79,129,112,98,120,149,186,173,161,155,181,173,141,211,196,151,186,173,115,87,164,161,129,129,188,199,149,167,206,157,129,155,157,220,155,179,167,188,183,143,149,161,204,186,172,169,169,149,177,166,186,166,141,204,177,138,188,155,172,192,186,129,149,177,157,107,143,177,173,115,107,188,181,210,169,201,199,196,186,123,87,143
93,113,107,115,132,127,121,127,151,121,113,115,151,107,98,110,132,121,64,113,121,102,115,142,74,115,129,107,115,135,95,115,144,149,115,102,136,136,110,110,153,166,79,155,132,115,155,155,136,126,91,98,146,167,173,149,113,181,230,244,245,240,234,231,234,211,188,151,129,166,179,155,155,179,155,155,160,149,157,129,166,141,172,193,201,198,144,134,141,132,126,123,110,121,88,66,88,132,93,129,121,121,110,141,101,123,181,181,177,144,126,141,155,136,144,118,134,141,181,161,191,183,146,166,144,107,157,161,161,123,151,107,118,155,161,181,155,149,161,172,188,220,166,123,173,144,101,90,129,129,161,129,186,139,155,118,136,129,129,123,166,193,173,107,121,132,132,172,161,123,188,157,121,141,211,227,209,183,155,161,177,190,146,155,166,123,161,167,157,161,123,167,129,115,155,167,115,141,151,141,146,161,129,101,161,172,129,123,107,199,149,155,101,136,50,98,101,69,134,167,155,115,79,118,132,129,110,169,201,155,132,151,120,107,132,143,136,136,151,172,155,95,132,120,93,110,120,161,143,123,118,120,149,155,155,157,167,155,161,161,129,129,79,132,129,183,186,132,123,120,107,79,95,123,101,107,138,126,149,167,141,166,222,215,166,164,179,152,134,151,177,188,192,172,186,228,211,172,149,169,192,172,181,143,136,141,179,141,143,181,204,211,208,155,141,101,155,215,172,143,166,201,129,149,129,117,138,185,201,164,157,167,181,131,112,149,177,149,177,161,126,167,192,173,173,172,183,175,123,76,129
155,135,76,139,136,129,102,142,82,76,107,95,110,132,118,129,110,110,72,104,177,98,85,142,72,149,107,162,121,118,110,85,107,121,129,124,61,132,146,102,129,115,121,110,110,167,124,149,115,102,151,126,121,129,129,151,72,124,227,235,243,243,245,243,240,211,166,172,177,196,185,155,160,181,144,144,134,129,134,144,166,151,167,207,196,162,141,149,151,141,166,162,121,141,110,98,107,104,121,121,129,166,123,101,110,141,190,188,155,155,136,146,188,139,126,101,198,167,226,121,188,193,170,132,149,129,95,129,153,149,151,132,121,173,121,164,121,155,136,181,199,164,151,129,157,157,141,132,181,76,153,144,144,179,151,149,167,149,136,160,191,208,177,126,129,132,126,196,115,166,177,146,155,177,191,199,201,177,177,193,186,155,193,172,112,132,134,188,172,179,183,141,134,144,157,172,134,121,160,172,161,173,149,121,160,173,115,110,166,157,121,136,90,104,115,107,79,107,141,151,115,87,69,120,155,101,173,211,179,155,136,183,129,129,177,172,118,115,151,161,143,90,129,95,141,118,177,101,157,141,110,146,149,155,161,129,141,151,141,129,149,173,110,175,172,204,212,155,211,188,173,166,87,72,85,76,107,129,129,166,143,160,172,183,161,157,172,173,181,155,192,213,183,196,228,215,183,143,188,146,107,172,157,141,129,129,95,129,173,183,181,183,193,155,115,167,107,157,155,136,186,123,120,129,123,123,107,123,149,164,173,172,131,120,151,151,166,93,167,172,92,199,181,85,141,151,175,161,129,120,131
118,136,107,104,124,115,132,151,107,57,98,107,88,132,118,91,113,110,126,85,85,162,82,149,93,85,107,155,124,79,95,98,98,136,126,88,155,132,110,115,110,162,76,181,107,166,91,126,129,110,139,132,88,115,141,115,121,188,211,218,236,244,225,224,201,149,141,167,183,173,203,177,141,172,160,170,164,144,149,149,123,141,157,206,183,126,141,151,155,151,151,166,141,132,123,129,121,107,164,123,136,186,144,101,141,144,155,173,136,151,191,179,161,141,129,141,201,190,198,172,136,179,191,153,129,118,121,157,157,129,121,166,123,141,141,144,134,183,166,191,151,129,121,167,155,134,153,101,136,151,157,141,107,157,196,144,166,149,151,181,204,183,166,136,107,110,115,149,177,144,172,151,166,157,220,195,188,206,177,157,181,191,110,188,121,161,123,149,172,183,167,193,181,181,157,149,157,123,144,149,149,172,177,161,161,149,161,155,121,118,132,155,141,126,121,121,107,134,129,149,120,101,85,93,161,151,161,186,143,101,126,166,143,149,167,141,120,123,129,136,129,141,155,129,107,175,204,118,123,160,143,181,143,155,151,115,141,179,123,129,177,149,177,199,183,136,181,157,188,161,212,216,107,79,123,123,138,136,98,167,123,93,123,141,149,188,177,101,152,173,188,201,211,232,215,183,167,186,155,110,136,181,201,151,79,123,155,149,136,141,129,131,155,192,141,136,157,129,172,181,161,155,129,131,120,167,190,172,157,167,169,149,117,110,149,161,129,136,149,173,167,183,173,136,141,157,181,183,205,186,143
118,135,121,74,98,107,107,76,85,85,79,95,144,126,85,76,142,155,79,57,79,110,146,110,88,107,102,151,107,69,121,110,76,82,110,142,129,142,151,151,102,134,155,104,160,121,132,102,142,149,126,107,115,118,151,129,132,173,238,211,215,201,173,157,136,134,153,136,141,149,166,201,149,162,162,203,121,141,155,157,144,167,110,149,160,139,157,144,136,172,151,129,149,104,129,129,144,107,115,157,141,155,155,121,129,129,112,160,155,151,179,161,115,155,157,144,186,183,157,160,160,185,181,172,149,129,155,149,146,155,129,151,132,153,161,123,136,177,175,170,160,129,141,172,166,121,141,112,93,161,177,107,88,173,121,155,146,149,166,151,177,157,173,206,121,118,88,46,164,172,183,118,164,236,195,219,203,188,166,173,196,183,161,107,173,149,112,161,88,237,157,199,193,144,201,172,149,166,157,136,121,172,203,198,188,101,183,173,101,121,161,183,164,129,132,132,141,166,166,160,132,87,87,132,157,132,143,112,69,118,153,155,155,149,161,157,166,153,151,143,129,155,177,160,138,196,191,138,132,169,173,195,126,126,136,166,181,167,141,136,161,123,167,149,110,115,141,126,112,151,191,181,132,136,177,177,173,120,123,134,120,72,155,79,112,167,155,131,131,192,186,167,201,232,219,183,173,224,155,181,173,169,157,131,107,129,123,149,141,141,136,120,161,164,183,143,193,167,155,206,157,167,192,167,143,173,213,173,131,152,141,129,120,141,93,134,166,136,129,192,213,188,141,136,201,196,155,143,186,216,192
124,135,107,69,69,102,144,107,110,110,93,107,79,132,110,85,136,110,59,64,69,129,149,98,118,129,93,85,126,129,121,98,74,126,146,144,129,126,177,107,107,153,142,179,115,76,115,157,160,115,121,121,110,144,134,155,177,144,193,172,149,88,222,155,121,151,142,121,153,151,124,173,177,144,157,186,134,153,110,215,181,172,144,162,172,201,167,118,153,181,162,124,149,132,115,115,124,93,118,136,139,121,144,110,88,149,177,160,139,151,151,115,144,209,166,144,172,161,132,157,206,212,173,144,155,144,151,132,149,177,121,121,166,134,141,136,183,215,191,155,141,172,183,166,132,134,132,157,129,129,151,153,144,121,149,136,151,132,161,167,146,170,220,215,121,123,76,46,146,172,203,199,217,225,229,206,173,149,177,190,191,160,172,203,155,129,151,123,191,115,198,181,215,188,215,155,123,151,134,172,151,155,188,191,136,121,173,149,155,151,185,167,151,107,129,149,161,172,186,136,129,72,98,118,123,115,129,90,98,143,141,129,166,157,173,191,164,143,149,167,141,153,161,151,151,155,161,172,181,186,188,141,107,143,161,191,167,157,191,149,151,115,123,115,110,141,151,120,132,161,143,134,149,172,183,177,155,107,164,131,76,93,193,76,98,120,172,181,152,175,190,164,181,222,193,192,206,192,173,155,179,126,155,143,143,129,157,157,157,146,155,161,179,151,157,161,188,161,185,206,199,151,192,181,136,129,155,136,107,151,161,155,155,131,104,131,98,148,148,193,183,166,199,205,196,160,136,166,208,226,199
110,115,115,129,129,107,113,107,95,110,113,107,107,104,107,107,102,82,72,79,102,107,95,113,113,115,110,107,110,136,121,118,121,124,110,110,134,118,124,121,98,121,126,113,121,104,134,142,98,107,124,132,126,139,136,155,155,129,129,132,115,121,107,224,144,118,155,151,155,170,157,153,149,155,162,185,193,185,155,206,181,196,139,172,218,196,149,136,166,177,153,149,149,121,132,95,98,121,173,69,141,144,141,107,95,172,207,175,121,115,101,129,193,183,149,136,172,161,164,167,196,191,161,155,151,129,123,110,129,149,166,141,160,118,134,181,199,198,172,155,141,167,175,155,129,153,161,141,149,144,129,157,166,164,157,107,144,126,155,167,190,191,172,155,139,134,76,55,201,155,213,191,173,188,186,132,134,129,177,191,191,206,151,151,151,155,172,134,161,175,149,144,157,167,161,191,181,172,155,179,173,110,161,146,166,141,155,149,181,166,199,166,134,149,151,151,129,141,149,120,115,107,112,115,107,123,74,120,166,98,107,166,149,153,179,188,167,167,186,188,177,160,115,112,112,123,181,191,183,173,161,143,132,151,166,177,167,181,199,161,149,143,120,115,167,151,155,161,152,132,123,155,172,181,155,141,157,164,166,149,63,110,196,131,110,157,181,173,167,164,155,186,172,181,199,172,193,161,181,131,141,192,155,123,161,98,157,166,151,146,160,192,172,141,143,123,136,172,211,151,172,192,181,151,146,101,131,173,181,149,167,155,95,120,115,151,110,136,167,164,181,177,201,177,129,143,186,205,201,169,181
107,107,132,127,129,118,118,95,88,115,136,136,157,135,95,85,102,102,121,88,98,95,107,110,107,88,82,104,136,118,110,126,107,115,151,115,85,118,118,142,139,95,107,107,98,139,162,126,124,107,93,121,157,107,129,124,110,144,124,139,102,118,107,164,157,162,134,141,172,177,155,134,144,144,157,213,204,153,191,144,162,215,177,172,199,209,173,132,134,149,164,141,126,164,129,74,146,126,112,110,132,144,98,107,155,172,191,181,115,98,155,191,123,149,141,149,198,121,155,181,136,149,153,153,123,98,101,121,139,149,198,126,121,129,155,181,196,186,123,112,136,155,172,181,155,139,167,155,141,110,153,144,132,149,141,136,149,155,155,161,185,185,157,141,172,157,121,107,126,157,193,151,160,167,155,139,153,160,188,191,144,177,181,129,170,126,166,177,136,98,115,186,118,141,157,186,186,177,186,177,167,123,206,141,121,82,166,181,173,155,110,132,167,215,151,93,118,157,132,110,123,172,93,120,101,107,101,85,172,82,110,191,126,120,195,164,166,177,186,206,193,161,132,149,112,132,161,167,167,143,151,155,149,161,141,157,172,155,149,164,143,166,120,136,177,149,157,149,132,120,129,157,167,183,152,136,188,183,172,172,120,149,160,149,192,192,155,129,161,120,112,186,196,151,183,179,173,146,166,138,169,192,172,129,177,181,149,155,131,120,149,177,167,115,136,143,173,167,196,101,155,141,186,151,195,129,183,198,172,164,117,107,69,146,129,172,115,155,155,161,206,151,123,166,123,129,143,141,188,215,192
121,115,107,102,115,129,93,107,85,113,126,121,142,129,88,82,82,107,136,98,69,115,135,98,91,85,69,85,118,121,115,129,115,104,155,144,82,104,102,118,107,107,118,98,91,113,166,146,93,107,132,124,132,82,76,149,126,91,121,151,107,110,155,193,132,102,98,129,173,170,155,129,141,164,160,149,173,199,157,112,149,208,157,98,185,190,132,129,172,177,110,166,155,151,118,110,141,88,144,115,139,110,93,101,141,157,181,177,134,155,201,164,161,199,157,222,160,98,141,188,123,123,136,123,107,93,149,136,132,129,172,136,121,188,132,183,173,146,157,132,121,155,191,193,155,166,166,167,132,121,188,121,110,139,141,144,139,155,161,155,172,161,167,166,172,181,136,115,93,115,151,166,166,149,132,167,190,188,157,185,155,144,149,95,132,149,188,151,69,155,167,157,149,144,161,191,204,208,207,186,193,183,144,188,121,151,172,173,110,157,76,129,155,129,121,129,160,121,144,123,143,120,85,123,129,129,129,76,149,115,151,143,149,123,149,143,149,188,161,222,177,172,173,161,151,167,123,123,166,129,136,157,138,152,149,132,155,132,149,181,181,134,115,166,183,157,107,120,155,167,166,155,167,188,157,151,166,143,181,181,175,183,149,129,185,172,141,104,87,98,157,193,188,151,166,183,157,120,157,157,177,155,173,166,167,206,161,98,93,115,143,141,161,164,141,161,136,167,181,107,149,112,141,164,192,173,188,179,143,149,129,110,115,129,196,166,123,107,161,129,155,206,148,120,123,143,148,161,198,192,177
121,85,69,144,121,121,110,129,95,98,88,88,110,115,98,104,104,121,121,107,129,129,113,142,57,107,61,91,113,135,132,139,136,136,155,149,107,85,107,102,118,118,142,95,121,102,121,118,107,95,107,139,115,98,104,85,121,146,136,144,144,110,126,98,136,121,110,126,142,167,186,164,134,181,151,141,151,162,126,139,172,198,199,149,136,172,157,157,183,162,139,151,166,124,153,112,141,157,132,134,129,141,110,101,153,155,121,149,155,166,157,179,144,186,186,186,134,166,121,170,170,118,112,121,115,126,136,115,110,123,151,166,183,199,136,181,123,181,185,149,121,155,181,161,166,199,157,185,139,181,149,141,79,155,101,121,134,166,151,166,173,144,146,199,183,198,172,121,98,107,126,172,167,166,172,188,186,170,149,167,215,206,115,95,123,149,151,157,132,141,129,136,161,173,185,185,198,208,220,195,167,199,149,118,161,199,175,166,166,149,98,134,112,85,144,151,134,136,90,121,110,87,98,132,98,129,120,107,123,120,160,95,172,153,123,161,129,115,181,196,166,181,199,166,177,167,101,123,149,138,110,155,120,151,167,161,161,143,164,211,173,112,141,172,173,143,181,118,160,188,173,157,173,186,132,112,157,132,169,177,181,181,155,117,172,173,161,93,98,136,166,172,129,149,192,166,110,107,155,143,115,166,199,172,152,186,157,131,120,129,129,129,151,172,157,161,129,131,169,161,149,131,115,149,155,177,173,152,155,155,149,120,123,166,164,155,95,143,155,131,179,161,126,123,155,167,205,188,151,173,183
93,76,95,144,110,113,172,121,149,51,110,57,88,93,91,118,129,104,107,132,164,155,98,166,85,142,85,102,121,142,129,144,162,139,149,113,85,88,98,93,132,93,88,124,129,129,107,129,118,129,129,144,142,88,98,91,166,142,136,136,121,121,170,157,146,142,139,142,151,149,157,181,162,98,167,155,141,141,141,193,229,215,181,141,166,191,160,136,196,144,139,124,153,124,95,121,136,175,146,118,132,132,121,107,101,144,146,136,144,126,118,149,144,136,141,167,155,101,93,161,206,179,110,115,129,123,107,123,129,132,139,177,134,144,166,129,136,196,123,155,175,144,144,166,173,190,170,155,183,166,121,155,115,136,107,141,151,177,141,172,185,155,155,181,167,186,167,149,146,115,129,132,167,211,129,121,188,188,155,134,199,188,166,118,141,149,144,144,95,126,126,144,155,141,123,123,166,196,193,167,149,161,206,144,134,167,186,199,115,88,136,160,151,155,161,134,121,129,98,129,132,98,79,69,129,141,76,120,110,115,87,186,211,188,177,167,76,143,164,186,173,181,173,151,155,123,141,134,132,110,98,118,143,146,185,166,155,166,177,164,152,149,151,166,161,132,151,151,169,166,123,136,141,120,101,112,181,183,183,151,172,172,143,179,199,190,131,146,157,143,151,136,69,107,201,196,98,101,129,126,123,192,166,157,149,173,172,143,129,134,129,155,149,161,167,155,149,93,157,196,129,93,115,123,129,157,141,126,167,177,141,141,136,123,149,157,95,93,152,192,177,141,110,198,193,183,193,155,129,205,224
98,107,151,153,146,129,93,129,79,88,95,76,79,82,135,98,93,91,98,151,164,157,115,139,157,136,98,107,124,126,142,162,157,121,104,113,85,104,124,107,110,136,121,118,155,142,110,136,132,149,139,118,142,142,107,129,146,88,162,151,110,110,126,162,129,115,149,118,136,181,160,172,149,121,195,112,136,170,191,208,215,199,172,149,188,196,141,121,162,181,121,166,162,124,93,118,155,141,155,132,118,126,141,136,110,132,183,126,101,112,121,136,115,115,157,172,129,123,112,188,177,151,141,98,93,104,157,166,155,132,149,161,110,167,151,121,132,132,115,151,191,157,139,166,186,188,157,141,136,123,129,121,151,151,151,166,151,157,149,160,170,155,144,132,201,181,185,151,141,110,121,141,170,188,121,126,199,177,155,149,167,167,149,151,110,98,151,155,118,155,144,129,141,93,123,177,191,183,141,123,149,107,132,146,172,172,186,193,183,166,181,172,198,160,101,90,136,141,129,132,123,72,98,120,69,110,107,107,98,115,141,160,155,167,166,120,123,132,177,161,191,146,93,146,151,149,155,138,101,66,98,132,151,172,161,166,166,160,186,93,177,129,136,149,129,149,129,141,155,136,123,151,155,136,155,166,155,157,155,181,120,161,183,188,157,129,201,141,164,172,161,129,72,90,157,188,141,87,79,186,199,129,120,129,155,196,167,112,138,160,149,155,110,131,167,160,136,93,110,166,141,101,79,98,131,155,151,117,151,167,143,155,107,129,136,183,115,112,183,193,141,148,188,193,208,196,167,157,151,193,220
142,142,144,166,135,121,121,118,115,95,102,121,69,142,82,74,85,95,85,136,129,129,149,115,124,121,118,113,98,113,146,142,126,107,110,107,93,98,115,76,107,142,149,107,149,121,115,135,153,149,136,102,115,142,132,79,151,121,193,142,146,136,142,107,166,124,142,157,153,153,164,166,157,166,121,172,164,173,172,185,193,162,151,151,173,179,132,121,129,151,157,110,160,132,113,162,141,115,88,121,141,121,82,98,155,186,151,129,155,129,85,90,181,139,172,183,144,175,129,76,121,155,155,121,115,149,162,134,146,181,146,179,167,123,157,141,107,93,129,141,157,186,188,181,185,188,172,123,88,167,157,160,173,191,157,166,141,141,177,151,132,149,129,144,222,177,161,149,149,112,139,149,157,155,177,141,167,157,151,177,141,149,167,141,74,90,208,136,183,149,121,149,136,132,155,129,115,141,121,101,129,95,172,177,188,144,186,144,129,129,199,155,155,149,123,155,134,118,101,132,107,149,120,115,129,98,115,110,93,132,212,166,120,141,143,93,151,170,157,173,155,120,115,101,181,129,164,143,115,107,120,155,149,146,141,151,181,161,166,155,118,85,143,143,149,143,107,123,151,155,141,136,141,143,155,167,132,167,161,141,115,155,193,123,129,151,167,151,177,188,146,93,85,129,131,136,141,107,169,206,166,126,110,129,183,186,177,166,155,151,149,141,143,143,167,166,115,120,117,155,149,107,85,101,123,126,146,161,151,157,155,104,93,149,155,131,120,186,161,166,157,183,161,155,207,205,155,148,167,167,157
135,102,124,146,167,95,110,124,121,115,98,142,121,93,124,107,91,107,79,57,142,149,115,102,121,124,129,88,102,144,121,121,132,129,102,93,98,74,102,107,113,129,124,107,115,124,124,129,136,135,110,98,121,142,115,153,142,166,170,142,129,129,129,162,149,136,151,155,172,183,155,195,166,149,132,149,166,155,170,199,177,126,198,160,129,157,134,98,104,121,162,175,129,141,102,124,166,110,141,129,136,136,107,144,126,155,203,141,121,183,149,211,144,222,199,166,167,132,139,136,129,132,107,88,126,166,167,170,173,188,166,136,167,136,93,88,88,110,157,175,177,177,195,198,191,201,123,141,193,179,183,191,191,188,167,151,126,129,151,132,123,155,155,166,191,172,149,166,172,136,157,121,129,161,186,136,141,149,149,157,134,161,160,121,121,136,129,183,134,149,141,173,132,186,167,146,129,136,104,72,167,181,157,204,191,172,188,172,206,181,144,121,134,155,136,155,157,120,107,141,120,101,129,173,134,115,98,101,132,123,98,132,129,120,132,151,151,167,179,177,129,120,149,123,129,132,143,151,123,149,155,110,87,123,141,151,210,210,132,129,151,115,143,155,181,85,85,149,151,173,155,120,123,143,141,155,167,157,183,155,129,183,155,136,167,177,155,151,167,192,151,126,157,149,79,79,136,166,185,181,173,123,188,161,173,183,157,173,167,138,141,172,179,136,143,131,155,136,131,136,120,110,115,107,120,110,129,155,149,143,136,59,149,141,166,93,117,146,164,186,166,167,172,181,216,204,161,151,151,155,166
98,74,121,146,146,118,98,142,139,107,113,79,121,115,115,129,107,110,136,85,85,126,132,110,142,98,85,149,160,129,98,142,162,121,91,93,102,102,115,102,98,98,110,121,104,115,115,124,126,126,118,115,144,142,115,132,135,142,126,142,136,129,142,157,157,157,179,188,172,181,185,157,160,170,129,157,172,153,167,166,181,193,155,186,155,153,149,129,129,110,107,160,139,124,124,166,91,162,107,134,110,149,153,123,162,162,129,115,121,226,179,166,173,188,208,144,112,173,177,141,123,101,136,151,141,136,183,172,161,136,164,149,107,144,136,93,107,121,112,188,206,181,190,193,179,186,164,161,186,155,177,179,151,153,167,155,129,129,115,149,183,166,167,160,151,167,172,173,172,155,136,85,107,172,196,157,129,141,151,167,149,136,141,155,151,151,121,151,136,181,136,149,161,166,164,181,155,118,115,95,161,219,188,188,211,181,166,204,141,188,132,149,186,166,151,129,118,136,123,115,161,161,166,167,141,120,110,136,151,149,115,155,167,166,191,166,134,129,129,173,149,143,98,107,120,199,166,136,118,149,161,132,79,120,157,167,177,157,167,123,157,183,107,107,166,167,151,175,173,143,143,136,129,123,157,181,172,138,167,167,172,177,123,155,149,183,155,136,149,172,173,166,173,151,90,120,146,110,129,183,129,195,199,181,160,173,183,129,120,143,155,151,129,129,151,110,141,151,129,110,146,120,101,141,129,129,134,131,129,120,120,115,136,157,146,129,143,155,166,193,166,143,177,210,192,177,157,169,196,166,155
113,107,135,129,88,155,124,166,113,102,132,118,124,124,110,121,118,107,121,146,72,82,129,85,110,107,126,136,124,107,162,139,115,107,115,172,129,110,121,95,98,91,132,132,110,98,102,107,129,144,144,129,129,124,107,110,126,115,110,162,155,136,136,149,144,149,173,172,186,186,177,164,162,160,188,177,115,157,155,160,181,173,157,191,221,191,141,136,132,118,104,113,107,107,157,121,121,110,177,118,121,136,153,95,74,126,141,134,155,141,167,172,136,196,136,155,173,157,175,132,82,107,151,149,144,215,166,132,164,161,151,59,98,93,161,146,136,151,107,115,153,177,186,164,193,179,206,136,191,155,172,166,123,121,155,149,141,146,136,157,193,170,134,175,129,149,201,181,172,136,101,107,136,155,185,173,136,155,157,166,126,90,155,166,123,149,149,155,136,172,136,161,173,144,157,185,155,121,157,149,151,212,198,157,183,144,177,186,191,166,181,188,188,164,157,181,141,118,141,172,164,153,141,129,93,120,123,166,172,141,129,166,179,170,155,79,72,183,173,155,149,149,107,155,143,132,112,136,118,107,95,112,149,143,149,101,115,166,93,161,166,161,141,120,107,118,173,183,136,110,115,143,190,181,157,161,132,134,112,199,192,123,136,155,151,166,157,141,136,132,155,172,155,149,141,132,141,120,107,143,136,167,181,149,132,157,155,149,141,104,107,129,157,167,131,123,141,155,146,123,155,143,98,136,129,131,151,152,141,120,131,155,120,173,120,149,186,166,129,192,166,136,177,188,179,181,175,177,213,175,143
121,139,144,129,115,121,175,85,115,132,157,162,146,146,121,102,107,85,85,144,113,69,95,107,115,110,118,124,121,118,136,113,91,151,142,129,139,110,136,136,155,136,129,129,115,110,88,85,142,166,157,139,102,98,113,102,107,102,136,166,149,142,151,167,151,136,162,149,157,167,166,164,139,153,157,155,167,166,139,132,141,175,188,186,207,204,121,141,183,132,59,76,136,155,155,129,115,121,123,118,129,132,101,134,153,141,121,93,85,155,129,206,181,144,157,217,115,141,129,76,107,139,136,166,191,153,181,118,164,149,112,177,161,115,166,166,151,166,129,123,172,181,149,164,191,179,185,144,166,173,141,172,134,157,211,166,160,183,185,161,151,141,134,151,161,172,211,199,166,121,123,121,129,115,151,188,141,155,172,146,107,107,166,121,115,151,144,161,126,141,166,172,166,141,155,161,123,144,173,181,151,155,196,164,141,136,172,188,179,181,199,199,179,181,193,181,149,123,136,179,118,129,129,107,126,120,141,186,143,112,120,129,141,120,64,72,177,151,120,143,129,172,179,143,151,160,132,151,120,129,141,120,95,110,123,74,129,149,172,166,155,179,175,123,177,175,112,134,110,129,175,146,149,132,115,129,98,166,191,149,177,181,149,166,173,123,141,183,167,155,129,141,132,161,166,115,155,149,136,129,120,129,149,98,134,183,181,143,115,107,129,172,188,167,151,167,157,143,172,183,155,151,141,115,134,141,129,151,151,129,149,155,129,149,151,166,177,141,143,181,181,155,161,155,183,166,166,183,185,201,141
135,127,155,146,115,98,149,98,136,166,166,113,135,107,135,110,118,121,107,121,118,107,129,126,132,124,102,107,107,88,124,144,146,146,135,121,129,142,113,102,93,151,118,166,132,126,115,76,107,162,144,124,93,98,121,107,93,142,136,129,115,183,183,177,162,151,155,144,144,164,151,166,149,141,155,160,167,155,102,115,167,175,166,198,220,198,129,144,177,191,129,121,98,146,157,126,132,132,123,123,136,129,136,162,166,166,157,134,166,155,191,188,129,166,208,155,141,157,101,129,141,149,149,172,188,167,149,132,118,141,166,88,164,166,115,172,173,151,121,172,186,141,126,170,208,166,121,173,166,155,175,177,183,134,177,191,191,193,166,141,153,149,155,121,186,172,207,183,149,204,141,112,93,85,121,181,155,136,172,144,126,149,144,132,157,157,132,161,123,141,166,149,164,172,149,123,101,132,177,203,149,149,208,186,136,146,172,166,199,215,212,193,179,177,186,193,173,166,141,134,143,151,141,166,149,166,149,173,132,123,93,93,149,132,120,132,143,173,141,107,155,161,120,167,151,173,191,166,134,132,134,123,157,153,85,76,82,193,74,204,166,120,155,173,120,98,107,115,136,118,136,166,167,129,132,120,132,152,136,166,224,191,173,166,157,172,155,183,167,129,120,101,164,181,186,146,201,183,161,123,129,120,123,101,152,204,213,167,98,107,161,177,157,157,177,157,141,167,181,161,173,177,143,117,155,143,93,101,149,173,166,136,141,183,173,143,169,179,129,172,208,181,151,120,123,123,166,192,185,196,161
124,127,144,142,107,98,142,144,127,172,115,93,85,121,118,107,135,136,124,136,129,146,129,98,107,118,142,93,104,98,149,155,129,124,139,135,124,121,110,88,79,113,136,126,129,115,129,95,118,121,144,113,98,107,121,115,155,107,136,107,144,221,164,153,139,157,179,164,144,155,167,166,151,167,160,160,173,124,132,129,155,160,155,199,220,186,155,170,149,181,157,141,82,115,151,126,115,107,139,126,115,121,129,155,183,181,166,191,206,134,126,191,166,196,172,162,153,162,177,149,121,136,166,172,166,151,121,126,141,149,149,167,110,144,157,175,183,123,118,167,179,155,151,161,191,144,172,172,190,186,208,153,193,136,204,191,166,149,136,136,149,136,144,149,149,166,167,161,206,191,144,151,107,85,126,199,188,136,157,188,160,144,149,155,167,149,177,121,126,129,167,155,151,164,161,149,121,132,173,167,123,141,211,188,144,167,161,161,177,190,196,190,186,201,206,157,120,172,172,151,183,149,153,190,157,149,141,181,123,101,95,110,138,141,98,141,181,204,164,110,120,98,151,161,173,161,196,146,157,129,129,146,161,167,72,129,136,172,101,177,179,104,175,181,104,120,101,118,132,143,143,134,120,110,155,120,120,98,151,149,193,173,134,181,188,155,107,167,167,120,196,120,136,191,157,216,201,173,167,123,161,183,120,115,172,210,222,206,87,85,149,152,177,172,149,98,134,151,161,151,131,143,129,143,166,155,120,155,143,120,166,166,167,155,123,120,151,161,149,166,192,173,136,115,134,141,155,172,172,161,177
115,127,149,129,121,132,88,104,107,124,91,98,118,144,102,104,129,129,127,132,129,110,85,93,93,110,107,129,132,115,121,129,98,124,173,149,104,91,113,107,98,107,113,129,121,107,102,98,93,91,151,98,98,107,129,149,142,132,155,132,207,170,157,162,157,157,179,134,126,167,199,188,167,183,155,196,164,141,186,155,157,144,160,181,191,181,166,166,162,164,141,136,126,82,139,126,121,118,112,121,98,121,136,149,183,164,149,170,188,167,201,206,172,173,141,112,144,144,179,181,153,141,172,190,155,98,123,129,126,161,164,132,149,107,139,155,155,166,146,141,155,149,121,129,167,155,141,206,186,201,153,183,164,181,121,149,153,134,161,166,149,161,139,126,173,172,139,166,183,191,166,149,129,144,149,175,204,172,123,129,115,144,160,161,179,166,141,90,141,134,177,155,161,166,172,172,166,167,155,98,126,126,166,160,141,167,157,132,129,149,201,204,188,198,198,155,155,175,193,166,161,172,155,155,129,129,157,149,157,149,98,120,129,157,112,120,185,191,177,118,74,129,129,98,151,161,173,143,167,149,120,149,166,161,134,167,161,141,157,157,177,129,141,191,166,101,107,110,101,115,120,90,112,172,123,172,132,129,69,151,123,126,123,157,129,87,136,141,157,188,203,123,169,166,167,201,98,155,166,161,141,123,151,167,161,166,199,208,166,123,120,143,199,151,110,131,98,138,188,136,136,141,129,143,173,167,157,166,143,87,151,155,166,115,115,129,157,136,186,164,155,138,131,115,166,179,141,134,155,131,155
110,136,136,124,85,124,85,102,107,104,76,124,142,139,118,98,118,129,121,129,129,107,110,107,85,107,98,129,149,113,107,107,107,129,155,155,126,121,132,132,95,85,85,135,139,124,115,107,98,102,124,118,115,155,136,121,132,173,160,149,170,167,181,149,170,141,146,129,166,199,206,191,170,183,204,215,134,211,212,190,155,149,166,173,172,172,172,146,144,141,141,129,146,126,107,123,101,132,104,110,95,93,129,167,146,110,155,160,167,220,155,186,141,155,167,144,141,160,175,167,139,155,141,134,162,181,115,144,149,149,183,183,175,166,118,151,155,144,136,136,146,149,136,129,141,188,206,173,186,179,149,155,132,129,155,151,132,112,132,164,179,160,123,144,191,186,173,144,136,149,157,161,123,121,90,149,204,166,85,85,129,110,141,129,193,141,155,88,157,149,132,151,213,199,167,157,161,167,98,123,129,166,88,121,129,157,132,134,186,199,227,181,173,183,188,201,206,186,191,161,167,181,172,79,129,132,155,123,172,166,120,126,129,144,146,151,157,141,136,120,115,141,151,129,134,149,155,166,161,129,161,191,177,181,186,164,166,149,161,185,126,143,141,123,110,151,141,85,120,132,95,98,129,132,136,157,172,104,136,115,196,172,136,112,149,107,136,151,167,173,115,138,149,161,164,191,149,136,173,188,98,166,173,160,132,151,198,208,183,155,120,141,195,110,136,204,85,136,169,143,143,141,131,129,167,161,149,164,131,98,129,129,123,141,120,149,136,93,201,107,173,107,107,143,151,157,129,107,151,141,98
121,110,102,129,76,115,118,88,129,118,121,162,136,129,115,82,115,129,113,129,110,129,132,95,85,124,118,98,149,132,121,113,102,107,129,146,136,113,107,129,115,82,74,126,164,135,121,126,129,118,129,153,129,135,149,129,144,172,151,155,155,172,175,160,166,166,155,149,172,196,217,218,212,216,226,215,179,195,191,186,188,181,166,177,155,201,149,110,129,121,146,124,136,149,98,95,101,141,121,118,107,112,153,181,144,95,160,183,181,204,149,183,121,151,153,141,132,149,166,157,141,151,164,166,161,155,170,149,112,161,191,155,151,183,157,160,155,123,149,155,155,144,149,107,149,164,173,191,136,144,123,136,123,115,160,155,126,112,151,172,161,151,149,172,208,199,188,166,121,172,155,144,101,101,136,161,149,110,141,151,115,141,123,129,129,149,155,144,129,144,157,173,206,191,173,155,132,141,104,157,132,166,101,149,121,155,149,191,212,215,222,181,161,181,172,183,172,185,157,161,157,121,160,123,164,129,153,155,166,172,151,166,144,101,173,167,98,129,101,107,123,160,177,155,129,141,129,141,161,146,161,166,149,161,181,118,149,181,149,155,120,123,120,136,141,136,129,110,136,143,123,107,90,136,155,141,152,136,155,160,167,160,161,141,118,93,149,151,115,129,93,129,167,169,172,172,173,143,196,107,136,183,132,143,172,193,164,123,161,204,136,160,193,63,160,141,151,129,123,149,136,120,120,141,155,155,115,161,110,112,98,85,87,136,129,155,157,107,188,136,181,93,107,129,143,107,120,149,131,129,120
115,104,149,124,121,91,113,155,132,113,121,160,166,146,85,85,121,149,110,129,107,121,124,124,107,124,151,115,146,136,127,121,104,110,113,129,110,95,110,132,124,126,164,110,126,132,93,139,146,135,129,121,121,142,167,181,167,149,139,139,153,160,155,115,160,191,136,124,181,220,243,239,221,215,199,193,191,162,160,199,211,211,188,181,181,172,136,107,121,115,132,136,132,136,144,101,98,146,129,129,107,129,155,167,151,118,167,207,195,181,186,190,134,123,132,129,149,98,129,157,155,162,167,172,129,132,153,110,98,170,167,172,134,172,167,166,136,136,157,170,132,98,141,183,173,166,166,166,64,181,181,188,132,167,173,167,161,157,144,155,155,146,88,144,207,201,136,196,216,170,167,172,141,98,115,136,139,144,166,157,115,121,167,110,98,186,107,82,139,186,149,151,179,177,136,121,129,144,126,151,155,129,144,157,161,172,166,190,191,201,183,191,164,141,141,129,129,161,136,170,155,98,149,177,161,121,149,166,155,132,161,172,166,134,155,157,132,121,93,129,104,157,153,143,98,85,120,115,143,181,138,134,146,120,149,146,155,129,85,126,110,87,110,129,153,143,129,143,134,149,132,98,93,151,172,107,98,157,161,98,129,157,161,132,115,132,149,136,132,155,155,98,152,143,152,172,161,167,129,212,155,167,160,181,155,141,129,172,188,149,161,160,85,129,141,169,129,101,131,93,141,155,151,131,98,141,136,90,129,123,76,143,104,129,149,167,204,149,141,173,155,101,120,136,136,123,107,161,110,110,131
113,104,121,142,74,186,74,183,74,115,110,149,121,144,110,91,121,142,132,82,142,124,142,129,115,115,139,144,164,95,118,115,124,142,110,113,144,102,95,91,113,142,146,110,93,102,113,146,121,124,107,88,121,153,186,172,167,144,155,121,164,166,142,142,151,186,166,155,186,211,227,207,151,166,166,167,157,164,204,204,199,201,185,199,185,146,126,149,129,93,102,136,153,139,144,110,93,149,101,115,118,88,149,177,149,134,173,206,172,166,199,164,146,110,132,139,129,132,110,144,153,155,132,129,166,134,149,160,98,167,118,141,123,141,170,167,157,188,195,149,123,146,161,161,121,121,153,134,149,199,204,136,190,188,199,160,151,173,167,107,107,101,121,155,157,136,213,220,155,166,172,153,129,141,157,151,136,136,149,101,107,204,157,98,134,155,121,126,151,173,181,155,155,161,126,132,160,139,134,166,166,155,155,161,181,149,141,155,206,155,166,164,149,121,121,107,121,149,175,183,141,164,141,121,132,141,160,149,126,107,151,166,188,181,101,118,161,93,110,144,151,141,146,151,76,85,118,118,120,166,155,155,149,112,161,160,101,110,129,98,79,87,110,120,151,138,151,167,141,138,136,98,146,161,151,115,134,157,157,183,149,120,107,166,129,120,143,110,120,149,136,120,152,169,146,166,179,177,143,155,110,151,186,172,120,143,192,167,141,120,161,157,141,110,136,157,141,151,172,136,123,201,177,115,141,120,136,123,120,136,115,134,177,149,169,172,188,151,155,177,131,123,136,136,120,110,115,101,134,143,155
121,121,98,144,144,170,110,115,85,149,149,115,107,129,155,118,98,127,151,146,144,124,129,132,136,88,136,139,98,66,115,85,115,136,115,115,149,115,57,74,142,88,95,142,102,126,126,121,104,98,82,79,95,136,170,162,167,139,135,149,157,124,151,191,170,204,167,191,199,181,170,132,121,144,126,98,160,157,195,222,215,191,206,237,230,155,102,139,121,102,115,136,139,134,121,141,124,121,98,98,98,79,166,186,144,146,186,162,121,166,181,144,121,121,153,141,126,124,129,141,155,129,118,121,157,155,161,183,110,123,110,166,129,149,146,160,160,172,181,149,115,155,161,144,161,110,141,173,172,144,191,141,129,188,195,93,141,129,121,181,177,155,155,149,98,215,155,149,157,160,161,179,146,93,98,129,118,144,188,196,149,126,136,157,139,85,93,139,166,166,149,134,115,85,144,175,170,157,167,173,144,149,157,167,141,112,172,166,98,149,172,161,151,157,141,129,132,181,186,157,164,186,157,107,121,153,177,129,134,134,144,155,132,136,95,104,155,101,129,115,155,129,181,126,115,138,167,155,138,155,186,166,143,141,188,136,115,136,132,120,101,98,98,181,123,153,177,181,149,110,123,149,155,166,110,155,93,167,183,123,161,110,63,110,110,136,166,151,129,129,126,196,167,129,172,157,172,179,155,161,149,120,155,173,183,167,151,120,151,155,155,177,155,126,161,136,136,181,87,76,115,129,177,166,167,157,101,101,129,120,101,151,213,192,161,141,160,131,136,143,129,161,136,101,93,115,129,87,177,157,167
110,107,135,98,132,98,183,88,132,129,66,113,142,142,129,124,110,146,149,121,139,132,129,157,136,72,167,124,115,72,98,98,102,107,132,124,113,115,59,74,107,98,88,162,153,142,88,129,118,98,79,93,88,118,166,186,132,151,124,144,132,153,151,193,193,204,149,186,193,183,157,102,149,177,162,149,157,183,204,244,229,186,221,249,224,146,91,107,124,102,124,146,129,160,139,134,134,98,74,79,129,132,149,155,186,199,157,98,129,172,181,126,98,129,149,134,129,129,126,129,153,136,123,121,129,191,183,166,144,129,146,166,129,155,129,164,160,166,173,161,144,155,172,155,132,151,166,141,177,141,155,136,172,172,101,98,129,129,107,136,110,166,155,121,164,172,183,151,183,155,167,204,129,118,129,141,151,153,191,155,141,217,208,141,126,79,139,123,141,173,155,98,121,98,95,123,123,157,155,183,153,141,129,157,144,129,126,121,177,181,160,141,129,129,121,155,173,153,164,155,173,155,151,129,149,173,161,144,149,188,177,95,76,141,170,136,144,129,144,151,123,151,193,123,138,155,170,155,157,175,160,143,138,151,167,151,166,141,123,138,155,87,143,149,173,136,155,167,149,107,136,151,115,132,120,136,79,155,129,152,132,107,87,149,172,166,173,166,129,126,186,151,136,141,183,155,149,191,155,129,101,120,149,166,166,141,155,196,136,131,107,196,169,120,85,141,134,143,87,48,129,188,172,155,131,138,143,69,87,131,155,183,201,173,183,172,167,149,110,161,129,136,155,98,93,123,149,155,143,149,155
146,113,142,132,146,149,93,82,121,118,98,129,85,113,129,132,135,93,102,121,79,82,124,104,124,136,155,102,85,115,82,124,104,126,142,88,107,129,88,102,82,142,88,151,144,142,93,115,121,82,95,113,121,136,167,135,124,155,151,115,186,157,162,172,185,191,172,167,204,211,167,153,208,232,188,157,181,232,215,245,225,173,199,224,183,144,98,110,149,139,136,141,157,134,110,146,172,129,98,85,107,107,149,186,164,157,160,141,141,199,164,126,153,181,136,136,172,126,107,146,164,162,157,151,146,181,173,162,190,129,132,170,151,149,162,153,155,181,188,173,162,149,172,177,132,162,164,153,188,136,151,149,195,129,101,129,126,141,149,136,141,136,129,121,201,134,183,181,141,129,132,172,181,179,141,115,115,79,74,161,195,217,129,155,186,193,74,141,170,141,110,101,110,115,164,193,141,129,167,132,181,136,90,155,123,112,115,129,183,175,157,167,139,129,129,121,161,166,141,132,149,155,93,115,155,173,157,151,166,191,141,79,141,181,164,101,155,161,107,149,98,146,172,149,149,136,132,136,151,151,118,115,136,149,172,177,172,155,151,115,160,132,153,136,177,151,149,149,157,157,160,173,72,136,167,98,76,181,115,126,59,141,143,177,181,181,136,155,157,141,166,136,85,183,136,181,183,161,149,107,155,107,120,129,151,167,193,204,136,107,136,172,93,161,123,87,143,101,131,85,93,129,155,161,177,167,85,110,166,112,143,155,136,161,151,151,155,155,141,146,166,123,115,136,166,155,120,131,193,193,149
121,129,121,124,127,121,118,93,102,144,118,107,124,98,110,149,124,74,55,98,164,129,95,69,129,160,132,136,142,166,93,91,139,93,107,124,121,135,110,107,142,113,98,121,121,146,85,132,113,85,110,144,151,155,126,136,144,155,155,172,175,136,132,151,204,175,157,181,216,218,211,208,215,217,173,151,199,213,221,221,186,185,134,177,173,124,107,134,132,139,160,124,149,90,153,151,139,136,121,124,79,85,155,149,124,149,186,177,162,166,175,146,181,167,107,186,170,157,144,136,126,181,172,179,175,149,144,191,204,123,129,186,167,155,164,149,144,181,193,185,166,132,164,166,126,132,157,155,162,141,141,161,151,157,155,141,134,157,167,155,129,141,172,161,144,183,199,157,118,88,149,167,153,141,129,112,85,64,115,222,183,166,95,167,175,179,167,72,160,85,129,129,144,167,172,167,196,155,167,144,157,136,126,134,90,123,149,188,172,166,167,155,149,129,141,151,110,157,121,155,149,121,172,115,141,172,141,129,134,149,136,132,179,167,121,98,136,141,74,110,120,123,115,123,134,120,93,126,136,132,118,141,153,136,172,166,161,146,157,120,155,173,149,177,146,143,143,118,123,173,181,191,149,172,166,123,87,208,155,132,72,177,166,143,149,167,161,172,161,118,149,149,110,136,141,173,193,175,120,120,76,141,98,110,164,161,131,183,166,149,157,149,87,98,129,123,123,101,141,107,69,110,161,155,186,201,87,149,120,166,149,166,183,199,79,149,120,93,161,149,136,82,107,188,169,149,143,157,120,141,123
160,129,98,93,110,136,102,91,118,102,110,61,142,170,129,124,110,102,107,113,118,102,107,102,104,166,129,129,136,149,129,88,118,139,135,132,110,121,157,139,118,135,124,118,113,121,110,85,124,142,135,146,151,173,164,155,144,136,166,183,139,121,113,166,207,162,115,155,196,207,204,201,185,198,199,167,162,181,186,172,173,191,162,173,144,104,146,179,151,132,149,110,136,110,136,141,121,132,132,141,121,141,151,172,149,157,164,167,162,162,151,115,149,121,155,115,129,173,93,107,149,155,162,162,188,199,198,181,166,155,173,201,160,177,144,139,149,166,183,173,129,110,136,126,104,149,149,101,134,121,144,155,155,173,181,166,170,172,161,107,93,149,179,149,121,136,193,173,115,121,129,126,157,173,155,129,93,93,98,136,213,175,181,186,136,188,121,149,85,181,181,166,175,136,136,191,172,151,151,177,110,173,112,166,107,155,149,172,129,146,115,121,151,151,129,186,193,155,141,136,115,181,72,188,129,134,115,129,155,151,166,136,107,121,121,123,101,157,42,107,107,66,74,93,85,76,87,136,151,134,118,138,155,129,155,172,160,141,161,153,155,191,161,149,123,101,132,141,115,160,169,181,191,157,126,149,149,141,173,167,115,172,132,107,149,161,155,149,132,132,177,157,151,152,167,177,166,85,157,141,167,157,123,112,166,167,166,172,166,155,87,115,98,134,76,120,87,177,172,115,166,93,87,129,141,166,141,131,177,123,181,131,196,87,177,141,112,131,177,167,129,141,129,164,157,129,149,93,151,172,98
118,91,95,149,91,69,149,69,113,102,104,151,129,132,136,144,139,144,69,76,136,121,121,93,110,118,107,132,146,121,173,181,139,95,88,129,124,144,115,113,107,132,102,93,107,113,124,104,142,132,139,153,157,142,157,183,151,162,149,144,132,118,95,173,179,146,142,129,186,181,155,183,183,188,190,183,183,162,166,193,188,199,195,160,142,121,160,185,162,129,129,121,129,134,124,164,144,129,129,104,151,149,177,206,144,115,141,144,149,126,153,113,132,121,115,113,113,134,90,141,139,123,162,172,199,212,191,188,166,226,220,191,190,181,157,146,151,151,173,144,126,121,88,121,162,167,141,118,157,129,139,141,146,167,193,173,155,155,141,123,121,115,129,123,146,164,149,141,153,155,107,107,155,183,157,110,88,95,93,95,208,234,183,181,151,134,129,181,157,170,177,149,157,173,161,121,123,144,155,123,107,206,121,132,155,129,186,121,139,149,141,146,151,149,151,136,166,153,166,136,183,93,179,141,132,141,121,79,69,157,141,115,121,132,104,173,141,104,69,76,59,98,115,64,50,57,93,123,112,104,79,101,120,146,123,151,161,181,110,138,138,157,123,110,136,146,141,157,138,134,151,143,153,151,141,132,157,151,161,155,151,167,132,149,161,143,129,149,161,164,151,151,141,155,198,183,143,132,155,118,166,164,167,151,181,172,151,157,120,123,115,123,138,131,115,98,141,183,131,141,120,123,85,138,129,101,143,129,131,155,136,136,120,107,166,196,120,166,166,141,115,143,181,151,177,115,72,120,141,177,151
113,107,127,144,107,149,64,107,115,151,129,139,129,129,121,121,107,91,142,79,76,172,85,132,107,95,127,142,121,173,126,79,79,107,107,121,149,115,91,104,85,135,91,85,149,157,91,85,102,132,153,166,166,211,162,107,162,157,102,167,129,164,172,199,181,167,188,172,172,185,175,186,155,153,204,199,177,191,215,179,179,175,160,149,155,149,162,177,162,151,132,121,124,155,146,134,124,91,110,91,149,149,155,191,172,107,132,172,164,172,141,124,172,144,98,146,132,104,93,144,98,129,157,172,191,195,207,221,204,212,186,207,201,146,193,155,129,123,162,141,129,107,93,149,199,136,181,219,177,115,155,107,129,160,173,149,107,139,141,139,139,121,101,121,166,211,123,161,155,123,107,132,157,160,151,115,107,112,88,107,141,188,188,175,204,161,141,170,141,144,153,149,132,136,157,155,155,166,149,181,161,129,136,129,121,98,134,173,104,132,160,172,151,166,177,161,172,164,193,164,207,115,115,157,85,121,85,136,121,98,172,129,104,88,166,167,191,93,172,66,79,76,53,120,82,107,85,64,76,74,98,98,82,141,57,143,164,118,104,123,98,107,120,186,155,138,136,118,101,90,149,149,146,181,141,87,188,211,143,136,155,161,151,143,136,123,129,141,173,172,143,153,104,151,193,167,181,191,177,141,149,169,181,173,161,157,120,101,87,123,177,131,90,136,141,155,151,151,149,115,101,107,136,166,166,87,85,157,166,141,131,107,115,172,183,166,141,136,177,143,136,120,183,186,157,131,79,141,181,136,155
121,118,118,124,149,127,149,135,142,132,144,127,115,98,74,85,129,146,107,98,85,102,113,172,93,124,115,121,126,172,95,76,124,135,132,132,142,121,72,183,135,110,115,107,166,91,132,146,121,136,144,136,162,181,186,160,149,157,132,199,93,162,144,173,181,186,157,146,186,216,196,177,162,188,198,177,208,185,227,166,208,146,142,157,164,142,144,166,177,151,107,132,121,146,136,104,115,110,124,134,129,121,144,183,198,172,179,191,185,155,149,167,153,172,121,121,141,95,121,155,121,110,153,195,206,193,206,206,172,155,193,181,193,162,167,155,144,107,107,186,157,121,121,136,129,134,172,216,181,107,173,107,129,151,98,107,144,139,129,129,136,132,112,153,172,173,144,155,151,126,121,141,149,155,161,155,139,115,79,93,110,172,211,190,179,173,164,190,166,173,157,155,161,170,166,167,179,151,136,166,172,166,132,110,136,166,136,155,183,167,166,172,183,181,139,98,123,191,193,151,129,155,164,123,121,88,115,74,123,181,153,98,93,149,110,107,155,151,134,69,85,82,120,110,136,93,76,98,104,53,36,74,82,98,112,101,166,120,149,93,141,170,167,129,134,151,138,93,93,146,172,101,155,143,123,126,199,190,132,132,132,115,132,120,120,141,118,90,126,157,155,153,134,161,134,115,177,220,172,152,143,166,186,186,149,136,120,82,115,151,179,101,115,136,151,181,172,166,141,120,129,149,155,181,160,112,136,169,129,117,141,123,151,134,151,161,188,136,143,93,110,129,141,177,173,143,123,157,141,129,141
110,142,118,121,107,129,136,124,118,142,167,98,146,115,64,107,142,107,118,104,102,95,129,110,124,132,93,110,126,93,135,110,126,121,79,88,124,136,142,142,51,179,166,104,136,93,149,173,135,129,142,142,157,166,166,196,64,149,118,124,175,107,201,153,157,139,91,181,190,193,193,186,183,198,201,191,199,199,179,196,227,160,172,181,142,139,110,107,134,129,72,107,132,121,144,129,157,129,113,132,91,155,172,144,191,225,212,167,164,170,181,172,144,139,149,124,134,139,166,155,107,98,157,181,181,199,208,199,172,177,157,121,195,177,149,149,188,132,129,160,149,129,107,123,141,132,149,126,151,144,129,167,134,110,104,141,166,126,126,141,129,132,151,149,151,141,123,129,149,123,132,139,123,151,177,167,151,129,85,90,144,153,215,141,146,183,201,186,198,181,157,149,175,172,172,172,167,98,157,146,199,166,123,155,191,170,172,191,183,123,110,149,166,172,141,141,132,155,155,141,144,136,129,93,149,93,93,149,157,134,126,107,141,166,141,123,101,110,120,57,110,136,141,132,93,79,107,115,76,61,115,129,85,93,98,76,93,134,123,93,166,204,167,149,167,166,120,93,141,177,141,126,143,90,101,151,161,141,123,93,151,93,129,141,146,136,110,101,129,120,136,172,134,151,110,101,155,181,141,155,136,152,183,186,167,155,167,129,151,120,155,132,164,167,167,151,167,181,166,149,151,166,181,181,172,172,123,110,166,155,149,166,141,131,169,173,169,161,115,98,129,143,136,129,151,151,115,141,143,155,161
