1682,1683,1684,1685,1686,1687,1688,1689,1690,1691,1692,1693,1694,1695,1696,1697,1698,1699,1700,1701,1702,1703,1704,1705,1706,1707,1708,1709,1710,1711,1712,1713,1714,1715,1716,1717,1718,1719,1720,1721,1722,1723,1724,1725,1726,1727,1728,1729,1730,1731,1732,1733,1734,1735,1736,1737,1738,1739,1740,1741,1742,1743,1744,1745,1746,1747,1748,1749,1750,1751,1752,1753,1754,1755,1756,1757,1758,1759,1760,1761,1762,1763,1764,1765,1766,1767,1768,1769,1770,1771,1772,1773,1774,1775,1776,1777,1778,1779,1780,1781,1782,1783,1784,1785,1786,1787,1788,1789,1790,1791,1792,1793,1794,1795,1796,1797,1798,1799,1800,1801,1802,1803,1804,1805,1806,1807,1808,1809,1810,1811,1812,1813,1814,1815,1816,1817,1818,1819,1820,1821,1822,1823,1824,1825,1826,1827,1828,1829,1830,1831,1832,1833,1834,1835,1836,1837,1838,1839,1840,1841,1842,1843,1844,1845,1846,1847,1848,1849,1850,1851,1852,1853,1854,1855,1856,1857,1858,1859,1860,1861,1862,1863,1864,1865,1866,1867,1868,1869,1870,1871,1872,1873,1874,1875,1876,1877,1878,1879,1880,1881,1882,1883,1884,1885,1886,1887,1888,1889,1890,1891,1892,1893,1894,1895,1896,1897,1898,1899,1900,1901,1902,1903,1904,1905,1906,1907,1908,1909,1910,1911,1912,1913,1914,1915,1916,1917,1918,1919,1920,1921,1922,1923,1924,1925,1926,1927,1928,1929,1930,1931,1932,1933,1934,1935,1936,1937,1938,1939,1940,1941,1942,1943,1944,1945,1946,1947,1948,1949,1950,1951,1952,1953,1954,1955,1956,1957,1958,1959,1960,1961,1962,1963,1964,1965,1966,1967,1968,1969,1970,1971,1972,1973,1974,1975,1976,1977,1978,1979,1980,1981,1982,1983,1984,1985,1986,1987,1988,1989,1990,1991,1992,1993,1994,1995,1996,1997,1998,1999,2000,2001,2002,2003,2004,2005,2006,2007,2008,2009,2010,2011,2012,2013,2014,2015,2016,2017,2018,2019,2020,2021,2022,2023,2024,2025,2026,2027,2028,2029,2030,2031,2032
108,159,226,137,137,185,137,174,129,97,67,57,67,86,77,7,21,69,97,166,210,193,69,35,41,97,207,126,50,41,43,52,41,35,41,67,86,88,75,75,43,50,77,57,67,67,86,86,50,117,43,21,88,126,108,105,100,96,148,86,35,27,27,16,21,75,156,59,96,86,43,69,105,67,197,120,117,117,117,108,50,33,117,193,183,120,85,206,59,125,67,96,140,140,125,88,125,117,50,75,155,197,140,137,151,69,205,158,137,151,59,117,168,151,117,148,108,175,88,66,168,199,99,140,158,175,148,66,193,117,119,153,173,171,205,197,93,102,148,155,105,105,191,241,197,93,39,148,136,171,85,64,85,102,182,171,102,148,165,122,125,64,39,32,27,64,117,93,74,145,180,82,96,105,72,125,74,57,102,74,82,116,102,102,163,122,134,57,122,165,66,202,74,50,122,102,47,66,122,71,93,170,82,74,144,116,125,41,125,96,144,134,125,74,56,74,96,173,224,180,170,163,220,155,147,190,113,136,173,122,165,173,152,96,155,190,113,93,163,214,165,116,74,64,82,124,182,64,66,113,41,71,85,93,116,124,163,136,96,124,121,104,121,74,49,95,202,182,147,154,124,124,136,85,95,188,71,56,47,41,93,49,54,82,101,116,144,172,85,136,164,136,162,71,136,144,136,124,104,104,74,170,204,124,147,66,124,124,164,49,124,101,204,124,56,56,54,15,66,74,15,74,63,49,63,16,124,172,164,124,124,116,221,113,66,54,104,101,66,47,56,21,54,82,181,124,74,188,84,154,215
149,86,120,176,86,159,126,126,77,57,77,22,50,35,33,52,21,41,100,120,174,174,57,1,57,183,207,100,57,50,117,100,96,86,22,41,100,67,75,86,77,57,35,75,41,77,59,75,96,86,27,105,148,105,125,148,117,41,33,50,22,21,35,50,50,88,199,33,27,108,75,17,86,50,156,166,140,77,96,77,69,57,125,176,59,88,137,85,69,85,125,175,137,125,105,169,125,120,117,169,173,193,175,105,210,85,108,151,158,75,96,117,166,88,57,148,158,96,85,173,230,105,85,148,119,173,99,233,105,165,145,163,163,171,155,153,180,105,85,134,165,122,105,195,205,74,137,145,165,173,54,125,85,117,57,189,180,50,153,191,102,74,64,134,122,50,93,66,72,96,82,50,117,72,102,116,125,102,93,102,64,64,102,136,116,16,50,147,122,82,96,163,122,93,102,54,105,125,66,102,102,82,85,116,136,116,71,19,163,96,134,54,144,66,74,66,66,190,224,202,209,122,216,202,136,180,93,170,104,93,113,152,64,144,165,182,104,74,190,196,125,136,96,136,96,163,124,147,66,144,113,66,64,96,104,104,113,85,71,71,124,116,66,93,133,155,188,182,144,136,104,124,116,95,154,121,66,95,147,144,172,147,124,95,101,215,182,74,136,74,121,85,113,116,136,116,162,144,66,71,95,71,121,121,66,124,179,95,63,21,181,147,74,82,56,32,49,56,66,101,124,71,47,194,147,215,49,172,85,147,144,63,181,204,66,82,116,47,85,124,104,92,41,6,121,116,121,124,135,170,74
50,129,126,75,41,174,86,69,97,233,33,120,41,77,86,75,126,108,97,108,75,117,11,88,176,193,191,33,126,59,88,33,105,108,67,67,59,50,96,148,67,35,21,22,100,128,41,59,108,96,50,27,148,126,126,105,41,33,35,67,57,41,59,50,7,41,125,57,35,117,105,77,69,69,57,128,156,69,75,105,140,120,77,50,21,69,105,120,169,105,125,137,117,151,69,140,140,88,108,166,137,125,211,137,148,151,108,155,158,137,148,75,96,117,85,148,128,35,128,191,165,137,57,119,165,155,59,155,193,117,153,173,96,145,93,205,155,137,148,155,114,195,155,153,205,31,93,72,153,182,114,105,47,117,205,125,64,155,165,216,189,197,208,96,122,57,125,41,66,41,102,136,57,72,114,102,54,93,93,64,50,74,125,74,66,116,96,57,93,74,165,125,50,125,125,71,47,47,96,116,71,64,113,147,147,71,71,122,122,147,102,66,125,31,116,71,27,147,241,232,197,170,204,152,136,56,125,182,31,147,125,47,85,96,202,173,104,74,144,180,85,56,93,136,39,216,101,208,133,124,147,104,39,101,93,66,85,85,71,74,93,93,82,190,173,133,133,95,136,95,136,165,85,95,172,144,154,182,194,209,190,225,182,93,154,215,154,74,136,104,121,104,121,136,82,66,71,95,95,54,32,25,56,154,121,41,104,135,164,85,56,116,92,85,71,95,215,231,196,221,239,235,230,248,235,164,85,121,85,85,74,170,66,225,172,56,16,39,49,47,66,56,47,21,11,162,172,95,190,104,121
137,159,69,67,140,140,75,137,126,50,226,117,41,59,156,151,41,75,126,156,148,120,52,8,207,207,75,16,86,50,96,100,50,59,59,52,17,57,148,86,35,50,86,67,12,77,41,158,117,117,50,43,50,96,128,108,41,17,22,27,43,59,67,3,100,105,52,156,52,96,197,151,57,57,75,117,120,96,120,100,117,117,96,59,11,16,191,223,128,125,166,125,140,140,75,108,75,59,77,125,151,140,183,185,100,117,151,117,158,105,140,69,52,66,185,108,85,100,125,155,137,108,140,137,165,155,105,206,108,197,105,105,125,145,221,165,165,173,145,117,66,117,241,145,64,114,32,137,102,93,182,82,114,64,148,66,122,72,148,189,216,220,239,136,54,191,66,96,102,3,64,19,82,82,117,66,191,117,41,82,96,74,96,145,116,82,39,39,191,134,39,116,66,50,116,50,66,74,57,147,165,93,122,147,85,116,122,93,136,170,85,71,85,85,56,47,66,144,220,190,170,214,152,50,56,93,85,64,64,147,102,85,116,155,229,155,116,85,21,64,133,96,85,122,96,124,163,204,182,96,133,96,49,165,121,64,66,104,85,56,163,136,180,155,101,121,155,66,104,124,136,121,116,155,165,208,190,147,136,154,124,190,85,204,182,136,144,66,71,164,144,121,124,104,95,124,49,101,152,66,116,215,209,232,204,136,136,182,179,214,181,152,181,172,209,190,221,253,252,239,246,246,249,248,225,135,95,101,135,164,31,92,104,113,164,49,6,21,41,32,95,116,116,41,1,49,164,164,135,152,181
169,108,57,106,117,185,129,1,149,199,137,21,57,59,50,67,75,57,69,50,140,166,148,86,210,183,4,33,16,100,50,69,129,57,88,16,17,69,100,117,96,86,29,105,117,67,57,183,105,86,50,17,21,128,100,86,27,67,69,33,67,75,35,22,77,117,59,117,67,117,128,57,151,67,59,137,128,117,67,50,75,117,128,88,8,29,225,225,120,156,210,125,151,151,88,77,67,59,120,137,140,156,148,191,137,96,155,137,100,105,168,77,88,128,100,128,137,88,117,148,137,125,150,155,148,191,173,148,183,148,39,125,215,125,173,165,125,205,137,114,102,96,214,208,114,114,93,64,180,173,72,205,72,102,85,125,148,191,134,195,220,189,96,205,66,27,82,117,41,241,41,114,93,64,153,153,41,182,148,74,93,74,116,72,155,32,96,165,105,47,163,57,74,93,93,105,125,165,66,116,191,96,82,116,147,66,74,85,170,134,74,82,147,96,47,56,144,144,144,136,116,82,85,56,85,122,41,39,122,64,82,104,147,182,190,133,85,104,71,125,122,163,85,133,124,136,155,204,147,147,96,124,113,144,165,64,56,147,124,85,221,85,136,82,124,147,136,116,136,74,133,71,101,188,147,190,165,82,49,56,133,49,104,190,180,121,95,172,39,162,104,104,82,113,144,124,182,188,188,204,235,244,251,230,172,196,221,209,172,225,229,204,179,232,208,162,220,249,249,190,204,239,204,214,225,113,66,172,92,101,74,47,124,124,164,124,49,19,15,41,147,116,21,84,124,39,66,147,162,170,135
137,75,75,117,117,174,137,43,126,166,75,59,105,86,52,67,43,11,16,57,183,231,117,126,216,166,57,1,199,75,97,108,67,67,33,67,67,88,100,75,77,27,100,108,67,12,117,88,151,11,17,151,77,105,35,108,100,22,35,29,43,75,75,33,75,86,125,57,169,169,86,125,57,57,120,183,125,100,67,57,120,120,125,117,12,50,105,199,137,117,75,125,176,105,117,100,50,57,100,105,117,169,151,193,151,100,137,173,148,173,151,85,173,151,125,148,137,96,137,168,158,128,158,173,155,155,119,140,148,117,180,122,148,205,171,145,125,153,134,96,93,114,208,180,66,64,122,82,96,153,134,182,96,134,85,153,180,82,148,182,195,134,54,2,66,41,54,74,210,171,197,16,102,153,72,74,72,180,202,82,96,125,74,145,93,82,145,116,57,147,16,125,116,136,93,155,116,47,116,170,144,113,122,165,125,66,31,195,173,82,165,71,71,96,82,31,64,163,155,74,96,82,134,136,85,104,66,74,122,71,113,147,144,144,147,85,47,47,66,122,116,113,125,96,116,133,136,165,152,116,124,163,136,147,101,101,144,182,136,113,147,104,74,121,133,104,104,133,136,32,85,64,93,188,147,95,93,71,56,74,121,41,93,136,188,147,162,144,66,74,49,104,66,121,124,136,196,194,179,231,204,202,182,182,124,202,244,164,214,202,249,164,196,215,221,202,215,181,196,204,162,179,239,207,116,147,85,147,121,74,63,144,162,124,181,164,74,32,41,74,85,124,124,116,66,25,74,104,172,135,170
57,67,57,126,149,140,126,86,106,151,108,137,105,33,57,86,21,5,41,120,86,137,129,151,242,216,117,21,1,75,75,43,67,41,75,75,59,27,75,69,21,108,117,67,35,67,69,75,105,75,69,11,86,108,33,100,105,77,50,52,75,35,77,1,86,117,128,108,117,69,96,86,75,120,174,148,199,151,96,67,100,105,108,108,11,57,96,33,105,17,33,148,43,77,137,128,35,85,77,96,128,88,88,173,96,119,100,183,148,105,125,183,158,197,158,125,119,119,148,183,165,77,148,165,199,117,119,158,117,153,165,72,148,233,105,148,163,93,148,134,122,210,180,148,66,54,96,163,96,134,182,134,96,64,171,180,155,203,191,122,96,47,27,41,72,125,7,74,134,239,136,32,54,96,41,117,117,54,102,125,102,148,136,72,66,102,114,85,153,27,125,116,136,113,93,74,105,71,105,170,136,82,85,96,66,85,85,195,136,163,74,125,96,41,47,31,116,82,116,105,64,170,170,93,113,147,74,71,147,122,122,144,147,136,66,31,96,85,66,102,116,102,147,147,125,122,144,152,155,113,147,165,136,136,147,152,152,144,144,124,85,136,121,155,133,96,124,27,165,147,95,101,147,170,116,27,15,66,121,133,113,64,49,182,190,121,165,41,116,39,95,92,71,104,136,121,133,194,182,104,101,144,116,95,124,202,239,202,196,196,246,208,196,190,246,239,172,147,181,202,147,170,124,135,170,104,135,92,104,92,74,85,124,95,190,179,124,32,15,74,85,162,74,135,16,56,6,56,144,92,124
41,106,59,151,169,117,149,186,88,137,159,117,50,52,105,97,50,57,88,100,77,120,166,183,236,233,21,22,41,35,117,86,59,59,33,7,35,97,108,69,27,43,96,105,75,69,29,50,105,100,43,126,77,96,105,86,59,22,50,100,75,16,16,120,75,100,96,88,140,96,11,50,125,108,125,96,197,125,35,128,140,120,67,52,29,27,41,33,41,16,75,1,199,100,140,158,21,67,105,33,100,59,59,140,69,169,137,75,57,105,185,158,88,140,158,151,137,128,148,168,119,105,151,185,168,108,193,100,158,137,122,191,145,173,134,105,134,122,153,171,134,125,93,145,74,66,105,82,85,173,137,85,66,93,148,189,136,125,191,105,85,82,125,105,57,117,39,41,171,182,93,27,66,105,66,57,117,148,74,114,117,96,85,74,96,54,182,148,66,163,32,134,113,113,85,105,66,50,102,195,165,85,57,197,147,50,144,66,204,136,191,15,116,31,54,54,113,122,96,134,136,136,122,170,180,39,125,125,136,136,136,82,216,102,49,136,180,104,39,116,136,93,147,170,136,82,133,136,173,124,124,182,165,144,188,188,136,155,136,104,101,136,155,147,163,124,85,180,136,96,144,124,133,121,74,74,124,93,133,182,182,104,136,182,172,124,56,95,74,147,124,85,116,182,204,116,133,190,147,66,104,136,82,47,66,204,230,214,196,204,182,221,182,204,209,135,124,147,101,104,63,116,154,164,162,47,135,121,124,121,116,124,56,144,135,162,135,27,4,49,164,101,85,32,66,6,74,27,49,172,188
126,67,207,117,140,140,186,174,88,137,126,59,57,35,100,159,129,117,105,69,88,86,166,207,205,237,105,33,22,57,100,75,35,75,57,52,59,69,86,67,75,75,35,96,86,11,35,86,96,50,52,59,105,100,67,22,69,128,43,22,59,57,43,22,96,75,59,75,193,27,128,33,11,137,151,88,125,128,75,86,137,137,117,35,4,100,22,117,35,21,21,96,41,166,105,69,50,22,100,117,67,108,96,85,137,88,108,77,75,155,137,66,125,85,168,151,151,128,128,158,137,151,191,197,108,117,193,137,158,85,163,203,153,117,105,66,105,155,148,134,41,50,93,137,74,125,82,74,191,145,117,74,25,82,125,96,122,134,171,155,93,148,145,74,72,122,173,163,224,125,66,163,125,85,125,173,122,125,125,117,74,54,117,117,57,96,134,102,136,136,136,27,102,134,105,57,50,134,105,85,163,74,32,66,144,16,54,64,134,163,32,144,122,27,66,74,134,147,105,105,163,74,96,182,41,165,125,144,165,82,170,136,85,209,133,209,116,32,71,116,85,147,104,155,116,31,133,136,136,163,182,155,195,101,165,196,155,165,136,121,104,101,147,173,121,74,121,190,136,121,136,96,155,204,124,74,147,124,144,188,154,196,165,182,190,82,104,147,95,133,95,116,136,165,154,164,116,104,147,154,144,124,74,56,41,196,204,209,190,144,116,116,101,95,74,49,147,135,66,74,82,154,202,56,104,135,82,204,104,41,121,147,71,135,85,181,179,47,16,66,104,85,16,85,63,27,32,11,101,164,49
166,120,192,166,117,174,140,21,223,120,97,88,106,50,97,199,176,166,148,117,77,148,156,174,174,236,191,27,27,75,86,67,67,67,52,33,67,75,100,88,35,69,75,77,67,27,105,35,22,75,117,27,67,43,77,117,50,57,117,33,67,88,16,57,151,96,59,125,156,88,11,108,148,108,105,117,174,117,59,140,185,148,140,128,22,67,86,33,43,27,27,75,206,35,35,50,88,50,75,156,67,69,117,108,100,96,137,117,151,140,96,175,119,140,100,140,155,158,155,166,119,137,193,155,158,105,216,137,148,102,137,197,148,122,93,171,163,125,105,102,85,117,96,82,57,134,114,171,171,191,148,66,31,19,114,180,148,134,165,195,171,64,54,66,93,105,145,122,225,72,93,136,64,173,114,41,114,145,117,105,64,66,66,148,105,114,114,102,122,113,47,57,93,148,102,71,96,31,125,180,134,57,82,147,54,125,136,116,96,125,163,93,64,85,74,147,180,209,155,125,116,113,125,116,85,116,144,125,116,32,125,102,85,170,214,188,96,125,96,102,182,147,54,116,74,125,188,133,104,182,144,104,182,66,155,124,170,147,104,104,133,85,144,155,74,93,136,136,104,124,113,133,155,124,136,104,124,136,124,190,162,95,215,165,95,27,147,182,82,71,66,136,144,71,85,95,116,92,104,144,170,190,82,82,85,147,215,182,85,85,82,32,32,63,116,124,124,133,95,82,95,116,170,152,85,147,133,113,56,116,92,101,135,124,104,179,164,82,54,47,41,66,82,11,63,104,11,66,6,21,113
183,176,149,43,126,149,137,149,197,97,126,75,126,149,120,77,137,174,174,148,41,174,105,191,183,233,185,156,108,43,105,77,100,21,17,97,67,52,100,86,41,57,97,35,105,77,69,12,148,88,29,27,43,75,100,41,86,77,50,50,35,52,33,137,67,59,50,174,67,148,148,52,59,108,105,120,75,105,137,148,176,183,174,148,77,5,67,77,41,50,27,22,100,156,52,50,88,128,137,137,96,43,120,125,100,140,125,105,88,155,155,108,22,125,148,119,119,168,166,137,105,158,137,88,108,158,211,88,185,148,105,191,125,155,195,221,165,93,148,191,125,122,82,74,134,148,171,216,145,229,153,66,27,54,163,171,165,145,165,145,105,122,54,41,85,54,125,136,145,136,96,125,72,85,74,85,66,136,148,74,72,93,125,41,122,122,102,116,145,113,155,93,54,105,125,71,113,113,64,134,125,105,113,147,147,64,102,57,74,125,122,125,54,96,191,188,165,105,144,147,125,85,74,74,165,85,71,71,105,104,16,170,197,122,93,208,155,104,133,182,182,74,47,39,165,190,39,136,136,116,56,165,54,208,136,56,96,85,85,113,133,133,155,133,74,133,96,113,74,104,144,155,133,104,124,124,124,124,85,85,113,56,136,64,116,32,154,95,162,124,74,95,147,165,71,49,154,133,71,116,144,204,121,154,121,182,113,92,116,116,95,82,124,136,154,202,154,95,135,85,85,135,190,194,66,74,147,85,135,144,56,104,147,172,121,162,202,124,101,92,41,32,27,16,63,74,41,56,11,6,116
176,166,50,1,97,50,57,129,126,108,75,106,117,75,105,105,67,137,156,117,50,35,236,148,205,148,241,227,126,41,108,88,1,33,41,75,75,67,69,67,75,88,67,41,96,77,57,52,96,75,17,21,100,57,86,43,75,75,67,108,59,33,8,86,128,4,77,176,156,77,108,120,52,151,128,108,67,52,100,117,158,205,96,52,86,16,75,96,27,27,67,148,108,151,128,59,77,117,140,128,67,41,105,125,120,140,125,125,128,96,108,148,137,105,105,88,100,140,96,148,166,96,105,77,66,125,175,191,134,148,134,145,163,189,195,114,66,117,155,191,163,134,105,117,153,155,208,215,210,241,96,85,32,72,102,102,145,191,145,105,122,114,82,50,114,82,216,136,163,189,114,173,136,122,182,173,122,145,173,85,74,105,122,145,54,72,148,117,96,96,114,105,72,72,136,113,39,136,204,93,85,74,64,71,64,102,116,27,125,82,125,56,116,180,209,180,147,144,195,105,105,136,125,93,56,116,82,71,82,93,102,105,82,173,96,152,136,144,147,204,163,41,66,74,104,190,104,155,165,104,155,144,182,101,144,27,96,133,124,133,133,152,136,155,93,147,74,182,49,133,133,165,136,96,172,113,124,95,93,155,104,85,56,39,66,66,144,124,136,136,104,116,165,95,113,182,124,66,104,71,74,95,154,85,136,202,21,144,215,154,144,144,95,147,188,190,154,133,121,82,116,152,154,116,121,74,104,104,113,116,71,74,116,147,135,124,190,172,66,56,41,32,71,95,56,41,41,74,21,56,41
52,52,21,2,11,7,77,88,137,117,75,166,106,117,117,97,117,129,97,86,67,75,140,176,166,156,242,174,108,50,43,67,21,33,69,57,88,75,22,29,97,41,117,27,88,67,41,29,96,57,35,35,86,67,75,50,69,41,52,120,33,27,33,117,67,59,156,100,57,117,117,117,59,125,117,148,96,16,29,125,158,52,86,35,67,140,59,41,96,43,27,108,59,158,128,50,67,140,176,128,77,108,59,166,125,69,206,128,33,96,125,175,156,140,128,137,148,128,119,108,117,88,137,140,96,77,100,193,75,50,102,96,155,189,117,27,85,153,122,153,191,153,96,137,173,134,203,225,246,233,72,72,50,41,50,72,137,182,148,85,145,197,171,122,171,182,230,96,233,205,136,191,96,102,191,180,189,136,125,122,114,117,66,117,93,66,117,136,125,114,114,57,66,155,113,105,66,57,134,182,93,85,102,41,125,66,105,57,74,191,85,125,113,66,180,165,113,105,152,170,105,173,96,136,173,163,56,64,41,113,116,64,134,125,136,104,155,136,165,188,197,144,64,125,102,122,182,41,113,155,196,147,85,136,101,124,163,133,64,116,173,136,147,155,104,121,74,147,147,180,104,147,165,85,190,71,121,124,136,202,170,113,56,41,74,113,165,113,147,113,121,136,136,85,93,133,95,82,147,71,95,154,32,85,82,172,66,209,188,121,116,182,85,101,182,85,116,182,135,95,113,92,147,74,133,47,92,74,85,124,104,66,82,92,121,85,135,204,95,27,41,49,74,92,54,49,63,85,32,31,47
52,86,108,27,33,33,106,149,86,108,117,77,117,166,169,129,75,52,106,166,86,43,69,159,183,166,126,210,41,35,86,86,43,21,69,88,86,41,5,41,108,52,137,11,108,22,16,59,22,57,105,27,59,117,75,41,50,96,96,67,52,35,96,191,105,105,105,59,105,43,117,148,174,75,67,128,59,1,16,96,52,1,100,67,69,7,77,2,88,16,27,125,59,117,148,59,96,166,125,67,108,96,77,108,173,77,148,96,148,173,125,100,210,156,125,75,105,119,75,88,148,183,96,148,108,77,158,125,83,75,33,15,41,114,85,125,165,148,117,148,173,155,155,165,153,148,182,205,221,203,96,85,137,105,66,66,64,82,134,173,197,220,216,216,182,182,229,105,195,180,163,189,125,148,163,153,165,93,96,117,96,125,96,66,122,74,136,72,85,116,171,93,102,116,116,57,27,122,208,202,122,71,204,41,7,125,116,147,147,136,165,57,64,47,66,155,144,144,173,188,116,116,173,122,50,116,147,163,147,74,74,32,136,147,197,202,188,116,104,190,165,116,122,116,144,64,133,188,180,165,133,163,144,173,136,136,155,136,124,96,104,133,136,136,147,147,136,133,104,136,155,147,165,104,124,147,121,93,101,188,190,124,121,113,124,113,116,85,113,116,147,56,147,136,133,116,95,121,144,136,124,147,74,162,49,144,182,104,101,194,121,136,113,95,116,116,95,172,147,85,92,71,135,82,47,74,74,121,104,104,170,56,104,95,74,56,95,202,147,71,56,32,41,92,101,104,104,15,85,74,32
117,106,174,117,120,117,129,129,77,88,117,88,108,156,108,50,33,50,151,105,69,67,129,126,166,156,151,174,50,75,41,50,57,52,75,77,27,67,86,100,100,77,33,75,50,29,41,41,11,69,117,35,33,75,96,96,67,59,69,33,69,75,67,151,108,100,88,57,50,77,105,151,166,57,33,21,4,29,50,22,41,21,41,3,86,7,69,1,12,22,117,43,86,57,52,57,67,75,156,128,50,50,117,105,108,120,117,125,137,148,120,100,96,156,59,52,137,169,151,193,199,140,108,151,100,137,151,88,117,75,72,41,47,122,241,225,155,117,134,153,180,125,203,183,122,114,155,165,145,173,189,155,215,180,102,50,25,85,114,191,197,155,195,197,102,125,136,134,136,102,153,153,205,148,145,182,208,96,82,85,105,125,102,82,105,114,155,117,117,105,155,74,57,93,134,66,64,66,163,170,64,165,204,39,66,182,113,202,147,136,93,66,66,136,82,163,191,125,105,85,136,125,71,41,64,136,113,204,191,85,170,113,56,225,134,147,136,136,147,147,116,155,136,136,96,122,165,170,125,133,104,96,202,133,136,136,116,133,93,66,85,85,93,136,152,124,204,144,47,147,182,147,113,165,82,113,96,116,124,101,121,165,165,104,74,121,95,66,95,121,136,136,136,82,121,116,116,104,104,172,179,154,124,154,116,144,196,136,154,154,124,104,136,164,85,82,164,172,144,104,66,124,172,74,124,104,113,144,104,104,181,49,113,116,95,66,135,124,147,204,124,41,74,104,162,92,85,19,95,95,95
137,169,176,186,70,166,120,108,140,67,75,149,75,57,41,17,50,97,52,69,166,105,149,194,174,191,174,140,41,33,27,59,67,41,27,67,105,75,77,67,29,67,41,52,16,52,57,41,97,59,22,77,57,86,120,137,50,17,43,57,27,22,27,148,166,88,59,77,35,69,96,151,86,22,16,2,3,50,108,43,59,96,41,75,43,27,35,4,21,137,148,105,125,16,67,77,137,137,75,50,67,117,75,108,108,85,59,75,140,75,125,140,85,85,119,183,137,125,169,173,105,85,117,137,193,108,66,185,75,191,173,208,173,173,210,180,197,125,137,117,125,210,171,155,163,117,137,93,163,102,220,216,171,114,57,82,137,137,66,57,114,122,163,93,32,31,47,117,66,39,47,155,214,134,148,163,195,136,50,72,102,82,93,47,74,155,85,117,54,47,93,54,54,66,85,105,74,54,114,113,64,93,85,136,116,189,125,85,189,208,153,147,82,147,152,136,144,41,147,188,66,85,71,147,74,116,147,202,134,155,71,102,122,82,182,147,144,96,104,104,96,182,147,173,136,204,56,64,190,96,113,82,82,125,182,122,136,125,125,155,152,136,124,74,173,122,49,74,155,66,121,209,147,74,93,121,113,85,116,136,95,66,82,124,71,136,147,165,182,104,136,162,85,66,104,144,136,136,170,170,147,136,113,147,152,196,230,133,95,144,147,104,144,124,95,113,116,133,136,113,95,162,116,116,124,32,164,116,104,56,135,121,95,116,124,116,147,172,147,181,164,101,104,154,63,54,41,113,41,144,49
166,149,117,159,50,156,126,57,106,41,117,117,86,106,50,4,33,120,120,137,140,137,126,156,88,197,140,108,41,52,77,75,86,69,67,120,148,41,33,88,57,140,22,16,52,67,35,86,50,52,35,35,59,86,77,59,43,77,86,59,41,33,16,156,176,86,41,117,57,41,128,120,69,21,16,33,43,35,108,156,43,77,176,117,77,50,35,41,67,108,166,105,41,100,108,125,140,120,50,117,120,59,125,166,52,52,75,22,166,75,117,140,183,96,85,151,100,85,173,105,125,151,185,117,210,155,199,39,117,155,163,216,235,235,210,137,173,165,125,189,114,232,145,137,191,137,145,96,122,165,165,197,74,50,15,64,180,173,72,21,105,122,165,57,41,19,41,19,82,54,41,203,165,93,145,148,165,148,32,64,125,102,82,64,105,72,102,64,64,74,41,66,93,66,93,66,116,116,74,64,64,74,66,134,182,180,134,105,155,85,147,182,173,165,125,116,116,147,134,134,105,122,189,216,163,85,191,214,136,125,122,66,74,125,180,113,122,125,66,104,125,96,152,165,165,136,147,136,85,66,49,190,136,190,125,136,74,133,136,155,136,96,144,104,188,66,190,152,124,49,180,155,163,147,93,104,101,56,121,182,113,66,74,121,124,74,170,136,82,136,136,170,121,133,154,133,113,104,172,124,56,104,136,136,136,154,179,95,85,164,121,95,121,136,136,92,92,124,116,116,164,124,74,116,101,56,135,121,124,135,74,113,74,95,101,104,85,164,190,92,95,135,104,124,41,74,41,116,39,144,49
86,67,50,151,41,140,77,33,100,50,174,57,149,156,52,12,57,169,212,120,50,86,88,35,69,97,27,151,35,59,59,126,100,75,69,67,97,77,33,88,57,67,59,97,27,108,21,21,29,77,69,59,77,75,57,27,33,67,140,43,41,75,16,108,117,126,59,105,75,69,166,108,126,100,88,96,86,96,117,128,67,128,210,148,96,86,69,33,57,120,105,67,105,148,100,108,117,108,148,137,75,77,108,69,158,27,69,173,21,69,137,88,137,148,193,128,137,100,140,148,69,173,191,166,158,75,137,203,137,134,205,180,153,221,220,205,145,102,122,114,125,215,183,155,114,102,82,72,163,57,191,117,96,105,1,1,117,153,155,117,153,220,117,125,25,50,32,2,136,136,117,171,153,153,171,195,122,72,50,57,148,85,125,122,50,82,117,41,136,82,117,66,96,82,64,54,105,114,66,72,57,102,153,153,202,197,155,134,105,82,134,134,147,163,153,116,74,93,170,197,182,144,125,152,204,221,165,180,116,56,6,136,125,125,64,134,163,113,144,209,136,64,190,163,133,147,133,74,147,49,133,116,74,102,64,125,136,144,221,104,136,173,152,165,85,208,47,49,209,133,116,165,147,96,96,116,124,96,124,116,104,182,133,147,104,104,93,85,64,182,230,154,121,154,116,152,85,74,95,71,32,64,124,136,104,95,82,124,104,104,124,116,136,136,124,85,74,116,85,56,135,144,135,116,104,116,144,135,116,56,56,135,85,82,104,56,74,124,147,92,39,95,124,147,85,41,41,27,71,164,144
41,41,52,16,117,106,106,67,151,67,137,117,156,151,57,43,97,166,212,137,52,29,57,50,50,22,21,97,52,59,100,75,50,86,67,43,57,75,21,17,27,27,105,75,22,77,16,100,75,27,12,67,77,69,43,43,105,96,75,86,41,69,57,174,57,52,75,33,128,108,128,108,96,158,156,105,108,156,59,100,216,140,88,183,176,67,50,41,50,75,77,57,108,117,100,67,105,148,117,128,151,86,117,108,120,148,41,77,69,125,193,137,77,88,156,156,137,175,59,66,148,173,151,151,75,193,128,54,105,180,114,105,145,102,197,208,189,96,72,114,93,163,221,173,74,122,72,180,96,85,197,114,230,93,47,85,137,205,220,205,125,173,165,74,39,66,41,134,85,205,155,171,165,221,155,153,136,82,93,93,122,72,191,64,136,39,148,41,136,93,180,122,136,66,96,54,39,82,85,74,82,125,197,221,155,214,116,64,147,125,134,153,145,136,173,96,54,173,204,152,93,144,155,197,155,188,202,74,25,82,105,54,191,182,74,182,182,144,190,190,152,155,182,155,188,136,50,96,125,39,71,136,136,155,66,96,196,133,147,113,64,124,163,165,155,116,155,144,116,202,155,188,124,182,121,56,116,113,74,136,196,147,113,170,74,64,144,155,95,95,190,136,95,93,147,85,82,74,74,56,41,95,204,85,113,85,66,162,56,56,66,144,164,56,116,85,85,124,136,74,85,124,135,121,113,104,116,104,85,104,135,74,95,147,147,104,41,74,172,147,49,85,170,85,56,32,15,21,85,85,31
88,2,4,41,169,140,156,77,117,126,108,159,149,86,27,52,149,192,186,205,106,106,29,70,33,41,67,27,75,50,86,59,50,97,77,41,97,52,16,57,75,12,100,12,77,11,97,105,75,7,7,75,67,22,43,100,88,57,75,52,105,43,50,148,105,52,35,52,105,69,128,117,105,108,128,86,100,27,67,151,158,52,67,212,156,50,77,88,17,43,108,59,105,148,108,52,77,137,125,140,166,77,151,140,67,86,50,67,166,193,100,57,158,169,108,117,120,158,166,52,69,173,185,137,108,77,148,153,153,96,93,125,85,85,145,145,105,155,145,171,197,125,125,205,114,39,148,93,102,134,165,182,180,171,148,155,155,197,173,153,197,197,171,191,82,57,165,114,249,153,155,173,145,197,93,163,216,136,82,153,125,85,148,136,148,93,153,136,182,155,191,202,114,96,105,31,57,74,102,96,82,93,191,221,134,165,96,125,147,147,64,173,145,82,102,136,113,195,216,116,105,165,147,82,136,147,163,66,136,165,50,71,163,182,152,173,190,197,197,155,136,144,82,165,209,152,122,85,56,85,122,6,74,147,96,116,155,155,155,190,173,165,136,163,155,180,104,101,56,165,182,163,133,173,136,121,74,74,136,116,74,152,147,104,104,16,147,85,170,208,54,209,85,49,172,182,71,214,190,136,124,182,147,172,74,85,121,85,215,16,113,147,71,64,95,152,147,124,116,95,71,101,95,170,74,63,56,95,85,164,172,49,135,135,116,133,47,32,147,172,101,104,196,113,95,82,21,21,41,32,41
21,29,16,29,70,159,137,156,86,97,108,70,27,29,126,108,100,197,176,108,140,75,22,120,27,50,100,41,21,27,69,117,77,59,75,108,97,27,59,108,69,27,27,50,67,33,69,27,59,41,59,27,57,41,86,67,33,57,75,52,86,16,108,117,57,105,52,100,100,140,108,59,137,57,117,126,100,105,59,59,67,41,217,52,57,206,67,108,21,86,105,67,128,158,52,41,57,105,125,125,117,75,137,105,105,96,57,69,108,75,100,169,140,176,117,120,169,183,156,117,137,151,158,67,119,59,41,125,163,85,96,33,72,134,96,96,125,153,197,153,96,114,210,224,171,75,41,134,137,85,105,182,137,182,122,82,82,102,165,205,197,173,173,148,195,134,155,171,214,148,171,163,134,136,145,173,165,155,145,165,145,25,114,191,134,173,74,191,134,239,236,182,105,96,85,7,96,125,105,125,64,93,163,229,96,105,85,134,102,165,85,155,153,125,66,136,189,221,189,105,134,136,122,74,41,204,93,85,136,32,41,113,96,173,155,105,113,165,147,96,102,136,136,147,122,125,116,47,71,56,71,71,125,144,155,165,180,133,93,113,116,155,147,133,204,56,180,104,74,173,204,196,163,165,104,196,74,56,82,124,96,85,113,66,74,163,147,66,136,71,85,144,155,190,136,182,215,215,215,196,229,172,49,136,136,116,124,82,104,196,66,116,85,85,104,116,116,63,136,85,104,133,133,136,49,56,39,124,116,164,74,196,71,66,104,121,56,27,116,172,164,124,124,154,85,121,49,27,66,15,56
97,17,21,29,17,149,75,140,52,41,100,67,52,67,57,50,27,106,174,50,43,41,52,70,67,100,97,57,75,86,75,75,88,88,86,86,52,97,100,67,50,52,59,67,41,7,22,88,59,77,57,43,59,41,75,52,33,67,75,96,50,43,100,151,59,67,120,86,86,105,100,50,126,96,117,105,57,52,57,77,120,117,105,158,199,117,105,100,69,108,52,120,117,69,52,50,50,67,125,108,57,117,86,59,96,96,117,27,88,96,125,120,140,206,193,151,185,156,166,169,148,140,128,151,35,225,117,93,122,114,166,41,27,105,57,50,114,93,148,224,173,235,249,180,114,180,180,96,27,191,148,195,137,85,134,102,134,137,197,205,122,195,221,137,171,180,145,137,163,165,145,155,96,41,145,153,155,165,155,173,182,148,50,85,171,165,11,148,220,182,171,204,122,82,82,19,39,145,122,85,64,96,114,182,74,122,54,173,82,153,197,93,147,85,85,113,197,197,147,102,96,102,147,41,56,116,64,66,39,71,85,134,71,102,74,82,136,116,102,147,56,105,180,122,104,96,11,39,54,66,116,144,152,190,180,155,93,71,122,182,182,116,165,125,196,182,124,190,155,155,194,144,165,196,163,74,82,113,124,133,133,82,71,116,101,85,173,121,74,147,163,66,182,144,172,49,172,154,136,190,136,133,124,113,133,39,133,164,93,27,220,56,172,85,92,95,172,47,113,95,49,104,54,147,56,101,49,101,121,71,95,116,49,74,74,66,85,92,133,116,147,147,74,135,92,164,121,32,16,74,49
159,59,126,77,70,117,106,35,70,88,126,176,108,120,43,22,108,59,117,33,120,108,33,33,106,88,67,8,88,117,100,50,97,117,43,35,50,77,88,35,41,59,57,50,27,7,67,97,59,43,59,88,52,16,59,86,67,75,67,43,52,75,108,126,100,59,59,86,100,88,126,117,105,96,117,96,67,50,86,100,77,75,35,176,57,100,86,128,86,100,140,96,59,86,96,77,35,75,69,59,169,128,27,86,50,100,125,17,96,59,169,88,185,166,166,151,148,108,108,137,128,128,148,120,43,197,85,183,85,145,39,134,72,64,50,39,66,85,117,183,137,210,216,230,183,224,39,163,137,93,155,102,102,105,125,93,134,165,155,173,148,85,134,145,102,102,145,145,66,163,189,153,114,64,145,165,114,173,195,203,182,82,96,148,102,41,27,102,216,173,171,202,155,82,66,85,66,114,114,66,102,136,57,50,122,113,96,148,134,191,191,125,82,96,147,147,102,155,102,85,105,116,71,32,125,6,96,85,50,165,64,85,147,71,82,102,85,136,155,116,85,102,144,82,66,19,27,27,32,74,71,155,173,147,165,136,96,32,116,163,147,122,147,122,182,235,196,85,122,147,204,147,196,209,116,93,147,155,124,74,64,136,136,124,147,74,41,96,121,121,136,64,71,172,147,144,104,165,85,56,82,71,136,74,82,164,144,85,170,124,124,124,172,121,85,136,66,74,66,66,32,116,124,116,164,56,116,170,49,116,172,71,95,116,101,74,104,104,74,74,116,113,66,124,172,135,135,63,21,92,31
86,106,86,120,106,67,137,159,52,159,183,151,117,43,27,43,43,21,22,75,106,97,27,43,16,70,108,108,75,97,191,97,33,88,67,77,77,33,77,69,120,50,88,50,33,29,27,50,43,35,41,67,69,35,50,88,97,41,50,27,77,86,75,108,120,57,59,158,86,69,158,174,67,67,108,96,128,88,57,100,59,96,100,100,75,108,59,77,67,140,117,67,67,105,105,86,69,41,59,105,156,100,17,156,17,50,57,120,67,67,125,108,173,96,96,140,148,100,77,128,75,120,120,166,77,88,83,102,122,122,39,114,50,83,39,41,83,145,153,117,180,83,208,221,148,93,96,93,180,75,155,85,134,148,85,148,137,153,125,122,224,241,105,148,114,173,155,148,173,96,155,163,205,125,102,117,155,163,182,155,182,136,27,125,114,27,136,122,122,214,197,155,191,125,31,57,105,82,117,64,105,136,54,39,148,173,93,93,191,105,147,147,93,96,136,113,82,102,82,41,116,134,41,105,147,66,191,197,165,202,165,144,155,102,173,96,82,122,136,113,105,105,105,71,71,85,56,50,96,32,136,190,182,27,113,66,85,74,113,173,155,173,47,163,173,113,136,116,204,155,136,236,209,196,155,144,204,116,82,180,147,116,133,136,85,85,104,66,124,116,93,144,66,121,124,116,147,154,154,101,136,124,124,85,121,101,124,172,41,136,136,147,147,136,147,92,66,74,95,47,66,74,154,147,116,113,121,104,135,144,101,144,154,113,104,135,101,104,32,135,124,66,74,124,135,135,95,124,85,21,71
126,129,77,137,126,140,126,97,129,169,166,198,120,59,77,50,16,77,33,75,106,22,43,27,33,100,120,17,149,156,106,75,41,67,77,75,27,41,105,86,43,151,35,1,67,33,27,88,50,27,75,50,35,88,77,75,69,16,67,105,33,33,86,105,69,69,156,129,29,57,166,120,57,88,126,96,86,86,100,100,126,158,105,75,88,75,27,33,59,169,148,108,105,120,52,52,100,100,86,100,100,100,77,117,156,105,105,75,77,88,120,88,67,117,77,77,148,125,120,128,85,148,100,125,105,50,125,117,137,134,54,27,39,50,85,125,114,148,148,155,195,64,148,134,114,75,96,134,137,96,173,114,83,125,102,148,155,182,216,182,216,105,137,137,182,165,148,50,189,145,137,137,224,153,148,134,117,155,155,195,125,134,102,96,171,93,171,93,214,122,182,197,165,136,64,19,136,136,134,117,85,155,66,74,125,136,54,57,72,96,125,134,153,93,85,163,134,105,147,96,93,155,144,155,163,204,232,202,230,216,225,197,155,170,173,136,125,113,134,136,66,74,147,122,102,204,85,147,96,122,188,204,113,144,170,113,116,85,74,204,221,202,136,196,155,41,204,96,202,155,155,180,196,96,196,165,165,170,133,136,133,124,74,116,82,196,64,104,136,147,116,85,93,19,95,147,116,124,116,104,144,101,101,144,136,85,116,82,204,116,121,95,147,136,85,92,104,85,116,136,124,116,27,104,136,154,85,71,136,71,63,95,116,27,71,124,56,104,85,164,147,95,71,56,116,135,95,154,154,56,104
22,100,120,129,120,117,43,186,126,149,106,169,43,22,35,35,86,166,43,50,16,57,22,67,70,149,41,86,1,108,33,67,97,97,108,59,75,75,67,22,137,16,52,97,12,75,33,50,97,57,27,35,69,75,86,69,75,69,120,97,22,43,77,126,35,137,137,77,50,117,140,75,128,117,67,67,59,128,108,151,77,156,96,75,117,50,57,100,120,120,137,100,50,100,77,41,100,100,86,128,96,77,137,69,96,120,108,69,86,128,137,128,117,75,86,88,120,151,169,105,88,137,75,88,148,100,183,156,134,189,66,64,57,83,125,163,125,148,180,163,145,85,166,117,117,85,189,66,96,134,148,85,114,96,93,148,153,165,153,93,148,145,148,165,145,125,117,216,105,148,114,165,96,189,105,155,165,66,93,82,145,171,145,57,180,191,105,145,57,197,165,235,173,105,171,125,125,173,31,134,105,47,171,163,116,74,66,50,66,136,82,134,113,96,134,210,136,105,153,173,122,182,221,180,197,236,209,204,209,173,220,191,147,163,191,144,122,134,134,102,74,102,144,116,122,190,173,113,144,188,165,232,214,229,209,204,173,74,64,173,243,232,209,202,144,116,125,133,163,147,39,155,47,64,182,196,93,104,136,121,147,85,85,173,74,124,147,56,66,180,147,85,41,136,104,113,144,204,172,154,116,144,154,85,85,54,121,144,49,116,101,144,164,71,41,133,124,66,66,124,113,71,116,85,85,116,172,95,116,116,71,104,95,56,116,95,74,121,133,95,85,85,116,135,147,172,113,104,154,152,95
126,108,77,129,140,137,137,149,86,120,67,59,27,43,35,52,86,86,41,43,75,75,27,70,67,108,59,77,21,41,86,67,88,59,50,29,27,70,86,69,16,27,126,16,50,59,33,57,108,43,57,88,108,22,41,86,41,77,120,29,69,11,43,126,27,137,52,105,137,96,86,120,128,117,69,117,128,140,105,120,43,120,88,96,156,52,117,105,166,120,59,117,57,57,108,86,67,86,100,125,120,59,125,77,77,137,35,59,128,117,125,125,120,69,96,140,140,100,117,148,140,52,88,120,156,183,117,156,189,166,122,114,72,117,125,134,145,163,166,155,166,145,173,72,148,134,105,191,114,83,148,75,114,114,173,134,74,125,155,96,31,105,96,137,114,148,148,137,57,105,137,165,117,180,189,74,153,102,64,173,173,163,216,93,93,171,117,96,205,148,202,208,202,182,66,122,155,165,117,39,72,102,202,74,136,136,125,93,41,125,136,134,102,173,145,173,216,125,173,210,197,182,224,170,208,182,195,197,144,134,189,155,66,102,195,188,66,56,125,85,66,116,113,85,136,116,96,93,155,155,163,241,231,188,214,224,173,102,85,195,230,209,216,196,116,182,66,155,147,104,96,101,56,165,190,113,104,96,182,133,32,96,121,147,163,96,104,147,82,82,101,66,124,155,95,133,172,194,95,101,209,104,154,124,104,136,56,74,116,154,101,56,164,116,144,113,116,85,71,47,104,136,66,47,63,56,144,85,15,172,104,66,104,196,104,154,74,85,172,121,116,147,113,71,113,74,121,104,121,116,116
138,118,129,118,137,106,67,70,77,117,126,106,59,67,50,43,50,35,43,126,222,156,75,17,29,41,77,67,52,108,77,35,88,137,106,100,57,52,108,33,7,156,27,35,50,16,7,41,50,67,57,52,67,50,97,88,33,105,75,67,5,75,166,88,151,35,156,97,137,67,67,67,75,108,126,140,117,86,108,33,126,69,148,33,140,59,100,156,67,137,140,105,50,41,125,108,57,77,120,128,140,69,100,105,128,117,59,100,105,96,140,117,88,86,128,151,125,100,86,148,137,100,151,105,148,114,156,181,195,163,102,83,85,125,96,102,153,163,134,155,183,134,137,83,93,165,145,155,114,105,173,114,75,75,122,134,102,148,145,125,96,117,148,155,163,155,102,114,182,173,114,125,195,153,64,74,114,182,114,134,210,216,163,114,96,145,191,66,50,165,202,171,197,155,41,41,117,72,64,39,72,182,155,173,165,155,105,66,66,74,155,224,163,155,145,165,204,170,180,214,180,180,182,136,182,136,191,180,182,136,54,134,57,85,165,180,82,66,125,93,82,136,136,85,96,6,56,116,113,144,216,204,204,209,220,221,147,74,74,147,188,208,190,125,165,155,116,104,163,155,144,144,155,214,225,163,147,136,85,113,133,136,71,165,170,104,85,144,49,163,104,144,96,190,155,104,196,165,182,215,162,144,136,170,101,95,165,27,170,66,74,64,66,101,152,164,49,116,162,170,95,66,66,66,124,104,104,190,66,71,113,85,204,209,121,56,104,74,85,101,116,104,162,104,124,147,135,113,63,147,164
166,67,176,57,97,118,106,108,205,198,50,29,27,11,75,108,59,41,140,174,198,194,151,2,16,137,75,97,108,67,50,33,67,97,88,27,8,50,67,88,50,35,88,88,50,17,21,97,33,33,29,22,33,86,77,5,8,43,41,59,1,75,159,151,100,52,193,77,75,88,126,120,77,88,137,117,67,43,96,75,126,67,67,21,69,96,126,156,75,206,148,57,75,117,108,86,120,117,67,151,120,100,117,67,105,35,158,105,100,96,88,100,57,86,148,105,96,137,108,105,120,193,100,120,96,216,183,117,195,148,96,67,134,105,75,114,148,122,145,105,153,189,148,75,134,195,134,75,197,165,145,96,134,122,122,134,137,148,145,102,74,82,125,137,145,191,148,64,125,195,165,137,153,163,122,137,125,148,173,210,244,230,195,96,125,117,153,155,153,148,163,182,225,136,50,96,145,117,85,117,136,125,153,220,197,66,85,66,134,173,96,153,163,163,182,214,136,134,182,173,189,220,136,197,153,93,173,173,204,191,147,31,64,113,152,188,214,134,64,147,173,170,170,66,50,56,64,41,173,204,241,197,202,232,224,232,182,82,50,85,195,230,216,170,144,66,136,155,147,163,136,147,136,122,221,188,104,96,116,121,93,66,121,152,96,152,116,66,121,147,54,82,147,209,147,172,124,196,155,152,196,204,154,147,104,85,6,116,49,85,144,116,101,124,164,116,71,66,74,104,164,47,113,124,133,133,113,136,104,113,170,56,172,85,144,92,85,124,95,74,121,135,56,154,47,204,124,172,3,164,124
169,57,75,77,67,86,126,149,129,70,22,5,21,57,149,126,70,67,75,159,149,59,21,27,75,86,86,22,27,100,108,33,75,108,16,22,59,59,59,67,16,59,106,77,7,67,77,16,29,33,33,11,7,27,75,43,21,33,12,16,43,59,75,105,108,59,108,108,57,96,67,59,117,166,166,117,86,117,108,120,100,86,41,88,96,117,105,108,108,174,88,137,120,120,67,50,120,105,50,105,120,96,125,59,96,67,125,108,117,108,117,86,86,96,108,117,151,151,137,151,158,156,140,183,128,236,134,153,153,67,102,164,181,236,205,117,117,125,137,155,155,134,83,148,183,183,117,230,125,165,148,117,153,191,155,96,96,114,117,148,137,114,125,148,148,105,165,85,191,191,102,96,171,153,105,145,155,134,205,216,233,233,197,155,93,148,197,136,125,125,163,197,182,205,148,25,74,82,39,96,155,114,221,163,105,153,122,117,50,105,122,82,102,208,197,173,210,225,210,182,216,189,165,125,134,216,195,136,216,170,71,134,136,105,182,182,155,96,113,116,125,147,105,93,32,56,85,116,236,216,232,216,190,195,239,230,204,165,125,85,208,239,235,136,96,56,116,152,113,196,147,147,155,155,173,144,113,136,122,66,66,124,136,113,155,124,71,121,124,96,116,96,147,155,155,147,116,204,190,95,93,104,147,133,124,56,101,71,121,144,124,74,136,136,54,41,116,116,74,56,95,154,92,147,66,104,85,164,116,32,16,104,113,85,116,92,95,54,49,66,74,71,101,74,196,74,170,104,74,135,124
43,77,67,70,97,86,166,151,70,33,43,50,57,149,126,117,50,100,137,126,59,77,12,75,16,29,16,106,106,86,100,100,50,106,97,35,21,27,27,67,27,22,57,29,117,7,21,12,77,88,41,41,57,69,69,50,52,33,35,57,69,100,88,97,129,137,69,69,67,75,105,88,137,166,169,185,126,88,166,120,100,120,108,148,169,148,57,75,50,169,206,57,57,108,57,43,52,69,100,69,67,57,120,69,77,77,128,137,108,96,137,117,151,120,108,176,148,105,185,185,148,105,137,191,197,122,197,191,67,85,93,102,233,249,195,85,96,75,148,75,155,163,117,225,96,183,96,153,83,191,171,163,57,210,210,93,85,75,148,205,189,114,205,64,173,74,210,96,195,105,125,102,171,189,163,165,148,155,180,189,220,214,148,155,155,145,117,148,125,122,165,195,224,221,93,96,85,66,114,122,173,153,82,233,182,96,173,105,66,122,134,96,155,145,221,197,210,224,197,163,182,147,204,197,105,136,113,122,197,116,155,134,155,96,155,82,105,224,170,21,21,136,147,41,6,105,47,249,232,182,204,188,188,165,188,180,214,216,66,74,220,230,208,93,116,165,122,190,85,225,125,182,216,182,136,124,144,136,124,85,104,101,124,101,144,147,173,136,71,121,136,96,93,133,133,104,104,136,136,82,93,182,136,71,147,104,49,147,116,104,144,116,124,116,121,104,164,116,74,113,92,74,147,124,49,74,113,172,95,85,164,74,124,47,135,41,63,66,63,116,104,135,154,85,21,74,144,121,85,170,116
77,67,120,108,75,156,86,174,118,16,4,75,137,129,100,67,129,174,100,117,126,22,43,27,12,75,86,75,88,67,86,75,43,86,97,12,50,27,21,75,88,50,12,77,27,1,149,169,166,86,97,100,120,77,75,97,129,193,137,67,50,97,216,129,52,117,86,86,176,108,86,129,174,156,137,117,108,59,117,126,120,86,86,69,88,126,75,57,117,137,75,100,120,100,86,96,105,67,88,117,59,27,57,57,50,88,183,108,77,125,140,140,125,140,158,169,148,158,156,137,125,100,140,137,148,134,171,166,93,173,153,171,230,235,183,85,148,122,75,125,125,148,173,125,134,83,173,93,180,153,171,155,163,145,134,125,96,75,180,96,148,137,122,64,180,33,203,57,155,54,235,134,165,180,197,122,117,134,155,171,145,173,82,125,173,163,93,189,74,163,117,203,220,220,163,96,50,47,96,153,136,148,134,10,125,148,148,66,39,116,145,93,125,122,202,180,125,145,85,72,147,136,102,189,153,102,85,125,197,155,102,74,134,125,182,82,66,180,122,27,32,155,173,16,125,41,208,195,144,113,208,197,182,190,104,182,236,204,93,136,231,220,173,125,220,163,225,133,113,116,113,165,202,155,113,133,104,136,155,124,82,66,147,71,144,155,147,56,133,113,136,144,104,104,136,85,85,104,82,74,136,136,66,121,165,74,74,116,147,165,124,116,170,71,104,164,104,93,104,85,104,124,144,116,63,49,63,124,116,74,124,85,101,95,71,121,63,95,124,135,66,32,104,49,6,41,124,124,92,135,164
169,97,120,141,166,169,126,118,77,22,57,33,129,176,126,126,149,159,200,140,140,35,129,12,27,117,16,86,86,67,50,35,75,97,59,59,35,27,86,22,12,75,100,21,16,86,105,199,59,129,159,117,108,117,86,156,108,77,105,100,69,166,4,126,129,75,100,41,100,105,120,156,156,176,140,108,43,117,77,86,117,41,158,33,117,169,75,96,120,77,77,126,96,100,105,117,100,86,41,100,100,27,35,105,125,148,169,96,96,151,128,128,100,120,151,148,166,156,96,120,128,105,96,69,156,171,125,125,181,195,215,156,195,197,137,102,148,191,122,137,96,137,134,72,145,72,117,96,166,117,125,155,195,137,93,93,83,134,145,85,163,96,114,54,134,39,137,96,163,191,137,173,155,173,195,85,93,182,82,165,114,171,114,197,125,173,102,191,96,125,114,189,145,197,195,93,11,32,125,202,205,32,93,173,191,85,74,32,148,173,148,134,136,163,105,93,122,145,105,125,191,165,145,147,93,122,113,155,163,122,74,165,216,136,134,125,64,66,66,74,47,122,122,105,136,15,214,96,204,190,113,155,152,190,197,202,236,220,125,136,232,180,136,116,214,196,204,47,50,93,155,104,165,144,173,96,85,133,133,82,124,93,113,116,180,85,155,104,144,136,144,104,56,74,165,71,96,104,113,113,56,85,85,204,104,124,82,124,71,124,74,124,116,85,93,104,56,93,154,104,41,74,113,104,116,71,64,172,136,104,63,113,56,116,172,66,95,154,104,66,121,135,154,121,11,21,147,116,104,135,85
97,88,120,138,174,156,88,77,29,41,100,33,118,183,108,149,156,156,216,140,140,200,117,17,41,75,149,21,59,67,41,97,106,52,16,5,50,50,117,43,27,57,97,50,29,86,222,77,140,117,159,67,75,100,126,108,108,120,52,120,100,59,108,126,77,59,100,43,22,50,151,137,151,185,140,8,17,96,129,126,57,158,69,126,108,86,86,108,108,120,96,120,96,128,120,59,43,33,117,120,96,166,105,137,86,125,128,176,100,100,151,125,67,108,156,120,120,100,125,148,120,128,125,120,166,171,114,156,195,195,208,171,166,153,148,148,134,134,102,122,125,105,137,102,96,122,122,137,83,134,134,208,93,125,145,122,125,125,137,145,155,93,114,125,171,145,182,96,191,96,105,203,155,148,165,163,163,155,117,163,163,180,173,241,72,195,93,171,93,136,114,165,122,165,191,117,41,41,182,208,153,93,102,189,163,74,82,93,153,155,155,125,180,197,163,125,173,210,230,210,136,125,47,170,147,105,113,145,47,147,66,2,173,180,102,122,82,113,113,74,71,105,125,27,32,74,96,170,236,155,152,155,197,163,209,216,235,225,155,170,188,147,133,163,136,182,173,165,41,152,66,155,104,195,85,113,116,136,116,93,101,147,93,182,204,32,182,173,66,173,64,104,104,93,163,66,96,116,71,124,104,124,165,85,56,144,39,66,27,147,74,85,85,124,49,116,71,47,124,147,136,104,124,41,162,104,124,95,182,92,41,104,154,56,66,188,124,95,63,47,85,164,95,147,32,27,74,172,162,135,121
11,43,118,176,200,106,22,75,70,16,41,75,67,166,176,88,100,106,207,198,88,126,117,100,97,21,75,77,77,50,75,106,117,88,75,70,27,57,86,67,67,43,106,50,88,77,149,77,97,70,166,108,67,120,88,148,100,126,108,97,199,33,222,69,137,120,77,22,100,52,52,117,174,156,69,117,97,57,108,169,105,128,117,57,166,197,69,86,126,57,108,137,108,140,174,50,69,88,35,193,75,156,67,148,125,158,108,105,96,88,140,105,105,148,137,108,156,105,128,120,148,108,185,96,134,153,148,145,156,148,181,216,171,117,164,173,96,102,117,134,134,148,180,102,75,122,72,125,114,102,148,173,102,96,153,180,148,83,165,197,64,83,171,171,197,155,189,85,155,155,153,173,163,134,153,125,173,195,163,182,203,137,171,182,163,171,145,125,125,153,93,165,96,203,197,148,64,74,182,191,114,82,102,173,54,85,125,72,225,96,229,85,216,165,165,202,204,204,214,230,96,163,145,66,147,125,116,105,145,74,41,105,173,153,136,180,125,122,204,105,41,116,113,85,41,85,122,225,239,182,155,209,182,144,182,225,208,209,202,216,190,155,180,190,125,163,165,232,144,113,122,214,155,85,136,190,173,155,165,144,165,152,155,147,182,32,101,124,124,124,66,136,121,93,136,104,93,104,116,124,124,124,124,85,104,32,66,16,116,124,66,124,56,172,32,71,116,56,116,113,164,136,47,85,162,116,95,136,121,116,71,71,124,85,74,147,121,74,104,74,101,101,104,154,71,27,21,41,135,147,121
16,43,86,169,169,50,16,67,97,33,33,43,67,138,126,22,59,137,140,226,88,120,166,67,97,57,22,35,97,100,86,77,75,75,67,52,57,57,75,75,75,35,33,21,57,100,218,120,140,59,77,129,59,97,120,100,100,75,140,129,105,69,21,199,52,120,50,97,75,52,2,86,223,174,117,120,105,35,126,108,169,52,212,69,128,86,137,88,96,100,105,77,148,151,140,166,59,27,128,125,50,59,151,148,183,151,191,96,125,151,156,156,156,156,137,169,158,128,174,96,88,105,183,75,102,122,137,86,134,102,102,137,148,125,125,105,50,114,195,189,117,117,166,153,66,72,134,148,102,114,102,148,173,145,114,125,148,102,163,165,83,203,197,155,203,197,155,102,105,163,163,105,74,134,165,173,102,155,197,182,145,173,197,93,125,171,165,74,221,134,114,203,197,216,197,165,125,85,165,180,165,64,180,66,82,125,145,102,191,125,148,173,214,148,116,173,204,182,125,225,197,50,148,85,105,165,96,113,173,85,41,96,64,153,153,165,50,54,165,105,74,85,21,31,116,125,204,236,209,195,155,155,163,191,221,239,188,195,188,190,204,190,163,190,125,125,155,202,182,125,147,144,165,155,96,102,155,155,190,116,85,182,188,104,147,147,124,124,124,93,136,124,93,96,124,104,104,66,116,124,71,104,116,182,133,31,95,85,66,74,101,124,85,113,56,104,136,104,104,74,113,147,56,113,116,133,82,82,121,104,71,101,56,196,104,74,116,104,104,95,85,194,71,85,116,54,1,2,104,124,124
33,33,50,57,156,52,57,27,149,120,50,27,67,106,88,57,57,156,159,207,205,194,67,77,67,77,77,97,117,77,43,27,35,86,57,16,86,70,52,27,50,33,57,21,57,159,129,70,88,151,97,106,117,67,100,69,108,52,100,100,86,117,86,97,120,100,67,43,88,57,100,129,166,151,105,67,126,210,33,137,129,7,129,52,105,126,176,77,156,151,52,120,166,117,52,108,96,67,86,52,41,16,120,236,197,193,117,158,86,128,67,137,96,128,151,105,105,108,151,77,88,137,169,96,137,86,208,96,102,125,122,67,148,171,50,96,105,122,233,195,96,102,102,166,83,125,205,93,102,148,96,83,173,155,93,93,148,153,148,220,249,210,137,171,163,148,197,189,96,137,125,96,93,148,153,105,64,114,224,155,134,195,173,173,125,122,145,189,171,134,182,221,214,173,171,180,102,105,153,191,191,114,145,41,171,153,155,125,191,105,122,165,165,114,114,155,173,153,122,165,122,93,113,173,189,82,145,197,165,155,96,147,125,163,153,136,153,85,82,71,125,27,189,2,116,182,214,170,229,188,232,163,220,216,204,225,225,173,105,116,147,214,125,155,93,241,236,188,204,96,96,165,155,180,116,82,155,125,102,190,180,136,173,173,96,93,136,104,96,96,147,165,124,93,66,56,82,71,74,124,93,85,173,165,190,155,104,71,21,116,136,124,104,66,136,147,136,116,74,85,124,104,95,104,113,133,144,41,164,49,74,124,101,136,63,101,124,85,95,104,124,74,104,116,124,116,4,11,49,56,56
67,43,43,75,149,97,57,33,149,118,50,27,100,192,77,97,75,88,207,198,226,200,75,159,21,33,50,77,108,41,43,67,70,59,52,27,67,59,50,3,77,21,59,16,21,166,169,108,100,140,100,86,129,75,57,57,140,86,86,97,156,88,97,22,52,75,69,105,75,50,67,120,166,176,86,108,176,140,67,140,108,148,126,126,75,185,148,193,100,117,199,33,59,100,75,77,59,69,57,59,22,43,140,193,137,151,117,140,176,166,77,108,169,128,137,100,105,128,125,125,176,100,125,86,86,156,145,134,67,114,137,96,96,96,134,137,153,173,164,145,148,148,50,171,83,191,54,155,148,137,155,148,125,93,96,102,125,173,153,221,253,210,155,183,105,64,191,173,105,117,96,125,134,125,155,114,105,117,163,180,125,163,182,171,155,165,205,163,117,114,171,180,163,220,163,163,197,145,163,205,191,105,173,182,102,105,153,153,165,125,155,93,182,125,114,173,148,66,134,114,122,191,155,105,147,136,165,197,165,145,93,182,189,113,153,173,113,136,82,74,105,32,54,197,147,74,191,125,191,170,224,173,155,225,152,147,209,230,190,134,245,216,96,144,188,155,214,170,220,136,104,96,144,144,147,136,104,155,165,190,144,85,133,155,113,104,124,147,147,147,113,82,121,85,66,116,155,136,155,144,163,144,173,190,225,202,49,66,116,133,136,136,116,66,104,136,121,116,71,71,124,85,56,101,113,74,82,95,85,133,154,154,144,85,74,82,113,95,124,95,116,147,104,124,124,135,27,32,41,15,56
35,52,43,106,149,151,43,97,120,106,41,50,169,216,75,75,108,43,174,241,210,205,149,151,11,16,97,97,50,57,67,59,67,33,21,88,33,57,33,52,77,22,52,12,70,149,149,120,70,97,117,70,43,67,137,156,151,77,117,140,148,50,41,86,43,108,117,75,120,105,50,100,120,120,120,59,86,108,69,126,129,148,69,120,176,96,96,128,96,57,67,105,43,33,50,57,59,108,105,35,27,50,105,210,158,140,148,158,176,140,185,128,88,137,137,128,148,140,140,137,120,77,140,117,134,25,191,153,47,125,134,134,153,191,148,64,85,208,164,181,93,148,134,145,85,153,105,125,148,155,191,155,83,96,93,93,102,148,173,197,239,246,208,122,122,155,93,180,134,148,102,82,134,66,102,165,125,96,134,216,197,47,163,114,216,155,197,155,57,134,125,171,165,155,191,136,117,105,191,173,173,163,85,96,50,125,153,153,163,165,155,173,163,125,125,173,105,47,173,163,155,195,96,153,85,147,136,197,165,155,163,180,165,125,102,173,136,122,82,54,136,71,71,74,71,163,57,173,191,165,125,191,152,182,224,191,241,208,116,182,230,182,195,116,50,241,163,180,239,163,147,96,173,147,136,136,85,85,188,147,136,125,147,133,180,85,144,180,155,155,64,71,124,136,96,133,204,208,180,165,204,204,221,225,225,165,56,172,136,56,172,124,85,71,104,152,113,113,104,49,64,116,66,101,136,64,104,116,71,188,208,104,121,121,104,116,104,124,147,104,66,135,121,104,104,124,116,74,1,49,41
75,33,75,126,126,41,27,43,75,75,33,43,141,174,166,75,97,126,174,230,226,183,169,126,59,97,126,50,33,77,67,59,52,59,33,67,75,75,27,70,75,50,22,27,77,97,169,108,137,67,100,106,106,137,156,126,108,97,140,67,57,50,86,117,88,137,108,21,43,126,100,69,59,69,100,108,126,117,140,120,52,57,199,43,57,86,41,77,52,86,100,77,86,50,86,77,108,57,77,86,33,43,100,67,96,151,166,166,140,148,117,137,156,158,105,86,100,88,77,100,69,105,137,148,117,117,102,114,145,153,145,181,137,148,181,102,102,105,125,96,145,166,137,145,155,145,105,148,148,173,105,148,173,134,122,125,153,148,125,210,203,248,195,114,117,191,195,134,197,125,105,72,93,64,125,208,155,137,137,182,216,93,171,122,182,117,163,163,171,134,117,148,148,122,214,155,15,54,117,114,197,165,32,82,50,195,96,163,148,189,165,145,105,145,171,105,148,204,122,85,145,145,134,182,31,102,163,122,116,173,163,145,136,145,105,125,134,147,96,54,116,134,39,27,125,82,50,216,182,209,202,204,216,216,232,204,209,216,85,134,105,173,163,74,216,122,195,152,224,96,56,152,104,147,182,113,116,165,96,113,173,54,190,96,147,182,124,96,202,85,122,124,96,144,204,236,239,224,209,204,180,246,190,208,182,208,93,182,66,85,136,116,71,172,113,116,104,95,104,66,85,124,104,116,116,74,116,136,104,116,147,104,74,92,104,124,104,85,116,124,85,74,116,92,92,124,124,92,85,49,11
41,50,97,86,50,43,33,41,67,41,43,41,86,138,169,159,88,166,226,200,230,237,70,126,117,97,35,52,117,77,77,88,50,59,59,33,117,27,67,100,97,59,8,27,75,59,75,166,129,100,88,86,108,126,126,106,59,86,106,120,88,50,108,77,176,117,129,77,105,100,100,77,59,35,67,117,129,100,156,97,57,197,16,59,27,41,33,17,77,96,88,59,43,69,100,96,27,77,117,75,59,50,156,205,183,117,96,156,156,108,57,128,156,137,128,137,59,43,69,151,137,117,158,102,83,122,134,148,134,166,137,148,166,117,191,181,114,102,31,105,148,166,134,145,105,166,171,47,125,145,75,96,173,122,96,173,155,96,72,173,247,220,220,163,83,171,205,125,197,163,105,122,93,102,165,216,197,122,117,171,114,155,72,148,137,153,114,205,137,165,148,145,117,105,105,136,66,66,74,148,210,165,85,93,165,145,102,117,163,134,145,145,148,163,180,105,122,173,125,102,72,210,134,93,165,155,163,148,105,155,145,105,155,125,82,96,136,147,136,122,136,102,64,66,50,50,116,204,208,182,197,221,216,225,224,197,173,147,134,136,134,173,197,170,155,125,122,173,204,204,116,182,116,182,116,116,96,64,173,209,190,66,147,190,190,85,136,144,31,190,93,96,116,85,136,236,239,173,144,182,173,165,96,182,144,136,147,64,116,85,49,204,136,71,32,95,136,71,116,182,165,85,95,124,41,113,64,101,104,66,56,113,64,121,104,116,85,56,113,144,85,66,116,66,56,124,95,172,116,11,25
75,67,75,35,43,67,78,50,59,67,43,35,59,169,194,100,70,108,205,223,239,230,126,97,86,50,108,169,57,33,77,97,67,67,86,86,88,33,97,59,43,59,29,21,29,33,86,129,100,97,70,70,108,57,106,106,33,67,108,126,33,100,27,52,57,126,57,108,33,86,166,86,41,50,7,33,191,108,88,108,126,52,41,67,77,22,35,88,41,120,57,41,52,100,86,77,108,29,117,16,67,50,151,67,185,128,67,140,117,96,100,57,137,205,169,128,148,77,191,191,211,166,156,208,122,134,96,148,102,148,181,102,156,96,67,164,105,96,122,64,134,183,148,148,148,67,125,137,85,125,122,96,125,148,155,114,93,93,102,155,239,195,183,125,125,137,125,215,114,114,183,173,137,105,145,197,208,165,145,163,74,96,122,153,163,165,173,197,163,197,102,155,64,96,125,102,155,114,82,173,180,122,208,102,214,57,96,197,148,155,74,173,173,125,136,182,102,125,85,136,136,116,195,105,155,155,191,163,153,105,136,136,66,96,147,125,125,125,173,202,85,105,116,82,41,96,191,204,189,202,209,155,204,208,225,204,152,155,170,180,173,170,125,113,147,152,163,195,173,133,165,116,104,133,96,144,136,64,96,144,188,147,136,195,96,180,124,56,147,173,173,16,144,182,93,163,232,182,124,155,170,96,96,74,93,116,56,74,121,85,124,85,121,85,64,104,71,66,136,136,64,116,95,95,47,164,41,116,136,64,27,136,92,124,124,101,66,71,144,116,71,116,124,56,104,56,147,204,104,85,32
67,52,78,52,97,33,108,27,17,89,27,43,118,174,149,88,67,100,183,230,216,226,194,77,126,106,67,86,41,41,77,41,67,88,100,70,97,70,50,27,22,59,50,11,21,59,108,100,140,97,52,106,140,86,108,117,57,137,108,88,100,77,70,35,12,50,35,41,67,97,174,100,29,33,75,100,166,169,120,174,67,43,129,59,41,16,22,100,52,52,96,67,105,117,100,41,108,148,33,11,193,27,88,176,59,185,108,105,88,96,75,100,183,176,140,125,148,227,108,148,199,117,153,166,174,134,47,105,171,64,75,96,83,83,96,191,156,75,181,83,191,114,145,164,156,75,137,156,148,105,137,134,102,93,117,153,148,166,155,66,125,134,64,125,155,180,137,117,134,171,216,171,114,105,145,171,145,171,173,153,155,163,182,93,148,203,195,155,171,165,102,105,57,114,155,145,195,117,47,182,145,105,220,117,148,105,165,165,136,171,82,122,114,102,47,96,173,72,93,136,72,114,214,155,105,136,148,153,122,72,147,113,105,155,170,125,113,170,173,136,66,113,74,66,50,189,163,204,232,144,191,202,188,202,204,221,170,85,113,163,170,125,125,144,104,170,173,173,163,136,155,113,125,144,152,122,96,113,133,66,165,216,165,155,101,133,74,66,147,71,155,155,82,66,147,155,155,116,85,121,165,136,85,71,116,64,49,155,71,121,136,47,133,124,133,124,116,104,85,85,190,113,74,101,147,41,147,133,104,41,154,95,74,56,101,121,95,85,124,136,116,85,85,154,124,21,172,147,190,172,32
35,97,52,118,70,33,50,11,21,149,29,70,138,169,138,78,97,183,174,166,227,210,156,118,59,86,41,67,97,59,41,43,52,50,33,59,75,57,33,27,75,50,7,11,77,97,120,75,140,140,67,100,159,149,140,117,97,151,67,70,88,77,100,52,33,27,43,52,86,151,151,100,57,50,75,97,108,176,191,176,57,105,88,97,52,59,50,117,86,75,75,77,77,86,86,120,41,105,29,117,69,27,105,35,236,128,100,86,117,128,108,21,128,191,105,156,148,137,88,183,41,193,137,96,86,96,83,164,117,67,54,125,145,183,171,181,156,75,67,181,134,67,153,181,173,183,117,96,191,134,153,155,153,166,197,224,183,148,153,75,64,85,148,166,173,137,197,96,125,173,163,171,148,72,117,145,125,195,221,173,182,137,125,173,180,208,197,125,125,173,137,117,105,114,134,173,155,93,114,148,125,145,148,148,82,136,214,96,153,148,134,85,85,85,136,148,122,93,136,96,182,105,105,165,96,72,165,221,47,204,155,165,165,165,147,165,147,116,74,47,102,85,11,47,32,191,147,241,197,125,230,230,180,216,204,195,180,134,113,155,197,125,125,136,105,155,102,180,125,96,125,155,116,144,147,116,116,66,165,182,85,170,163,155,122,116,147,66,113,124,101,104,101,116,136,147,104,85,56,56,116,124,136,170,124,113,82,104,136,71,172,147,71,71,136,121,121,136,95,136,104,82,74,113,47,113,164,124,41,113,133,74,133,74,116,164,147,113,104,124,104,74,116,172,124,41,182,82,124,152,85
75,33,100,106,33,108,27,75,89,100,118,78,166,194,149,89,176,226,183,205,237,129,126,129,33,41,100,75,67,70,50,67,27,67,77,75,29,108,16,35,100,77,21,67,33,77,156,137,117,159,117,41,67,137,117,108,57,120,100,88,67,41,52,97,77,86,88,57,108,151,100,43,33,21,27,100,97,148,185,151,108,35,108,86,59,120,75,52,105,86,108,69,57,69,86,108,75,52,67,41,27,77,33,120,174,191,77,69,174,108,52,128,156,137,96,137,151,57,151,57,77,156,96,148,122,93,145,64,114,125,83,166,145,102,183,105,102,137,208,19,191,83,189,166,25,210,75,148,153,117,183,122,57,205,173,163,183,105,125,83,105,75,166,117,163,171,216,125,93,155,155,183,171,148,102,114,205,197,232,205,96,197,171,224,137,173,173,182,197,122,137,153,122,85,148,173,105,148,148,102,182,155,117,153,74,85,165,105,136,74,122,122,96,93,148,148,125,114,114,165,155,145,117,85,105,114,182,204,225,165,136,182,165,136,173,145,147,122,31,50,136,105,47,116,16,122,210,232,147,204,216,216,236,241,230,191,188,163,170,163,197,85,197,147,180,147,122,144,116,155,155,144,102,116,165,165,155,152,173,147,74,165,155,182,196,196,182,74,104,173,190,196,173,85,66,74,116,147,124,104,74,116,96,96,170,147,165,74,56,136,136,113,32,95,116,136,172,116,95,104,41,39,116,124,41,136,124,93,41,136,136,147,172,56,56,116,124,113,136,104,85,124,95,182,66,121,124,74,74,95,56
35,151,118,106,118,106,174,174,59,149,156,169,192,156,149,198,200,230,236,226,118,126,120,59,33,35,106,59,57,77,57,52,67,75,77,33,67,88,27,27,126,67,57,88,27,52,77,159,137,117,108,41,11,77,108,86,43,75,194,97,29,33,52,100,97,126,77,70,117,117,41,21,17,11,57,100,137,174,129,129,77,50,77,100,108,126,77,22,57,100,88,97,86,69,69,96,43,33,77,57,67,57,75,128,174,174,117,126,176,151,69,69,100,151,140,140,148,151,120,166,166,77,174,125,64,86,83,117,174,54,83,191,134,102,148,86,156,183,83,67,102,191,153,27,216,11,183,122,105,173,105,197,173,85,205,180,105,163,67,191,117,148,83,105,163,216,225,96,148,173,155,153,137,165,155,125,205,173,203,182,74,203,182,137,102,163,93,145,125,148,137,155,125,125,180,165,96,85,114,122,155,155,96,145,125,85,64,125,93,93,163,145,82,85,125,102,136,125,155,197,148,155,102,173,114,165,163,191,145,136,173,165,155,96,165,197,85,64,85,105,105,66,105,39,39,122,236,180,220,173,221,236,244,241,236,191,122,144,165,144,202,173,182,165,229,147,173,50,209,136,125,116,125,147,173,165,144,155,165,96,93,188,165,196,147,195,104,116,122,152,230,66,116,204,104,56,85,124,104,74,121,85,82,121,182,85,96,173,116,101,96,64,74,49,147,147,74,74,66,136,154,124,56,93,93,113,93,104,71,74,147,147,147,82,162,121,124,133,164,144,32,74,190,136,116,85,56,172,74,16,19
52,97,100,174,141,192,169,100,151,106,89,126,169,186,126,166,205,205,192,33,78,141,108,43,67,43,27,52,86,67,75,67,77,59,57,57,86,33,75,41,106,70,86,43,86,33,29,159,151,100,70,50,17,35,174,57,140,126,137,57,41,41,100,86,59,97,70,59,88,88,57,33,27,43,105,100,120,148,67,120,105,59,33,117,129,148,129,29,29,57,88,97,105,97,33,96,193,117,156,120,148,120,105,108,137,185,191,108,86,140,148,108,75,128,117,128,176,148,166,158,137,148,145,171,105,64,33,137,122,93,148,145,134,134,145,145,148,96,54,173,96,122,171,25,102,173,83,75,137,122,148,114,164,183,197,163,102,173,105,83,50,171,39,166,195,163,171,163,75,145,191,153,134,165,180,134,137,155,163,72,195,155,220,125,163,72,41,205,145,148,173,163,203,155,102,117,27,50,165,102,54,148,155,155,148,85,96,165,114,136,145,122,85,39,82,136,148,125,155,148,122,155,125,173,155,173,173,122,117,114,173,182,122,105,173,225,102,57,116,102,116,71,85,57,57,85,197,197,204,202,208,170,236,232,225,182,93,85,204,188,155,197,85,221,147,195,96,204,209,104,122,116,182,182,182,147,147,163,136,96,155,144,182,165,173,152,165,113,152,136,116,136,182,155,96,71,104,104,64,104,147,96,116,124,165,124,190,66,47,136,136,85,124,104,66,136,121,124,136,113,41,39,64,56,104,93,165,66,104,136,124,136,136,116,124,136,121,66,116,147,124,116,136,144,136,66,104,116,85,56,49
43,21,100,194,106,120,129,52,86,57,57,52,138,149,141,151,205,141,35,78,108,50,75,35,33,27,35,35,50,27,67,75,52,35,75,75,35,43,100,77,67,52,86,21,75,35,29,88,129,129,86,57,86,100,166,106,140,169,35,88,108,59,159,106,126,57,35,106,67,77,108,97,151,151,50,129,35,151,67,108,140,67,67,137,100,137,105,27,33,77,88,88,100,120,21,117,210,129,156,169,158,59,75,137,126,120,126,120,166,128,120,137,75,69,137,158,128,174,96,148,151,145,134,96,123,125,105,117,93,122,174,145,134,145,166,153,67,148,148,93,117,117,181,137,171,122,191,122,117,83,117,191,197,166,183,173,134,155,83,117,39,105,117,85,64,148,148,163,216,134,165,148,137,225,221,96,173,155,145,125,50,117,180,180,173,31,163,122,203,155,173,203,163,96,64,122,93,117,148,85,153,27,155,85,214,96,182,148,114,66,66,122,117,85,85,136,102,122,153,148,105,182,136,171,204,136,189,155,163,105,165,189,136,96,96,145,155,147,66,57,116,105,85,74,19,41,170,210,165,204,208,173,182,247,221,147,165,180,155,191,182,191,220,197,125,96,125,155,147,165,155,165,136,197,170,147,165,165,96,155,180,96,173,144,104,216,93,144,116,133,136,147,155,147,122,93,104,104,104,56,116,101,56,96,85,113,116,136,104,96,85,147,64,116,136,95,85,95,95,116,136,93,121,71,116,116,56,165,64,116,85,85,124,104,104,74,27,66,116,104,104,116,124,85,208,85,104,116,147,154,32
57,43,138,159,156,29,41,86,41,97,100,100,70,70,97,174,210,100,35,33,156,149,33,50,7,33,97,52,50,43,59,75,50,67,75,35,27,88,108,77,50,88,57,12,33,50,16,41,106,117,126,126,117,97,108,77,70,129,97,57,50,59,120,140,149,59,22,50,129,77,191,191,169,129,50,52,159,77,75,69,166,140,57,197,52,120,108,67,100,59,59,86,52,100,41,43,105,169,140,148,27,120,67,59,126,86,69,128,128,86,126,137,77,57,140,166,140,137,151,125,86,123,134,117,181,195,183,174,86,114,122,75,83,166,164,197,83,75,134,205,83,75,96,96,134,137,102,93,105,153,148,156,166,105,163,205,134,153,183,39,96,75,57,96,85,148,57,102,96,125,134,155,195,195,173,171,173,197,155,180,102,47,153,173,203,163,195,165,74,163,205,220,125,96,137,82,137,173,102,125,114,117,117,197,136,148,122,82,47,114,85,74,96,148,136,74,145,136,165,136,105,125,202,197,204,155,182,163,191,155,163,148,155,82,41,165,197,125,93,85,74,96,41,31,41,57,191,155,197,204,204,202,197,246,248,229,147,93,182,216,229,208,195,113,173,113,50,105,173,165,165,197,197,155,96,144,195,152,147,155,144,155,155,116,104,221,25,163,41,116,152,165,182,155,136,116,85,64,74,104,64,116,71,82,113,96,173,136,136,56,133,113,182,66,82,124,64,74,121,56,154,19,124,116,74,116,74,32,172,116,85,85,104,136,104,113,104,124,144,56,144,56,232,32,144,74,104,164,172,124,164
89,152,242,100,75,67,97,67,50,126,156,138,35,22,106,174,166,129,108,129,43,7,86,50,35,67,59,50,59,33,57,52,50,97,67,21,75,118,100,59,86,67,27,27,27,27,12,35,86,149,149,77,57,108,117,70,52,140,149,29,7,17,117,166,169,126,70,59,176,183,191,174,41,70,88,77,41,100,75,126,105,205,22,159,29,86,117,174,86,57,50,52,52,43,50,33,158,166,75,69,59,169,59,77,176,166,59,75,96,96,120,128,148,105,100,183,137,126,126,120,151,134,83,148,125,205,137,183,148,114,75,93,105,145,183,96,137,148,134,75,102,125,102,83,96,173,153,134,148,166,125,96,117,156,156,148,114,85,85,148,93,96,153,210,117,191,210,148,66,96,148,205,171,114,137,163,155,191,163,148,125,75,153,195,173,182,155,117,173,163,232,210,173,105,189,225,197,210,125,134,64,221,85,195,25,191,47,155,105,145,134,50,117,195,165,148,148,165,117,105,191,148,173,171,173,182,136,165,191,134,134,148,191,125,102,155,136,155,165,85,66,85,93,7,96,66,191,204,220,208,163,191,208,241,239,173,134,147,197,173,216,113,113,136,102,136,116,116,188,163,144,155,170,136,74,125,173,165,125,122,96,144,122,182,173,93,104,74,96,133,136,155,165,144,93,124,96,116,96,74,136,74,116,96,93,116,180,113,124,82,71,93,124,96,116,136,155,104,66,124,39,54,136,116,85,133,74,165,116,136,85,172,74,147,124,74,104,116,133,95,116,136,1,172,121,172,162,136,92,172,56
67,156,192,67,97,174,43,86,149,86,50,33,7,50,100,120,129,70,43,86,89,57,78,50,59,59,88,70,35,16,70,100,75,21,50,86,86,120,67,67,67,67,67,70,33,22,41,86,149,176,117,52,86,137,86,67,100,129,156,70,16,41,126,174,183,120,166,166,151,159,149,120,57,97,120,57,50,108,77,148,57,137,86,75,33,67,126,140,117,67,50,41,77,41,41,148,169,52,97,77,148,88,117,108,151,105,96,100,128,57,117,105,140,185,140,128,96,117,86,128,148,134,86,96,83,197,96,148,189,226,174,75,96,145,171,83,153,96,174,145,189,102,166,114,205,148,173,137,156,134,122,105,102,122,105,148,164,145,191,197,163,153,195,145,148,205,195,117,173,171,134,85,85,66,21,134,216,195,148,75,145,155,134,165,155,125,114,221,148,137,203,180,153,153,85,125,163,148,82,96,191,173,216,114,148,155,136,33,105,163,153,145,155,216,122,82,155,93,102,165,195,57,195,122,236,134,163,163,145,85,96,182,165,134,125,125,155,230,191,147,66,41,105,41,93,71,191,232,216,225,165,155,197,220,182,152,197,93,180,163,74,74,116,105,116,56,96,147,188,195,155,116,113,155,155,147,197,125,47,104,147,102,136,155,116,93,102,147,144,147,85,96,155,136,74,93,104,124,85,85,182,56,122,116,124,64,136,124,64,93,113,85,133,85,104,165,136,74,64,104,64,116,64,165,66,121,204,116,85,121,66,104,49,101,82,136,124,104,95,136,104,49,136,66,190,64,182,21,172,66,49
70,50,57,50,52,97,52,50,126,41,86,22,22,7,43,106,33,5,35,27,78,27,89,27,57,22,75,22,59,70,141,21,57,88,35,67,75,88,35,43,149,108,50,41,50,35,100,194,166,126,100,117,174,151,117,67,106,108,159,120,129,88,129,194,137,126,169,137,106,126,106,77,67,126,159,77,75,75,59,117,105,97,69,97,75,69,105,69,126,105,77,41,35,43,88,137,108,86,169,117,96,33,108,59,126,77,174,108,120,96,137,96,88,176,140,117,151,126,108,86,96,174,83,156,148,105,93,134,189,210,105,83,93,148,174,96,86,83,125,181,148,191,210,195,183,197,50,148,183,166,171,166,156,191,171,171,166,166,166,96,225,180,173,166,210,225,183,236,205,125,41,25,33,33,21,105,134,148,189,180,41,57,96,216,182,221,163,102,148,155,171,173,122,66,31,82,180,102,85,117,155,66,82,145,173,145,148,105,163,197,165,136,155,155,205,165,54,85,165,155,74,171,93,225,182,171,155,136,96,148,136,105,191,136,171,197,165,191,191,182,27,50,64,155,116,74,155,216,155,232,195,191,125,134,173,136,165,125,165,144,57,155,85,41,221,25,155,163,155,170,66,113,165,188,155,116,165,155,116,136,152,125,133,136,195,236,147,147,96,122,147,116,104,66,104,144,85,56,152,104,155,182,190,147,96,71,124,124,19,66,173,64,104,144,136,93,74,71,124,74,64,104,136,182,147,144,147,136,66,101,64,41,116,104,56,124,124,124,136,49,147,49,164,66,136,85,190,136,74,32,31
75,35,70,97,118,35,86,43,149,50,41,78,21,7,22,67,3,27,67,7,43,108,67,41,57,5,126,11,106,35,59,50,16,59,52,70,86,41,16,59,118,33,108,21,43,17,21,151,129,108,137,137,117,117,129,137,86,106,117,137,137,108,149,97,117,159,88,86,70,100,126,120,149,166,169,151,105,59,70,77,69,120,86,105,120,69,75,117,140,129,86,52,21,43,108,108,148,88,129,166,77,50,75,77,120,137,148,75,126,105,120,137,128,105,100,137,156,137,75,86,114,137,94,148,93,93,134,125,166,148,86,148,148,105,171,72,67,148,181,105,122,134,137,164,181,64,134,114,117,148,197,166,173,189,191,166,137,166,57,148,249,137,155,215,180,171,252,93,122,50,7,7,39,33,15,39,54,105,173,163,93,203,148,145,125,137,173,195,148,114,137,125,137,117,102,57,74,57,74,66,134,173,137,117,205,173,171,224,197,117,182,197,165,155,114,173,163,114,145,153,163,189,189,163,105,155,145,148,182,96,96,105,171,173,153,145,165,148,116,173,19,41,85,105,155,74,155,147,182,204,220,182,93,136,180,136,147,163,113,116,116,113,116,105,125,173,216,152,136,113,155,144,195,144,74,96,165,144,182,125,136,173,202,182,221,163,182,165,102,96,147,152,170,104,147,190,104,116,204,239,173,152,202,163,74,147,56,56,96,54,104,64,74,182,124,56,101,71,74,116,116,113,190,144,133,165,93,82,104,104,85,104,64,64,124,164,116,104,182,190,104,49,104,113,85,116,136,202,136,144,56
52,86,75,29,41,70,86,86,86,35,21,17,21,17,21,35,33,7,70,75,21,89,75,86,33,97,100,70,11,35,75,138,75,27,86,70,33,88,67,43,11,118,59,27,59,11,59,137,86,126,159,159,120,117,137,140,106,151,149,176,108,169,67,137,117,97,120,57,70,57,140,151,166,149,120,126,117,100,117,67,77,117,126,97,108,97,129,159,199,137,67,75,50,59,117,105,108,105,148,140,75,105,57,97,174,96,100,148,120,67,108,88,117,169,117,69,100,140,75,128,171,96,86,123,93,153,148,134,156,105,93,145,171,156,148,122,134,148,114,145,102,41,137,33,102,105,183,75,83,134,197,191,137,137,122,134,67,33,50,122,241,156,148,156,134,114,64,171,93,21,19,41,33,39,7,50,102,50,57,137,96,155,180,50,125,134,96,195,165,148,125,102,117,105,173,148,41,50,165,105,208,148,96,50,208,221,205,85,171,197,165,182,155,182,195,163,96,96,155,182,102,85,134,125,134,136,122,96,165,153,54,117,182,155,145,165,153,148,125,85,54,32,105,116,54,93,96,116,189,165,232,191,85,155,173,144,136,105,136,144,93,116,216,165,96,232,125,204,197,116,165,155,136,96,66,74,116,173,102,113,180,225,152,225,116,182,136,147,147,113,225,204,165,196,122,165,209,224,155,136,152,116,74,170,66,49,101,85,124,47,31,124,85,116,136,66,116,74,74,116,165,56,147,144,172,172,95,74,124,104,74,104,124,116,116,124,104,74,147,136,85,104,71,116,121,147,136,172,164,101,74
33,141,97,11,52,149,89,27,33,41,67,106,35,43,43,17,43,78,33,75,67,35,67,27,75,33,33,78,22,75,75,16,16,67,59,33,27,35,35,77,149,118,16,57,22,70,27,77,151,117,120,67,137,210,126,75,137,156,166,120,192,137,205,43,156,52,192,129,117,186,151,166,126,151,120,106,97,108,106,166,117,97,151,33,57,108,126,117,193,75,57,117,69,50,120,105,148,105,148,88,75,50,158,97,140,57,117,156,86,100,117,105,140,174,96,57,120,137,137,96,153,137,123,134,166,148,102,125,123,96,114,164,203,174,164,191,145,96,83,183,83,64,122,47,134,145,153,134,93,134,189,125,27,27,83,86,50,41,64,114,153,197,96,39,125,148,57,163,145,33,85,83,31,33,57,27,41,75,50,64,75,85,64,180,50,191,137,50,102,163,125,96,148,137,41,39,74,114,122,180,155,137,165,85,105,114,153,216,165,195,163,136,216,205,153,148,155,145,171,50,114,105,33,74,122,148,82,171,182,195,165,102,155,105,105,136,180,148,102,116,125,66,39,66,25,66,85,136,182,216,208,173,93,116,125,125,165,180,197,165,197,191,165,163,165,182,170,202,216,85,165,170,134,136,105,116,165,152,165,125,197,224,122,165,96,32,50,182,122,173,190,230,173,204,152,122,220,144,85,104,96,56,74,74,124,27,165,113,49,82,85,56,104,136,101,56,101,147,71,104,104,85,133,124,101,124,85,85,116,104,85,116,121,64,116,147,82,66,136,124,116,64,47,154,136,136,136,154,136,136,95
89,97,70,67,67,50,89,52,43,70,35,67,67,67,129,60,29,89,70,21,21,29,27,57,67,59,67,57,57,33,29,67,70,50,50,27,33,35,88,27,67,75,59,50,43,16,41,75,67,70,70,41,97,137,151,129,117,120,97,129,75,52,176,70,176,100,176,67,126,120,75,126,129,149,166,57,70,106,129,148,166,105,17,75,43,105,35,108,88,69,117,105,69,57,117,126,120,88,117,50,176,126,120,120,129,108,117,126,129,67,120,174,120,96,88,120,176,158,105,102,126,156,148,135,148,94,114,102,75,145,189,197,203,203,197,181,75,148,145,96,156,96,122,191,105,137,166,153,102,156,191,67,6,72,114,41,93,156,102,145,148,122,75,83,83,96,125,125,183,93,41,54,96,96,66,39,39,85,102,19,21,41,122,230,47,191,93,83,39,96,134,203,117,39,105,64,165,74,148,82,96,125,134,155,64,102,216,125,122,171,136,122,122,96,93,220,182,182,155,102,182,27,225,50,102,189,136,182,205,173,182,93,93,134,116,148,145,105,114,153,136,85,54,41,41,85,102,134,155,191,216,147,145,125,134,173,224,232,210,180,173,195,136,105,147,195,221,152,165,93,173,197,163,165,144,170,202,136,182,180,155,170,155,102,133,11,133,188,152,216,190,190,155,173,196,122,66,85,125,124,32,66,124,74,39,163,116,133,49,136,85,104,49,165,116,47,116,136,124,54,133,56,116,101,64,116,66,136,49,147,165,56,124,64,165,165,95,165,124,85,56,104,74,172,124,136,85,136,85,170,116
75,41,75,75,35,41,70,78,60,27,100,21,89,89,35,57,70,57,35,97,57,70,60,67,22,12,50,52,52,59,57,27,50,35,22,57,97,59,33,118,100,75,59,11,7,21,27,33,100,33,35,41,67,174,169,129,126,88,33,50,7,29,70,88,88,106,52,129,198,120,57,97,151,117,159,117,59,156,176,57,166,129,17,151,7,50,50,129,41,88,86,88,108,100,100,129,69,105,75,108,207,105,108,156,77,129,97,140,148,67,67,174,137,137,100,140,105,176,100,148,86,156,145,181,19,67,86,137,96,137,191,145,134,166,191,114,67,134,86,117,134,105,125,153,64,183,189,153,148,164,148,96,83,125,105,117,181,191,105,96,148,122,83,117,83,125,148,173,153,137,75,57,64,39,50,72,57,54,54,75,137,148,155,210,173,85,66,117,85,83,125,180,173,27,41,117,148,125,148,93,122,96,180,105,155,155,163,117,171,180,182,165,125,189,165,125,195,74,165,233,66,189,33,225,122,117,191,105,153,165,197,155,134,182,165,50,105,189,136,180,197,155,27,15,147,57,145,72,189,163,182,182,182,204,195,182,173,204,173,147,116,197,136,85,155,163,155,113,136,152,152,191,214,191,125,204,221,163,116,180,147,125,180,165,152,113,125,125,125,144,202,182,173,214,204,125,85,122,133,85,74,122,113,144,49,182,39,165,64,71,64,54,96,136,133,56,104,124,147,116,74,173,101,66,116,136,95,56,95,124,165,49,147,172,56,85,116,147,136,85,27,170,95,136,116,182,16,104,113,170,104
11,75,86,75,75,78,70,97,52,35,75,75,100,60,2,27,50,86,33,108,75,29,60,86,108,100,27,29,41,21,27,50,50,35,75,141,100,70,12,11,106,27,57,41,33,86,100,33,52,75,27,33,52,52,97,70,52,33,8,29,33,27,88,75,52,21,59,57,16,70,129,88,67,108,137,57,59,137,137,151,149,120,86,57,4,29,105,86,67,57,100,59,77,120,86,148,174,22,105,156,151,35,183,57,27,100,120,183,88,140,75,126,185,151,50,151,151,151,77,135,94,148,174,86,117,72,67,96,156,67,125,153,105,105,105,83,83,72,166,164,67,148,137,96,156,216,195,125,153,183,93,93,148,86,137,183,145,181,75,83,122,148,85,137,145,114,96,173,122,114,85,21,31,85,66,64,57,41,50,171,189,165,165,183,205,155,117,191,122,114,117,114,117,93,96,105,148,165,75,74,102,74,153,114,134,122,163,155,153,197,148,117,125,125,205,165,155,155,105,197,191,57,195,155,125,125,125,11,134,197,114,117,134,145,134,195,153,163,173,220,225,134,1,57,165,32,74,116,191,165,134,165,165,182,155,116,122,216,66,116,195,208,173,173,204,155,113,116,96,152,191,214,204,147,147,195,197,204,173,155,165,116,239,197,116,136,85,104,104,116,182,188,190,229,196,136,93,85,125,136,116,124,136,136,85,104,85,124,85,74,133,49,104,136,104,104,116,136,147,104,113,85,49,104,74,124,116,49,124,56,116,124,74,85,124,74,116,124,124,101,66,85,95,136,136,85,49,104,172,104,92
22,86,57,141,89,33,41,108,70,27,41,67,21,89,67,7,8,57,86,75,60,16,118,60,50,8,67,70,50,41,21,43,75,67,59,106,57,27,86,75,50,12,106,43,52,52,22,108,21,52,67,22,57,33,50,97,12,21,75,52,59,67,33,86,67,1,12,159,192,52,100,129,88,59,41,126,169,117,86,151,151,70,77,70,50,35,59,70,86,86,86,67,69,105,169,151,100,75,129,105,97,59,169,75,43,129,86,137,100,158,88,120,126,140,100,137,158,105,105,102,153,145,96,205,96,54,72,75,123,105,96,164,153,102,64,156,64,181,102,96,114,145,208,33,233,153,191,156,137,148,105,125,148,122,156,134,197,125,96,164,117,137,96,117,114,83,85,137,148,102,54,25,75,96,41,75,41,50,117,180,153,180,173,155,155,163,153,125,122,83,96,134,105,72,105,105,114,125,125,165,96,155,163,134,82,155,173,122,165,117,145,165,182,165,114,85,105,163,148,165,102,148,136,145,145,182,82,66,105,165,173,145,105,117,165,102,117,153,216,233,216,125,66,64,64,82,74,66,125,155,155,197,165,102,165,191,197,113,230,163,165,232,182,220,47,125,165,170,31,136,204,113,125,93,93,163,125,170,195,125,147,85,182,197,113,136,96,170,133,116,173,209,190,208,204,136,102,74,125,144,85,85,125,125,66,116,147,64,136,116,66,104,96,104,113,136,113,121,124,66,121,104,74,74,116,85,136,116,47,121,95,74,95,133,66,82,136,116,64,147,95,66,104,66,124,56,202,56,164,95,136
89,86,35,89,60,8,108,75,89,67,22,78,86,97,149,50,35,22,29,16,78,35,89,5,108,159,1,78,57,67,17,75,70,59,33,27,35,57,100,4,108,78,35,59,97,16,75,33,118,67,75,67,35,67,70,70,59,70,50,108,21,59,106,50,77,17,120,33,59,108,97,117,88,52,108,97,77,88,137,70,183,205,129,106,67,97,100,105,129,27,35,108,70,67,166,169,126,105,105,59,77,137,50,137,129,140,86,126,156,33,166,140,59,120,128,126,151,105,193,135,148,195,83,210,57,57,83,114,41,72,105,125,203,174,117,148,105,137,181,114,153,174,171,105,148,174,96,96,75,137,173,156,105,137,134,125,137,96,117,134,183,96,125,75,114,96,148,117,148,148,105,67,47,83,41,33,50,54,155,134,122,171,137,102,137,155,125,96,155,105,72,117,85,134,165,122,72,134,122,125,82,41,173,96,105,145,173,182,105,117,165,163,96,85,191,165,66,105,148,102,136,33,85,148,182,125,102,134,74,114,220,221,155,114,114,153,191,197,155,134,116,230,66,27,66,74,180,39,136,85,136,125,145,136,189,180,82,189,202,163,122,136,182,66,113,191,155,182,93,163,122,204,204,105,32,136,155,155,122,209,82,32,2,221,93,197,104,155,104,85,197,214,182,188,204,113,136,104,64,104,104,74,85,104,71,124,124,85,144,104,41,74,104,133,121,104,66,124,116,74,85,116,124,85,104,104,124,104,71,136,104,116,116,104,104,104,124,104,74,47,116,66,41,95,95,124,95,116,101,95,95
86,67,27,57,33,50,152,41,52,89,86,41,108,149,169,106,35,50,50,50,60,75,50,35,27,50,60,11,67,60,11,7,12,86,97,16,52,50,21,33,97,27,97,35,21,7,149,97,41,97,33,67,140,59,35,43,97,151,50,126,29,166,27,50,29,86,50,59,156,149,156,77,27,52,86,120,75,137,140,176,120,126,97,126,126,129,108,70,86,174,156,86,67,86,166,151,97,69,75,169,129,193,67,57,169,100,151,88,97,120,88,166,126,97,140,174,174,126,156,145,105,183,102,174,123,67,86,83,75,102,123,181,226,195,105,86,148,166,153,134,125,137,134,86,125,125,93,86,96,166,164,137,93,83,125,114,39,148,64,203,153,50,164,122,137,96,153,125,93,189,203,85,47,117,47,11,83,16,105,183,134,173,125,137,134,125,148,125,145,189,66,93,72,39,134,117,137,93,173,57,137,122,105,137,148,182,114,191,173,145,153,148,182,122,66,145,125,85,114,105,191,155,125,155,122,93,93,148,105,125,210,180,125,96,64,105,171,145,125,125,165,145,117,155,163,114,148,50,182,155,210,113,105,147,66,134,197,93,136,165,173,57,113,74,204,82,173,163,147,85,216,209,204,116,39,82,182,116,188,136,85,6,6,125,155,85,136,144,122,125,209,173,202,173,173,147,136,125,125,74,136,104,32,85,122,124,116,182,74,85,82,82,64,136,133,66,71,113,124,104,74,85,136,136,104,104,74,85,147,116,104,74,56,85,104,104,124,74,95,95,121,47,71,104,41,104,136,71,49,56,85
86,57,52,50,75,43,75,100,41,67,75,27,106,108,70,70,43,120,67,50,27,78,60,50,52,21,50,33,43,60,70,70,57,33,78,106,67,8,118,27,17,67,52,5,169,97,21,29,120,67,88,70,67,43,57,108,86,156,33,33,50,59,117,52,16,43,57,218,33,129,169,129,52,120,159,77,67,75,88,137,88,100,140,140,169,120,97,108,75,59,126,35,59,100,140,159,105,52,88,199,120,151,126,108,100,140,169,88,77,120,120,148,185,126,96,108,128,158,137,137,83,67,153,205,153,137,145,156,166,166,230,239,205,156,102,86,105,181,164,102,105,134,164,134,117,134,164,105,102,114,83,96,148,105,96,93,102,83,173,125,137,96,137,117,137,96,164,96,102,208,230,137,67,93,57,47,25,27,54,205,114,163,166,166,75,85,66,114,145,155,96,47,66,72,148,117,148,75,105,75,210,85,105,208,173,72,102,102,163,145,155,155,148,137,96,136,148,155,125,165,114,163,82,117,148,171,153,145,155,82,155,134,96,134,214,189,105,105,165,171,96,125,155,105,155,155,163,182,145,165,113,105,64,105,116,134,165,155,145,85,136,144,125,173,155,147,204,210,195,191,136,221,173,105,96,147,125,202,50,229,136,15,1,56,155,66,104,144,173,195,248,232,182,85,50,144,104,147,173,104,104,196,50,116,133,136,163,122,47,122,124,116,66,101,133,64,113,136,74,101,74,136,93,116,71,93,133,74,96,124,116,85,113,104,74,162,182,104,144,41,136,66,124,104,54,124,124,82,56,32,92
75,33,75,41,67,67,100,100,50,22,57,67,70,27,12,33,89,86,70,52,60,67,78,67,21,41,29,43,35,67,50,27,52,60,50,57,57,35,67,78,50,21,59,59,33,52,106,21,88,22,29,77,67,33,33,75,52,43,100,75,50,106,86,52,41,117,117,129,156,57,97,120,108,67,52,86,149,97,174,86,237,174,176,67,126,120,108,129,126,57,27,16,67,169,69,120,77,156,105,88,120,140,183,156,156,129,97,77,148,108,140,137,156,158,86,158,100,108,183,135,102,135,96,166,174,195,195,189,191,215,226,239,224,156,137,72,86,164,156,148,145,166,153,137,148,166,134,102,134,114,93,93,148,148,86,114,134,96,134,83,125,125,96,137,173,114,72,125,125,181,230,183,41,41,148,93,6,64,54,197,148,137,134,83,117,137,54,137,155,145,183,122,105,171,165,125,85,75,171,153,182,137,134,148,148,96,182,74,117,165,182,134,82,105,155,191,221,205,117,148,225,105,165,117,165,173,180,173,173,125,96,173,148,189,114,191,125,197,125,82,173,125,153,153,148,197,155,155,171,165,182,136,74,85,136,163,163,102,102,116,96,136,116,165,125,173,216,216,147,225,229,173,165,113,102,85,163,221,180,152,214,25,6,27,165,104,180,170,190,204,195,165,96,71,96,125,125,93,122,163,116,122,85,144,74,173,56,85,124,163,71,116,124,96,116,82,121,124,116,74,116,147,116,71,74,136,96,104,64,124,144,116,136,124,85,165,188,85,85,172,56,56,93,116,104,85,124,56,124,74,85
35,50,106,21,97,100,89,78,52,60,75,70,35,35,29,41,75,75,52,67,67,70,35,118,50,35,50,29,41,52,33,57,67,52,52,35,75,194,86,52,21,29,78,29,21,33,29,50,52,16,41,88,75,86,43,52,106,52,70,75,21,97,41,88,27,67,100,7,67,86,100,108,100,106,59,29,67,126,108,106,212,117,108,140,117,108,137,108,106,27,35,108,137,185,169,50,105,126,166,69,151,100,69,185,88,77,129,199,108,183,117,126,148,156,185,88,140,176,123,145,96,126,145,166,123,222,189,117,148,197,195,195,226,171,105,102,125,137,153,156,117,210,164,96,134,114,156,137,125,125,153,117,117,125,125,148,156,173,125,105,137,125,125,125,134,114,117,125,83,164,247,210,41,67,166,83,31,72,145,195,102,41,50,67,180,173,105,145,148,153,191,173,122,153,148,153,93,85,137,180,180,96,96,85,125,134,125,93,105,137,155,102,102,155,165,197,203,173,136,197,182,165,66,165,125,221,197,180,205,173,96,153,195,155,165,125,102,125,96,195,171,114,16,136,145,195,171,105,116,82,122,105,136,116,113,173,165,116,147,116,96,116,102,165,216,197,216,204,147,144,232,152,57,136,136,165,125,102,209,216,155,102,144,105,197,220,180,116,96,152,165,32,155,190,136,125,104,147,136,66,136,85,74,133,74,85,47,136,125,116,165,116,47,104,147,116,113,74,124,113,124,104,136,116,173,49,66,155,136,93,144,147,147,147,136,116,95,66,180,104,74,64,85,136,116,74,164,124,124,71,64
41,86,89,52,89,43,33,108,78,89,27,35,97,67,50,97,97,57,21,67,43,60,33,100,67,57,60,35,67,50,60,67,60,43,67,89,41,118,50,33,27,29,59,50,21,59,75,27,17,52,77,77,77,86,129,86,75,88,67,97,97,67,50,43,27,140,43,29,29,108,151,108,75,50,43,108,88,169,205,169,33,41,192,70,77,77,108,140,59,21,33,137,176,117,67,75,105,77,137,88,140,69,174,137,140,108,129,197,86,67,148,176,129,88,151,105,86,129,123,114,117,96,166,224,114,197,96,67,148,105,153,137,156,181,102,137,153,226,50,72,137,203,102,102,75,189,181,148,134,105,156,137,117,156,134,122,137,156,134,134,114,164,164,57,96,122,105,102,117,148,215,189,72,41,93,83,75,137,117,31,33,7,54,122,96,93,148,171,153,125,134,155,105,96,137,153,137,105,117,182,182,96,66,125,102,125,153,155,93,122,134,137,155,182,125,102,155,137,117,216,173,105,102,66,96,134,236,195,136,171,165,117,173,165,96,64,74,117,171,247,85,122,197,105,153,102,72,116,155,125,148,136,148,163,122,191,116,197,147,96,191,116,197,116,202,180,208,163,147,136,116,155,125,136,102,93,85,136,125,93,102,204,232,147,134,195,116,82,147,147,104,116,195,197,136,116,56,50,173,182,96,104,71,116,136,144,104,104,104,104,173,74,56,116,136,147,124,47,41,163,47,116,147,136,136,66,147,93,182,124,85,133,104,82,136,66,41,147,124,39,172,104,104,104,104,85,164,124,124,56,116
75,75,78,97,33,89,27,60,89,35,43,108,108,75,75,97,57,57,67,21,75,35,57,50,70,41,60,78,60,17,89,78,33,75,60,67,16,60,60,21,22,43,35,35,16,75,89,89,35,35,57,78,97,88,50,29,16,106,126,75,52,159,106,97,43,35,108,41,11,100,137,67,59,140,88,106,174,156,149,52,137,50,7,52,88,126,166,43,126,120,88,100,174,183,174,70,33,105,126,120,69,176,57,176,159,97,129,100,97,126,97,97,97,97,67,88,185,57,64,117,183,86,197,145,191,96,94,67,137,105,21,94,174,174,126,153,153,39,72,123,174,86,93,137,148,96,96,134,191,137,96,183,189,153,93,96,137,93,117,114,83,191,125,75,114,114,75,64,117,102,137,153,122,57,41,96,64,75,31,6,54,50,134,125,64,148,163,117,125,96,122,155,57,117,148,148,189,165,163,114,148,117,64,125,122,155,210,134,82,125,122,134,155,125,117,114,148,137,74,136,117,155,96,72,134,182,232,233,117,102,163,155,148,165,136,114,93,102,180,233,173,173,197,136,102,136,145,163,74,74,125,165,153,105,147,230,147,182,82,165,136,145,122,233,82,182,165,182,182,66,136,220,170,116,105,74,21,74,191,125,163,221,188,239,190,144,105,165,147,93,66,82,155,173,136,56,39,147,85,136,116,56,125,102,85,125,116,125,136,56,56,136,116,136,136,124,113,116,104,101,116,116,104,85,74,121,121,66,136,124,71,116,124,85,104,104,124,172,39,124,121,93,56,104,116,116,85,104,104,136,124
67,35,57,78,52,78,52,33,52,33,89,97,89,89,75,43,52,67,70,21,67,21,57,52,27,50,86,43,29,33,52,60,60,67,16,67,60,22,33,78,35,52,8,60,59,106,75,67,57,52,57,118,120,29,43,59,70,43,88,88,50,106,86,140,117,50,100,3,43,159,174,159,100,50,151,126,192,59,57,52,11,149,129,88,86,43,59,149,108,27,106,169,137,70,75,77,151,169,120,105,75,67,183,169,108,117,126,166,148,151,88,100,120,129,151,108,43,135,164,75,40,135,156,181,137,117,102,83,83,148,114,72,166,183,156,156,114,123,102,102,83,148,93,114,83,145,67,125,226,164,117,166,156,96,125,117,174,72,125,114,137,105,105,164,137,83,117,57,125,137,83,125,145,57,27,27,7,16,21,47,85,117,105,125,117,148,83,93,117,125,96,66,83,96,137,145,191,183,93,155,72,105,163,85,137,191,165,102,82,105,117,114,148,134,165,182,105,102,134,96,136,153,165,182,125,182,182,195,114,105,125,165,182,180,182,148,114,145,191,180,197,136,125,117,105,189,117,85,191,105,105,116,96,105,153,195,96,66,147,163,66,165,155,39,173,155,74,204,173,180,152,125,197,182,74,57,11,71,39,152,197,248,197,125,220,197,125,116,173,197,197,116,96,155,155,104,85,82,85,74,136,66,125,196,85,82,136,125,116,85,74,144,136,71,101,71,101,116,39,165,144,41,66,113,96,93,104,96,96,96,96,93,147,124,124,133,124,66,64,124,85,93,66,124,116,136,85,95,56,154,104
60,27,35,27,78,70,75,57,27,50,29,41,100,43,22,78,89,29,29,50,67,21,75,35,57,67,67,35,50,50,16,67,75,21,27,50,33,89,17,186,35,43,78,86,70,75,129,33,41,106,70,78,78,50,120,140,86,4,75,100,70,12,59,108,151,22,41,67,77,106,166,129,108,100,33,126,106,35,1,67,77,50,88,29,33,27,129,88,97,117,59,108,151,137,120,126,129,126,129,43,169,185,120,126,156,129,129,117,129,176,148,67,108,176,75,67,176,205,156,75,64,181,156,83,135,156,102,153,123,96,123,86,137,164,164,105,181,174,114,57,86,137,64,137,137,181,114,57,148,134,86,105,137,148,137,83,114,166,83,148,125,33,105,83,173,105,102,114,137,122,93,134,156,64,7,4,7,19,145,125,105,134,117,117,117,105,75,102,125,148,137,66,137,85,75,155,148,197,96,163,195,41,137,155,134,145,155,148,125,148,137,96,155,137,189,134,85,105,182,145,165,182,163,205,205,195,182,117,82,105,134,153,182,171,197,189,66,96,180,153,165,195,117,117,136,148,182,105,102,189,102,102,93,136,163,153,191,165,102,153,155,105,145,182,144,57,116,210,221,125,182,155,105,116,19,15,71,4,125,232,191,204,147,230,235,136,116,116,221,197,125,102,155,190,165,155,85,41,136,71,165,125,104,41,190,93,125,96,71,96,136,93,116,96,82,136,96,96,133,56,41,66,136,96,173,147,49,49,93,136,116,104,133,136,74,74,104,104,74,116,116,74,56,124,101,113,104,124,66,56,121
50,50,16,75,75,41,67,57,50,60,100,35,21,67,75,57,27,35,67,75,33,50,78,52,57,50,60,97,50,22,60,89,41,50,100,16,21,149,27,108,27,100,86,33,41,75,126,60,29,75,67,41,67,67,86,75,35,16,70,88,43,33,75,27,86,43,70,52,75,52,140,159,67,35,77,129,59,67,11,33,41,75,151,8,41,106,156,67,16,41,57,57,120,183,129,126,88,105,174,86,77,100,166,86,212,97,69,129,151,174,185,120,88,137,117,69,129,105,156,145,105,54,164,174,145,156,126,117,126,174,156,105,114,135,197,171,126,137,114,137,96,117,75,166,239,145,105,57,123,83,125,145,105,134,117,54,117,83,125,86,75,75,125,105,83,183,67,117,134,86,145,173,148,54,4,16,47,125,216,117,137,64,137,96,155,105,50,117,117,122,134,93,117,96,148,122,137,125,105,155,224,54,145,173,105,189,137,148,145,134,148,102,105,134,189,66,173,96,153,155,189,165,137,197,214,171,153,125,93,105,134,117,105,180,180,136,66,102,182,163,136,216,173,117,191,165,96,117,148,165,191,165,96,85,155,182,153,165,136,182,189,96,173,147,113,147,170,220,165,96,122,195,116,74,125,147,105,136,102,134,165,191,241,155,173,221,57,197,105,220,188,163,71,147,173,85,104,104,64,204,56,165,85,41,204,74,96,147,104,136,85,165,54,74,165,116,47,173,147,66,101,136,116,147,113,155,32,124,188,104,136,147,74,47,133,136,104,133,64,147,116,116,47,124,93,116,116,113,71,56,136
60,27,97,86,67,43,67,75,100,43,11,75,138,75,67,33,16,86,21,11,27,70,78,17,60,89,41,67,35,67,60,29,50,50,70,41,21,86,57,70,27,100,67,67,67,67,67,108,78,22,75,89,41,70,70,43,75,70,52,75,108,29,33,35,35,97,50,50,33,50,106,129,108,117,108,67,86,100,100,35,97,100,97,59,35,169,97,50,17,4,52,67,67,159,151,29,183,137,137,86,43,86,166,16,129,75,97,97,126,159,169,140,126,117,176,140,43,137,86,145,15,209,174,232,215,174,117,145,102,123,126,105,145,189,123,86,126,114,64,148,134,117,72,105,86,64,75,117,137,125,114,137,166,137,122,72,19,64,137,148,96,125,134,83,72,105,148,173,164,114,122,148,137,117,31,19,93,166,145,102,125,83,96,96,173,50,67,125,75,117,145,148,117,148,148,64,117,96,134,122,171,105,155,105,148,145,117,93,153,114,134,155,105,134,163,148,145,85,155,122,125,203,155,117,117,122,105,96,145,136,93,96,122,197,136,155,197,96,125,173,180,155,165,136,165,148,96,117,165,195,204,114,66,136,173,122,136,155,102,102,155,147,105,125,170,202,221,195,85,32,85,191,182,144,221,208,134,180,82,102,225,232,180,155,173,182,96,74,197,202,66,96,113,64,125,113,125,125,104,50,204,104,104,21,54,147,4,214,147,190,125,96,136,85,144,101,136,190,21,155,116,165,170,221,165,124,133,96,182,136,104,124,124,136,144,165,66,104,85,32,136,136,136,82,85,165,170,56,104,136,136
60,11,89,67,27,89,75,27,35,100,149,67,41,89,29,41,75,70,29,70,89,11,89,27,11,70,50,60,70,100,50,1,41,75,35,78,67,43,21,70,50,41,57,75,60,67,108,89,67,33,59,97,33,67,120,75,86,88,70,100,120,17,12,106,57,70,67,67,43,33,57,117,166,159,88,88,149,106,88,57,97,159,57,100,120,174,57,35,27,100,33,41,149,194,97,117,236,100,185,140,126,59,88,117,100,120,140,105,159,151,108,108,100,129,129,88,72,75,126,148,40,189,205,135,236,126,67,67,102,126,105,135,135,105,153,156,137,94,96,126,137,96,123,137,102,134,148,83,96,117,166,114,83,166,164,122,47,67,174,191,114,96,83,148,191,134,86,166,148,83,134,122,134,164,75,41,47,47,114,75,171,166,72,114,102,47,148,64,57,183,145,96,125,85,75,93,102,125,148,85,66,117,148,163,148,93,180,148,114,137,153,117,93,125,165,137,137,85,145,96,153,165,148,85,93,105,105,85,117,163,93,117,203,195,216,173,122,105,148,165,148,117,153,105,122,182,155,136,155,189,145,105,96,136,134,96,116,54,102,147,134,155,116,122,182,202,173,105,82,66,125,182,202,214,230,236,170,136,209,216,180,173,173,152,197,225,147,105,182,241,134,85,144,74,54,147,165,32,113,116,136,41,104,64,147,16,66,190,232,196,136,50,56,93,136,155,136,116,136,252,136,165,246,236,216,32,165,104,155,136,93,136,182,74,85,144,85,96,56,136,104,104,85,74,170,147,147,116,49,101,116
1,75,35,29,86,12,70,75,21,97,41,21,75,50,52,75,57,22,100,86,67,5,108,89,33,35,16,57,78,33,67,43,16,75,41,86,100,108,78,33,60,50,67,86,60,75,60,41,35,97,78,67,52,43,86,86,50,97,86,43,106,59,29,106,106,67,35,77,88,27,29,97,156,126,117,108,126,120,86,159,126,70,97,129,149,149,126,140,108,149,97,149,207,186,149,140,210,140,194,159,126,176,108,237,97,156,183,148,166,100,77,97,120,88,148,97,126,183,174,33,210,97,123,203,181,148,97,50,203,135,114,183,135,64,183,171,83,86,135,134,226,11,123,83,125,83,166,94,123,96,93,125,93,174,195,96,27,47,125,156,102,57,145,83,137,173,75,117,191,125,72,166,215,173,83,47,27,16,54,145,156,75,117,102,117,137,67,75,125,102,75,75,85,67,105,173,125,134,137,114,85,57,102,210,148,137,189,165,66,155,182,125,114,153,148,165,137,96,117,182,96,191,96,137,117,96,136,155,148,182,155,114,216,195,205,136,102,134,125,163,117,195,125,114,105,205,165,191,114,114,153,148,125,93,125,125,155,102,155,180,134,102,165,136,147,125,136,116,105,93,134,189,233,236,191,165,216,173,182,144,136,191,191,125,182,204,165,173,136,173,173,96,85,66,50,32,56,66,41,71,85,74,71,71,66,32,85,182,243,208,104,54,85,125,155,173,147,195,220,74,225,182,182,182,216,209,16,182,136,85,96,66,180,190,56,104,116,136,209,104,165,165,32,147,136,54,47,56,147,66,66
16,97,3,60,50,129,21,67,67,67,184,52,12,89,86,57,27,3,108,50,67,75,11,70,27,50,141,60,29,27,43,50,50,33,41,33,108,89,118,29,60,17,129,70,29,41,60,35,41,78,86,27,67,60,70,75,67,89,67,75,67,75,21,86,97,43,75,77,77,70,33,59,151,97,97,106,129,129,97,156,70,67,166,151,140,176,174,166,198,176,120,174,212,151,151,137,191,200,129,159,183,194,129,176,129,176,117,126,35,166,129,129,140,88,86,169,156,174,148,135,94,171,83,203,64,156,137,102,117,83,183,135,57,114,145,137,174,189,181,83,189,105,96,75,166,94,134,123,148,134,125,96,148,134,117,50,50,41,114,156,125,57,50,174,67,86,137,83,166,125,64,125,195,189,148,72,33,86,183,41,64,96,75,105,67,117,137,102,75,33,54,148,117,114,148,180,117,96,125,148,125,64,102,171,183,145,117,163,102,155,148,125,117,114,148,153,122,137,137,155,137,148,93,155,105,171,105,136,165,153,155,148,182,163,74,180,136,117,85,165,173,191,153,173,148,117,148,191,117,105,155,155,125,85,116,96,204,145,165,136,155,74,182,136,163,93,180,165,153,165,153,105,170,210,96,155,173,147,163,173,182,197,165,221,125,116,144,147,165,191,147,125,105,85,85,64,147,85,50,66,125,64,25,125,104,93,136,125,225,230,116,165,190,165,144,173,147,56,239,249,165,147,124,163,85,104,204,173,155,136,113,113,104,96,93,147,196,204,173,239,165,182,104,93,85,144,147,182,56,85,93
89,67,70,50,67,78,52,33,97,67,12,67,60,50,97,67,29,78,57,33,57,52,17,27,70,60,33,60,57,50,43,43,22,21,108,89,151,67,159,22,52,75,35,27,67,60,33,106,89,27,57,151,75,67,100,67,75,35,97,129,22,43,29,106,29,67,88,52,77,97,59,50,97,86,57,126,86,108,86,100,106,137,156,140,198,159,120,166,159,117,57,108,169,86,59,50,140,207,156,169,106,86,29,120,207,129,126,137,97,97,140,183,185,151,117,148,156,105,97,183,86,153,156,156,97,156,123,94,102,174,148,75,64,126,105,153,195,64,137,135,148,123,148,75,166,83,156,148,86,117,96,137,174,125,57,105,11,11,64,117,125,117,64,64,174,54,75,96,72,122,125,137,148,205,195,96,31,16,41,105,54,41,148,67,105,64,117,102,117,102,67,117,145,96,114,155,148,117,125,41,50,137,137,148,180,145,105,137,165,137,93,85,83,134,145,117,148,145,145,165,137,102,155,137,117,171,96,125,105,148,173,125,125,155,57,96,125,105,93,117,134,225,117,72,155,105,173,216,171,155,96,96,125,57,136,136,136,171,165,82,136,191,136,66,153,173,204,204,202,173,125,96,54,105,134,105,74,116,173,214,152,197,71,165,197,116,125,180,165,125,147,155,155,136,195,136,136,197,221,85,165,116,216,235,230,224,209,190,173,216,173,96,204,231,155,124,173,209,165,209,124,136,155,85,116,56,56,124,124,144,74,85,144,136,113,155,225,225,194,204,220,116,82,32,136,56,124,124,116,116,162
57,67,78,60,21,50,126,86,33,78,57,60,50,17,67,100,27,70,67,1,57,16,129,12,97,35,100,78,78,52,16,50,89,22,67,75,22,200,33,108,118,75,22,159,43,50,78,75,89,57,7,75,75,1,97,60,67,50,75,59,89,2,141,67,77,35,43,52,43,88,52,29,59,120,169,117,100,108,117,166,176,59,120,129,108,57,33,77,33,21,57,57,35,16,29,59,67,140,70,77,41,22,11,70,148,126,97,108,166,97,120,169,197,166,120,193,166,97,83,135,126,72,86,153,137,105,135,156,83,50,137,164,105,137,126,94,191,105,102,102,105,126,183,114,205,126,134,96,126,148,191,117,67,123,93,47,96,6,27,114,203,117,83,166,86,233,7,145,96,117,67,137,224,117,102,75,57,19,57,16,195,41,191,21,67,114,173,114,117,134,117,83,96,125,137,153,155,117,85,148,50,75,64,125,197,163,105,134,148,117,105,102,96,102,155,145,165,182,155,102,105,134,148,125,145,125,102,72,85,155,145,155,117,136,148,96,105,165,114,136,136,155,134,66,134,165,191,197,155,136,96,47,96,96,148,148,96,230,85,105,102,216,116,105,113,225,182,147,191,180,170,136,50,27,125,105,155,147,191,155,105,147,197,85,225,96,116,173,173,165,173,165,188,216,204,224,202,230,208,180,180,236,235,221,241,232,220,216,136,144,196,165,182,225,136,104,133,85,85,85,85,74,136,165,196,74,41,147,124,121,147,144,147,104,147,182,225,221,74,147,196,124,95,41,93,172,204,95,172,204,215
67,60,89,78,16,27,67,57,43,50,50,70,67,60,41,89,70,27,86,22,17,8,27,89,75,33,118,43,21,17,86,97,60,52,35,27,67,60,60,75,5,108,33,41,149,75,22,16,67,75,43,75,78,27,60,67,41,29,149,149,52,70,78,86,67,50,88,75,41,41,33,27,75,118,174,137,137,126,108,86,106,2,29,33,29,50,16,3,17,50,35,16,16,75,50,75,43,100,35,41,22,27,12,52,140,159,151,140,159,117,108,159,151,156,191,171,103,117,183,156,203,174,174,145,105,135,156,94,86,94,117,123,105,102,148,145,126,96,137,96,126,105,191,75,164,64,57,117,126,134,148,191,102,67,125,54,50,39,50,105,75,64,86,137,102,67,83,166,105,67,195,114,50,117,122,117,54,27,27,171,50,105,102,125,148,64,75,75,173,67,75,117,145,137,125,166,83,105,145,83,85,83,183,155,165,125,173,134,125,153,205,191,137,93,163,195,148,220,137,66,148,85,96,114,134,82,74,102,155,125,145,182,155,173,182,105,155,197,125,153,136,117,153,125,136,136,105,105,105,66,66,82,114,105,66,136,180,173,66,105,116,197,204,182,163,82,125,85,163,197,210,197,96,105,195,153,165,204,136,96,96,96,221,180,116,105,165,147,202,204,182,182,209,230,190,190,241,188,165,239,163,239,195,190,209,204,170,136,155,173,182,209,195,122,85,25,56,56,71,32,170,66,136,124,21,133,147,64,104,147,96,85,104,74,155,231,116,182,96,136,96,85,104,85,104,85,93,232,204,230,190
67,27,41,52,67,35,35,27,41,57,70,70,41,78,78,60,7,22,67,52,12,41,67,50,52,57,22,57,33,27,57,52,35,67,35,35,70,78,21,75,33,21,33,108,16,108,75,67,70,78,70,89,89,60,118,89,35,75,50,97,108,67,43,89,67,88,29,67,35,67,59,67,67,27,50,129,129,169,67,21,11,22,3,35,33,43,59,1,29,52,22,27,50,75,43,77,129,88,59,88,29,16,22,97,126,233,194,159,120,108,140,148,88,97,191,148,105,154,236,97,181,86,189,123,148,137,156,135,105,105,135,114,75,67,83,105,148,33,96,166,135,145,96,126,105,72,117,166,64,64,153,114,117,105,125,96,54,50,39,117,105,86,86,83,174,134,67,117,122,96,117,137,75,64,117,134,117,67,39,96,122,117,134,75,83,173,114,83,134,105,137,166,85,125,114,93,93,205,83,137,117,64,191,148,197,189,83,105,155,203,216,173,85,72,134,165,117,155,93,148,82,102,105,134,134,114,74,137,148,171,148,165,214,182,155,197,197,189,114,155,145,102,165,148,136,74,66,117,153,148,125,114,105,125,182,216,173,114,114,93,163,197,165,197,182,41,85,173,155,165,216,225,163,173,204,136,165,221,82,155,191,96,136,204,116,125,182,155,191,173,155,173,197,216,216,180,195,221,216,216,136,204,221,173,113,116,163,173,155,125,116,136,204,165,64,56,56,104,41,82,32,124,66,85,182,27,133,96,136,144,85,104,121,121,155,173,121,56,182,64,56,85,66,172,27,221,190,190,116,136,147
50,21,16,21,149,100,97,109,12,70,100,70,33,50,97,78,67,41,41,21,21,60,86,41,33,60,50,67,89,57,27,35,86,41,16,108,43,27,141,78,43,11,67,86,52,70,52,89,50,89,75,78,118,52,35,106,120,118,41,120,138,60,57,50,97,88,78,57,78,77,57,22,52,43,29,41,50,100,106,77,11,33,27,52,29,43,16,59,29,59,52,59,11,27,75,151,169,88,57,120,29,75,33,77,151,242,191,191,137,120,97,120,151,97,59,105,166,137,210,117,94,148,191,41,174,145,189,164,114,117,137,148,123,114,83,47,96,191,72,148,96,83,117,64,117,117,105,75,126,153,174,126,94,83,41,50,72,189,195,57,137,102,102,137,83,114,83,72,102,125,72,105,83,114,125,183,173,102,114,137,122,50,93,96,221,83,57,134,137,134,137,85,125,125,105,114,125,125,166,66,66,236,57,183,85,241,39,145,205,195,165,125,96,57,85,216,191,105,96,189,105,33,203,105,148,173,114,165,114,125,117,155,216,182,173,236,189,155,114,155,102,134,117,155,136,114,82,117,197,216,173,125,136,205,224,173,148,136,148,136,122,153,173,195,204,125,134,210,136,165,210,182,173,163,180,182,155,165,116,173,210,136,105,155,155,147,182,191,191,173,122,165,191,191,208,188,173,209,208,190,125,155,221,165,104,190,221,225,104,85,85,147,197,188,104,74,74,74,133,74,66,136,104,96,85,74,50,196,147,190,216,190,155,136,147,147,124,104,113,96,155,104,209,155,165,202,147,116,124,56,74
50,70,50,21,75,167,120,97,21,60,141,22,33,33,70,60,41,16,75,50,67,33,89,86,33,16,57,33,35,57,50,70,60,11,41,97,50,138,43,52,57,75,21,118,75,70,138,89,52,67,89,35,21,97,78,97,70,67,120,97,67,41,27,50,100,33,17,78,97,88,35,17,16,21,27,50,35,35,100,207,35,29,50,22,50,50,35,12,52,77,59,41,43,106,108,33,117,151,41,97,50,151,29,140,176,159,234,149,140,148,105,137,194,117,57,205,156,105,123,83,117,126,145,174,156,171,105,148,114,148,135,105,94,72,57,94,145,210,126,117,54,83,126,75,96,148,117,117,126,96,105,126,75,57,117,54,105,31,174,117,123,137,117,148,86,54,137,105,96,134,148,86,67,166,205,173,153,93,96,153,166,114,93,64,105,166,134,117,125,54,102,163,57,114,163,96,105,134,166,134,27,145,83,183,155,96,96,85,148,183,125,165,96,122,210,155,165,102,210,125,85,182,122,125,171,93,137,50,57,114,153,165,134,155,165,155,155,105,155,165,85,165,66,180,134,203,96,117,165,125,205,221,197,210,216,163,165,117,148,116,182,155,191,173,197,197,182,173,125,113,147,165,204,170,153,136,96,136,93,96,165,85,102,116,165,191,163,182,191,204,136,136,188,144,182,216,204,144,105,163,173,105,173,225,230,188,229,232,133,74,116,190,182,173,125,116,136,66,125,85,124,104,165,66,136,124,104,182,165,165,101,152,216,182,136,173,85,101,113,113,216,224,216,136,190,66,116,152,116,85,39
86,27,16,106,75,89,43,7,118,33,5,86,41,41,50,57,21,17,120,120,21,100,75,86,21,29,52,50,33,50,60,86,70,29,57,106,57,60,11,57,21,100,11,12,141,33,86,89,50,75,89,89,27,97,89,67,29,17,106,106,21,33,57,41,97,57,52,78,106,140,33,12,75,75,27,33,27,100,194,75,52,33,57,88,117,57,12,52,12,57,41,52,88,41,88,97,77,108,50,75,77,88,57,117,176,108,176,120,88,169,191,151,148,183,183,203,189,83,54,54,54,86,166,210,135,97,135,135,156,117,126,67,67,105,135,197,123,123,181,96,40,166,86,135,166,126,126,86,117,96,117,134,114,96,123,50,54,72,183,205,47,156,102,117,125,102,96,72,102,102,166,189,148,166,191,54,1,31,117,117,105,105,67,205,41,75,117,86,117,122,41,67,166,137,134,105,125,134,96,96,96,134,171,148,85,180,148,105,148,165,155,155,153,96,125,163,197,165,105,182,105,182,117,148,117,96,105,125,66,165,134,125,148,163,96,66,117,163,145,145,155,105,105,191,180,165,93,155,136,171,210,236,210,114,136,225,148,102,205,117,216,93,155,165,155,197,165,134,145,173,173,163,170,173,147,93,173,136,165,147,134,105,96,153,225,197,165,191,165,191,173,136,197,197,173,173,116,125,125,136,173,225,225,225,239,209,209,204,165,152,122,155,221,197,116,133,147,104,136,96,96,125,85,116,116,124,144,165,136,96,116,66,66,104,96,56,32,66,6,49,82,209,74,96,104,41,31,41,49,49,49
27,60,60,27,67,78,27,16,67,52,78,97,17,67,60,89,78,35,67,106,35,67,52,52,41,50,41,57,57,67,108,70,50,50,60,78,33,57,17,50,29,57,7,27,75,67,75,75,50,89,50,67,75,41,70,67,8,67,100,35,35,75,75,27,22,60,16,50,108,120,70,21,27,50,21,67,59,106,169,151,88,35,67,120,75,75,35,43,75,97,77,41,70,33,29,59,43,67,35,41,29,33,97,57,137,140,159,117,70,120,151,140,148,151,123,156,189,57,64,6,41,126,105,72,123,145,174,164,174,117,148,166,148,197,191,239,102,102,153,135,96,148,75,166,114,123,135,75,148,126,75,164,102,96,148,123,27,27,164,137,75,57,166,96,125,54,117,117,125,156,183,181,156,86,50,11,2,31,11,171,166,86,191,64,148,86,96,57,50,102,145,137,148,85,75,155,102,96,173,137,105,105,148,155,75,64,163,153,96,117,165,148,85,137,125,134,155,125,102,122,25,75,137,39,114,85,85,57,85,125,125,155,148,66,125,153,148,153,93,85,85,148,74,230,125,102,72,191,197,202,148,165,202,125,66,173,153,173,173,117,180,54,93,197,125,116,182,114,155,216,182,155,155,136,116,125,165,180,170,225,85,182,136,216,202,197,191,216,182,116,165,204,191,191,147,96,74,182,221,147,225,236,147,122,197,182,116,116,147,165,113,155,232,232,147,85,85,85,125,93,152,122,85,125,96,147,196,155,96,56,56,74,54,66,49,41,21,11,16,21,32,124,85,6,49,49,32,16,32,47,64
57,43,16,7,42,89,100,75,60,52,43,70,70,70,89,75,89,33,22,60,33,22,50,78,78,16,17,57,50,27,108,22,12,43,89,70,75,7,12,57,41,17,11,70,50,35,78,70,67,89,78,67,75,52,60,67,43,43,35,35,75,70,33,86,60,75,50,50,75,78,75,67,52,16,43,169,205,108,97,166,120,77,52,41,70,120,75,106,108,97,97,59,77,50,106,149,70,57,5,108,86,33,27,35,100,151,151,140,137,75,88,106,88,88,146,123,114,103,41,15,86,54,47,67,135,123,117,171,156,181,166,197,216,171,174,189,126,145,137,145,148,137,114,105,57,166,114,126,123,123,105,114,102,135,222,27,31,33,47,67,117,16,195,137,50,197,114,166,137,174,166,72,11,19,25,4,15,31,72,205,75,117,19,164,75,164,25,67,114,134,145,122,75,117,75,75,189,96,205,105,134,134,105,125,210,134,96,117,134,96,114,183,148,102,117,66,96,148,155,163,137,72,96,93,96,134,122,64,145,85,64,82,171,155,117,180,125,85,117,136,117,93,203,155,125,155,125,117,148,66,125,173,171,155,74,93,182,155,148,155,96,148,136,165,148,114,165,57,155,147,122,195,155,116,165,125,125,225,173,246,125,165,173,233,173,182,155,165,173,125,134,182,182,163,125,125,165,216,165,230,173,50,71,47,85,66,41,64,66,122,155,125,180,230,152,74,93,144,64,155,204,165,165,190,170,136,165,147,104,113,116,113,116,113,32,25,39,74,21,31,21,41,96,6,16,104,104,49,16,19,49
70,33,18,50,22,50,100,86,35,35,70,52,41,33,60,89,109,52,41,78,60,75,106,60,57,86,50,33,17,16,43,41,2,57,43,57,60,12,11,67,70,21,7,50,22,67,97,70,70,108,86,78,89,75,50,67,106,29,70,41,97,89,89,17,86,16,43,21,29,75,75,57,59,27,17,169,194,100,198,88,52,59,100,12,117,52,75,43,149,97,108,97,86,100,12,129,140,43,16,97,16,57,1,75,117,176,174,137,106,140,149,149,88,108,146,135,210,171,33,19,57,50,54,72,83,47,54,83,72,183,166,174,203,145,126,114,126,117,97,174,96,137,126,67,67,114,75,114,105,102,96,67,105,145,183,86,33,72,27,31,75,54,72,191,205,166,102,156,67,93,57,27,15,11,21,21,19,15,105,125,125,137,50,197,171,41,41,164,148,125,67,189,166,85,125,54,230,85,125,102,183,96,125,125,148,67,67,134,117,137,145,155,137,114,102,137,165,125,114,57,134,134,163,85,96,85,117,114,125,74,64,134,173,155,85,148,105,82,148,105,155,155,173,153,136,173,171,155,136,117,155,182,155,85,66,105,117,134,180,125,148,163,155,102,165,191,163,116,82,85,136,195,163,155,155,74,122,239,208,204,173,116,155,224,182,122,116,182,202,134,116,182,165,116,147,96,47,214,216,239,134,6,105,27,125,85,57,66,64,125,136,116,155,165,152,147,96,144,50,196,204,204,165,182,196,136,208,196,136,85,104,136,104,104,96,54,104,85,66,93,31,27,74,93,66,124,136,116,32,15,85
60,43,21,70,50,33,75,35,52,60,43,18,35,50,60,67,11,75,97,35,75,57,50,35,33,67,60,7,12,89,21,7,70,21,12,16,27,126,11,52,118,57,29,22,41,86,97,86,70,75,86,67,89,89,75,67,57,57,118,33,89,86,89,29,78,22,50,17,29,89,78,27,8,22,33,35,174,166,198,176,156,88,97,27,97,33,50,43,57,120,75,137,70,108,50,88,21,100,41,50,70,88,5,100,149,129,120,86,129,210,194,166,140,35,216,225,135,123,47,1,10,15,57,41,57,114,47,25,21,83,203,164,135,123,148,86,75,47,195,135,50,148,137,114,105,83,83,117,75,94,105,67,75,137,166,164,33,47,72,19,96,57,105,123,174,117,86,50,27,16,15,4,41,27,6,25,21,31,114,102,145,117,125,83,93,181,122,86,134,117,173,191,137,96,166,114,96,173,171,67,191,75,122,105,180,117,155,148,155,148,148,102,137,125,117,117,50,114,85,96,197,191,50,72,148,93,114,41,72,171,137,74,145,189,85,66,148,173,137,105,57,136,173,189,165,122,189,191,153,165,182,163,165,165,85,117,122,125,163,171,155,66,165,136,85,145,216,182,57,125,155,163,165,148,134,136,173,208,214,170,155,66,125,173,170,216,197,204,197,144,165,204,147,113,147,85,96,165,214,248,165,57,113,113,182,136,74,57,134,85,85,182,147,85,144,125,104,74,125,104,204,216,136,136,165,216,232,180,101,74,85,155,124,116,204,85,196,66,41,165,96,41,27,104,85,104,124,155,41,41,124
22,57,60,43,50,75,42,29,42,35,21,75,57,75,29,33,106,78,78,22,86,70,33,33,70,70,52,22,12,33,43,11,22,22,21,60,50,33,97,86,33,35,89,67,35,22,75,141,60,35,78,70,86,75,67,29,50,70,86,75,50,43,78,57,78,100,27,21,78,86,50,17,17,17,17,52,217,223,169,156,86,106,41,70,97,88,59,27,77,129,108,75,106,75,50,86,59,117,12,159,149,29,35,97,108,137,77,205,151,88,129,140,183,156,183,64,135,54,27,1,50,31,166,57,105,67,64,41,50,50,145,210,135,126,126,86,102,126,117,75,137,114,94,97,148,105,105,105,102,105,117,83,67,105,102,123,86,47,41,39,96,64,67,47,41,47,25,16,16,25,21,21,10,19,21,33,31,105,122,134,105,125,86,145,173,96,137,93,156,191,203,164,156,102,67,114,134,164,33,67,137,83,122,75,197,114,105,114,148,83,85,102,148,191,85,21,41,205,148,125,155,189,208,148,41,173,117,75,96,117,93,66,165,205,122,117,197,163,145,47,205,50,136,165,105,66,117,182,195,163,173,197,155,165,165,93,136,85,191,216,96,96,163,64,93,155,216,202,125,165,221,173,148,148,197,170,96,173,210,144,96,125,155,93,191,241,229,197,197,209,195,197,116,105,105,136,155,116,182,232,125,155,182,136,155,125,102,74,122,85,96,147,93,74,116,116,96,74,125,82,190,147,195,116,155,173,182,196,125,124,116,116,122,144,165,147,204,49,11,155,155,124,32,82,121,93,194,56,93,144,121
35,75,29,7,67,78,11,52,60,21,78,50,149,57,52,60,75,97,35,17,67,78,43,21,50,89,52,21,12,70,22,8,43,57,70,35,86,22,152,67,67,43,60,67,41,27,41,70,35,35,108,41,89,52,27,57,89,29,70,97,35,16,60,100,70,50,41,60,86,67,27,16,41,22,29,100,169,166,52,59,43,70,88,78,86,22,75,16,118,198,151,108,33,22,35,86,108,59,106,169,70,77,29,33,108,183,100,35,70,75,151,140,129,146,94,154,106,25,75,83,57,126,189,27,114,83,123,54,57,97,105,156,137,105,156,126,148,123,114,153,183,41,83,102,166,164,83,114,135,117,83,123,117,75,64,114,94,16,41,94,126,64,31,25,7,6,27,41,57,41,64,15,2,72,148,50,75,64,114,137,102,105,125,166,125,137,166,183,145,148,197,173,122,75,41,125,166,96,96,33,163,148,134,96,210,105,163,163,221,117,105,117,102,96,117,85,163,137,75,41,137,215,216,72,85,210,114,134,66,125,85,125,137,85,74,96,155,221,74,163,145,125,165,47,153,163,122,165,136,148,173,197,182,66,125,155,105,148,148,148,39,221,57,145,191,148,216,210,197,173,165,173,155,173,173,147,96,182,147,122,173,122,116,173,204,182,191,191,155,182,165,105,102,134,144,155,147,147,116,125,152,136,125,155,180,105,125,85,64,113,116,113,93,85,116,82,66,125,96,96,173,155,190,85,152,125,195,204,147,124,116,74,96,136,136,190,124,27,6,116,190,144,104,113,155,116,96,104,147,136,124
67,29,5,50,53,22,22,50,86,50,52,21,75,70,33,67,86,67,42,21,33,70,29,52,57,50,27,16,43,60,22,106,11,106,21,89,41,97,57,89,60,21,70,97,118,86,50,75,41,86,35,67,43,35,60,120,75,29,57,108,60,29,35,89,27,12,60,60,33,41,75,35,22,29,57,75,86,86,70,43,41,67,50,29,27,29,21,29,97,156,97,100,97,33,50,75,50,88,67,43,27,75,12,35,174,120,169,140,117,120,106,75,75,126,103,191,106,103,189,114,64,7,97,166,97,94,19,11,50,126,181,105,97,145,105,137,114,148,191,117,164,126,102,114,75,174,64,126,137,137,135,123,117,67,117,166,7,21,126,57,171,126,25,31,21,6,25,75,75,64,27,31,50,148,166,105,166,67,137,137,137,125,114,125,171,156,117,134,122,117,148,125,67,117,148,148,148,83,96,93,125,117,72,173,134,102,166,137,197,148,96,137,148,183,165,117,93,134,96,72,66,225,96,205,64,47,125,171,137,54,64,148,191,96,57,96,205,215,74,153,27,117,93,153,243,182,220,197,85,208,205,203,221,155,25,134,134,50,96,66,205,165,117,148,114,173,96,241,197,171,204,136,122,165,96,191,182,197,180,147,155,125,204,182,180,165,125,170,136,136,152,136,144,165,165,125,96,147,147,96,147,136,85,180,191,85,96,113,85,64,66,136,116,85,96,104,125,96,85,136,173,147,165,165,165,165,209,216,66,66,85,165,163,136,165,136,50,15,21,101,173,74,163,124,104,116,56,136,93,85,124
75,22,53,42,7,12,67,43,29,21,7,52,2,78,21,75,33,60,52,43,17,29,43,33,16,22,50,89,86,52,97,67,118,27,67,52,67,75,75,78,1,67,60,89,16,35,118,67,41,35,52,106,43,35,70,60,29,108,52,27,89,35,50,50,27,3,43,52,97,89,106,22,17,57,33,27,33,60,50,5,27,27,27,22,12,21,33,27,33,75,108,77,75,57,35,27,59,75,33,43,35,16,22,57,117,140,67,137,106,77,70,75,97,126,154,171,114,137,181,123,57,75,67,103,97,33,40,67,97,148,156,166,156,135,156,137,75,137,215,97,135,181,83,114,137,67,117,67,83,145,174,67,75,123,156,137,41,19,114,41,216,164,123,94,21,27,41,75,41,50,57,105,156,123,125,197,122,171,96,114,164,174,105,145,102,137,117,83,64,134,164,117,102,171,148,166,96,166,96,75,57,122,67,145,203,85,148,173,114,105,83,117,148,114,105,122,153,105,93,105,114,137,96,125,83,137,125,163,105,125,125,134,137,64,66,137,148,203,221,47,74,137,117,214,225,197,148,221,153,125,214,229,182,125,148,50,96,165,165,197,155,221,66,96,41,163,93,225,165,180,153,102,145,155,155,155,173,116,165,165,125,221,125,165,173,136,163,180,182,170,210,210,165,147,155,147,122,125,122,93,136,136,96,147,136,85,105,147,105,57,105,165,136,85,116,125,74,93,66,125,182,173,208,225,190,173,236,196,41,32,85,136,163,133,136,104,56,50,54,104,133,71,116,104,56,116,124,124,96,116,104
43,70,43,12,42,16,33,21,12,29,42,57,11,60,52,27,27,27,52,27,22,67,57,29,17,70,89,89,86,78,100,75,100,12,126,12,89,35,67,41,27,89,52,89,70,2,41,78,60,16,35,3,126,60,67,29,86,89,11,41,86,52,89,52,97,89,7,57,97,75,41,50,52,60,50,21,50,29,50,5,22,16,33,33,29,12,35,33,41,100,100,86,50,41,50,70,70,59,35,29,43,22,12,77,75,129,194,140,140,120,77,126,140,137,83,83,114,94,135,171,148,64,166,117,57,40,75,114,146,171,145,171,203,123,137,105,97,137,126,137,153,183,83,97,137,54,123,105,117,174,148,64,75,166,94,47,47,57,102,64,123,123,222,41,50,27,102,75,25,31,57,156,205,153,114,164,47,148,33,105,148,153,122,102,64,148,96,117,86,117,148,148,156,137,105,183,57,93,102,105,117,183,85,145,189,117,102,173,137,105,125,137,148,155,145,96,191,93,27,117,75,66,96,75,125,105,75,117,148,134,125,75,93,122,72,155,195,165,153,197,96,137,122,197,205,208,171,117,93,136,205,230,205,96,66,145,173,145,153,125,117,96,208,27,74,102,155,216,122,105,155,134,125,85,148,163,122,216,165,197,163,180,173,96,147,173,155,144,165,233,204,136,163,147,105,155,155,74,144,105,170,31,136,116,134,41,182,105,105,136,163,125,136,74,96,104,50,74,104,165,209,216,173,190,221,190,214,204,96,66,31,85,165,133,74,116,133,74,124,136,104,104,56,104,66,41,165,173,113,74,66
21,50,67,29,21,50,42,53,42,75,27,35,33,57,97,27,21,29,86,67,50,50,27,50,70,97,89,33,78,75,67,50,52,27,57,29,60,52,35,27,86,43,100,149,29,11,78,86,50,8,50,29,50,22,75,5,52,7,43,27,57,50,33,75,67,67,33,41,89,50,151,3,7,97,50,70,27,12,86,106,17,33,60,70,67,33,29,108,106,192,59,43,57,50,88,77,67,22,88,67,35,16,21,41,117,137,169,117,120,120,88,169,140,137,137,123,123,137,146,123,154,210,174,135,135,67,40,75,166,137,137,117,94,148,174,203,103,97,103,137,72,171,123,126,166,75,67,123,64,75,148,114,117,171,195,117,11,83,148,47,86,105,47,86,123,166,174,102,57,4,27,191,189,123,137,117,96,41,145,93,153,86,137,145,105,134,83,93,117,125,148,156,114,83,156,125,86,96,67,173,137,148,72,173,137,102,230,134,137,153,114,145,148,117,155,148,114,163,137,85,117,122,203,105,33,83,96,117,66,57,117,191,148,148,208,96,145,153,134,105,148,125,155,195,203,197,125,114,125,165,197,205,171,125,173,221,125,148,216,105,125,235,122,57,96,117,153,180,195,114,66,155,117,64,105,197,163,93,74,173,197,125,225,96,182,85,105,195,180,136,165,173,147,136,136,144,82,152,136,173,125,96,32,182,125,74,144,93,136,113,136,125,85,96,85,116,102,54,173,182,190,229,104,165,239,155,221,230,104,41,54,74,104,82,104,147,173,124,113,124,116,136,104,124,74,66,136,147,116,66,56
33,60,60,16,53,89,50,60,21,50,33,159,89,97,149,16,27,21,75,75,43,21,29,70,75,70,16,12,60,75,35,5,16,27,27,50,67,41,21,60,57,67,106,78,50,60,57,50,29,22,43,60,17,57,43,2,60,60,60,27,29,29,21,70,41,27,75,43,100,57,29,41,75,60,70,97,16,89,22,97,89,50,78,86,100,108,108,75,166,118,29,77,106,33,108,21,100,22,88,88,67,29,35,70,106,151,126,129,149,174,140,149,137,137,123,103,86,164,135,191,86,146,123,146,174,126,33,54,174,171,72,86,57,117,123,72,156,103,97,135,205,86,97,153,135,126,75,83,183,148,83,114,126,210,191,19,11,86,156,33,57,33,72,57,117,220,197,41,11,11,31,105,171,117,102,174,75,105,72,86,166,125,114,148,164,137,105,83,105,86,134,117,72,122,122,75,171,93,148,125,102,64,125,153,134,166,96,125,183,155,145,117,96,105,155,191,125,155,220,57,239,96,216,54,96,50,96,66,64,72,105,117,155,117,137,148,134,125,125,137,125,122,180,180,163,165,165,197,125,117,165,145,114,96,105,197,173,125,155,165,180,72,125,105,41,105,148,155,191,189,182,180,173,173,116,66,122,114,145,191,214,216,50,202,66,116,163,163,155,180,125,116,165,113,96,165,170,105,134,136,10,122,74,191,116,74,147,144,71,57,57,74,102,116,122,122,113,102,204,232,182,216,209,216,147,209,232,165,71,56,136,104,66,96,74,136,173,74,101,96,196,182,124,136,49,49,133,133,104,104,104
75,29,35,86,43,16,21,43,43,5,170,60,200,109,22,60,52,100,50,8,21,12,27,70,27,5,1,7,22,29,12,1,7,29,41,33,27,60,70,33,17,75,141,70,57,70,27,16,50,33,43,89,78,11,29,106,75,33,29,75,29,29,33,67,97,78,43,43,78,50,78,52,52,29,86,86,50,33,78,29,108,108,100,78,120,159,118,156,106,50,97,149,35,120,50,108,106,41,43,97,97,67,22,100,100,176,100,137,159,159,129,88,137,137,135,94,156,135,149,149,123,83,123,174,126,205,105,117,137,105,105,86,94,57,156,191,31,174,126,174,75,123,135,137,181,203,137,86,57,137,126,102,156,102,166,72,67,96,145,86,33,105,148,27,102,197,114,27,21,25,33,96,123,105,57,137,117,105,72,125,125,122,96,125,181,122,102,96,105,50,75,96,96,137,96,134,117,105,183,50,102,41,156,148,166,183,27,166,173,85,148,122,75,125,148,183,197,125,171,105,225,93,197,96,191,66,96,66,72,75,105,148,148,105,148,173,50,125,96,66,102,148,148,125,205,171,117,205,148,105,136,125,117,125,145,182,180,125,180,105,145,233,165,155,85,117,134,66,153,165,171,202,182,165,180,197,74,105,182,96,93,182,221,122,74,125,173,116,165,134,85,136,170,136,144,125,105,163,147,82,96,147,134,54,155,105,136,105,66,50,116,105,113,102,104,82,104,134,232,197,209,182,204,155,204,165,241,74,125,66,74,104,85,66,56,96,116,85,66,32,182,173,173,56,66,66,104,124,66,71,124
42,42,16,60,67,21,70,50,33,86,159,89,198,43,29,43,21,78,42,2,27,27,21,22,11,5,18,27,42,27,29,27,33,89,106,16,5,43,35,16,11,86,126,70,75,75,29,11,52,33,33,86,17,3,100,234,174,78,21,12,22,60,106,97,27,41,149,89,57,60,50,75,33,33,60,35,22,27,52,100,100,118,78,43,52,78,50,75,78,75,78,5,106,27,106,75,35,108,43,43,41,159,2,5,129,166,137,100,186,100,97,97,154,106,183,94,146,137,181,114,114,126,86,209,135,148,41,123,114,146,164,64,135,164,126,183,123,148,145,156,189,126,135,75,171,137,97,123,123,117,153,166,156,75,94,40,4,166,148,96,94,41,27,86,41,57,94,86,64,6,11,75,75,137,102,67,114,125,93,83,105,117,174,64,93,96,67,117,102,117,125,96,96,125,134,117,105,117,39,117,86,134,125,105,148,155,96,114,125,64,114,137,137,148,137,183,191,54,163,117,165,155,205,148,134,75,137,75,54,75,137,85,96,163,122,122,66,96,105,125,148,148,105,96,155,125,191,125,117,96,136,165,173,117,155,105,214,203,155,39,241,173,216,145,165,105,125,134,182,189,165,189,210,221,114,165,191,64,105,163,155,204,204,74,93,136,173,155,116,163,182,136,165,173,197,204,122,152,122,96,180,147,66,74,74,182,155,125,96,144,155,116,74,85,85,105,93,105,147,195,216,155,136,180,155,147,197,125,74,56,56,39,96,104,104,93,74,165,4,27,39,155,190,41,116,147,74,74,71,104,104
29,70,75,50,70,75,70,27,101,60,70,207,97,126,29,33,42,1,78,33,29,78,29,11,43,42,52,157,157,126,170,149,129,207,149,21,21,2,29,27,29,70,43,89,120,41,60,27,43,75,11,21,33,52,183,231,207,86,5,1,70,120,89,75,67,60,141,89,33,50,60,67,75,29,43,75,52,60,67,78,70,60,29,29,41,43,41,60,57,21,78,78,43,118,41,59,75,97,88,22,120,35,33,8,156,186,120,149,108,106,151,108,146,149,189,86,67,146,97,166,181,83,103,149,171,126,97,126,117,123,164,114,148,86,123,105,123,103,205,33,148,117,103,135,86,117,117,183,103,67,105,102,156,197,31,54,83,153,166,21,31,57,117,4,19,156,174,50,16,41,21,27,117,166,148,148,117,137,114,105,134,117,96,75,72,137,117,83,125,137,148,137,148,125,83,117,122,105,86,105,125,166,96,134,145,96,72,85,105,122,134,137,148,145,155,171,163,75,96,102,173,191,197,134,137,72,114,85,117,105,114,64,66,148,93,96,125,117,165,163,117,105,57,155,165,85,96,153,182,148,125,182,136,114,191,105,205,145,85,134,216,117,155,57,165,96,96,96,155,155,173,205,205,182,191,41,125,116,116,225,148,182,134,182,191,204,173,182,197,165,125,136,155,204,165,116,147,113,155,105,125,105,74,116,96,93,116,155,136,125,125,74,136,182,85,105,85,74,182,195,155,116,136,104,64,147,165,155,32,66,116,50,96,147,104,104,96,93,50,16,27,124,116,104,104,173,124,64,104,116,64
29,43,67,60,33,70,86,60,27,97,167,167,126,89,67,16,67,5,53,89,29,97,97,97,109,106,186,200,174,152,186,244,106,223,138,100,8,33,52,50,33,57,89,149,78,33,60,21,21,43,27,89,129,169,192,183,174,16,22,21,78,106,41,33,67,52,70,70,27,27,120,75,16,78,100,57,21,57,50,52,27,22,17,16,43,43,33,70,57,29,75,86,50,88,33,88,77,17,70,77,88,75,52,57,108,151,100,88,159,149,126,117,156,192,83,137,135,137,123,171,156,75,86,57,216,156,126,123,94,94,135,148,114,103,123,156,156,94,156,103,117,105,191,123,97,174,117,57,75,47,40,57,123,105,31,15,19,164,174,57,41,67,145,239,10,148,148,41,33,39,25,31,50,134,216,164,174,174,57,105,96,64,134,33,64,102,125,125,166,122,83,174,134,125,148,137,72,125,72,125,145,86,134,156,125,125,145,122,96,137,155,145,93,125,148,195,197,105,85,153,145,137,155,137,137,96,125,117,122,75,125,137,85,96,117,96,163,105,105,221,210,195,57,165,50,137,125,189,173,155,155,134,165,148,191,117,85,66,74,114,191,163,114,57,136,96,122,66,102,145,155,173,202,182,125,148,148,125,125,155,197,116,197,204,105,230,197,197,96,116,102,147,155,147,173,221,96,155,113,66,102,136,122,136,155,93,125,173,182,136,96,74,134,204,116,47,85,85,116,122,104,125,71,104,96,85,152,155,74,82,122,104,82,56,50,125,113,85,66,21,11,41,104,147,104,104,124,96,104,133,133
78,60,33,86,75,27,33,50,75,70,106,121,186,89,42,12,53,57,16,89,192,170,217,217,206,186,184,138,129,170,141,186,67,186,186,157,2,33,60,75,35,75,89,75,78,16,35,43,29,5,152,129,222,184,218,200,138,16,35,29,16,75,89,35,33,52,22,41,33,57,129,57,43,141,43,35,22,50,43,29,35,27,35,60,35,67,67,41,78,75,52,88,70,108,43,88,75,50,59,29,43,67,43,57,129,174,126,100,137,100,57,117,149,166,203,103,146,146,156,123,106,123,47,114,191,191,114,137,103,94,83,137,72,103,181,183,126,97,126,135,94,156,156,137,137,114,126,64,123,75,25,40,33,57,47,47,72,41,117,117,54,96,117,117,57,117,137,67,33,75,57,19,33,126,189,64,222,134,174,33,105,67,137,125,102,83,164,191,114,96,181,174,67,148,210,93,166,16,137,148,117,83,117,83,171,85,83,137,137,148,125,148,155,125,125,205,125,153,155,197,125,75,163,197,153,85,117,117,125,85,137,195,165,137,173,125,137,145,137,210,205,236,122,117,85,148,153,148,105,153,205,165,117,85,66,155,85,47,117,93,191,117,155,114,136,153,72,54,122,96,105,105,102,114,155,117,27,11,148,165,155,182,191,195,189,202,163,105,145,165,165,165,197,180,165,66,191,125,85,182,170,74,74,182,170,204,216,216,195,170,144,85,105,144,173,155,25,155,96,147,136,96,96,85,96,85,104,85,102,116,104,50,66,96,96,74,56,85,85,11,27,27,50,155,136,74,124,124,104,124,147
16,53,60,29,29,50,21,27,7,27,174,126,97,67,42,43,33,43,16,109,206,186,176,149,149,176,138,152,121,100,42,118,109,75,159,52,27,75,3,60,60,86,89,29,50,43,16,78,60,12,70,149,207,126,227,207,166,35,7,22,16,100,138,33,50,89,33,33,27,33,75,78,75,67,27,97,16,57,17,41,33,50,52,35,33,75,78,70,70,75,67,108,22,149,151,29,97,75,88,88,88,35,29,41,117,156,156,129,67,75,108,126,166,166,83,149,149,149,106,156,97,126,149,154,135,166,149,117,126,97,83,114,137,135,210,154,103,126,33,86,181,137,94,135,171,145,126,117,75,102,72,57,33,25,47,86,41,123,126,19,114,72,148,102,83,148,156,64,41,57,16,6,72,57,75,191,102,125,39,125,50,93,125,164,183,164,105,117,117,96,86,96,102,148,125,164,27,210,7,137,137,125,75,117,114,173,86,125,156,155,105,105,166,114,137,197,125,145,72,155,215,75,173,183,171,57,75,122,163,125,134,163,173,191,180,93,105,165,182,195,225,215,197,189,134,96,74,66,96,155,197,205,122,66,117,165,191,191,72,74,117,205,171,163,165,148,85,171,117,31,117,136,163,205,117,96,50,33,165,173,197,136,197,114,191,230,163,170,25,145,147,163,204,153,197,113,147,96,230,134,191,147,230,57,197,235,173,221,236,50,47,125,74,116,136,116,57,31,136,173,116,66,173,66,32,136,165,147,125,125,125,125,56,66,125,47,56,1,32,32,27,27,27,155,136,165,155,96,124,136,113
42,60,67,89,89,12,1,43,159,33,43,118,70,86,86,89,16,50,75,101,78,53,109,138,89,75,141,100,57,138,75,22,97,29,70,70,11,50,70,50,75,78,75,29,27,57,21,50,60,27,78,100,120,167,126,138,218,21,17,75,75,78,97,43,17,70,106,33,22,33,52,60,60,60,67,86,12,60,12,57,43,41,43,35,60,57,43,67,78,70,151,27,149,97,97,27,75,75,78,86,86,41,35,50,106,169,106,77,151,97,176,172,149,135,137,67,64,156,103,146,135,135,209,146,97,146,189,114,72,126,196,126,174,106,191,171,114,146,97,94,171,126,64,114,183,105,75,166,137,86,135,117,50,40,67,54,75,166,126,15,102,102,117,148,50,94,156,126,27,21,57,47,31,21,41,174,86,64,137,64,83,86,153,67,67,75,102,137,105,125,83,86,189,137,75,134,57,125,166,171,67,117,137,166,83,67,137,134,148,137,183,156,114,156,210,197,189,67,145,96,148,166,153,83,171,85,171,93,125,148,96,148,171,155,148,125,93,96,165,195,236,215,216,205,125,64,85,125,74,134,197,182,145,155,145,85,191,233,114,155,155,191,197,136,165,155,148,155,148,155,173,165,205,205,165,173,155,125,173,197,155,155,125,134,148,210,173,208,155,105,155,155,165,191,195,147,147,155,165,85,173,116,82,66,116,147,155,204,147,147,116,71,116,85,125,27,74,125,82,122,182,147,41,190,125,209,122,197,74,93,85,85,125,85,125,122,96,104,6,11,85,16,21,50,188,196,74,116,116,144,85
16,18,70,75,18,29,33,97,12,97,121,106,97,75,16,33,33,67,75,86,121,42,43,57,70,126,141,97,167,42,186,129,42,12,7,35,33,67,57,16,50,70,57,43,70,70,50,22,60,27,5,57,169,194,126,159,166,17,35,41,106,50,33,67,43,43,100,78,12,50,70,67,43,60,57,52,33,41,12,27,70,70,70,70,52,43,33,22,70,43,97,75,75,89,29,78,70,70,29,50,100,77,43,29,67,159,176,106,120,169,108,137,106,146,86,83,75,67,209,183,50,123,123,123,117,135,123,149,135,137,123,86,83,137,183,148,126,135,164,94,94,164,154,145,105,114,126,166,181,64,164,123,50,64,126,40,72,123,50,67,148,156,117,96,102,117,145,105,21,47,57,11,11,40,83,96,126,148,67,102,117,39,54,125,195,134,117,137,72,50,153,148,117,122,105,96,50,173,67,83,137,75,75,105,21,137,181,156,114,125,145,145,114,148,137,210,148,96,216,93,96,210,93,148,145,64,165,122,85,117,105,148,137,155,102,64,125,33,173,125,134,210,225,165,72,105,125,93,66,96,145,145,171,125,125,125,105,235,214,173,136,155,122,66,134,173,134,96,93,155,171,182,182,148,173,197,197,173,197,180,116,173,165,165,165,148,191,210,173,147,182,165,122,153,113,105,116,105,105,163,105,241,41,116,165,96,197,197,136,47,147,96,85,147,71,165,32,173,74,180,105,190,96,155,173,173,133,197,102,104,104,74,155,221,165,196,102,204,11,27,32,27,6,27,39,66,202,124,116,96,124
22,42,86,27,27,126,3,16,12,126,70,78,75,29,16,42,16,86,109,126,167,106,29,101,121,78,152,176,194,170,138,230,42,1,42,21,16,22,78,27,50,75,70,78,7,35,29,21,33,17,5,152,109,120,194,152,97,43,43,43,78,78,43,75,118,43,43,43,16,33,97,52,43,120,70,16,21,43,17,16,86,120,75,106,75,33,43,43,108,89,50,52,43,78,70,97,86,33,43,67,50,78,21,7,52,169,198,140,50,149,120,94,97,190,48,192,94,103,86,183,94,156,137,117,149,83,64,126,135,86,97,64,75,137,137,41,137,171,103,183,156,209,47,137,191,105,145,75,117,123,183,205,137,86,153,11,105,21,41,114,117,135,126,83,75,105,126,86,27,57,50,15,31,54,86,86,86,102,86,125,105,105,105,41,96,125,64,83,164,93,41,93,137,148,72,75,134,33,148,134,125,67,50,67,93,72,197,145,137,134,137,117,156,189,163,137,64,137,155,148,180,64,173,191,125,165,173,155,96,85,165,148,83,134,41,153,117,96,197,173,33,197,182,155,27,134,125,82,137,137,93,93,155,96,189,205,66,205,216,122,155,96,96,96,85,85,74,93,96,96,122,171,114,117,216,182,165,165,148,173,163,163,171,197,165,134,173,173,173,136,122,93,136,197,155,93,64,93,122,210,147,57,191,105,155,173,182,136,216,152,96,74,74,147,85,66,165,93,66,197,116,190,173,182,173,182,182,180,190,96,147,182,116,163,136,74,204,125,96,93,41,56,16,21,11,104,25,124,165,136,124
97,67,16,50,60,35,18,75,67,57,60,33,60,21,57,50,33,75,200,207,149,106,53,101,170,118,223,211,101,100,231,227,106,29,33,18,86,29,43,16,16,75,97,60,12,2,11,42,22,52,8,11,167,174,156,89,33,100,70,35,35,108,106,60,43,120,106,78,70,67,43,43,97,108,27,8,16,52,16,27,97,108,120,100,89,50,70,151,149,75,21,27,97,41,108,89,78,43,67,59,33,43,35,17,77,159,176,166,106,75,126,97,97,135,154,181,94,192,33,156,137,137,64,117,94,126,146,135,126,64,174,86,83,137,54,189,126,146,166,137,137,123,123,137,156,83,117,148,47,135,148,183,137,103,97,40,2,31,19,117,137,114,148,86,21,83,174,105,27,21,47,40,41,33,102,47,33,105,148,105,148,117,148,67,117,166,125,117,117,67,67,57,67,125,114,47,105,195,67,64,114,102,134,86,156,210,83,105,156,156,156,117,72,117,153,166,155,153,180,148,225,83,173,153,155,117,191,137,96,105,163,210,125,41,137,197,171,191,191,66,191,93,125,134,66,125,205,165,137,180,85,41,137,153,153,191,117,182,205,165,66,105,148,85,105,105,96,125,105,145,105,125,180,117,205,153,136,64,216,165,145,145,165,105,148,163,171,125,155,147,41,50,147,182,191,96,122,165,102,147,182,155,64,155,197,155,155,155,122,155,134,105,85,96,147,96,74,105,105,147,125,105,204,165,216,173,182,197,221,182,27,66,102,85,125,116,125,125,96,104,66,27,41,16,31,32,11,85,147,165,173
101,70,60,57,21,16,33,43,57,97,50,50,50,7,50,50,75,57,109,152,67,152,157,101,129,121,198,152,170,222,138,233,97,89,22,1,89,18,57,60,43,16,18,22,21,33,35,57,118,149,57,22,118,159,141,169,156,70,57,120,43,78,89,8,50,86,33,78,75,75,52,67,60,100,89,52,78,33,57,100,149,129,75,70,97,108,120,120,97,67,35,33,29,70,43,70,89,43,60,67,50,75,67,17,52,166,126,118,129,77,135,126,86,174,106,126,126,172,114,114,114,114,86,137,94,126,183,86,67,146,174,166,123,149,123,181,47,189,156,105,123,123,97,126,75,117,164,83,97,103,97,97,135,183,148,25,57,7,102,145,183,126,75,174,148,67,123,102,15,6,33,96,2,72,15,72,31,75,86,83,123,123,125,41,50,148,125,105,96,125,105,57,114,183,117,117,64,86,96,137,114,134,125,75,148,225,166,148,156,96,125,148,96,137,166,181,155,117,122,145,171,137,166,155,166,163,134,148,96,125,153,134,114,125,155,148,216,180,96,173,205,117,85,137,182,134,153,66,125,191,66,31,122,102,163,155,171,171,153,165,66,148,148,125,165,197,205,155,105,182,153,155,225,173,136,96,96,54,241,66,173,173,148,96,85,148,155,155,74,113,74,66,136,147,173,165,136,116,72,74,170,204,96,50,170,85,96,85,96,204,191,125,182,155,191,191,165,208,173,136,190,204,190,170,204,197,165,147,144,182,116,66,85,125,104,74,66,147,173,165,85,11,16,31,21,16,50,11,116,136,196
21,57,42,50,60,22,21,53,57,16,57,42,27,33,11,18,29,67,60,78,43,29,86,35,12,57,121,194,101,75,218,159,141,29,21,109,57,109,11,22,42,7,35,22,33,206,129,129,206,192,97,43,89,192,97,218,129,41,29,75,43,52,60,43,50,129,141,50,159,29,183,12,75,108,205,120,159,120,97,50,129,106,50,67,120,166,89,149,106,70,70,86,75,52,75,89,100,70,78,67,88,106,52,29,59,151,137,108,129,126,117,75,115,117,117,146,137,103,117,123,103,106,126,146,106,86,123,156,149,154,149,164,86,114,106,75,149,149,126,126,75,41,86,126,117,126,164,83,114,156,67,54,137,135,57,123,57,6,126,137,153,183,191,148,102,105,117,105,27,7,31,83,10,41,4,153,21,41,21,72,19,126,67,33,16,54,96,117,148,134,137,93,117,166,83,86,75,164,145,173,125,137,33,96,137,114,156,171,156,122,156,105,105,148,189,156,125,216,173,54,134,137,155,125,125,125,134,155,125,137,137,105,93,85,137,165,163,96,96,153,148,117,105,148,117,85,148,125,105,145,75,72,137,96,182,171,182,137,85,155,136,145,136,155,155,197,203,173,148,153,173,165,205,205,74,57,31,148,153,125,163,173,96,136,64,145,197,165,93,113,136,105,153,155,170,122,134,116,165,96,96,197,122,202,197,116,74,136,102,93,204,204,191,191,96,165,155,204,173,136,147,209,136,116,85,155,190,66,125,96,85,173,136,85,85,165,136,66,93,209,125,3,16,27,31,56,41,6,19,66,116
57,70,57,42,50,16,53,97,18,11,78,11,60,67,27,29,78,67,16,35,118,78,18,21,16,16,29,35,42,35,42,106,33,21,70,7,67,97,16,11,57,60,78,152,170,192,129,207,233,141,100,52,43,194,43,100,109,33,97,33,86,89,97,57,35,67,159,75,129,67,86,12,75,86,192,149,149,159,186,75,33,75,78,100,35,86,126,33,89,57,67,75,100,89,86,108,60,86,52,88,108,67,29,35,57,140,192,169,176,117,75,67,137,126,174,123,86,94,94,135,164,114,86,114,126,126,123,123,123,135,106,117,97,64,149,146,86,106,135,97,126,114,126,156,135,126,86,117,137,64,103,105,126,148,181,148,21,64,114,126,181,153,174,135,126,123,96,67,57,27,6,50,31,4,105,33,75,41,27,4,31,117,57,40,31,2,57,117,145,174,125,174,21,117,197,122,57,105,137,156,153,102,96,105,137,114,145,156,166,197,114,105,197,148,125,148,156,114,114,166,93,153,64,166,145,180,145,96,117,125,137,102,183,105,125,134,134,155,155,165,75,163,165,137,75,75,75,105,148,137,137,114,197,208,125,125,117,96,41,136,155,105,117,117,117,134,155,117,189,171,182,182,171,171,105,11,31,153,134,191,148,114,102,96,116,155,173,136,182,171,173,155,173,197,147,136,155,241,182,147,225,180,216,202,122,155,74,116,66,116,216,236,165,147,66,50,182,116,96,85,102,147,136,116,165,25,144,147,147,163,41,64,125,74,104,96,74,209,74,125,147,32,96,1,6,32,21,27,11,32,41
42,16,12,21,16,43,86,12,12,27,16,5,97,33,43,57,11,27,7,60,186,75,27,29,16,16,53,29,70,42,5,5,11,75,50,42,75,89,27,8,70,138,170,170,126,129,126,174,207,152,100,22,27,75,70,5,41,120,1,29,50,106,97,67,33,50,50,78,120,106,52,43,75,27,100,200,120,12,29,29,21,29,97,67,35,22,43,35,67,27,16,159,3,129,89,60,43,100,22,67,97,89,21,35,70,129,212,159,129,70,64,115,183,118,117,72,86,146,115,146,149,126,64,75,97,135,164,86,86,146,126,174,94,97,137,83,94,135,149,114,137,171,103,126,103,86,123,86,83,57,86,164,117,126,126,126,196,103,54,117,137,171,135,126,156,102,50,21,25,96,27,16,75,33,33,105,216,4,21,10,137,174,249,148,1,16,50,125,102,137,86,125,75,137,166,114,33,57,122,156,183,197,96,148,114,148,153,145,105,156,183,137,197,156,64,205,96,239,57,163,122,183,93,155,191,102,125,155,117,75,148,148,165,191,155,105,66,221,155,165,165,134,216,148,134,137,102,145,191,134,191,191,148,165,105,114,145,148,57,122,148,57,125,117,66,105,197,125,165,171,155,163,148,173,165,50,85,173,191,155,155,117,155,105,165,136,197,136,165,197,165,122,165,173,105,155,173,225,147,204,233,182,224,182,96,165,125,39,74,173,224,239,204,85,147,57,116,102,50,74,82,173,41,105,15,105,66,173,57,85,125,96,74,50,190,155,173,85,104,147,74,163,1,41,41,4,104,74,56,27,25
8,11,35,21,5,43,27,43,67,86,53,70,50,27,21,89,16,67,75,27,33,60,29,16,35,60,75,70,27,57,27,27,16,43,75,22,97,27,3,18,186,198,70,106,138,129,141,149,138,126,159,100,21,16,78,21,43,106,106,27,106,89,16,43,60,12,52,33,174,108,22,11,22,43,57,152,118,11,22,11,78,70,120,78,29,60,16,50,33,27,108,108,176,89,41,50,43,12,75,108,35,75,75,27,52,106,205,97,129,115,86,94,123,97,97,97,123,123,192,114,106,126,117,67,103,137,164,137,166,114,97,126,57,183,33,114,126,137,106,97,137,166,94,97,135,148,171,83,83,135,75,148,97,64,156,205,166,31,11,57,148,174,137,137,156,86,41,31,21,75,102,57,86,54,67,64,117,123,4,50,209,236,226,191,54,1,11,83,125,117,114,75,93,137,64,105,105,164,148,183,137,164,114,117,134,137,189,156,134,125,156,148,105,148,117,164,117,156,125,166,166,105,125,137,125,163,195,105,75,96,96,221,189,93,221,117,155,75,241,125,203,203,215,83,125,163,155,125,137,153,148,163,105,230,137,85,163,155,148,96,134,173,102,102,85,102,182,155,153,153,122,163,171,173,205,182,117,155,155,145,197,197,173,182,165,148,216,136,117,136,122,105,125,173,155,116,122,180,165,180,214,173,147,221,173,113,136,66,116,173,204,233,204,66,54,96,57,57,105,74,136,96,41,105,85,50,74,116,85,31,136,147,66,66,209,122,182,71,165,104,147,125,104,54,32,125,32,66,27,96,74
33,27,57,35,18,53,53,159,29,152,152,43,78,33,16,138,89,60,60,2,5,57,57,57,67,106,50,50,27,29,50,22,60,22,78,43,43,57,1,29,170,206,167,118,78,120,159,100,176,174,109,57,21,16,43,33,70,97,86,100,126,97,33,43,75,35,50,89,167,159,16,106,41,7,57,126,156,21,120,57,50,106,70,70,97,86,16,27,60,120,17,89,129,108,120,27,43,8,126,50,97,22,78,57,29,100,149,140,169,115,118,48,198,103,115,123,67,137,190,64,123,126,126,117,149,149,67,166,126,50,114,86,72,146,57,149,83,114,86,137,86,123,123,114,148,135,114,148,148,174,86,126,114,64,156,135,174,21,21,67,114,166,174,171,174,83,33,41,75,21,114,67,75,102,67,41,156,67,33,135,209,145,205,148,27,7,19,54,123,166,114,166,93,67,125,122,57,117,145,134,86,117,156,105,164,156,134,137,105,83,137,183,27,145,148,33,166,145,122,148,173,122,137,183,216,155,114,93,83,183,180,134,83,191,125,145,203,165,105,137,125,225,183,197,125,105,105,134,155,191,117,105,148,96,189,171,105,182,182,182,64,148,41,96,182,145,153,136,102,136,136,155,163,197,165,125,117,155,155,105,221,216,136,197,182,134,165,173,125,96,105,145,153,173,147,66,136,173,116,173,153,155,145,182,197,105,155,147,116,116,182,202,182,74,41,66,93,136,116,32,136,113,125,71,116,47,105,74,96,104,125,144,136,155,96,125,133,116,147,147,165,56,173,165,125,16,11,74,25,41,56
57,18,35,70,43,43,60,109,86,152,129,106,75,101,67,109,106,42,22,16,22,35,11,33,89,75,50,2,70,27,89,29,67,50,21,67,27,35,7,35,184,186,152,141,109,138,167,194,223,198,186,170,60,43,60,16,33,156,184,106,89,89,50,100,27,43,11,43,126,176,86,22,27,16,70,89,159,120,12,43,75,60,43,86,57,11,33,78,70,33,106,176,126,29,27,27,149,100,16,118,78,33,52,89,29,60,129,198,126,72,123,123,33,118,103,86,72,149,154,106,117,135,123,114,123,123,83,94,103,146,210,57,166,83,137,86,103,86,135,164,83,126,174,114,126,97,126,171,97,86,164,64,183,114,123,83,174,64,86,31,50,105,183,164,126,67,40,41,50,75,96,25,75,54,27,21,94,148,156,126,171,117,105,209,153,50,19,96,205,156,114,137,64,117,86,50,166,83,57,205,156,93,137,164,156,164,117,86,75,122,137,114,145,105,137,83,195,156,93,125,164,122,205,183,125,173,155,166,155,117,137,114,148,148,148,125,173,153,230,137,165,173,183,195,148,125,105,85,148,122,114,125,145,137,50,148,155,155,197,153,96,125,117,148,148,96,134,203,148,102,165,173,136,182,189,41,96,136,182,66,165,165,165,66,163,136,173,173,117,85,125,165,165,155,47,155,165,153,96,170,96,165,145,116,173,191,96,105,144,155,155,144,136,66,31,66,96,66,50,50,116,116,116,93,125,125,64,116,182,173,190,202,197,155,96,74,96,147,122,163,56,152,125,104,96,41,27,50,56,66,47
42,29,27,42,21,22,35,109,167,118,109,223,50,121,43,60,78,78,53,89,35,42,86,70,89,70,33,43,7,86,53,60,11,101,60,29,129,8,43,29,106,192,206,129,120,198,138,236,97,29,35,141,11,33,7,86,16,12,106,129,100,97,78,50,52,27,12,52,200,217,100,41,17,43,22,156,152,100,21,35,43,41,100,75,70,70,75,70,35,35,126,108,27,70,100,75,78,70,70,86,78,86,70,35,29,151,227,89,108,106,94,72,72,118,196,123,86,48,146,190,149,97,94,83,114,164,83,106,149,146,83,64,146,117,126,146,67,106,135,114,97,123,146,126,114,126,97,123,97,67,148,97,183,117,117,83,164,174,105,19,33,31,97,94,67,67,94,117,50,50,27,97,25,47,33,54,7,197,183,148,137,137,86,174,166,41,33,86,21,105,171,148,83,117,137,83,33,102,125,156,137,125,145,145,145,205,166,137,145,156,125,57,96,134,156,189,164,166,166,205,171,156,197,166,96,197,225,205,173,105,114,137,125,122,165,114,114,153,155,197,134,134,145,122,105,105,96,165,165,145,165,163,105,137,85,102,148,163,117,117,96,137,72,137,41,155,134,122,64,85,148,148,197,165,74,122,148,85,145,148,96,155,182,50,148,197,182,197,125,116,182,197,105,145,57,195,136,148,125,173,136,136,96,136,125,182,122,85,155,155,125,96,125,66,50,71,74,85,165,116,136,57,116,85,71,125,105,136,136,165,165,195,197,136,125,104,125,122,66,136,116,71,56,147,136,116,41,16,27,56,66
21,27,53,27,29,50,43,121,129,89,109,207,152,101,86,35,42,86,159,152,67,149,198,129,106,75,29,29,27,53,16,16,7,149,33,33,43,50,35,16,78,222,200,186,167,109,89,35,1,43,7,60,27,67,29,100,2,70,141,152,106,100,97,100,35,27,60,78,106,67,166,97,52,16,11,169,223,176,22,43,67,29,89,70,27,57,67,16,78,89,100,108,129,129,89,120,100,29,75,86,43,106,78,43,41,86,141,120,100,106,75,123,86,138,106,86,137,172,172,50,15,149,117,117,149,126,137,126,67,64,57,126,126,149,97,166,83,166,54,72,135,123,106,156,114,97,86,117,181,64,97,137,126,103,117,148,189,181,105,41,41,41,75,97,54,54,94,197,72,11,72,86,57,57,16,54,11,195,164,137,57,148,145,135,156,54,50,27,16,156,134,105,86,105,134,114,117,114,125,117,156,191,156,210,197,105,156,148,145,83,86,145,137,122,86,148,117,122,216,183,183,183,125,137,195,197,205,125,117,125,117,166,153,96,117,189,145,183,183,134,105,155,114,114,183,148,165,173,197,197,210,195,105,117,96,165,165,125,197,182,85,137,96,117,57,134,74,136,96,117,155,82,173,153,105,82,93,102,117,173,189,191,57,125,182,225,148,182,210,173,180,216,136,122,155,165,148,189,165,105,197,182,105,182,74,165,173,74,72,122,96,57,125,191,155,170,191,221,189,144,204,155,136,96,74,74,105,85,96,152,188,182,173,85,136,113,85,85,82,147,102,125,122,136,190,163,56,11,11,82,96
33,42,60,42,70,67,43,89,159,75,42,159,175,159,118,21,21,53,167,200,175,157,194,194,97,43,27,29,57,16,60,5,29,109,16,50,21,70,21,60,60,141,207,174,118,35,35,1,18,75,22,67,57,43,35,43,22,42,97,109,170,170,50,35,78,12,27,43,159,176,205,29,35,12,21,120,192,57,27,22,118,70,57,89,29,7,141,52,86,86,60,106,176,106,106,106,70,52,67,43,29,21,33,57,27,52,174,174,106,97,135,166,83,94,183,115,86,174,41,126,166,86,146,126,126,137,172,123,41,126,114,106,126,106,126,126,137,135,97,97,83,135,156,103,106,114,137,126,86,75,97,97,148,117,72,137,156,196,174,11,47,103,97,97,57,50,103,183,105,11,97,25,83,31,11,40,15,57,135,148,114,75,166,164,126,96,40,11,67,41,75,50,125,137,50,83,148,86,86,197,117,153,183,137,148,122,114,93,105,197,164,137,125,64,96,137,208,114,156,156,183,203,117,125,163,166,173,197,173,153,75,203,173,96,114,197,148,171,173,96,125,137,165,145,155,165,148,173,165,182,155,163,148,117,105,197,203,148,145,197,155,125,125,66,85,125,105,72,117,125,136,125,117,210,155,105,96,197,205,74,216,173,165,165,163,105,85,182,202,182,182,216,204,155,66,153,155,173,148,170,173,189,147,147,85,163,85,122,136,82,66,74,147,197,216,232,216,152,173,204,216,197,125,136,105,57,116,74,96,125,136,182,125,71,116,165,66,85,147,113,147,144,74,85,165,125,96,50,16,16,66
33,29,43,89,86,78,43,75,101,33,18,101,126,106,60,12,21,86,184,223,200,157,192,194,89,12,18,16,16,53,42,16,57,35,27,70,29,18,60,33,29,53,101,86,53,29,22,27,60,109,60,22,42,33,43,29,18,52,118,120,152,70,52,97,106,89,11,29,52,218,138,129,21,27,8,70,192,97,70,29,41,100,67,100,75,50,70,97,78,50,129,129,100,129,35,41,29,41,16,52,22,43,33,12,3,120,126,97,135,149,106,41,126,86,86,86,83,149,118,86,126,137,154,137,83,164,64,86,149,137,106,94,149,156,83,164,126,123,117,97,126,137,149,103,146,149,86,83,103,117,137,123,103,114,94,94,156,181,183,50,50,137,64,54,27,86,145,156,126,47,25,31,64,11,41,40,11,31,153,174,137,117,183,148,102,117,75,67,33,25,31,57,123,134,75,105,145,41,156,153,174,164,164,166,156,125,148,117,125,189,27,75,64,148,137,189,125,148,57,137,156,166,134,166,137,114,166,85,197,117,125,215,117,171,229,117,153,75,171,221,122,102,191,173,125,165,105,208,105,122,75,66,148,137,114,155,191,216,155,197,197,96,93,75,117,66,66,173,117,85,122,145,153,114,155,171,182,195,173,205,122,122,225,197,122,125,148,165,182,216,208,155,173,195,182,195,136,216,74,204,47,136,96,182,165,136,85,66,93,96,85,72,155,153,191,173,216,125,204,173,191,116,96,64,173,85,116,102,64,41,74,134,136,144,113,125,74,147,74,182,96,125,165,57,41,96,182,96,16,11,31
60,12,106,141,75,89,33,29,60,42,11,33,57,27,27,18,21,78,157,177,152,118,149,157,78,8,12,7,50,29,8,16,57,33,29,70,21,16,78,33,22,33,33,57,60,35,35,43,70,67,60,43,60,89,16,52,33,57,141,129,78,57,97,118,70,57,27,17,33,169,156,129,60,16,2,89,200,156,52,35,27,75,67,78,118,33,67,86,33,33,159,67,100,120,43,5,52,11,8,17,21,21,41,5,21,89,194,166,75,135,64,166,172,146,27,192,126,149,72,94,137,123,106,137,103,33,222,97,146,126,126,114,106,149,86,149,137,94,135,126,106,174,135,86,126,171,137,191,137,83,183,148,54,123,105,126,183,126,148,145,50,126,57,50,47,72,114,171,105,31,33,64,75,16,67,33,11,86,117,153,126,174,183,183,117,50,64,83,50,21,16,27,96,153,105,137,164,25,205,164,197,105,145,123,148,164,156,156,137,174,156,114,183,181,137,148,105,86,125,173,148,117,156,75,96,203,156,64,173,173,148,191,163,75,166,102,216,117,155,180,117,155,173,163,155,117,75,85,93,125,21,93,137,105,72,155,173,216,137,137,155,117,114,85,117,134,74,66,74,96,117,85,105,117,155,148,148,125,117,197,182,122,220,197,105,171,125,136,182,165,173,153,148,197,122,125,197,165,114,85,136,191,197,105,147,85,122,85,136,204,136,85,134,136,116,147,105,93,116,74,105,82,105,165,105,85,125,134,66,41,147,155,136,155,125,74,125,122,104,136,104,125,125,32,56,116,190,96,21,27,27
75,60,141,121,43,101,29,29,152,118,18,8,33,16,29,12,7,29,89,75,42,33,50,53,33,21,27,12,16,16,12,18,57,33,22,75,101,12,75,75,35,75,50,89,118,22,35,42,29,67,89,70,78,118,67,35,60,75,97,106,86,97,86,50,100,86,27,11,67,159,109,89,21,17,22,152,149,100,43,29,33,70,75,67,67,33,35,16,5,86,156,106,52,21,86,11,67,1,17,29,50,52,50,100,43,126,141,97,50,146,97,149,33,72,135,103,106,135,86,72,115,126,75,86,123,174,75,149,146,137,114,94,181,146,83,83,164,94,174,117,137,94,97,135,154,166,149,25,86,174,148,83,174,83,97,103,41,146,174,148,105,86,54,72,86,54,64,126,57,11,50,57,86,54,33,27,33,41,102,156,153,174,145,164,50,15,41,47,50,50,21,47,137,164,148,83,96,33,137,174,123,96,145,197,174,166,153,156,114,156,191,102,195,191,105,156,83,153,134,96,197,164,117,145,137,125,173,183,105,114,155,117,117,189,105,153,148,205,114,85,220,117,171,163,171,125,96,155,148,145,66,236,41,148,75,171,165,125,155,64,85,153,145,173,96,85,85,85,85,85,93,85,66,136,165,105,125,155,195,197,96,148,136,173,136,125,155,182,125,96,173,171,173,205,173,134,173,155,148,57,85,148,155,163,136,105,96,147,85,136,155,136,153,125,74,85,41,54,57,71,71,105,197,197,165,144,155,173,147,47,105,209,105,85,105,136,66,155,182,96,204,74,104,66,165,104,125,104,41,10,27
43,70,43,89,127,75,86,149,170,78,67,12,50,78,16,8,8,18,27,16,3,16,22,16,33,57,57,29,67,42,86,97,106,60,57,60,109,42,78,89,43,75,67,106,67,27,27,86,60,60,27,67,53,70,67,50,43,86,75,78,52,50,75,67,97,67,35,43,75,89,97,60,52,35,27,43,86,89,43,43,57,75,67,60,100,118,33,17,29,43,50,118,106,97,78,89,29,106,129,106,138,129,97,129,108,118,120,48,126,183,75,192,174,123,83,67,181,67,86,166,166,86,123,86,115,86,67,226,75,164,94,149,86,192,156,64,86,126,135,86,146,137,135,192,137,114,40,86,203,117,106,83,181,156,117,47,75,191,191,126,97,117,72,50,117,57,33,97,105,2,11,47,72,75,31,67,6,15,86,123,174,156,64,57,25,15,16,27,41,41,67,123,171,137,123,54,67,75,64,125,117,83,166,197,171,156,156,174,148,137,86,96,191,164,156,166,117,125,105,114,164,166,96,137,148,164,191,153,96,102,155,166,155,117,166,117,163,117,93,197,148,134,155,216,125,165,153,122,125,125,148,85,155,155,173,145,105,85,230,105,33,148,148,182,93,33,163,122,125,96,153,102,145,182,155,117,125,165,136,163,125,165,173,191,136,105,74,114,155,163,182,117,182,216,241,85,173,74,122,221,155,122,105,148,170,147,93,105,147,147,85,155,210,182,136,170,85,66,122,125,66,74,182,125,155,155,136,191,191,136,64,136,155,96,105,102,96,147,105,182,182,104,165,125,147,102,102,173,116,11,16
16,12,12,101,200,106,109,157,141,42,21,33,18,70,18,21,5,35,7,29,5,21,22,43,89,167,167,118,118,101,167,198,157,70,33,60,97,70,50,89,21,53,101,50,27,97,35,106,118,1,70,12,21,43,75,50,35,22,78,78,33,33,70,78,70,52,86,43,60,12,97,97,27,35,43,29,33,57,43,50,70,60,57,57,16,33,78,75,78,21,35,60,149,159,126,126,169,149,141,200,212,141,120,169,166,89,97,198,86,86,156,86,138,72,72,83,149,174,94,15,118,164,103,72,50,146,72,117,172,86,94,83,149,156,183,114,94,86,103,156,192,205,174,67,75,137,126,174,97,146,86,149,67,197,57,174,86,137,148,189,97,25,21,33,75,97,67,83,57,105,11,41,75,47,135,6,50,41,41,31,126,105,16,10,21,21,7,19,1,57,174,148,145,145,67,117,83,117,137,134,125,41,83,209,164,114,117,148,156,96,181,117,125,171,148,134,134,72,75,164,137,134,166,153,164,134,134,203,191,75,155,163,145,145,102,137,163,125,180,117,122,171,148,125,155,117,114,105,148,96,165,155,105,122,134,165,96,230,11,203,148,85,137,165,125,66,117,105,182,173,136,136,239,165,93,173,102,180,197,173,114,203,155,173,148,105,93,122,173,117,136,93,105,102,117,155,96,136,208,197,165,82,216,105,165,204,210,216,116,66,147,165,153,155,134,125,210,125,204,125,147,155,173,163,191,173,93,105,147,155,102,136,155,155,96,182,147,74,125,152,180,144,57,96,165,165,116,197,163,66,6
101,70,16,89,159,118,21,29,67,35,43,67,12,42,18,29,27,27,27,106,43,22,43,50,126,177,218,192,206,200,170,222,75,57,33,89,75,53,50,60,22,27,86,60,53,86,43,67,67,21,53,11,35,75,75,27,67,21,53,78,60,52,52,70,75,33,67,43,43,12,106,57,12,75,60,70,35,43,42,67,70,67,60,29,67,35,75,118,169,156,89,149,120,120,176,78,126,159,129,141,126,151,120,106,118,183,138,54,86,86,149,190,118,57,149,106,126,97,118,72,75,156,97,118,135,118,118,86,183,126,106,172,183,126,75,94,146,103,154,135,154,123,97,106,106,171,94,149,86,114,164,123,114,154,226,117,117,164,126,164,126,54,7,41,97,105,183,54,137,83,11,67,50,103,33,25,105,7,11,21,75,50,4,1,10,7,16,57,57,123,137,137,183,174,57,148,67,134,183,125,75,64,72,156,125,105,86,75,183,117,166,166,137,183,148,117,105,86,96,105,197,173,166,181,102,153,195,195,156,96,137,166,171,148,75,137,216,166,166,166,155,191,148,85,137,155,165,148,137,137,148,134,93,93,155,93,148,197,153,105,148,134,155,155,189,105,85,173,134,102,57,191,205,102,155,136,117,165,216,171,105,203,66,173,216,105,85,155,173,148,117,155,136,93,171,197,50,216,210,165,134,182,163,93,191,239,239,204,155,182,197,125,85,191,210,136,41,147,74,116,57,180,220,147,204,204,96,136,191,152,105,155,136,147,134,54,190,155,125,96,197,125,85,96,136,190,147,116,136,85,32
50,67,43,60,78,78,33,29,97,121,97,159,78,78,43,121,101,43,127,194,157,97,89,43,157,129,129,159,192,194,118,86,21,43,78,75,22,57,53,29,78,53,43,109,43,43,50,27,16,43,43,70,121,33,75,29,78,89,70,75,57,27,50,109,52,43,97,22,21,67,33,35,67,60,17,75,70,57,67,97,106,75,29,21,129,33,70,86,223,217,159,169,152,97,120,169,78,151,126,70,108,166,106,120,176,89,43,115,94,118,67,146,103,67,172,86,126,146,126,174,97,54,94,86,137,115,67,86,149,146,126,137,83,126,216,174,97,126,97,174,75,64,114,192,126,97,183,137,171,156,137,174,183,97,64,183,123,75,137,174,117,105,97,21,83,86,105,103,105,33,33,75,83,103,11,148,15,67,41,67,31,16,15,27,40,21,72,209,236,156,86,117,137,123,96,75,174,126,114,57,40,153,148,114,156,105,105,93,183,145,117,189,148,153,166,137,137,105,137,86,173,134,173,173,86,153,164,137,96,166,197,173,156,166,155,191,197,183,114,134,166,173,117,117,134,125,125,173,117,96,125,197,197,145,47,137,137,105,155,114,145,153,117,96,189,216,96,64,148,155,191,189,66,148,85,225,117,105,182,155,105,93,105,136,216,155,96,165,182,191,163,125,165,148,117,173,125,165,136,148,204,85,136,125,173,191,210,230,155,96,147,145,105,197,50,54,105,155,57,136,25,216,96,204,125,182,173,221,208,57,105,182,85,66,125,136,113,136,41,180,182,96,116,209,96,125,136,96,147,136,116
43,75,42,29,33,75,101,78,60,129,159,198,118,159,157,121,53,89,152,217,224,177,70,33,121,126,70,57,78,138,60,27,29,42,67,27,22,75,50,70,106,97,50,50,70,43,89,43,16,43,78,126,186,33,53,22,33,100,89,53,27,35,67,78,70,89,89,12,35,67,33,89,67,12,27,70,70,78,43,89,97,42,42,75,70,12,70,52,120,120,78,156,35,89,118,60,106,108,106,75,129,129,89,106,169,70,108,67,83,57,21,75,166,103,86,67,103,181,126,106,75,75,118,115,149,123,126,106,86,149,135,97,97,174,172,123,94,135,135,72,64,86,172,146,103,135,149,183,149,123,97,83,27,97,183,166,75,57,117,166,166,57,33,86,75,67,31,105,86,137,75,67,64,41,105,33,41,97,72,41,25,21,41,50,50,126,183,226,191,209,75,171,102,137,123,137,148,83,67,86,96,145,197,205,174,148,156,102,105,197,156,102,183,96,137,156,166,47,191,86,96,134,173,205,96,114,181,183,156,183,156,181,221,137,155,173,105,148,64,148,197,166,148,85,117,216,148,75,148,163,125,148,117,155,105,173,189,75,165,173,93,137,96,96,155,191,165,137,165,180,153,173,173,148,182,105,165,57,125,208,182,85,66,155,173,197,173,195,225,148,145,155,189,165,74,171,173,66,148,197,136,165,125,204,122,224,216,191,197,173,153,165,136,74,116,85,50,105,125,4,204,27,189,105,221,102,225,182,41,85,182,147,105,82,136,173,66,136,173,134,96,125,190,105,125,71,125,104,96,116,155
60,89,89,35,70,70,27,35,121,138,149,118,127,75,149,129,118,70,152,167,126,129,70,70,101,118,75,70,138,138,97,29,22,42,50,22,42,101,159,129,70,118,97,67,126,70,86,106,78,67,126,126,126,89,33,29,43,70,109,22,29,70,60,50,50,43,60,50,43,100,67,50,35,27,29,50,33,75,43,43,60,42,89,97,52,8,43,35,35,2,29,41,1,60,41,5,186,141,78,89,141,86,89,126,89,108,57,57,67,75,118,48,203,72,149,106,106,135,126,97,149,118,67,174,209,25,118,126,137,86,97,164,48,115,126,123,154,156,75,67,146,117,86,137,154,86,126,135,72,137,166,106,67,123,126,137,123,146,166,171,148,54,57,105,72,97,10,75,148,67,67,41,50,94,57,94,40,67,47,41,50,75,148,156,148,166,123,156,210,156,195,181,86,174,126,166,54,156,189,197,174,174,166,197,197,164,166,114,191,137,156,93,191,122,145,122,137,64,197,93,164,156,166,173,164,145,197,181,164,166,122,166,183,137,183,114,83,173,96,114,122,125,148,171,155,137,155,122,171,189,163,96,163,96,171,117,205,197,165,165,105,41,85,145,96,102,197,137,105,85,114,163,165,82,122,163,153,82,125,136,125,191,191,165,145,93,173,214,74,105,145,125,117,182,173,57,148,136,165,171,136,214,145,195,171,208,182,165,136,155,165,105,96,116,85,105,102,57,125,144,136,182,182,125,204,165,195,204,197,147,74,173,136,85,173,105,136,96,125,41,165,116,147,125,116,66,50,85,66,116,165
12,152,18,75,97,57,89,27,1,101,118,177,149,138,167,149,106,78,109,21,101,129,75,138,118,101,101,70,101,121,106,29,21,43,101,106,33,194,141,126,118,109,170,138,159,159,101,106,138,109,152,60,97,118,43,109,97,42,57,27,67,57,60,67,29,35,106,89,35,86,75,35,29,57,43,60,60,70,43,35,42,70,75,67,52,22,29,33,42,21,52,12,70,17,50,89,186,141,120,151,118,70,129,151,120,129,48,149,57,174,126,75,149,135,192,57,97,126,126,118,135,126,64,172,190,97,115,67,64,50,75,172,97,40,72,181,86,137,164,57,57,117,94,181,189,75,229,94,75,135,126,135,117,97,191,64,164,149,137,154,191,64,11,47,47,41,75,103,41,75,72,57,27,64,153,15,33,57,27,33,148,171,117,102,153,64,97,174,183,181,57,233,148,191,148,96,174,215,232,215,197,203,205,153,67,114,203,174,153,96,171,86,148,191,105,64,166,148,145,148,181,137,153,166,164,145,153,164,125,156,96,166,105,197,197,67,145,191,96,137,145,171,166,166,173,166,163,163,117,165,125,155,165,148,122,72,137,171,225,165,93,66,105,171,85,96,173,155,148,64,105,189,96,125,122,117,148,136,105,85,216,173,148,145,136,153,114,155,165,125,165,93,165,173,171,105,105,189,155,155,153,221,155,74,125,136,165,148,96,96,189,96,134,136,125,105,85,74,134,147,66,197,173,204,182,214,173,197,96,136,191,125,122,136,85,105,125,64,136,116,147,125,102,136,50,74,104,96,74,64,66
106,106,43,75,35,60,75,121,35,27,106,141,207,109,53,200,67,109,18,67,42,70,167,53,167,138,70,70,70,67,89,60,50,101,170,89,126,167,70,138,121,106,141,126,149,167,97,97,109,109,57,109,129,109,86,67,109,97,29,33,57,27,78,78,67,106,86,43,33,70,89,67,33,50,43,50,70,60,70,70,42,60,67,57,52,22,70,120,120,129,97,86,156,41,129,138,141,118,129,126,126,138,120,120,97,129,94,106,198,75,48,172,75,149,94,97,135,118,86,123,115,135,103,75,166,174,97,72,126,146,135,86,67,33,154,123,135,94,137,114,135,83,64,126,86,203,25,64,164,72,67,137,33,83,114,72,171,83,126,126,148,171,15,21,54,67,47,21,148,57,64,15,72,67,40,153,25,31,64,41,57,191,205,117,54,137,117,123,117,246,210,137,183,123,86,174,209,216,205,174,166,203,102,33,117,171,123,117,137,137,47,96,83,145,75,137,216,117,117,174,181,174,117,134,197,164,156,166,117,125,86,215,86,105,166,122,156,148,105,155,155,191,93,67,195,216,155,145,183,137,105,155,96,191,57,216,117,197,183,148,173,182,137,64,125,165,122,155,117,165,75,155,182,96,96,136,203,96,39,148,102,117,114,165,117,96,155,66,105,148,155,148,155,163,85,182,180,145,117,173,155,105,96,57,57,74,155,204,165,147,147,173,155,125,116,66,125,136,74,125,125,197,236,210,236,221,116,147,147,116,93,85,136,136,173,105,163,125,74,85,136,173,116,74,41,85,66,27,27,104,125
35,67,53,75,35,89,75,43,50,12,57,121,118,149,192,109,70,21,109,21,35,97,97,70,78,152,101,109,101,97,18,97,33,157,60,157,121,70,218,60,106,53,126,75,50,118,138,75,43,86,97,97,109,101,43,60,109,109,57,7,78,67,50,35,89,109,35,75,60,57,100,67,67,43,29,52,35,60,86,78,29,29,70,70,57,21,78,156,176,166,108,108,156,100,120,129,141,129,67,89,183,166,86,89,106,169,123,67,166,54,86,196,86,106,103,135,115,103,126,123,75,97,106,67,86,75,183,123,118,135,83,72,118,103,67,126,205,75,97,205,97,75,135,123,117,97,97,57,41,106,117,33,106,149,126,114,171,94,149,164,146,50,50,64,57,105,75,103,27,57,15,64,50,33,47,50,27,86,83,25,31,64,166,117,67,153,126,117,153,135,123,166,67,67,67,57,137,166,181,210,195,137,156,94,105,134,102,174,156,114,105,117,117,156,166,114,166,125,117,174,166,137,96,174,229,148,67,156,191,117,117,164,57,117,145,122,117,156,148,125,125,145,96,117,191,166,145,155,183,125,125,93,155,134,155,205,171,137,125,125,148,183,145,75,134,182,171,216,64,163,205,165,105,137,96,191,155,64,85,163,105,33,148,165,145,155,148,173,197,96,125,96,216,163,216,93,105,195,155,221,197,197,173,74,57,155,165,96,116,180,85,191,136,96,39,163,204,136,85,82,105,180,225,216,232,216,144,102,96,116,105,105,136,136,136,105,182,125,50,125,125,102,116,96,93,96,66,116,147,47,104
42,78,78,118,78,60,67,70,50,50,43,29,170,152,118,194,27,67,29,118,53,57,78,167,129,121,97,121,75,7,109,50,89,159,60,50,207,101,157,57,53,97,97,50,78,121,174,126,43,60,152,101,43,89,141,157,109,43,86,16,89,89,7,35,89,97,60,78,67,75,57,57,29,57,42,33,33,35,97,57,35,57,52,57,57,17,43,169,192,126,89,106,126,97,106,120,120,120,120,89,126,129,100,108,159,169,126,64,75,118,138,118,126,126,126,146,126,118,118,118,83,67,75,103,146,123,149,138,67,106,135,126,75,137,86,164,86,83,97,86,86,72,172,135,67,149,123,75,137,86,19,123,97,172,137,114,117,137,174,117,183,216,114,67,57,166,75,64,75,50,64,105,47,156,97,41,50,64,86,33,57,145,103,171,135,117,191,94,4,41,21,25,123,19,7,1,75,224,205,191,171,117,137,189,86,148,164,164,96,156,226,156,174,174,166,96,33,148,181,156,125,166,216,153,57,67,117,164,216,173,96,64,171,195,93,137,156,156,156,105,125,148,134,125,145,125,145,145,145,173,96,105,137,83,173,203,165,125,96,137,105,105,165,137,155,180,96,165,165,148,205,155,114,117,105,197,125,163,82,117,105,85,125,205,165,117,173,163,173,171,85,122,182,125,191,117,117,216,155,117,105,189,117,117,116,153,191,173,148,165,191,105,153,155,216,116,116,105,72,66,74,74,74,116,66,57,105,50,66,165,165,66,182,93,74,82,136,96,116,113,147,105,96,147,116,104,125,71,93,125,74
50,42,75,106,89,53,70,67,75,67,50,97,109,177,222,118,42,78,50,16,21,57,70,138,177,167,127,101,118,89,35,16,75,170,50,121,121,67,106,152,50,53,89,75,106,70,97,106,78,157,43,109,86,126,129,75,157,60,43,101,16,50,67,60,67,89,97,70,67,29,70,109,29,89,35,67,52,11,78,70,70,52,57,50,33,16,29,120,152,106,100,89,129,97,106,50,120,126,126,120,106,126,118,129,120,118,156,138,72,97,123,75,126,126,106,156,138,97,118,135,135,64,75,138,135,138,97,106,83,118,135,118,115,135,137,94,64,137,106,67,117,117,126,172,135,123,164,123,103,123,64,149,75,149,97,126,123,181,149,137,123,117,137,67,50,86,94,156,83,114,105,57,40,105,86,50,72,105,75,117,16,47,117,97,156,50,156,7,47,7,50,117,191,33,6,1,67,135,174,126,96,96,126,126,191,156,137,148,166,50,174,236,164,174,105,164,156,117,156,181,148,174,137,93,105,96,102,189,216,189,102,166,197,166,166,183,156,156,153,105,125,148,137,72,145,153,148,166,137,125,96,85,96,155,195,191,117,125,67,148,155,85,137,165,105,105,96,137,165,96,105,197,165,85,137,205,233,180,182,197,148,165,125,197,205,180,173,173,195,136,155,165,96,197,153,173,148,155,136,155,117,191,148,72,148,125,148,165,216,155,105,148,163,102,125,182,50,41,57,105,16,64,57,4,15,27,27,27,197,210,66,136,147,74,66,96,96,96,209,85,105,182,85,64,96,93,85,71,165,147,32
97,70,42,42,75,67,97,141,50,43,89,50,53,27,78,53,42,89,89,43,33,109,224,184,109,129,152,121,57,29,7,43,141,126,118,126,53,109,53,101,67,60,192,141,109,57,57,89,138,121,42,101,121,43,118,118,12,89,60,67,22,89,75,75,35,67,100,67,27,35,67,60,118,33,21,89,70,33,27,118,70,43,78,33,16,57,33,29,118,152,108,29,152,141,52,70,126,89,118,126,159,141,78,108,89,94,156,126,103,135,146,86,86,115,115,135,126,106,118,135,156,149,115,123,57,118,126,86,172,103,64,166,137,146,149,118,106,103,118,106,135,174,149,146,126,67,137,192,146,166,149,97,135,164,166,126,64,137,137,137,135,72,57,106,47,19,50,117,57,27,75,41,148,72,64,94,86,117,72,31,41,41,171,105,57,67,27,21,6,19,114,83,153,183,57,15,50,64,183,148,105,57,135,197,137,102,102,181,174,248,174,210,148,209,183,203,197,189,183,197,203,197,148,96,105,31,137,208,148,102,233,125,148,164,156,122,166,189,125,148,137,105,137,148,148,155,148,155,155,122,122,96,105,125,189,165,67,125,148,155,183,117,134,155,117,137,163,155,105,102,122,165,145,75,182,233,225,197,197,225,165,173,155,180,205,173,173,136,191,155,180,66,136,125,148,205,96,155,165,155,197,165,195,134,85,102,96,165,155,191,116,191,93,180,214,33,33,57,41,27,147,50,82,15,4,32,25,105,116,39,116,170,57,125,85,221,165,155,147,173,136,136,66,32,136,96,85,173,66,57,57
75,89,27,53,50,121,89,35,97,97,27,22,43,35,42,16,33,43,67,22,16,29,97,175,127,67,129,177,175,70,53,50,109,159,89,106,57,42,101,129,89,89,101,129,97,57,89,101,109,75,97,121,33,53,50,86,118,75,43,35,118,35,11,70,60,60,86,43,70,89,27,60,67,43,21,78,57,35,67,106,106,33,67,52,60,42,22,21,138,194,118,100,118,156,50,129,67,129,108,129,138,67,60,60,126,183,126,97,174,190,64,106,115,138,86,75,149,126,75,135,174,149,118,149,86,97,149,126,164,83,135,115,126,126,149,137,106,103,118,103,115,183,172,75,117,190,156,156,216,198,196,117,135,126,83,117,75,137,183,137,72,54,103,106,57,27,83,86,50,50,72,86,114,67,47,75,148,148,105,33,25,31,47,123,105,50,6,75,21,105,102,117,123,126,86,33,11,86,174,96,41,40,210,183,105,226,137,183,195,156,183,252,197,203,156,191,96,164,174,216,174,156,96,105,183,137,210,96,171,216,39,173,173,96,148,137,148,105,148,145,145,137,96,173,134,125,117,163,191,105,155,96,75,163,180,163,137,183,173,197,163,105,145,145,148,165,191,155,137,105,155,105,117,148,148,153,165,180,96,197,182,165,155,171,216,173,105,85,136,136,105,74,117,171,117,125,93,155,173,197,125,155,122,148,125,85,85,105,191,191,182,105,136,134,57,136,64,21,50,85,50,64,27,85,57,72,122,165,136,41,220,57,147,74,147,39,221,27,136,170,163,27,182,191,66,57,96,165,6,57,155
53,67,50,97,70,43,167,106,53,75,35,60,27,5,60,42,70,33,101,67,5,141,222,118,141,138,159,175,67,109,75,7,70,53,21,86,27,29,57,152,186,89,27,138,157,70,97,121,70,97,89,78,50,70,186,97,60,129,29,43,78,67,27,33,109,67,33,42,60,89,43,33,75,33,21,18,35,50,89,75,67,60,29,97,67,35,35,35,89,169,169,149,75,106,120,106,166,106,70,106,52,43,70,78,108,174,146,106,174,135,40,106,172,118,67,75,138,156,174,135,97,138,146,103,97,118,126,164,94,86,166,50,126,40,135,118,86,106,67,97,149,146,115,57,172,205,123,126,236,154,209,83,137,149,106,97,126,149,137,156,126,41,54,106,94,83,40,106,94,114,103,148,86,19,41,94,67,75,64,67,40,67,117,94,97,105,86,57,11,19,67,86,47,97,27,16,67,67,96,117,83,67,137,239,233,226,148,205,189,191,246,156,102,125,86,205,183,96,93,171,105,75,181,148,75,156,174,96,181,57,183,148,148,137,156,25,224,156,166,96,137,183,96,96,105,105,197,195,148,85,183,148,125,117,153,205,155,197,183,180,189,137,137,137,105,183,191,83,165,105,125,102,117,165,75,96,102,96,57,105,148,153,165,163,165,197,165,66,72,93,163,205,173,182,105,125,173,182,182,155,117,74,66,136,148,82,85,136,197,153,105,102,85,116,116,96,57,33,74,16,57,41,93,210,195,136,136,144,165,105,85,189,191,116,74,96,57,173,93,85,116,204,125,147,125,113,105,71,85,85,125
60,60,50,75,106,78,53,106,75,42,75,57,42,5,12,141,106,89,70,7,22,141,194,149,194,129,78,149,184,121,29,27,35,53,50,53,33,75,43,121,101,70,126,75,138,129,78,101,170,97,70,75,109,60,75,149,149,60,43,70,70,57,60,97,118,60,33,67,70,43,78,141,60,7,33,70,50,67,18,33,67,67,35,35,43,60,27,27,60,118,141,126,120,75,108,138,174,67,97,138,52,149,75,97,70,126,135,115,115,118,115,123,172,75,118,146,118,156,210,106,118,156,138,103,115,123,123,123,106,86,115,106,126,54,149,97,86,97,50,94,135,103,75,106,114,94,154,192,196,106,190,72,166,166,126,54,117,135,146,137,117,57,64,137,72,64,57,83,86,97,40,117,67,41,2,94,86,86,50,50,97,97,75,50,126,166,94,27,57,25,41,67,47,67,41,15,11,64,64,117,75,41,117,215,209,134,117,126,117,191,57,41,16,7,41,41,153,164,86,75,148,171,145,156,171,137,171,145,137,221,208,205,166,197,50,67,195,166,216,96,148,148,183,105,85,171,171,148,96,125,114,205,148,105,191,216,85,171,220,117,57,148,155,153,145,83,148,117,105,105,125,148,66,145,125,105,75,66,85,93,105,155,189,117,155,216,155,66,125,153,205,233,191,173,173,182,205,180,180,117,50,41,66,125,96,74,125,148,182,173,96,136,116,93,85,96,57,57,85,41,41,145,216,233,233,197,165,147,116,74,165,204,125,147,147,57,155,74,105,105,50,96,173,191,105,182,147,66,147,116,104
33,12,43,89,75,118,106,53,29,33,97,33,53,22,67,152,160,50,50,43,75,129,200,198,186,152,70,70,101,75,50,42,75,27,53,42,75,29,67,21,121,121,97,121,70,121,60,109,126,97,57,101,121,43,60,101,89,97,106,78,29,29,89,53,27,67,89,60,29,138,89,70,35,43,78,53,89,22,33,57,50,33,21,60,57,27,21,27,86,129,109,149,169,75,106,108,86,141,97,97,141,159,70,57,115,118,103,118,126,149,164,115,164,118,106,135,118,86,97,190,156,149,146,146,103,126,86,106,135,75,115,75,183,106,126,123,123,135,106,50,86,75,64,115,57,106,135,183,115,154,123,106,205,126,94,83,83,97,164,164,67,57,135,164,114,97,75,50,33,16,86,31,137,11,41,57,72,86,16,11,105,86,16,64,148,145,86,47,4,72,64,86,67,86,27,97,105,94,117,64,83,75,54,47,47,54,33,11,31,25,21,21,11,1,1,67,75,105,183,183,156,171,166,105,125,205,145,183,210,137,105,117,195,145,57,225,125,220,171,72,156,137,156,156,41,105,145,191,155,197,96,50,210,117,163,145,117,117,105,122,96,122,148,148,134,102,165,183,41,105,171,93,137,85,105,85,102,82,137,165,125,195,155,105,125,145,66,50,47,148,182,239,216,230,173,225,148,216,153,54,41,74,74,148,165,105,125,96,210,204,125,191,136,54,66,96,125,85,105,116,105,66,197,244,236,204,170,74,74,96,74,136,144,105,173,147,116,116,105,85,85,96,147,165,191,197,165,50,74,74,116
33,35,87,109,97,97,78,35,50,75,106,57,60,60,67,121,86,70,160,121,42,152,227,200,127,86,109,67,101,86,78,70,97,86,170,33,138,12,70,16,75,86,152,86,89,86,175,57,70,159,42,101,70,60,106,29,200,16,109,70,21,29,67,70,121,75,33,60,60,2,100,35,75,27,89,89,8,120,60,97,70,60,29,57,52,33,70,57,52,89,118,141,75,89,106,89,126,126,86,86,152,149,106,89,83,106,118,126,138,123,118,118,166,146,57,106,123,67,106,126,149,146,118,118,86,115,75,106,164,86,94,103,174,83,126,149,166,174,126,31,41,83,57,94,72,75,115,123,126,156,106,156,196,126,164,117,135,123,166,171,75,33,164,181,117,57,41,31,64,50,75,41,106,47,47,41,105,50,16,21,64,72,57,67,86,97,75,15,97,27,57,145,67,67,105,105,41,67,57,41,25,72,33,4,16,27,50,6,21,1,50,75,27,54,47,67,156,183,153,205,197,148,105,197,174,114,197,174,166,122,86,148,191,114,57,67,153,216,173,96,145,173,125,86,105,163,156,173,122,96,145,215,105,148,137,105,166,137,117,165,183,105,67,105,155,102,105,148,96,137,105,191,27,182,165,155,117,155,155,137,230,148,96,105,74,54,66,41,19,148,216,191,197,221,148,197,165,216,105,155,85,122,102,148,191,105,96,96,182,165,155,122,173,50,50,41,136,136,105,136,195,173,147,165,204,173,66,74,102,96,57,125,191,125,54,125,125,125,116,85,50,96,191,209,165,116,155,96,85,147,147
121,89,78,97,86,50,33,27,97,89,53,86,27,29,50,70,78,121,127,141,70,121,212,207,109,60,42,60,109,97,60,89,75,60,43,118,43,106,12,101,97,138,75,89,86,70,57,57,35,89,101,106,129,43,43,157,21,97,42,75,60,35,16,42,101,97,22,33,42,126,50,97,22,53,89,43,89,22,67,67,86,70,29,78,35,42,120,89,42,60,43,70,29,70,75,169,198,108,35,129,86,149,106,89,149,149,118,115,86,41,86,135,118,138,126,106,106,135,75,118,135,106,67,86,135,135,123,123,138,94,123,118,75,83,126,115,118,106,103,67,54,50,50,67,103,115,97,126,117,117,156,181,164,146,146,126,146,123,137,166,114,41,106,137,64,57,41,67,166,97,19,156,33,123,33,114,97,41,75,67,64,86,21,33,86,41,86,105,25,57,41,72,19,105,86,31,102,72,21,67,75,15,16,67,57,19,31,41,114,96,117,64,134,203,203,156,114,191,174,166,145,114,105,75,102,93,164,156,57,191,164,137,64,75,164,117,122,86,125,171,117,122,86,137,148,148,137,137,114,166,183,117,102,47,125,191,153,166,137,96,125,165,155,148,134,155,117,125,165,105,137,180,182,66,191,171,155,173,203,173,165,66,75,102,41,50,173,203,148,165,182,125,148,125,148,173,197,197,155,155,136,182,125,125,96,117,197,155,148,173,117,117,173,50,96,39,74,105,125,57,125,105,147,173,173,125,41,50,116,105,116,105,125,50,85,50,105,122,155,165,165,74,102,155,96,105,197,216,155,105,230
121,97,53,42,67,89,42,35,70,86,70,22,57,33,50,53,70,106,141,138,75,50,89,138,106,101,109,121,86,86,78,67,121,121,101,109,101,101,22,70,57,21,57,101,101,121,121,97,97,101,118,126,86,101,109,106,75,89,50,53,43,60,89,67,35,67,97,60,35,60,118,43,50,109,33,159,43,16,78,97,57,50,60,43,42,70,100,50,42,86,60,50,174,126,89,169,75,120,120,86,108,120,106,42,115,196,126,57,57,126,86,174,75,138,83,106,123,138,86,138,106,135,126,126,135,106,103,126,156,138,97,106,118,115,75,75,48,41,138,123,54,41,57,64,106,126,126,106,57,75,174,174,137,106,117,97,97,97,172,192,106,31,57,117,64,57,57,97,94,75,41,86,146,103,94,75,72,75,67,83,25,27,50,57,86,86,75,83,57,54,114,6,97,67,41,117,41,105,57,19,27,31,19,47,57,33,25,33,148,233,102,33,174,174,216,233,125,205,117,67,156,166,93,96,189,117,137,117,166,137,33,137,183,197,191,47,117,221,105,145,148,153,173,122,183,122,137,183,156,41,166,137,148,166,117,145,50,155,173,96,173,155,102,96,96,173,173,145,191,183,137,191,191,153,182,165,155,155,182,165,171,148,96,75,85,165,225,221,205,96,96,197,173,117,173,205,136,173,182,105,148,155,165,163,165,173,205,197,197,153,66,136,66,74,57,33,57,50,116,50,50,116,173,165,116,41,41,64,16,96,33,116,102,105,21,16,125,85,96,96,136,136,74,136,125,125,155,147,155,155,96
75,118,50,53,42,42,70,50,42,97,42,33,53,43,70,33,70,106,184,149,109,53,60,121,129,109,70,101,78,89,109,89,89,75,97,167,89,29,35,60,89,43,75,109,121,118,101,43,42,60,89,97,33,75,106,78,149,106,43,42,106,43,43,78,18,29,89,75,60,42,35,89,97,43,106,33,60,60,100,89,18,8,33,118,109,67,78,89,43,60,184,194,207,149,78,174,70,67,100,176,118,52,60,207,135,86,118,75,126,166,40,57,149,174,67,126,75,126,83,118,123,106,138,97,118,126,135,138,118,166,75,86,166,103,48,138,50,67,123,154,54,83,97,64,146,215,106,11,33,86,166,174,123,75,72,72,86,172,190,183,135,40,25,106,86,97,97,57,67,75,33,75,181,72,57,41,57,83,21,33,33,47,67,33,72,148,86,27,97,25,72,27,75,75,72,97,50,67,64,11,33,57,50,50,67,27,6,135,148,148,86,83,137,181,222,236,86,123,166,105,156,125,134,183,171,156,102,105,117,117,148,105,174,148,96,173,122,117,166,148,191,125,156,137,197,205,153,156,86,195,64,195,96,145,105,148,205,145,183,191,197,102,57,208,191,85,148,155,183,197,137,145,216,134,155,171,165,205,182,205,182,182,155,173,163,145,182,221,125,27,74,125,155,163,155,136,165,136,191,165,93,96,205,225,225,205,148,180,197,136,125,85,41,33,31,74,66,33,57,64,33,85,125,102,66,16,27,116,21,116,47,116,21,33,11,74,122,57,27,57,85,116,136,105,96,57,102,116,116,105,74
33,75,109,75,35,22,78,75,97,118,21,70,8,106,12,35,106,86,101,118,106,101,109,141,127,78,57,101,53,101,86,101,75,60,89,109,27,42,50,21,21,106,157,129,141,175,149,101,29,50,109,89,109,60,29,121,106,97,57,101,43,75,89,106,57,60,106,97,27,42,70,50,141,141,50,42,89,27,21,89,109,33,109,43,57,78,100,75,50,118,149,176,109,109,176,176,78,141,60,156,108,169,120,123,149,27,64,135,83,75,172,103,138,83,198,106,106,57,106,97,154,83,106,149,118,172,64,97,135,83,106,118,103,50,135,126,115,106,135,106,115,103,97,149,154,106,27,4,40,149,174,149,174,103,123,137,106,203,156,172,135,31,6,86,174,171,86,57,67,67,41,50,75,75,86,86,57,57,27,50,72,33,21,50,94,117,86,25,57,57,27,103,47,54,94,54,97,19,27,41,57,83,50,33,57,57,72,86,126,96,83,164,86,189,197,86,156,126,148,183,174,148,137,125,75,102,125,137,96,67,191,64,156,125,156,125,239,195,50,96,189,125,145,156,57,156,122,117,86,166,166,148,166,96,189,83,155,166,96,125,134,163,155,117,155,125,96,180,122,125,183,105,122,122,173,197,163,182,134,137,125,134,205,173,125,93,216,145,50,57,57,85,155,205,173,155,165,114,136,148,117,96,155,205,221,225,165,153,191,148,182,57,57,66,41,96,85,41,41,74,27,50,113,96,50,57,66,116,147,105,96,85,6,74,41,57,74,41,57,66,50,116,96,71,85,125,116,102,74,116,74
53,35,87,70,67,53,57,118,75,42,29,86,33,170,7,70,106,106,67,86,121,118,89,97,109,121,97,60,57,121,86,175,101,89,35,106,43,12,60,11,35,106,152,152,138,138,106,35,57,121,78,159,89,60,53,129,60,121,101,109,35,57,118,43,70,101,57,27,57,75,75,75,78,42,21,43,22,78,70,53,89,22,11,27,60,78,60,70,33,42,78,109,109,100,109,138,120,129,75,70,118,118,52,115,118,72,103,126,106,183,106,146,123,97,126,115,33,115,33,50,166,123,75,138,166,75,118,138,138,64,203,118,50,149,106,138,192,138,138,123,118,126,83,97,41,16,21,48,67,83,174,154,149,86,156,203,94,156,137,72,50,54,6,106,222,174,106,86,50,33,86,50,40,97,97,97,67,57,48,57,50,21,19,86,97,117,137,27,21,33,50,72,86,54,67,75,117,67,27,50,33,83,86,33,57,86,57,25,94,117,47,145,105,191,171,134,183,102,96,197,216,117,134,105,40,123,183,86,174,122,125,125,183,137,148,117,145,57,148,183,145,117,148,156,67,145,125,105,137,195,57,166,148,117,137,137,117,189,210,83,105,148,117,96,96,125,165,137,96,153,27,105,64,163,145,137,153,165,205,182,173,163,180,165,148,75,47,163,137,74,102,165,205,117,165,136,173,173,148,96,85,93,85,148,221,205,117,66,171,182,197,82,41,102,57,85,74,33,41,74,74,74,116,148,96,125,147,165,173,116,116,136,54,72,85,33,21,54,155,116,32,66,96,125,105,136,136,116,147,85,116
42,27,42,70,50,75,50,101,89,33,101,121,130,152,106,101,109,167,152,78,127,127,67,75,121,121,121,78,78,78,118,192,43,101,97,97,50,12,60,60,35,50,57,109,121,126,101,33,129,106,78,141,70,53,97,29,126,97,106,118,109,22,43,67,42,42,43,75,89,18,78,60,22,78,101,70,101,50,57,22,50,97,78,75,67,33,22,33,29,21,60,138,149,97,70,100,86,106,106,109,118,129,89,54,115,67,65,115,115,115,174,174,106,86,57,86,50,106,86,97,72,118,126,72,83,94,106,149,149,126,118,75,166,156,106,166,166,97,156,50,115,41,50,40,33,41,72,97,50,86,137,174,156,94,126,135,67,154,117,50,41,67,54,97,156,137,117,67,75,27,72,64,48,106,75,83,64,117,57,21,41,40,19,33,86,166,156,41,21,25,41,67,148,50,67,72,86,135,47,21,64,64,57,31,31,50,33,33,40,75,41,123,191,183,166,174,166,105,123,166,156,114,117,134,137,86,153,174,183,105,96,189,105,75,148,117,191,117,137,195,105,117,156,114,137,86,72,205,191,75,173,96,125,105,72,153,166,67,67,153,173,96,67,153,191,125,83,122,117,191,165,50,163,102,125,165,117,165,155,155,145,145,165,221,205,11,197,148,145,165,165,197,225,189,165,165,214,125,182,191,117,66,72,136,189,182,216,148,180,205,225,148,41,41,50,33,33,41,50,57,57,96,173,191,155,136,182,182,165,165,144,105,57,105,147,27,11,93,191,116,32,74,125,74,74,105,136,96,147,125,57
75,33,42,33,33,57,43,97,184,152,167,121,130,97,175,175,138,152,177,121,70,127,170,127,101,75,106,106,70,97,109,101,50,127,106,118,43,43,67,33,50,43,35,101,101,129,149,70,141,50,129,89,50,106,97,29,186,29,106,43,67,35,29,78,67,50,89,89,35,67,29,67,42,86,22,106,75,50,57,75,29,86,75,42,89,50,18,29,21,78,109,97,141,75,120,60,159,97,67,126,70,52,118,126,123,174,115,83,75,75,64,126,164,123,115,118,118,67,126,118,64,57,64,126,181,126,149,192,149,83,67,196,118,94,126,97,54,50,126,33,83,16,25,64,27,97,97,40,48,126,126,183,217,106,123,106,75,181,117,117,33,7,64,27,57,149,97,57,67,54,33,40,72,21,94,50,123,86,67,21,67,67,19,4,67,166,189,67,57,41,33,64,117,47,54,21,25,75,57,33,86,57,21,57,19,86,50,47,11,33,50,75,117,145,156,166,126,174,166,145,153,137,148,183,191,125,181,205,86,105,148,148,125,83,83,93,117,105,137,117,117,117,125,173,125,67,125,148,148,148,86,148,75,191,137,180,47,102,173,117,166,153,137,155,148,137,85,183,134,197,41,153,96,163,189,145,96,96,205,182,171,148,165,195,205,225,173,197,102,221,136,197,205,171,165,117,148,155,182,117,155,136,96,148,155,155,125,165,205,239,136,134,16,39,105,105,27,31,66,47,136,191,182,136,147,147,85,85,125,125,122,66,116,105,93,33,21,197,182,85,54,96,66,50,66,66,57,21,74,165,64
35,70,60,27,87,157,130,138,177,186,152,101,101,60,60,160,175,101,86,121,78,121,141,152,78,67,78,106,106,141,67,35,67,129,106,118,60,29,57,50,18,70,43,57,101,138,159,57,106,106,118,89,121,42,50,75,101,121,50,27,86,78,35,53,97,78,60,42,60,89,21,60,42,67,22,141,1,70,67,50,97,33,33,109,106,86,50,43,100,8,109,194,138,106,156,120,33,176,129,100,109,67,97,149,118,83,106,138,126,118,123,86,86,83,146,103,57,75,106,83,72,72,115,166,183,115,106,181,126,106,54,115,217,126,54,19,27,21,86,156,83,67,41,33,75,72,50,27,33,118,181,126,126,154,149,94,174,166,137,135,86,6,15,41,67,126,106,94,94,33,50,72,25,27,94,57,149,33,106,67,72,48,57,6,41,183,191,86,105,40,31,57,75,41,31,25,15,21,64,57,57,75,41,75,57,105,21,50,7,25,25,64,94,183,166,166,156,174,156,148,210,148,96,145,197,216,174,166,96,105,156,86,137,148,125,137,148,166,153,125,173,166,105,93,137,156,134,83,105,148,86,156,183,156,166,96,125,102,64,75,153,205,137,117,134,137,155,105,183,117,148,173,155,137,134,173,66,148,117,155,102,96,155,221,215,155,195,197,117,182,216,173,173,220,93,122,136,216,85,96,96,117,74,125,163,136,173,205,114,191,85,54,7,114,85,47,21,66,136,136,173,182,66,85,134,147,74,125,134,191,122,85,155,33,74,33,33,236,204,72,66,50,66,96,96,41,16,50,82,173,105
75,21,35,43,97,167,198,130,130,170,67,57,109,57,60,109,167,86,53,141,177,106,97,141,141,101,97,118,106,101,60,60,97,141,129,109,70,16,60,70,8,78,75,43,97,175,127,57,121,109,101,159,89,159,57,33,109,118,21,35,192,89,43,43,70,43,43,97,35,70,141,75,86,60,57,21,70,57,29,67,141,22,35,89,89,42,78,70,43,11,159,176,194,78,126,141,141,78,57,159,97,57,54,123,167,86,86,126,126,50,67,115,115,126,67,164,135,149,192,174,72,115,103,57,86,172,203,154,146,154,174,115,118,149,11,2,83,50,126,149,97,33,41,31,27,67,41,50,75,106,137,103,146,172,86,97,181,149,149,174,97,16,4,11,106,166,149,117,114,75,48,50,72,33,64,117,57,75,57,67,67,21,67,33,41,123,174,146,57,25,25,27,31,75,21,105,33,16,41,83,25,57,75,75,67,33,15,27,11,11,21,33,137,191,183,171,181,102,114,148,156,153,96,156,166,174,137,105,96,137,156,156,189,164,96,105,216,174,148,166,166,137,137,125,148,117,117,148,125,96,156,166,166,156,145,183,173,105,155,148,102,148,155,105,125,155,96,137,230,197,197,57,197,247,216,125,125,54,125,173,96,96,134,137,215,216,137,122,137,117,125,155,195,41,197,125,74,82,148,85,173,155,182,165,136,57,173,96,64,125,72,16,50,93,16,50,50,163,155,191,148,96,148,210,165,105,180,96,134,173,102,165,66,50,113,6,96,191,136,136,96,50,64,66,96,125,50,122,136,155,147
50,33,22,70,101,175,57,21,138,150,50,42,170,67,109,101,97,160,160,118,127,89,118,141,157,101,33,170,101,121,70,97,109,109,149,170,106,53,29,70,33,33,97,33,86,129,127,129,109,75,118,118,67,129,43,50,78,60,89,89,126,97,78,22,35,97,70,57,89,101,106,78,43,50,53,57,86,86,21,75,78,33,53,149,43,50,109,141,22,70,78,43,67,126,118,106,106,100,106,78,70,138,146,75,115,115,103,42,33,166,65,115,94,57,64,135,149,103,57,126,166,126,57,50,126,138,97,149,126,106,57,221,50,54,27,31,97,57,115,123,97,75,83,106,21,21,97,50,67,72,126,174,146,166,86,86,117,135,126,166,166,41,1,1,72,198,126,27,48,94,41,41,94,33,94,123,75,41,10,67,57,57,57,41,67,83,97,94,57,15,11,40,41,97,50,156,50,75,47,75,11,33,41,75,25,11,33,21,27,16,11,31,164,166,183,166,153,126,145,153,94,166,153,96,156,123,145,125,96,125,148,183,148,166,105,96,189,148,148,191,125,122,156,156,156,96,125,148,75,105,125,164,166,117,96,166,208,191,114,96,125,105,134,148,41,54,117,216,203,155,145,153,183,216,203,93,105,96,125,125,148,155,96,72,203,221,165,93,105,105,96,145,191,125,66,125,82,105,155,155,117,125,173,148,47,148,145,191,136,74,7,33,74,21,41,148,165,182,117,163,148,148,125,155,148,96,173,216,96,66,136,66,33,96,105,105,173,66,155,239,116,16,50,85,105,173,125,57,182,173,155
53,35,18,27,121,109,152,109,167,78,130,89,218,109,130,177,97,150,87,101,97,141,149,177,130,121,118,67,138,157,70,57,75,198,152,121,109,118,29,29,42,33,53,53,78,89,106,121,121,89,75,141,89,33,101,89,57,101,121,89,129,106,50,53,43,86,89,43,75,50,75,75,43,27,75,70,29,75,70,89,70,89,78,35,33,106,100,33,109,7,42,50,57,176,86,167,60,141,152,57,118,57,72,118,146,118,48,75,65,115,149,164,97,72,106,123,11,172,15,192,156,106,42,48,72,57,94,72,21,27,156,2,54,31,75,41,27,75,57,123,196,146,86,67,97,33,21,40,50,97,164,172,75,118,146,72,117,126,75,198,174,97,33,16,25,97,117,41,50,97,67,67,83,75,40,166,126,16,57,75,50,103,57,25,75,94,41,86,137,31,21,83,31,57,97,114,75,166,97,94,54,33,25,47,50,50,40,41,86,27,25,117,183,197,153,153,148,117,114,148,114,114,126,94,183,148,156,205,94,96,183,64,125,236,96,105,145,166,125,174,153,96,148,183,105,50,117,137,96,75,137,148,75,96,96,105,166,117,96,125,134,122,117,137,39,50,166,117,96,41,50,215,173,122,205,137,85,125,173,173,125,145,105,41,145,155,85,50,96,117,93,145,31,125,171,85,105,155,191,125,148,155,148,148,136,117,148,136,136,50,4,41,136,173,96,182,197,205,165,204,182,136,105,93,155,182,182,96,148,96,105,66,191,105,66,210,182,96,180,191,96,41,50,105,66,57,155,116,102,134,204
43,43,29,18,106,192,106,138,138,87,121,121,42,170,138,97,152,101,109,127,121,70,130,152,152,89,121,130,118,138,130,53,67,67,78,141,170,167,70,12,75,43,43,70,89,89,42,70,127,118,60,138,97,101,129,118,101,152,167,97,129,89,33,75,35,35,89,42,50,70,50,50,75,43,12,57,33,35,97,50,27,43,43,33,33,43,53,43,50,29,43,118,129,120,141,176,60,53,167,141,78,109,103,103,126,146,67,75,164,83,184,198,54,118,75,57,86,48,149,31,138,97,86,156,33,19,50,41,40,41,10,72,156,6,138,11,57,54,118,75,138,118,106,72,67,57,86,25,11,166,174,50,174,57,115,97,126,137,126,86,164,126,54,33,75,86,106,117,86,48,86,117,137,40,27,86,117,54,126,86,67,72,40,41,86,126,146,75,75,57,11,57,33,33,105,97,75,148,191,126,97,86,97,117,123,97,94,171,156,94,126,191,164,174,156,174,166,96,86,117,137,105,148,148,156,156,156,191,134,125,105,125,156,216,64,137,164,197,117,148,197,96,137,197,96,50,137,145,41,148,93,215,86,96,148,96,156,105,105,125,145,125,96,85,137,225,117,41,96,205,105,67,96,173,197,155,125,75,137,173,173,155,117,148,148,148,75,102,122,96,148,75,225,41,125,125,125,117,125,125,125,155,182,155,134,155,173,155,182,57,15,50,182,205,191,117,163,221,155,66,165,182,85,105,197,136,116,153,116,147,182,182,105,191,216,147,204,105,145,96,165,105,50,50,57,74,96,85,136,125,74
33,43,7,27,109,138,177,175,194,206,141,78,226,89,57,60,106,50,11,7,141,141,35,106,118,101,101,186,21,149,138,67,149,70,78,50,194,152,89,29,22,53,78,70,53,109,78,89,138,106,97,27,78,57,129,97,118,97,126,67,106,97,11,12,43,75,70,35,75,67,43,67,121,35,35,33,75,53,57,35,33,42,53,53,27,33,50,89,33,8,12,106,174,126,120,138,126,57,109,141,120,126,135,106,106,126,118,65,149,226,97,67,75,42,126,103,154,50,48,40,97,164,72,33,75,118,86,75,54,27,146,94,48,19,72,75,54,67,115,64,86,64,86,15,16,33,31,83,41,123,106,156,41,103,137,57,41,97,149,103,174,198,83,27,48,114,86,86,117,106,94,4,41,86,25,4,146,48,97,97,75,50,86,64,67,94,148,106,31,50,21,64,47,31,50,137,145,166,191,75,123,153,166,183,171,166,197,210,174,137,114,137,137,174,205,166,148,164,156,156,148,105,156,117,117,189,156,114,156,96,75,174,148,137,114,117,164,183,122,148,189,125,134,210,105,86,148,145,75,122,156,183,156,117,166,137,156,156,153,148,125,96,27,85,210,183,197,96,148,145,137,155,183,153,75,137,122,137,67,96,180,165,117,137,102,182,191,85,105,155,148,41,72,182,96,125,148,125,137,136,148,148,165,136,96,105,155,153,173,74,50,85,191,125,155,96,117,180,182,173,155,153,136,105,155,116,125,180,173,155,173,173,105,125,136,173,182,136,105,85,147,125,50,57,96,66,11,50,147,50,66
44,33,7,11,97,170,141,138,167,141,121,101,57,27,43,21,29,29,22,87,70,109,101,97,106,78,170,152,130,152,130,121,75,109,149,106,22,141,109,43,35,43,118,121,89,106,149,89,78,101,127,29,35,159,57,126,138,50,60,126,152,75,29,29,50,109,121,89,5,89,35,167,152,50,89,27,78,118,106,89,121,89,78,106,75,78,89,50,70,50,33,75,167,176,100,100,89,109,152,176,149,190,123,123,167,115,123,103,135,97,135,123,123,72,115,86,123,106,123,106,48,103,54,126,42,11,118,135,54,41,86,106,54,86,67,83,33,33,181,64,41,83,67,48,21,97,103,21,72,21,106,126,225,166,33,166,31,106,103,15,225,97,106,57,33,106,117,67,48,75,48,83,33,54,21,164,21,57,25,67,97,57,41,33,40,94,86,41,33,64,11,33,75,19,105,174,148,166,117,94,153,166,97,166,203,181,137,174,145,145,75,117,148,197,156,114,148,171,189,156,117,137,156,117,117,183,156,86,137,105,64,171,171,96,114,156,171,166,137,148,156,137,148,166,102,117,148,197,148,137,183,31,191,148,156,145,173,105,148,189,85,75,72,72,197,195,166,155,183,125,105,173,96,137,75,96,83,85,67,148,137,125,155,137,134,205,165,105,148,182,75,125,96,137,85,171,105,155,96,117,155,117,148,163,105,148,96,216,148,148,96,182,225,74,85,105,155,117,125,117,125,165,148,117,116,197,182,136,116,197,191,204,74,182,155,165,155,147,85,96,147,116,21,57,116,21,21,116,165,54,85
50,53,70,60,67,106,127,67,70,60,57,78,27,29,50,33,18,5,50,150,170,138,118,101,130,177,160,152,170,152,101,186,177,127,78,106,118,177,141,21,8,29,75,127,159,141,78,127,67,138,86,121,89,141,35,89,70,57,106,101,152,101,89,29,7,106,194,126,43,43,27,218,42,50,12,121,60,198,159,152,109,121,126,152,129,86,121,109,109,129,70,78,141,129,109,42,118,120,141,184,120,149,184,126,118,94,149,126,174,106,138,135,164,126,118,86,146,156,115,83,57,86,83,54,42,27,94,149,48,97,72,138,86,75,48,15,57,54,83,75,67,83,75,50,57,40,64,33,41,75,75,205,67,210,94,106,103,126,94,205,64,126,106,106,25,57,75,64,117,33,75,33,33,21,149,16,19,57,97,97,31,97,48,7,67,75,106,86,16,48,16,31,57,21,83,97,191,126,137,153,137,171,126,174,189,135,97,137,174,189,135,148,117,153,86,153,102,126,171,126,105,191,145,102,117,166,166,50,102,156,123,117,156,117,117,183,123,125,137,137,156,148,137,156,148,125,156,189,191,148,93,96,164,164,166,156,191,96,153,197,86,57,134,96,183,205,125,173,105,148,105,166,75,171,173,125,75,165,165,148,155,155,137,105,155,137,137,96,191,145,105,125,125,85,165,191,96,105,182,155,155,153,155,225,191,66,105,180,208,155,155,74,41,225,85,191,105,105,182,221,136,173,216,136,96,117,117,197,221,165,195,182,173,96,182,41,116,173,173,173,197,230,204,66,96,50,33,33,113,85,50
130,101,118,75,50,70,106,16,50,29,87,50,53,43,70,78,12,50,57,67,175,118,101,118,78,101,130,160,170,127,109,141,70,70,121,127,175,118,152,57,101,22,50,35,86,170,141,138,127,101,97,70,118,138,89,138,118,60,101,33,129,170,97,53,8,109,184,101,89,60,78,159,3,109,70,129,174,106,106,121,57,129,152,97,138,121,109,152,89,121,67,53,106,70,50,86,43,138,67,67,86,138,118,57,106,86,83,156,211,67,83,192,138,174,138,135,138,167,115,67,50,94,118,75,54,72,19,86,16,106,97,11,72,75,19,64,156,72,115,86,33,97,86,64,64,57,72,86,33,50,41,83,64,31,115,72,126,106,64,83,172,135,67,67,86,41,50,97,83,75,64,41,57,83,33,41,106,67,57,83,67,25,10,21,75,97,94,183,48,1,75,21,19,31,83,196,54,103,156,174,156,117,156,123,117,137,137,117,135,105,210,174,67,166,183,47,156,145,156,117,105,181,145,117,117,166,166,105,137,145,191,86,137,156,114,125,123,102,86,105,125,125,125,105,148,164,153,191,183,114,105,145,191,173,156,148,156,166,156,156,93,57,125,114,117,216,166,93,72,155,102,166,155,173,183,117,165,183,191,180,173,137,85,85,85,93,85,66,173,125,85,148,137,137,165,148,182,148,148,197,148,117,165,165,136,173,148,148,136,182,85,191,105,134,136,210,165,155,173,197,173,155,182,96,117,216,155,125,197,221,204,173,125,165,155,197,155,214,221,191,210,230,165,116,96,33,50,50,74,105,6
194,170,50,33,109,42,27,75,35,50,97,29,109,50,50,43,101,18,53,101,130,121,101,78,57,89,141,118,97,152,121,57,78,89,89,89,101,138,130,138,130,53,42,22,53,194,121,57,121,138,129,97,67,97,101,129,109,97,67,53,101,170,106,29,29,86,121,86,43,159,53,33,5,50,194,200,57,138,106,118,101,121,109,106,126,106,42,109,109,97,60,35,60,50,60,86,60,141,100,50,75,167,40,50,72,50,40,154,203,126,106,149,192,135,123,164,57,10,156,42,21,94,115,72,57,25,31,106,50,83,75,72,50,15,67,135,118,210,126,97,64,94,54,21,72,64,16,97,83,27,21,31,156,156,164,118,86,64,149,146,123,172,97,25,21,40,15,31,67,83,75,11,33,75,83,57,41,126,94,94,21,31,33,41,16,86,191,86,21,48,57,15,10,31,27,83,117,117,126,189,117,105,27,50,27,86,72,41,86,25,135,166,148,148,126,191,156,164,117,137,135,102,166,148,94,148,164,156,134,137,183,96,164,164,156,105,93,105,86,122,125,164,105,105,156,164,156,166,117,117,137,125,221,117,86,156,148,173,148,105,122,125,86,75,155,197,117,57,148,137,105,145,155,145,173,173,165,173,205,189,122,114,125,96,57,57,27,50,96,105,85,125,173,148,85,117,195,134,117,155,105,96,136,148,165,173,96,155,96,153,148,182,66,173,148,220,232,173,125,155,205,216,155,136,125,125,155,182,155,74,66,21,41,148,1,105,195,239,125,210,136,102,197,116,64,16,85,27,41,105,21
141,118,35,22,33,60,97,42,67,138,21,33,44,121,50,97,75,2,101,101,177,184,67,70,106,67,152,177,97,121,109,57,170,89,57,101,70,53,130,149,152,167,86,42,70,118,106,121,149,106,86,118,121,109,78,60,109,138,89,50,101,109,70,75,86,129,101,60,129,126,33,21,50,75,141,149,121,157,118,106,70,78,101,75,57,57,89,97,60,86,50,109,70,86,152,89,176,42,129,57,75,123,97,67,42,42,97,135,184,149,118,138,181,149,126,103,40,33,83,75,57,31,86,97,42,86,106,106,42,86,94,115,11,54,97,138,86,83,40,126,106,40,21,57,27,67,106,83,75,21,75,86,126,67,138,146,97,72,40,183,174,118,75,57,57,57,41,19,103,97,50,97,106,135,94,41,41,126,57,75,75,7,11,16,41,156,203,97,64,57,27,83,50,33,86,97,103,67,50,117,41,1,11,19,11,19,27,21,10,21,67,105,174,117,174,137,166,183,117,156,117,114,105,137,105,117,148,105,96,137,123,126,166,134,145,96,137,86,123,137,117,137,171,156,117,148,164,86,137,137,156,137,197,67,96,216,57,171,125,117,148,105,96,134,148,166,117,155,173,105,125,122,148,117,183,173,165,173,165,148,72,96,117,85,57,57,41,57,96,137,137,163,153,125,96,117,165,148,137,105,85,57,33,125,148,96,155,105,85,105,197,155,148,155,205,173,197,125,117,105,125,171,173,155,145,105,197,173,85,7,6,27,27,11,57,147,165,182,85,21,93,66,85,93,50,57,96,116,41,74,96
138,33,21,35,70,57,11,89,152,44,53,33,89,89,53,106,7,57,121,160,186,141,42,106,152,78,152,206,118,138,121,177,118,101,75,186,106,109,138,130,170,130,89,60,97,121,121,60,121,129,67,78,167,70,60,129,121,121,60,89,67,86,121,106,126,129,109,106,170,159,42,29,57,97,141,121,75,121,89,53,70,121,109,50,106,129,109,75,70,101,97,106,126,70,167,100,118,109,89,97,75,57,118,83,42,86,138,149,146,156,126,156,97,192,164,86,118,57,42,72,67,19,72,149,64,97,118,48,103,86,57,166,2,192,42,103,27,50,86,75,54,67,10,15,106,97,48,57,94,41,103,40,146,135,221,135,86,205,166,146,135,115,118,75,50,31,86,75,126,106,48,117,86,97,72,54,41,57,72,57,64,25,7,21,117,94,164,156,57,41,40,75,41,7,50,50,41,75,19,16,57,31,27,6,11,27,7,41,41,1,7,21,137,137,86,105,205,123,97,145,94,105,117,166,197,148,135,137,105,86,94,72,75,148,75,117,148,134,86,105,93,125,166,105,145,164,122,47,137,105,156,166,96,125,216,166,117,105,166,189,137,86,153,105,155,191,125,197,117,125,134,148,137,105,153,173,173,148,105,75,57,67,105,96,66,125,148,114,117,148,191,163,165,148,105,125,137,96,153,165,105,57,33,137,165,117,155,136,64,148,182,182,205,191,155,173,148,136,163,125,191,202,105,96,155,136,102,148,85,7,50,85,7,96,116,180,191,105,41,4,41,85,16,21,50,50,50,41,216,116,96
97,57,21,44,67,70,57,60,35,106,101,150,27,118,87,43,50,57,60,138,167,184,141,67,109,152,75,75,194,89,127,198,42,121,75,211,78,177,70,138,167,75,57,121,106,89,170,127,75,192,21,186,50,97,67,121,70,57,60,60,97,43,50,97,149,86,70,89,194,106,75,11,43,157,109,43,78,57,60,78,106,101,106,86,152,118,70,129,106,75,141,129,106,60,43,70,200,109,70,97,72,65,72,86,67,118,118,97,138,190,149,97,135,181,167,106,42,40,42,21,42,75,72,94,65,65,57,42,94,86,118,57,42,115,86,106,33,15,86,40,54,50,33,31,83,75,16,86,118,67,48,27,156,156,146,166,221,135,115,115,210,203,146,25,50,137,41,106,75,106,117,97,33,40,156,97,41,97,41,15,97,72,16,16,33,33,41,137,67,25,57,21,41,67,72,21,86,86,67,33,19,15,15,50,33,57,54,7,2,6,1,1,126,191,183,114,164,191,97,135,166,183,197,148,114,137,137,105,126,126,117,64,57,137,86,96,67,166,86,105,96,86,114,183,148,105,96,96,96,191,137,105,105,195,205,122,164,122,183,153,117,191,114,117,183,148,125,166,137,155,148,148,117,148,148,148,183,163,85,75,85,105,72,137,117,155,155,125,148,155,155,173,171,148,85,117,105,125,182,182,148,66,25,125,233,197,117,117,117,148,125,136,173,205,136,197,155,85,125,125,117,165,105,74,145,125,155,165,57,57,57,66,125,125,105,136,216,136,21,6,25,41,66,41,27,82,136,105,66,117,50
50,98,101,53,44,76,78,53,44,121,78,50,78,70,50,29,27,35,109,175,78,152,170,53,42,138,175,67,152,130,160,53,141,109,121,43,67,101,70,109,157,101,70,101,121,130,97,97,160,89,70,167,33,129,109,60,129,106,89,53,57,106,78,97,129,97,70,57,177,33,109,33,118,21,101,141,118,141,89,109,109,106,126,109,70,89,53,121,106,60,43,129,101,57,35,57,138,101,60,70,126,118,40,86,118,86,75,118,115,146,149,86,146,126,126,135,57,54,54,40,57,106,75,57,65,48,48,75,72,72,54,50,94,40,106,86,42,83,48,86,86,15,33,83,54,72,50,41,75,83,75,50,27,203,97,217,106,135,149,103,198,198,83,57,86,97,31,48,86,115,27,86,40,94,154,123,57,137,10,86,75,57,27,16,15,31,149,86,72,50,75,11,72,11,86,41,67,54,27,72,41,57,11,48,103,72,97,105,97,50,41,21,174,205,137,189,183,137,166,166,183,105,105,174,166,156,156,94,114,137,96,117,105,117,117,164,137,86,191,105,50,105,183,195,86,86,156,148,148,191,125,86,197,125,156,164,153,171,148,117,117,197,191,171,125,86,156,156,191,134,75,117,137,117,148,137,155,210,134,72,148,85,31,173,189,148,155,137,191,165,173,165,125,155,105,125,180,182,155,180,155,66,41,105,216,224,74,117,165,85,182,155,96,105,165,125,155,125,136,136,105,136,155,125,125,155,125,136,74,165,125,66,136,39,50,191,244,197,50,16,33,50,85,105,57,85,57,85,93,33,41
106,57,89,127,76,44,97,106,78,42,106,101,50,89,35,27,16,121,138,109,138,138,109,118,127,87,109,97,130,177,101,22,141,57,97,57,118,29,127,21,67,141,101,70,121,130,43,86,198,5,106,106,129,141,97,129,121,53,60,101,97,50,89,127,121,43,57,57,106,57,101,97,109,78,60,97,75,118,70,106,200,106,109,106,60,70,121,101,194,141,78,109,67,70,70,22,53,170,86,86,118,86,67,86,94,75,83,118,126,115,138,126,97,123,138,206,118,67,67,97,106,94,50,86,75,42,72,97,48,48,94,86,67,25,57,86,97,97,67,75,33,40,50,64,33,57,97,57,75,75,48,50,67,115,54,40,67,41,67,57,156,154,75,41,41,97,94,25,40,97,75,41,75,7,149,106,97,67,16,94,64,64,31,48,83,86,21,57,57,75,75,48,16,16,114,57,67,25,83,67,6,11,25,16,72,117,156,191,166,105,94,137,137,123,183,94,183,174,205,114,41,117,183,183,137,114,166,216,191,50,148,134,114,137,166,123,125,96,156,125,96,156,156,137,145,102,145,183,105,96,181,148,174,156,166,173,148,122,156,122,96,96,183,183,148,137,134,105,96,93,75,137,125,75,180,148,137,205,125,137,41,57,41,165,165,75,189,183,148,205,225,114,173,165,171,155,173,173,155,171,173,145,85,50,117,205,165,191,182,125,191,66,155,105,163,96,148,155,173,163,122,125,165,165,125,205,41,216,64,134,93,57,96,57,57,197,247,173,41,21,27,93,105,96,85,50,33,75,41,27,67
127,89,50,78,44,33,53,97,87,67,35,130,42,97,16,75,121,70,130,118,97,118,101,101,67,70,130,89,57,75,70,60,184,150,53,78,194,101,70,160,127,109,106,106,97,89,78,75,22,170,78,141,121,106,127,157,29,89,121,50,121,106,75,129,121,78,97,101,67,101,106,53,101,50,60,57,129,50,101,60,177,106,29,101,78,89,152,141,75,29,129,43,97,109,35,121,43,101,106,65,97,103,83,72,67,123,83,83,135,57,174,83,94,146,135,146,126,94,156,174,149,103,54,54,86,50,67,75,27,67,106,67,33,48,48,67,72,97,50,25,75,115,27,16,72,97,75,57,50,106,86,86,31,15,41,21,50,40,33,67,106,86,50,41,48,67,67,64,33,67,97,33,16,117,75,21,97,86,114,19,25,97,64,41,33,33,117,106,41,25,64,2,67,123,16,106,48,57,97,1,94,27,83,72,75,145,164,210,64,166,123,135,103,197,126,86,183,174,148,105,191,86,64,117,135,148,153,174,153,197,135,183,114,166,75,105,174,137,137,148,137,148,148,137,134,117,117,148,137,96,137,166,125,156,195,183,114,117,96,93,96,83,145,166,145,156,96,86,117,137,137,85,96,148,102,117,191,145,122,85,41,75,105,96,114,122,155,165,137,216,203,85,165,191,195,153,165,197,165,155,155,148,85,66,136,197,182,221,191,165,125,93,205,197,136,148,117,155,165,165,148,125,148,165,117,191,165,173,57,125,66,117,96,74,116,125,148,105,16,41,75,75,86,105,96,27,85,16,96,67,57
150,109,22,89,121,78,35,42,89,76,35,160,60,60,33,118,175,160,121,67,75,121,109,121,157,130,167,130,70,121,118,101,78,75,160,106,130,130,109,70,75,141,130,130,101,106,22,101,89,101,138,109,35,89,152,5,106,170,109,57,129,141,33,70,170,75,109,167,78,157,106,35,75,75,89,101,109,57,43,43,29,138,78,43,89,86,109,109,12,42,53,167,126,78,70,101,121,109,121,118,67,126,48,33,72,75,94,149,146,181,67,165,75,94,167,50,167,106,123,156,149,97,75,33,94,156,65,33,67,21,72,83,72,50,42,42,64,118,25,86,106,115,50,33,138,115,41,57,57,86,86,97,33,15,75,31,106,57,31,86,86,41,50,33,67,97,106,72,50,50,83,67,67,40,50,86,106,75,86,33,21,72,57,11,48,57,21,57,57,27,57,57,33,21,41,27,156,164,27,57,33,48,54,86,117,174,148,117,183,126,117,94,148,156,75,174,183,83,105,166,197,126,31,114,174,166,135,174,205,114,105,148,94,137,145,75,148,72,148,96,137,171,191,145,148,156,137,166,117,137,148,137,117,148,156,197,153,86,148,96,86,145,156,83,96,153,148,156,173,148,125,93,148,134,105,155,189,183,85,57,117,96,137,117,137,125,93,96,134,105,125,125,64,197,189,165,155,137,165,165,137,85,102,96,153,216,173,173,165,155,117,117,148,136,136,165,105,117,148,148,165,117,114,165,125,134,165,173,85,85,85,85,105,93,67,96,19,67,7,33,96,86,117,50,57,75,57,27,75,41,31
141,98,44,76,109,98,35,53,76,76,76,78,29,27,157,150,141,60,106,101,101,130,118,109,35,50,177,167,167,152,106,109,206,53,101,121,118,101,78,138,160,127,70,75,106,53,152,160,130,42,101,97,170,89,106,86,70,78,109,152,33,101,121,70,97,127,129,175,121,138,75,126,29,101,159,57,121,106,50,89,53,78,141,75,57,50,60,43,27,12,53,126,106,43,101,157,109,167,126,123,31,40,157,83,67,94,67,118,123,57,211,103,146,86,126,106,19,174,164,106,50,42,57,94,75,42,54,54,67,7,86,115,42,67,64,50,72,86,94,64,72,86,103,86,57,57,94,67,72,50,67,86,86,41,67,50,97,123,67,115,94,40,40,27,86,149,106,64,75,97,115,67,48,75,97,97,117,48,106,106,27,41,57,50,33,86,41,86,97,41,31,83,21,16,33,72,67,146,72,67,21,27,67,27,41,50,117,137,64,83,86,174,191,75,64,97,27,137,117,166,148,166,183,226,174,75,117,96,156,174,94,94,171,27,171,171,64,153,166,96,183,191,205,197,156,117,137,183,156,125,122,134,117,105,114,222,96,226,67,50,86,93,125,156,137,148,156,137,86,114,96,191,137,137,191,166,148,148,85,72,114,125,148,137,125,155,125,67,75,85,125,137,85,122,155,163,125,117,155,182,137,117,148,85,148,230,125,105,155,148,117,134,117,96,102,148,136,117,163,173,155,145,117,153,155,105,148,210,66,50,41,31,148,57,41,33,33,31,33,41,75,75,75,33,57,67,57,31,21,96,41
157,121,53,22,87,89,35,78,67,33,89,44,21,78,170,141,152,121,76,75,109,87,130,121,101,67,101,127,138,138,138,109,53,70,70,101,57,138,50,118,130,75,75,33,60,149,106,67,67,53,160,121,97,70,157,157,75,57,78,89,129,127,75,75,121,106,43,106,106,101,97,106,42,106,118,57,106,70,57,121,67,121,138,121,86,89,78,50,12,29,67,75,157,159,70,70,53,141,129,50,97,97,149,83,11,103,94,83,94,192,192,181,103,67,103,94,123,67,167,156,33,48,138,48,40,97,26,42,11,138,57,54,97,50,86,97,50,31,72,57,67,72,72,64,42,57,86,72,72,86,50,146,75,31,67,57,75,106,123,86,75,41,57,86,48,86,106,57,48,106,86,15,97,106,75,50,75,137,41,83,83,41,64,67,50,25,25,86,86,64,33,48,57,86,54,48,75,106,106,48,50,25,16,41,50,54,105,166,117,183,137,114,126,183,126,97,97,137,137,191,164,126,117,117,148,97,164,197,117,105,153,75,117,137,148,27,148,174,126,94,57,125,166,183,148,137,137,93,93,183,96,148,105,96,205,156,156,105,156,191,148,93,96,137,173,183,86,67,117,137,75,125,148,156,163,173,173,125,105,134,137,173,148,148,155,173,125,57,125,173,173,85,163,117,165,165,105,114,148,155,182,145,148,165,191,173,122,117,105,105,136,155,96,105,134,148,182,148,155,165,163,145,145,155,156,156,134,183,117,67,41,27,148,75,21,27,75,21,41,86,67,41,40,40,41,15,33,57,21,64,85
175,130,50,22,76,78,22,67,78,42,29,35,21,167,141,186,152,78,138,78,109,127,152,130,53,109,44,97,186,43,78,89,184,60,170,70,57,167,152,167,89,70,101,42,78,152,175,22,149,70,106,60,200,106,29,152,129,57,78,118,121,97,67,109,170,43,89,121,70,60,75,78,101,33,75,170,35,53,53,106,157,121,109,126,167,186,70,43,16,29,121,97,121,121,57,97,101,138,159,97,54,103,118,50,57,97,94,72,123,149,118,138,75,106,97,118,123,115,115,118,118,67,16,16,21,42,75,48,86,156,166,57,86,67,86,75,21,72,115,97,75,64,42,64,106,64,48,64,57,106,31,230,103,50,50,57,72,27,156,72,57,86,83,83,50,57,118,40,33,75,106,21,83,72,72,94,31,97,41,75,106,57,41,33,31,31,31,86,190,156,41,86,33,33,27,75,41,86,86,48,67,50,21,25,48,126,97,156,137,97,97,86,137,174,83,135,123,137,197,166,97,75,153,145,117,156,156,117,183,233,126,123,102,166,137,96,148,86,117,114,96,191,125,117,137,96,114,148,195,148,137,105,105,145,216,125,205,208,148,148,156,75,86,137,137,156,122,41,189,93,86,86,156,148,155,125,96,117,85,75,122,137,96,166,114,155,145,67,171,183,93,125,155,155,148,148,85,137,155,148,165,117,137,197,155,148,165,148,117,155,148,155,105,191,191,163,197,165,148,148,134,137,174,134,137,156,105,192,137,50,54,33,93,47,33,57,41,21,27,75,67,67,27,27,75,47,33,41,27,27,105
139,118,57,42,42,44,33,78,87,67,29,87,106,187,130,177,78,97,121,60,138,175,87,89,109,127,101,70,152,29,150,130,177,130,106,118,121,50,207,127,53,121,53,53,170,60,33,106,160,35,141,53,130,109,121,121,109,106,35,118,129,35,53,109,129,127,22,101,50,101,50,97,33,89,129,27,60,97,43,70,192,97,57,101,50,159,53,67,12,43,121,152,43,106,121,159,78,106,149,106,67,97,135,106,67,40,40,40,16,67,192,149,115,167,123,146,174,157,123,146,115,31,10,67,75,33,86,126,97,97,118,57,83,72,57,67,94,72,97,106,42,25,57,42,19,42,86,149,27,57,115,181,115,123,11,86,75,86,72,86,86,64,57,48,106,118,97,97,33,86,83,33,75,94,86,75,67,50,166,67,50,75,57,48,33,16,41,97,222,203,50,57,25,75,4,48,67,40,146,103,15,27,41,21,50,197,226,97,126,86,41,171,156,148,135,94,148,105,174,117,67,117,210,191,114,137,102,195,183,183,181,126,166,166,102,96,166,75,126,105,105,126,145,96,174,148,117,197,117,148,145,114,137,117,105,174,205,148,122,166,145,125,96,148,148,64,122,148,96,148,225,86,166,191,125,67,27,57,173,155,85,75,148,137,165,93,83,171,173,105,117,148,85,183,75,165,105,155,137,145,105,125,148,155,173,155,125,137,191,155,105,125,148,210,192,174,156,198,126,64,156,174,148,96,96,148,134,192,137,67,75,50,31,21,75,86,33,31,67,33,50,86,27,21,96,148,117,86,50,41,156
78,109,118,60,12,21,76,76,60,50,89,167,200,138,141,130,121,118,53,89,150,121,53,109,141,118,106,53,89,170,167,157,109,150,130,152,121,50,170,177,50,60,89,101,152,70,60,101,70,78,127,70,97,43,121,141,141,127,118,33,75,159,121,101,75,43,149,57,97,33,50,106,78,89,67,207,106,53,89,109,109,89,43,67,35,106,170,22,35,8,89,157,53,157,121,129,35,89,67,50,167,149,83,126,118,48,42,33,42,54,242,211,106,192,106,118,123,106,126,154,72,42,31,31,57,86,42,57,106,103,156,75,33,72,50,40,83,57,48,83,40,31,15,42,97,86,106,72,21,50,94,94,97,106,11,67,106,106,48,41,115,57,41,83,115,118,86,106,48,118,15,86,19,106,41,50,86,67,126,72,48,64,33,57,50,21,48,106,146,174,57,31,106,11,57,106,86,72,94,86,27,64,72,50,41,117,232,156,148,86,72,137,197,67,226,126,156,67,86,174,191,137,72,105,145,156,86,105,148,117,137,117,195,64,197,197,105,96,137,86,197,205,105,126,137,156,75,171,210,75,125,137,105,83,166,210,122,174,174,148,137,137,210,122,50,125,122,117,148,216,148,189,105,125,96,86,137,117,148,145,93,85,155,148,145,148,85,148,137,96,125,85,191,173,155,197,96,165,41,182,102,148,165,182,180,137,165,191,148,86,96,96,192,148,137,211,96,183,153,125,137,166,125,125,96,156,174,117,123,50,33,50,10,21,125,117,57,33,41,33,41,50,16,11,83,205,205,156,67,85,226
121,167,121,29,22,35,121,98,33,53,152,167,138,130,141,138,138,76,87,106,78,57,67,118,141,175,141,67,118,177,186,152,118,170,167,141,78,67,57,121,109,50,106,121,97,127,70,70,121,109,78,57,152,109,60,101,138,75,50,70,192,129,78,70,75,97,53,159,86,109,57,101,11,86,121,16,152,29,57,106,57,106,53,53,118,121,109,152,18,97,89,78,175,78,86,1,118,29,50,72,184,167,48,126,172,103,31,26,83,86,172,182,115,118,97,86,126,57,86,146,94,86,42,33,83,50,67,48,75,26,16,86,115,50,21,75,54,15,65,67,54,57,42,42,123,94,54,48,75,25,57,192,21,50,67,33,106,75,75,83,57,75,48,97,86,57,106,97,75,86,57,57,21,75,50,97,50,40,72,75,54,57,50,75,67,33,57,67,75,117,106,48,75,86,11,106,50,106,33,106,72,57,50,41,27,50,230,196,57,137,117,148,156,105,94,145,210,135,126,126,126,75,137,137,117,123,148,156,114,105,166,148,174,174,86,197,166,166,183,183,166,183,156,148,123,105,166,117,134,102,105,117,125,137,86,86,164,117,166,145,137,86,67,122,96,125,117,137,166,156,166,173,86,75,125,72,189,137,166,67,125,148,148,183,191,155,102,85,125,125,105,195,197,191,117,148,165,114,183,165,148,171,145,155,137,156,166,156,67,75,117,166,75,57,148,183,126,156,148,211,96,148,148,166,105,67,137,117,75,33,27,27,50,67,117,156,105,96,27,86,41,21,25,4,102,217,217,105,57,148,217
167,167,57,50,121,67,33,42,53,53,217,106,127,130,152,87,130,109,101,78,67,101,101,89,109,170,175,141,70,152,186,150,109,170,184,160,106,60,42,109,101,43,109,130,109,97,75,152,97,43,118,170,109,97,127,60,75,127,127,121,50,127,160,70,50,159,127,194,101,106,43,101,50,35,43,152,78,53,50,43,106,167,75,75,121,43,170,53,60,22,78,70,141,43,159,194,70,53,118,115,72,126,118,106,103,54,57,75,75,97,26,135,67,27,97,21,57,42,86,67,72,86,42,27,138,48,75,86,26,86,26,33,106,54,72,48,75,72,106,75,42,40,67,48,31,97,75,67,48,118,75,106,149,31,31,67,86,86,86,97,25,41,75,75,86,50,97,72,50,67,67,67,48,64,83,86,41,21,64,57,27,54,57,31,57,57,41,41,75,67,41,64,33,114,7,97,72,72,31,117,75,48,41,27,16,54,181,209,86,97,105,145,103,171,86,117,156,156,126,83,145,148,103,97,86,114,156,67,137,197,94,156,145,166,197,96,181,197,137,166,205,117,117,148,117,96,117,156,105,156,125,93,102,86,148,148,183,174,105,105,117,134,93,148,137,148,148,105,137,125,183,156,148,105,137,96,96,125,72,96,72,125,122,67,153,191,148,102,125,191,148,137,195,153,96,173,125,148,148,137,137,181,154,97,50,117,203,156,192,105,86,96,6,156,75,50,183,50,67,192,181,156,166,183,145,75,86,148,137,50,57,54,125,96,117,166,198,166,33,41,105,41,27,11,50,174,198,125,50,85,174
121,107,150,50,21,89,33,22,57,60,198,184,152,67,101,138,141,70,67,101,78,150,170,118,53,89,167,118,60,138,186,87,78,138,141,212,150,121,121,75,57,70,118,106,109,75,121,87,89,130,130,149,78,43,118,57,78,127,67,86,127,138,141,60,43,129,121,57,127,106,101,109,53,109,50,60,78,78,53,70,118,126,138,129,89,78,109,152,8,16,60,159,35,200,121,42,157,121,94,118,72,118,106,83,48,15,86,126,16,126,42,86,54,15,31,16,7,50,97,4,21,97,65,67,97,86,65,135,65,65,21,65,86,75,57,115,72,48,72,97,65,50,86,123,86,72,83,19,86,64,48,154,94,31,21,31,42,156,83,50,41,27,75,86,118,57,40,106,67,67,97,106,94,115,75,86,118,48,31,75,27,57,67,27,57,48,21,75,75,21,50,103,31,31,75,41,64,54,31,94,72,41,75,40,33,64,174,156,86,72,126,126,103,137,94,145,105,137,137,148,117,97,86,126,145,148,105,156,164,156,123,205,105,105,105,203,203,117,137,50,105,148,148,96,105,166,148,86,123,153,148,117,148,153,102,75,47,86,96,156,181,191,117,105,216,137,96,75,166,156,226,153,166,105,122,156,105,125,166,117,93,105,137,83,57,105,137,96,96,137,117,165,191,57,86,86,105,166,174,97,156,137,135,105,67,105,192,205,231,166,33,27,33,40,50,67,105,15,41,86,96,183,211,156,137,148,148,156,183,93,117,166,137,125,156,86,210,125,105,7,57,105,50,21,57,125,205,148,4,75,148
130,89,107,98,60,44,67,8,89,218,139,150,106,87,138,222,42,127,138,130,170,152,167,150,53,118,44,118,141,89,152,89,152,87,141,184,152,87,127,50,53,106,106,70,87,75,121,42,157,149,33,127,121,60,89,152,118,97,78,97,121,141,106,57,86,60,60,129,75,109,121,89,60,67,101,89,75,57,86,101,106,118,121,101,53,89,121,53,43,70,60,152,70,89,121,129,70,106,106,97,97,97,174,118,97,42,31,103,50,42,50,16,103,27,7,118,5,27,26,65,42,86,57,42,67,97,115,27,48,123,86,106,94,72,86,75,118,26,83,83,97,57,27,97,156,33,72,42,75,75,97,57,11,149,33,25,25,86,25,86,75,40,57,86,54,126,106,75,67,75,50,97,57,97,115,97,75,54,40,33,75,75,41,57,33,21,27,57,57,75,83,106,41,67,33,21,64,50,41,67,67,27,33,15,75,156,146,135,97,86,126,103,123,123,114,123,156,135,145,156,137,145,137,156,137,105,166,183,97,181,156,183,47,183,191,156,233,64,105,67,181,191,145,126,148,145,105,67,96,183,57,148,171,83,117,86,148,166,220,145,148,148,166,156,117,93,125,183,47,191,117,153,183,105,117,125,122,86,21,105,210,197,163,137,137,148,96,96,105,126,156,67,117,86,48,27,148,156,146,174,50,57,117,183,198,156,156,217,226,211,50,33,75,50,94,57,50,126,57,16,57,211,205,148,117,156,174,156,164,156,137,166,174,183,125,86,156,148,166,57,33,96,57,7,96,174,183,86,16,125,125
150,118,109,29,60,35,16,5,107,152,139,192,160,67,192,157,98,167,118,109,152,101,78,138,60,76,50,186,101,141,127,175,121,141,157,127,127,87,121,44,53,106,109,106,53,89,118,67,101,60,97,87,127,60,101,97,109,75,109,106,67,106,130,106,89,42,170,118,43,121,89,101,97,121,101,57,89,109,101,109,127,152,78,43,101,75,101,167,57,43,89,126,141,70,67,89,78,106,97,67,157,72,50,135,174,167,72,50,103,123,57,48,86,106,26,1,86,75,65,72,72,86,21,27,103,50,83,15,86,106,149,86,97,57,115,21,138,31,65,97,97,97,75,97,115,86,86,67,33,106,31,126,94,156,25,94,156,16,75,83,67,83,50,50,118,41,97,106,21,31,72,7,103,75,149,50,25,75,41,106,75,33,41,67,54,33,75,57,67,166,27,86,94,57,25,41,54,50,86,67,75,33,7,33,149,135,166,183,97,41,117,117,148,171,94,75,156,171,137,156,156,114,156,148,137,156,117,97,166,156,105,105,105,135,148,174,114,166,153,156,137,205,174,96,183,189,117,117,148,75,105,183,156,125,54,117,134,148,174,145,148,156,166,156,105,105,156,137,173,41,156,137,134,148,33,173,50,27,148,197,166,216,117,117,137,154,183,137,156,105,105,174,137,86,86,86,75,174,156,67,57,126,172,206,174,148,198,230,192,211,86,50,33,148,67,96,57,75,67,27,148,203,137,126,156,117,137,166,117,164,148,125,156,148,137,117,174,183,166,174,75,75,72,21,122,217,191,125,75,67,96
118,121,57,76,87,16,2,101,109,152,157,101,157,142,184,78,152,78,121,167,98,67,87,101,130,78,70,106,141,206,118,138,87,130,152,130,127,130,57,106,130,75,101,109,43,50,57,78,75,70,175,78,97,57,70,50,152,70,60,121,89,60,160,130,89,101,109,129,97,78,127,109,106,129,53,101,101,106,138,167,70,50,127,57,53,126,97,109,175,70,121,129,129,129,89,86,109,106,118,138,103,138,123,138,165,94,57,75,50,72,72,72,65,67,67,40,86,106,67,26,57,72,57,33,67,40,42,94,75,42,106,26,27,67,75,11,94,50,50,118,115,106,115,67,86,118,94,106,33,40,83,166,50,146,86,21,27,135,33,64,97,103,97,50,83,149,41,33,97,48,115,4,75,106,72,57,67,86,21,50,126,137,64,21,31,72,83,57,97,154,27,97,149,31,54,72,41,48,149,57,2,33,75,123,164,166,166,126,97,50,117,117,171,148,148,97,137,156,105,86,145,156,148,105,105,156,114,117,156,114,117,123,105,137,153,117,156,197,156,102,191,166,156,96,137,191,156,126,96,156,137,117,210,148,181,137,105,156,117,189,148,148,156,96,75,102,122,96,171,75,148,166,117,148,106,41,103,164,126,198,198,217,192,192,209,166,198,164,166,105,156,149,33,105,105,217,206,166,117,126,126,83,148,174,166,50,86,183,135,137,211,1,41,57,96,117,50,86,117,21,83,145,148,105,105,174,198,171,171,183,117,148,148,57,183,137,148,183,183,174,125,125,137,83,105,156,217,210,86,75,174
67,98,160,42,1,35,87,175,150,142,184,167,152,177,152,130,139,98,139,187,98,57,118,106,67,109,141,89,78,97,121,184,78,78,75,138,78,42,150,127,60,101,97,87,89,35,60,89,157,43,149,67,106,89,89,106,106,101,101,70,109,60,106,141,78,130,33,170,97,109,109,97,70,57,60,97,70,53,121,118,109,89,101,57,33,167,75,97,97,121,129,109,170,141,89,78,101,135,167,118,115,67,67,75,57,48,65,106,115,48,40,97,86,33,106,86,67,72,86,72,50,67,75,72,86,97,33,57,67,57,146,48,48,75,54,21,72,54,72,126,94,86,106,57,67,83,83,126,25,57,118,42,57,126,118,50,75,75,31,50,75,50,67,126,50,54,123,149,123,83,21,19,106,33,41,103,33,40,123,166,72,97,27,4,126,50,11,72,50,67,75,31,50,41,75,27,54,72,50,27,7,50,123,156,183,137,97,86,174,106,75,117,117,123,174,135,154,105,105,27,174,166,67,135,148,135,189,105,114,153,174,148,102,148,164,75,164,174,97,86,145,164,205,174,134,156,126,105,183,183,153,148,156,148,75,123,123,105,156,125,105,96,191,148,145,148,148,137,67,146,196,117,135,183,117,75,97,156,242,196,222,166,192,149,117,174,174,156,183,149,174,57,149,174,192,156,198,222,192,166,148,105,166,172,50,11,7,86,137,156,86,117,48,96,83,27,166,33,57,86,67,137,148,148,137,166,171,198,183,145,105,96,174,164,174,117,156,198,166,156,198,156,117,117,105,125,210,156,148,191,174
67,70,33,22,44,224,187,170,175,206,89,139,127,101,127,127,67,167,192,130,98,121,118,109,109,89,127,127,60,130,138,89,57,70,78,101,70,97,121,101,70,101,101,60,97,89,97,89,118,43,177,43,127,53,101,101,101,89,106,60,70,70,70,130,101,127,97,121,106,70,70,118,12,141,75,43,57,75,109,67,127,109,33,109,89,97,60,101,35,121,106,194,170,109,109,70,70,123,118,106,126,118,42,42,57,67,57,72,57,86,42,48,118,75,72,126,115,94,67,86,33,16,106,72,33,57,50,21,138,65,54,103,67,26,86,106,42,57,86,83,97,83,50,97,106,103,75,75,42,67,67,33,106,83,126,86,31,27,31,57,64,50,54,103,97,41,123,166,33,57,94,40,21,40,21,149,57,67,64,83,57,27,64,75,57,64,83,21,67,25,33,75,16,19,117,41,41,57,27,57,54,41,149,174,137,57,149,83,174,103,114,137,48,72,148,114,191,50,174,126,64,57,50,181,189,135,137,148,97,197,105,197,148,137,156,83,183,135,137,117,105,105,174,195,105,105,137,105,105,156,117,148,105,145,83,125,148,105,137,86,105,145,137,102,123,149,183,192,149,86,166,198,149,156,97,183,192,106,154,149,97,156,156,117,146,192,149,149,126,103,196,103,137,149,149,57,204,206,67,198,156,156,172,126,64,33,64,21,67,205,154,166,50,11,148,21,123,41,137,226,174,105,117,135,156,148,183,174,156,86,156,148,156,236,205,156,148,166,231,174,156,148,156,125,125,96,156,105,148,166,166
35,42,22,89,53,195,139,195,150,101,98,130,98,44,142,87,53,67,118,87,87,127,152,118,118,207,127,60,50,76,177,152,127,70,101,121,109,118,175,78,78,118,106,60,33,44,89,130,78,109,160,106,118,60,60,127,130,70,109,118,50,60,121,121,109,109,121,101,101,106,78,97,78,101,118,97,42,159,97,97,101,97,67,159,97,50,78,109,50,121,78,186,43,126,78,43,118,50,149,149,118,67,86,55,42,86,57,72,72,118,50,50,67,72,97,57,86,149,21,33,97,40,42,118,31,40,97,15,26,67,50,97,86,42,67,118,21,118,106,50,97,106,40,83,40,115,50,11,118,19,54,75,97,33,115,31,31,42,54,75,50,48,97,86,67,50,75,86,54,75,86,48,97,25,33,97,86,48,11,83,118,27,31,57,57,27,4,16,54,106,21,27,86,57,27,67,50,117,75,1,41,126,126,135,126,97,166,126,27,174,166,86,67,97,174,154,105,205,174,164,64,86,148,145,117,148,105,166,67,210,117,166,117,191,117,216,156,174,174,105,102,117,117,137,94,86,137,153,72,171,67,148,156,145,103,67,149,166,97,97,149,123,156,149,137,172,192,137,126,137,166,174,117,97,97,117,117,156,97,97,149,117,149,137,50,117,204,137,146,192,105,117,149,192,67,86,192,135,217,117,126,123,232,206,183,86,11,67,148,192,192,156,33,27,96,105,75,192,192,137,105,117,105,75,57,105,148,117,137,174,174,57,148,217,174,93,156,148,233,114,105,102,156,96,96,148,105,156,137,191,166
50,16,127,89,60,184,130,118,142,127,127,142,60,175,107,89,89,150,139,139,89,89,127,98,222,130,89,177,109,130,138,42,130,141,109,70,118,87,78,130,109,106,106,60,27,184,44,50,118,67,106,127,118,109,97,127,160,127,109,109,35,35,97,109,97,60,53,97,127,109,97,89,97,43,106,127,89,157,75,109,109,101,121,127,106,67,101,60,70,121,57,106,78,141,70,75,67,106,198,106,33,86,86,40,33,106,174,72,86,72,86,50,86,118,33,40,75,103,67,26,72,72,67,50,33,33,86,42,94,42,123,67,118,94,75,19,33,75,106,57,48,97,97,67,126,83,106,42,115,149,75,42,27,72,42,25,166,126,146,50,40,86,75,33,31,75,86,16,192,41,149,75,48,94,75,41,67,72,83,86,50,50,27,27,83,75,16,27,64,149,50,54,86,50,97,21,86,75,25,97,27,86,97,106,164,156,64,149,114,164,149,67,174,146,135,189,105,156,105,75,97,148,183,86,97,191,135,117,137,183,148,86,156,114,166,153,181,171,67,96,86,137,114,105,137,105,123,145,148,174,149,156,184,156,86,118,198,204,126,137,156,149,149,174,156,156,137,94,126,83,198,126,57,126,83,57,149,156,117,126,181,156,106,106,126,174,206,174,86,86,117,50,164,209,75,57,67,117,206,156,174,166,156,217,206,137,148,192,166,174,226,126,41,137,67,126,86,211,247,183,183,171,148,148,137,96,137,211,233,231,156,105,105,156,192,96,105,156,105,125,117,96,134,117,75,156,156,102,137,191,166
60,44,42,35,44,184,157,101,167,121,193,76,217,78,89,184,170,89,98,121,130,121,141,195,76,208,78,194,53,138,170,42,187,22,106,60,50,101,130,101,78,160,87,53,33,44,118,50,101,109,89,127,127,50,97,97,109,127,106,109,118,89,60,70,70,152,152,121,118,67,75,33,42,152,57,129,121,101,101,101,75,121,129,70,101,121,70,97,109,89,89,70,121,57,106,106,67,118,146,94,42,50,50,72,75,48,118,118,42,86,72,67,72,42,57,65,97,115,97,21,48,83,40,33,57,75,94,72,42,57,118,106,106,86,26,72,33,106,126,86,83,48,67,86,97,118,115,94,50,42,217,106,183,57,33,97,97,75,118,126,50,42,16,33,27,50,156,86,115,27,192,25,48,149,50,31,138,67,57,83,54,57,57,41,75,48,48,48,64,117,117,41,27,75,117,50,50,126,25,10,67,126,172,149,106,50,67,86,67,83,126,75,67,137,156,191,94,50,156,174,191,105,166,166,137,191,105,137,153,156,114,156,137,94,102,105,148,117,67,174,97,86,156,126,154,154,138,106,204,86,174,115,146,156,97,184,206,206,156,146,97,118,198,211,174,97,86,106,42,106,192,67,156,149,156,57,216,231,174,166,149,166,146,156,192,154,156,103,33,57,137,154,123,156,105,33,105,105,156,226,174,117,67,192,222,117,174,174,126,183,209,226,137,75,57,96,126,174,198,174,231,211,198,211,217,222,217,217,233,205,148,137,156,105,192,166,96,105,57,156,148,125,156,164,122,125,96,105,183,148,148
70,78,27,27,127,200,184,109,152,98,187,175,78,67,177,118,142,139,118,118,152,150,101,50,130,89,121,44,118,175,78,184,22,67,50,130,97,87,118,42,27,141,97,53,130,130,44,89,57,160,70,175,44,130,27,127,75,121,141,60,60,121,53,89,86,106,86,89,89,43,33,101,86,60,43,89,109,53,109,97,97,141,89,70,106,101,29,109,101,89,121,97,70,43,126,109,67,94,118,86,33,27,97,97,48,42,57,86,67,50,31,65,48,94,42,57,94,115,67,42,67,97,67,27,42,135,48,67,94,57,106,67,67,106,97,40,65,86,118,57,57,50,97,167,75,97,67,57,57,97,86,15,126,42,149,4,97,192,97,57,67,21,33,50,138,33,75,48,33,183,1,183,27,40,86,97,106,57,31,106,86,33,67,75,57,75,31,57,41,86,67,41,64,33,97,86,50,117,126,16,33,166,149,72,57,75,137,154,33,86,166,166,57,114,174,106,64,106,174,137,67,105,156,137,105,166,148,156,181,135,103,154,106,146,118,97,83,149,97,118,149,97,126,126,138,156,138,135,167,103,126,149,106,138,156,115,172,184,123,94,106,149,198,174,126,94,86,149,137,106,206,97,181,106,216,198,226,226,237,97,135,117,149,192,192,156,97,27,137,86,64,174,198,192,166,33,94,117,156,166,126,123,126,137,174,114,156,226,166,196,231,233,86,211,148,54,75,192,233,174,166,222,242,242,247,222,166,211,209,156,183,166,86,153,166,148,96,75,183,75,96,148,105,148,137,137,183,137,166,166,105
76,76,42,27,89,198,208,157,160,130,139,109,150,127,139,53,87,109,101,101,127,139,87,109,21,76,130,106,231,89,118,87,87,150,170,130,141,78,109,167,127,106,121,33,127,130,33,70,8,200,118,130,121,89,75,109,138,106,57,78,121,78,121,130,149,118,97,16,121,53,33,53,101,43,109,121,89,70,97,127,70,60,70,78,60,60,12,35,89,42,109,89,60,86,129,67,126,124,75,31,40,83,86,48,48,86,86,86,75,67,40,75,48,83,75,42,50,42,72,65,54,65,40,27,33,75,97,86,75,65,106,106,57,106,57,97,48,75,33,42,67,97,106,86,86,33,97,106,106,48,42,115,50,57,106,31,83,7,83,106,25,64,33,21,83,149,50,33,154,33,75,42,149,42,86,106,16,149,33,21,86,33,33,97,31,118,31,41,11,21,94,57,2,25,57,94,114,172,137,67,50,67,67,117,166,149,40,57,106,126,166,156,114,126,50,126,137,148,156,148,183,97,75,105,118,138,118,149,192,192,138,138,126,97,149,167,86,86,118,42,138,192,106,94,138,138,138,106,149,154,75,226,106,118,126,126,118,166,126,138,192,126,166,166,137,156,115,156,184,75,156,149,154,117,156,198,206,206,211,86,156,149,67,137,166,137,86,41,67,198,156,215,236,192,166,137,86,183,192,94,94,117,97,67,83,97,217,217,174,97,217,203,181,222,192,67,21,41,198,192,156,198,244,236,137,117,183,203,156,231,236,126,126,183,137,86,117,86,57,148,137,122,105,75,117,117,96,156,102,96,137
76,78,76,121,109,89,208,139,130,175,130,139,150,109,152,98,89,139,98,98,109,98,67,44,42,121,127,152,109,152,50,130,160,106,170,152,127,177,207,121,78,118,87,109,121,44,152,60,53,200,50,53,60,170,87,152,175,97,29,57,106,109,78,121,152,70,89,157,70,53,57,60,118,101,60,97,86,149,149,118,70,60,157,89,21,118,60,78,75,53,101,106,101,121,53,126,94,86,33,40,48,40,67,75,75,67,67,86,97,75,86,31,94,75,94,67,65,31,57,67,65,67,21,42,72,54,97,86,48,106,126,54,50,75,65,106,65,33,65,94,97,75,86,54,83,94,75,83,54,115,75,57,106,65,65,48,42,156,50,40,75,75,86,21,75,75,21,106,67,75,97,106,27,57,41,97,94,67,75,86,41,50,33,41,31,137,192,1,86,27,67,86,1,57,11,137,149,205,156,50,33,67,117,149,166,166,27,126,156,106,97,135,83,156,138,94,86,146,172,94,94,192,149,123,94,206,157,175,198,57,138,106,118,138,103,138,138,86,157,149,149,138,118,138,118,118,97,118,154,206,167,167,135,86,94,123,83,181,172,118,103,138,174,198,217,172,97,172,174,117,72,174,117,126,126,123,117,126,156,222,174,137,67,57,123,97,57,27,57,217,222,217,156,183,164,231,105,117,149,149,97,97,137,117,137,217,105,105,236,166,249,174,244,123,226,117,67,11,156,233,205,205,222,226,198,192,211,94,148,183,166,198,67,41,156,105,105,96,166,174,125,122,125,96,27,125,226,117,105,137,105
89,29,44,89,107,150,193,139,142,160,42,152,130,142,139,160,150,98,67,78,89,78,109,89,53,141,177,157,70,60,170,130,87,138,118,118,152,127,22,121,157,89,106,121,121,175,70,76,109,141,78,177,60,150,130,101,78,109,44,50,89,121,78,78,127,70,138,170,170,53,175,60,101,35,192,29,53,149,109,60,106,152,70,60,97,152,121,42,16,170,109,109,67,141,97,157,172,75,65,57,26,42,83,50,97,26,86,67,83,72,86,31,106,48,83,33,146,67,27,67,42,57,65,94,103,54,33,67,65,86,86,72,75,154,27,50,75,42,75,97,67,75,86,33,57,115,48,57,86,86,75,97,115,75,48,86,33,42,106,118,106,86,94,156,40,50,86,33,40,138,67,25,64,106,31,118,10,40,40,86,41,57,67,31,27,75,83,16,75,50,10,126,27,41,27,86,154,174,97,33,67,117,172,174,75,86,138,75,83,115,75,94,138,190,86,126,67,184,103,97,138,118,118,126,135,149,118,97,165,126,118,184,138,118,149,174,174,149,138,138,167,198,106,135,106,94,86,149,103,156,198,167,97,174,135,75,138,166,138,50,67,118,166,198,198,126,149,149,156,198,137,149,97,137,183,97,40,137,198,237,174,106,75,57,94,75,27,42,106,226,236,217,67,166,174,137,149,97,166,211,198,174,206,174,166,181,148,117,198,198,217,242,156,166,126,67,166,97,198,166,156,156,205,183,226,240,126,135,137,156,198,75,166,183,96,96,148,156,105,11,148,183,96,86,137,148,125,105,164,183,105
60,27,57,119,170,193,98,101,87,121,119,127,87,130,139,142,121,142,139,98,160,195,101,127,177,142,187,160,142,127,18,50,141,141,101,53,101,121,78,60,78,121,130,106,70,121,109,101,186,160,70,206,109,75,89,89,121,106,121,138,109,101,130,70,130,141,57,87,138,67,35,127,75,127,33,60,33,101,106,106,97,53,57,109,149,60,109,78,101,159,60,78,97,101,200,118,172,42,48,103,57,115,94,21,72,75,138,5,106,57,40,103,31,86,48,83,106,86,27,97,75,31,72,67,97,115,86,19,42,83,118,86,42,138,40,26,42,106,86,94,94,50,42,40,42,106,83,97,86,57,86,42,86,86,42,106,123,86,97,118,57,106,97,57,106,118,75,50,115,72,33,118,97,75,42,48,83,106,42,48,86,57,27,33,67,97,106,106,41,42,106,67,118,7,1,67,86,33,42,126,175,206,182,149,86,83,206,31,57,115,123,146,118,118,118,146,138,138,138,135,157,75,67,175,149,75,138,154,175,106,138,97,75,192,106,157,135,157,138,167,206,184,154,149,106,106,149,138,184,149,118,184,67,97,138,149,126,166,106,67,86,149,149,126,174,184,184,126,138,184,166,166,192,106,156,190,94,154,217,198,183,50,33,57,75,72,67,75,106,222,196,206,135,117,198,117,117,117,149,231,240,209,204,206,174,196,183,126,67,75,64,137,137,148,31,86,86,156,148,137,105,67,105,148,50,126,226,192,86,222,126,137,137,222,148,137,57,105,125,205,148,105,125,137,153,192,205,156,125,166,226
42,35,167,167,195,160,67,78,127,89,89,187,78,101,150,150,152,87,118,101,109,184,177,87,118,224,177,98,107,109,141,152,121,118,106,67,87,130,106,97,101,121,70,67,121,67,157,177,152,157,150,160,177,175,121,121,130,121,70,70,121,101,106,70,29,121,130,78,106,170,89,70,160,50,97,130,127,89,57,53,43,89,118,101,89,60,12,192,106,129,27,167,89,109,101,67,48,42,42,94,86,73,94,33,33,94,75,75,40,42,86,50,42,86,118,106,50,67,86,65,57,48,40,40,106,106,31,19,40,86,103,27,42,97,42,26,83,94,72,72,83,75,50,50,67,33,146,126,40,83,94,94,57,118,54,106,97,54,103,75,50,86,86,97,42,67,25,106,83,146,21,75,50,67,75,75,67,33,86,86,86,73,50,26,48,33,57,94,67,72,86,42,118,55,16,50,40,50,149,83,149,175,126,138,172,146,135,167,138,118,94,175,94,75,138,97,210,126,94,192,118,123,138,126,106,149,106,115,165,67,192,138,167,42,167,138,174,103,154,154,206,156,75,149,138,156,126,75,106,97,118,156,97,103,166,67,149,135,138,103,106,166,146,97,192,206,222,204,156,126,166,166,206,154,164,166,137,137,198,146,97,42,57,97,126,137,86,75,123,206,166,183,198,156,198,137,117,126,174,217,233,240,183,137,183,166,126,75,27,33,57,94,105,94,102,50,211,105,126,174,117,27,50,117,67,67,236,211,148,205,137,174,156,240,222,148,50,125,96,156,105,105,137,156,174,148,86,137,192,137,198
22,53,195,201,187,98,67,142,87,89,139,150,130,142,118,139,139,118,139,118,76,139,130,142,130,152,89,109,67,121,195,89,187,167,138,152,177,121,76,87,78,67,67,157,106,57,57,150,177,157,141,53,78,75,89,89,101,101,53,89,127,138,53,118,130,170,60,109,109,89,157,60,57,121,70,121,109,121,101,101,118,70,53,67,101,121,109,101,177,57,67,149,50,101,118,33,42,75,50,42,84,50,86,73,27,27,118,27,67,21,33,65,72,72,126,97,86,65,86,16,15,106,94,83,67,33,40,106,26,42,97,42,94,86,50,26,65,33,75,65,57,103,75,26,86,26,156,42,115,75,75,149,50,94,97,50,75,72,118,57,33,86,118,75,48,75,50,75,106,115,40,50,106,94,40,67,75,86,65,57,149,115,67,50,33,94,115,73,50,31,33,75,106,149,154,67,138,118,19,27,118,206,149,175,138,97,75,86,138,86,75,149,146,86,123,94,157,157,135,198,138,192,154,42,157,217,206,106,167,172,135,184,138,72,198,123,190,118,106,156,156,167,106,149,149,75,154,184,149,174,206,149,106,192,25,126,184,118,154,192,156,126,118,196,216,166,222,172,174,198,154,156,164,226,126,106,206,137,183,117,97,114,106,206,217,217,57,137,166,172,135,106,222,198,149,137,86,156,198,192,209,242,211,97,86,75,83,105,16,33,105,50,97,137,148,97,135,117,137,137,67,41,41,86,105,86,137,198,211,217,231,192,226,248,211,174,117,57,41,174,148,137,117,148,148,156,174,117,148,134,105
22,53,139,211,187,101,119,167,53,139,107,89,167,152,67,78,152,139,119,118,142,89,89,152,167,70,130,60,101,35,170,130,76,121,177,127,89,141,118,101,101,109,106,60,106,130,89,177,150,121,106,106,121,121,101,170,78,35,89,177,170,87,141,130,101,44,127,106,87,50,121,127,29,149,141,97,106,141,170,50,57,160,67,109,118,89,101,43,127,159,70,106,97,43,50,42,48,73,86,73,86,48,67,86,26,31,31,97,50,57,33,65,67,42,97,106,103,50,42,67,48,67,83,48,42,48,106,75,40,72,67,103,72,75,94,16,27,65,67,103,106,86,50,48,86,57,97,42,106,31,48,123,33,97,86,97,26,27,106,55,84,127,48,42,106,97,84,42,86,103,57,86,146,65,33,75,75,42,75,86,103,106,31,50,75,42,97,94,75,33,16,75,118,124,192,48,50,40,21,83,126,175,184,126,146,167,175,75,86,138,126,149,149,72,138,149,106,149,167,138,106,75,97,138,184,196,217,106,167,217,72,157,175,126,118,167,190,149,154,154,103,149,135,106,149,156,174,138,126,75,156,149,138,106,75,184,97,106,154,149,166,222,166,106,174,138,184,149,206,154,156,137,126,211,184,206,75,198,156,137,174,183,86,183,252,198,103,174,97,137,50,117,174,198,164,137,64,174,166,198,221,233,217,86,67,126,105,83,41,27,123,54,105,166,156,166,148,156,148,57,57,86,33,33,105,94,54,72,192,233,222,205,226,240,205,183,126,117,183,102,105,174,117,117,166,192,166,96,166,183,96
44,16,78,208,218,160,127,130,109,121,67,109,87,152,121,87,89,89,119,142,121,89,118,107,60,57,107,70,130,78,87,127,101,67,152,118,42,141,212,152,152,130,138,150,70,152,101,177,109,206,76,170,44,141,70,130,89,121,152,150,141,152,206,78,106,127,33,35,106,109,75,141,89,101,106,78,109,121,86,160,97,16,127,101,109,70,43,109,109,149,70,86,121,70,57,50,40,67,67,33,40,94,16,55,48,57,42,75,27,19,27,86,103,21,40,72,75,65,31,97,72,26,40,75,54,42,86,75,86,65,48,67,67,75,67,15,67,86,57,157,126,42,75,106,75,75,75,118,75,97,31,73,55,106,67,106,115,26,97,86,115,150,40,97,86,75,55,75,106,94,97,118,27,67,33,42,42,75,106,67,86,86,26,50,67,26,138,97,149,27,21,75,55,86,40,40,40,48,33,83,167,106,138,86,11,16,97,118,50,115,118,126,211,182,149,149,126,106,167,149,138,106,106,157,138,57,86,146,75,149,157,149,204,126,72,206,206,174,198,157,86,123,106,123,198,172,126,167,156,97,149,154,149,72,138,118,75,149,167,198,174,149,149,118,67,146,97,67,174,106,156,166,126,217,198,16,206,233,123,183,206,166,137,137,206,226,117,156,137,222,25,156,97,206,166,67,156,149,106,149,242,240,183,114,105,126,50,50,103,75,156,50,126,86,183,198,205,192,114,75,57,75,33,27,94,67,54,16,105,123,233,226,198,240,198,174,96,105,174,198,183,166,156,156,156,156,96,75,96,122,67
18,5,70,177,208,160,89,87,130,109,78,89,67,139,177,101,76,109,107,101,67,89,118,70,50,70,109,142,118,130,130,78,206,139,121,89,130,141,160,160,138,109,101,138,76,67,97,150,157,150,78,76,70,177,121,60,138,194,152,78,138,160,87,130,101,109,44,22,101,106,141,60,57,101,127,57,60,70,97,53,130,97,97,67,109,78,89,101,60,121,53,89,78,109,94,106,73,31,48,75,67,33,42,67,33,106,42,115,33,33,135,94,26,40,57,42,75,94,86,75,48,50,97,26,27,42,72,86,42,97,106,48,106,87,57,42,65,124,97,106,106,97,118,76,87,97,97,124,57,84,33,57,106,84,106,87,157,97,84,118,118,106,86,86,57,55,86,106,55,127,50,106,42,84,26,57,75,67,21,75,84,97,27,21,33,86,67,97,97,86,192,42,50,75,50,106,27,57,75,67,97,126,146,206,72,118,106,97,57,118,97,149,42,157,97,118,157,198,149,86,106,157,157,138,167,157,196,97,198,198,149,157,198,206,126,157,184,154,157,138,97,97,75,167,222,156,106,126,118,138,167,167,106,86,118,97,138,192,156,206,184,106,57,86,72,42,67,138,50,156,206,103,118,154,135,67,75,226,222,183,166,117,117,67,106,156,117,206,244,183,156,156,137,217,106,106,211,149,149,137,233,242,86,48,50,16,41,57,105,148,31,75,156,67,126,203,206,192,75,72,86,97,54,41,126,105,67,96,126,86,96,205,126,196,217,183,126,117,148,174,174,117,156,203,96,86,33,117,96,75,148
29,11,53,119,170,177,109,70,101,67,60,78,78,127,170,184,177,130,78,78,67,78,87,78,89,127,78,139,195,118,101,101,184,157,130,130,141,177,150,98,130,130,127,177,127,78,97,150,206,160,60,89,70,106,109,127,150,141,141,184,177,138,78,211,50,130,60,175,67,101,138,53,57,130,97,78,86,101,57,109,109,60,22,130,70,109,109,78,167,50,43,43,33,29,94,86,94,19,42,75,27,55,55,21,75,146,73,40,1,196,33,48,86,33,98,76,21,115,107,67,73,50,57,26,57,67,67,95,95,11,67,95,33,95,106,106,87,87,106,87,118,106,57,57,65,67,76,106,50,57,97,48,57,150,155,50,87,150,67,84,84,67,97,75,75,75,86,86,115,149,50,67,106,50,33,67,31,86,31,86,97,33,55,42,86,57,11,97,86,124,73,16,106,33,115,97,167,126,33,31,33,118,182,126,106,48,138,97,138,40,126,42,184,86,138,167,157,118,135,157,138,106,149,126,149,198,67,157,198,72,115,175,198,67,233,106,149,106,67,97,174,174,118,106,165,118,106,67,118,156,156,184,106,118,138,156,156,167,174,198,198,106,33,75,86,97,126,42,57,149,192,75,135,149,67,137,149,118,184,183,196,137,97,146,106,67,166,126,206,211,233,166,172,156,174,215,50,156,166,206,206,154,41,7,3,33,105,33,16,57,7,50,114,146,94,174,86,148,97,54,102,86,57,41,105,192,72,222,67,192,16,50,86,192,226,137,86,156,183,166,166,156,137,148,137,86,75,137,166,148,192
89,27,50,78,142,167,127,130,121,29,27,78,127,139,213,184,160,130,119,121,98,101,121,109,107,167,78,150,193,50,89,130,98,109,141,167,139,130,139,138,130,152,160,170,118,67,98,152,184,106,35,76,60,57,130,175,101,118,130,152,177,141,101,127,97,109,121,60,170,97,33,53,87,101,87,118,101,101,101,50,89,118,78,109,167,67,184,194,75,101,7,78,67,97,67,26,67,65,42,139,98,55,48,84,76,58,67,76,119,33,27,116,50,67,50,67,76,139,107,42,95,26,27,87,73,84,87,76,40,67,76,76,40,95,95,73,57,57,48,87,118,97,57,50,115,50,57,106,106,87,42,27,97,150,55,40,73,97,87,48,48,75,97,73,84,106,86,97,86,84,65,50,50,40,42,33,42,138,40,67,86,33,50,57,21,27,65,65,40,57,42,33,42,11,106,206,167,31,15,33,97,138,149,75,86,123,118,115,138,57,103,97,126,240,167,154,149,126,135,118,97,146,154,106,94,97,97,206,97,86,149,118,27,252,57,157,97,138,126,149,106,83,106,94,106,97,156,123,184,118,106,149,156,126,118,182,97,123,248,206,123,97,50,86,138,166,97,106,126,138,184,174,118,138,192,126,118,184,149,126,166,183,174,166,117,106,149,50,67,183,117,117,192,156,174,117,117,149,233,217,117,57,19,7,21,105,149,7,1,7,50,27,156,67,126,105,67,105,206,105,50,86,117,67,21,137,174,137,54,192,21,137,105,236,117,192,126,137,183,166,174,183,183,75,67,183,166,148,164,240,148
150,98,121,76,119,184,139,175,109,68,44,89,195,142,218,109,160,139,98,167,177,150,109,60,150,184,118,127,139,87,109,157,130,98,142,177,78,57,152,152,109,130,152,130,121,57,101,87,152,76,57,57,87,152,118,109,70,70,118,121,130,152,138,138,60,101,138,70,130,70,78,70,78,106,130,106,121,70,160,186,121,89,149,89,142,207,121,160,53,53,60,127,60,48,42,50,48,42,50,27,76,76,104,87,48,107,68,48,68,2,98,33,26,150,107,98,118,107,87,50,27,107,87,57,87,87,42,57,118,115,55,73,104,42,124,127,87,42,87,76,124,95,57,106,84,115,87,67,106,97,48,75,115,106,73,97,42,50,97,67,75,97,57,42,75,75,97,50,27,42,149,97,57,75,73,67,73,94,75,50,55,67,26,27,33,57,67,67,33,15,42,97,19,33,167,192,27,19,57,97,126,126,103,103,106,126,75,106,86,118,57,172,103,149,135,184,126,167,75,118,157,97,94,138,157,126,157,157,57,149,149,97,222,86,157,118,97,94,126,97,174,157,149,184,138,118,167,149,94,217,149,174,149,75,126,16,106,198,221,167,115,97,97,156,138,156,106,217,126,174,184,164,149,149,174,126,156,184,149,106,137,97,83,117,198,183,97,50,156,156,117,117,137,166,97,83,183,206,206,149,50,41,50,106,117,105,50,4,21,75,126,75,135,149,75,156,156,117,192,117,50,75,145,97,41,75,86,57,75,67,148,226,123,205,174,240,126,137,137,198,198,156,156,148,105,198,174,145,125,205,105
127,121,127,119,142,167,121,139,177,130,107,139,187,98,177,87,130,76,89,184,213,150,57,89,170,142,89,118,177,177,152,160,152,127,142,142,101,98,152,130,130,89,130,121,141,70,101,60,152,121,101,78,138,130,118,76,109,127,109,89,97,141,177,78,109,106,130,106,70,121,89,121,141,109,101,101,127,109,171,101,101,160,127,109,58,178,127,60,18,58,119,89,119,50,48,87,76,50,68,73,73,76,42,68,68,68,19,104,27,73,7,87,98,87,57,127,73,31,40,95,42,2,73,76,87,87,33,42,150,50,33,76,150,76,26,73,27,57,95,50,21,184,115,65,15,127,50,76,76,48,76,27,150,87,103,106,50,57,67,67,97,106,57,84,33,33,118,42,75,75,118,138,97,42,42,94,86,84,97,50,65,86,33,21,86,27,26,73,42,42,50,50,15,157,184,50,27,42,57,167,167,75,103,138,118,48,50,126,118,97,118,167,175,97,106,175,106,106,138,97,103,126,123,135,157,167,196,118,149,231,118,126,75,198,217,106,149,86,67,126,72,138,157,149,167,138,167,106,231,106,184,126,65,149,67,149,149,167,149,174,174,97,106,184,156,135,166,222,138,206,138,97,166,123,174,137,198,156,118,117,156,174,97,149,222,156,117,183,117,156,156,67,137,106,126,181,206,174,117,97,86,137,174,137,67,21,27,97,86,97,166,183,117,137,75,103,148,103,67,86,57,41,41,105,126,97,75,33,27,96,226,156,205,174,226,226,126,156,156,205,198,117,117,174,174,137,156,156,164,117,156
121,109,130,150,127,89,98,139,157,109,101,127,139,101,150,35,167,60,101,139,184,89,89,152,98,89,130,150,150,195,152,98,127,139,139,139,152,87,89,184,139,101,130,121,130,78,60,109,170,130,187,177,101,78,167,138,150,127,97,130,98,127,127,127,60,70,78,153,76,142,178,153,153,101,68,51,107,89,127,171,70,78,58,121,109,142,139,60,29,50,109,153,60,116,168,107,95,87,31,98,87,40,68,50,42,40,87,87,119,21,42,98,87,73,50,48,57,33,33,57,67,42,27,57,155,118,127,73,21,104,11,42,136,42,16,67,106,87,73,57,87,73,57,48,76,87,48,106,57,87,40,118,42,118,50,33,65,26,33,103,84,40,50,48,86,150,42,86,184,57,33,138,106,21,42,75,65,67,86,86,94,57,33,33,57,67,19,55,57,106,16,67,19,138,97,21,97,103,118,175,135,106,118,126,57,57,75,75,126,138,172,184,146,106,118,184,138,86,97,157,217,210,167,167,123,115,126,138,182,167,67,167,217,106,118,157,103,184,97,138,126,126,138,149,192,106,118,157,138,106,106,126,126,146,222,97,182,211,196,164,167,174,174,149,106,149,211,57,233,184,138,126,156,118,156,166,206,164,118,126,137,184,137,126,192,137,156,156,117,137,114,137,156,117,174,156,97,226,146,97,97,50,86,57,16,67,41,192,75,135,174,105,123,97,50,67,137,192,126,67,137,86,72,126,105,105,117,41,67,156,156,174,117,105,183,205,183,148,166,166,171,148,148,164,174,137,156,198,166,156,117
150,78,107,153,119,89,119,130,107,127,101,121,107,78,127,121,119,121,87,101,109,98,121,121,89,121,184,130,67,142,152,87,89,167,142,130,127,78,127,152,139,150,118,67,101,110,58,130,153,158,207,160,98,130,178,178,130,101,171,153,89,176,58,153,70,70,121,127,89,139,185,87,109,76,87,51,60,121,142,139,109,70,70,127,101,193,121,21,109,87,78,101,150,87,98,116,107,98,76,50,50,95,98,27,42,50,87,40,42,73,67,42,42,107,119,27,26,95,57,19,107,98,55,118,118,67,42,104,95,11,98,87,87,118,31,27,87,97,87,87,87,57,15,67,97,76,87,97,87,97,97,16,21,157,31,57,21,67,97,87,50,31,94,127,97,86,67,106,86,118,150,97,33,42,118,86,75,40,115,75,75,50,21,75,16,106,65,67,50,106,26,67,67,67,42,40,86,118,138,135,138,138,118,97,57,67,97,57,149,138,157,157,94,146,149,154,149,126,106,192,240,192,167,167,106,115,149,103,190,146,106,106,146,184,157,167,138,118,157,149,86,67,146,149,138,154,135,118,174,156,106,156,86,211,118,167,135,106,167,167,167,221,138,97,166,118,126,217,106,242,118,149,97,149,97,226,126,233,211,106,86,184,166,103,183,103,106,196,94,126,174,156,166,149,149,183,217,183,154,106,97,40,16,42,105,126,54,137,174,126,149,211,57,117,105,192,135,86,166,148,137,154,156,192,156,148,137,97,148,148,183,148,50,50,105,174,205,166,183,166,126,174,192,117,96,166,205,198,166,148,105
121,21,27,107,107,68,107,121,121,101,153,130,101,121,150,127,78,170,142,109,98,139,101,70,98,119,130,87,70,122,127,71,142,153,130,127,107,110,90,78,160,171,78,33,107,110,70,119,153,168,150,178,110,150,171,142,121,119,150,142,90,178,90,153,168,101,130,89,76,178,153,109,76,78,87,89,60,121,109,53,127,50,130,127,150,130,158,168,60,89,53,109,50,87,48,68,107,87,33,50,104,68,124,58,65,139,42,104,98,21,84,76,87,42,31,33,67,107,73,5,50,157,87,87,40,42,127,31,31,87,31,87,118,42,57,76,57,67,98,67,67,118,87,7,87,127,73,57,33,42,57,67,57,48,42,115,157,75,40,87,94,75,50,57,50,21,175,84,50,55,84,106,26,86,106,57,149,106,42,86,97,84,33,86,26,42,75,50,57,97,42,33,75,103,75,57,27,106,67,118,126,118,97,67,126,57,83,175,97,126,138,192,75,123,175,138,118,138,157,118,157,157,154,184,157,118,149,157,138,97,118,204,154,149,149,157,118,138,192,184,184,106,118,167,86,106,146,149,198,174,75,86,192,156,226,86,149,86,126,190,126,97,184,174,174,106,138,156,138,198,75,198,94,174,174,156,226,154,226,106,75,126,166,211,198,94,106,181,106,156,217,126,126,174,86,211,166,206,190,117,67,57,27,97,123,137,149,156,106,117,183,166,86,226,174,105,137,126,137,148,97,137,198,174,126,126,198,196,174,222,174,25,83,86,16,86,226,205,75,94,198,192,148,67,96,222,198,174,125,117,148
70,89,119,107,119,119,170,109,177,153,142,121,121,175,98,127,119,150,153,130,139,142,98,98,130,76,44,168,150,98,153,153,139,150,171,110,60,110,90,90,171,122,78,107,119,101,70,90,142,195,110,127,153,78,139,130,121,78,90,142,153,130,176,153,187,109,109,153,78,130,139,130,109,121,109,76,60,58,87,87,101,60,153,130,109,121,171,121,12,98,44,89,87,40,76,84,48,27,87,107,50,50,98,98,98,98,76,26,42,95,73,50,73,27,76,116,48,33,55,118,118,104,76,27,87,76,15,107,150,33,42,98,98,31,67,87,42,31,67,42,76,42,31,95,50,95,150,106,87,42,42,42,76,76,94,106,19,26,118,127,97,75,40,50,106,50,127,118,55,97,97,42,150,94,55,75,103,42,97,86,50,67,106,42,75,42,67,11,103,21,31,65,21,67,86,75,42,67,50,83,124,106,97,83,149,126,118,149,67,138,72,146,126,72,126,175,123,138,138,67,118,167,157,227,149,157,149,115,106,126,157,149,192,106,106,167,154,86,184,167,106,165,167,192,118,94,198,118,167,167,156,192,156,106,174,138,118,167,115,106,126,174,216,156,106,198,217,167,50,57,106,154,118,154,126,135,126,138,211,225,118,50,149,198,172,137,137,117,222,192,183,196,97,117,126,174,137,236,166,86,67,67,50,42,97,156,166,166,137,183,174,217,97,166,206,117,105,211,156,123,126,126,166,148,190,166,217,198,233,72,174,137,96,67,57,96,252,211,166,117,148,126,114,156,174,183,183,166,126,105,137
76,130,199,195,119,87,142,128,122,128,122,102,142,119,98,90,161,110,153,150,142,87,128,187,150,87,60,176,176,101,193,142,101,168,178,44,51,110,101,101,122,78,87,150,160,110,70,101,158,160,90,127,142,76,101,119,44,23,78,130,130,110,153,158,160,98,142,142,142,119,142,130,142,142,121,127,87,60,107,127,109,101,150,109,50,101,130,21,53,70,130,101,48,28,48,73,26,58,124,98,76,73,68,58,65,107,42,95,26,73,98,107,107,150,139,95,67,73,87,33,33,73,136,67,67,107,87,42,95,118,95,73,76,87,27,33,67,76,57,87,50,95,184,73,21,84,127,42,87,50,103,127,124,76,57,33,106,118,118,118,50,67,97,106,106,55,57,157,94,50,84,106,106,57,75,86,84,57,57,50,42,106,86,26,106,86,33,67,86,7,127,21,42,21,138,115,67,97,106,126,138,126,94,118,86,149,118,83,106,75,72,106,135,94,118,167,97,118,86,106,157,167,157,175,157,157,118,123,192,184,126,157,157,157,97,138,97,94,146,192,115,182,192,97,138,192,106,184,149,118,184,149,118,157,198,204,149,167,138,50,94,192,172,118,174,222,174,97,138,156,97,149,166,118,138,198,174,166,206,211,156,67,106,137,137,137,149,164,149,106,156,149,117,67,164,97,211,117,126,117,149,106,86,67,123,192,114,156,156,126,206,67,57,126,198,164,114,137,156,97,126,75,75,126,114,192,166,205,164,156,148,96,33,75,166,105,252,192,156,41,67,148,156,148,27,156,183,198,117,148,156
98,122,119,119,122,51,76,168,128,18,153,142,131,128,87,151,130,142,171,119,150,107,142,187,153,139,98,119,142,127,187,101,153,139,122,78,130,78,101,71,58,122,119,101,110,110,119,142,53,122,168,101,101,87,110,110,5,2,122,160,107,110,130,130,130,142,150,142,176,168,153,171,130,130,101,130,109,70,119,158,119,101,109,109,101,60,98,33,98,60,89,89,73,42,73,84,73,98,76,50,76,68,76,33,15,58,98,76,33,107,107,119,42,87,107,42,40,107,50,42,127,157,33,67,21,98,118,50,150,107,57,115,87,16,48,31,50,76,67,67,95,27,31,76,97,150,73,87,76,7,65,216,57,27,87,76,33,84,57,87,94,118,106,97,26,75,106,106,50,73,73,106,97,75,42,84,115,67,40,84,106,73,27,42,67,86,75,33,33,27,33,21,21,67,157,106,67,157,106,124,149,175,118,97,118,86,138,126,103,75,146,65,42,146,167,67,86,97,97,126,146,135,138,138,157,149,97,157,184,192,175,157,126,157,97,149,103,175,106,126,106,97,172,97,106,184,192,157,138,86,149,204,75,192,198,231,118,149,118,118,192,97,126,222,222,135,138,138,154,198,103,149,156,138,217,118,94,192,166,115,156,156,166,126,48,75,137,137,149,166,97,67,183,123,211,231,192,206,198,192,198,149,174,233,198,156,48,67,137,137,126,1,67,156,198,206,97,126,117,97,97,97,75,137,156,148,156,174,75,230,41,105,67,41,86,211,192,230,183,126,137,153,126,96,148,198,117,192,126,183,174
131,178,68,60,119,102,51,98,196,90,119,128,58,139,153,110,130,185,90,139,187,128,153,139,110,161,107,76,79,168,139,142,153,139,68,142,139,87,101,101,76,139,130,78,87,119,119,70,51,90,122,150,76,87,139,87,60,98,122,153,119,150,142,58,101,168,142,98,160,171,139,139,89,130,89,89,127,109,130,142,98,53,89,98,142,109,70,50,89,68,53,89,98,84,107,84,107,58,42,50,58,76,65,27,19,58,119,33,76,95,31,73,73,95,73,31,21,87,119,87,76,76,73,67,50,76,104,15,127,57,57,67,67,104,26,42,104,98,42,95,67,31,118,76,95,50,157,21,31,136,87,95,33,150,50,27,67,106,50,42,106,50,106,27,87,167,75,55,33,33,42,67,155,75,50,97,155,57,33,84,73,42,27,55,42,19,27,50,86,86,15,11,97,94,67,118,167,127,33,75,175,172,138,67,67,167,149,115,86,106,126,55,97,138,118,83,118,83,123,138,157,157,138,149,118,135,106,106,123,149,149,157,175,65,184,192,97,106,106,149,126,86,157,167,106,86,192,106,106,157,184,167,57,167,97,182,118,106,167,135,106,118,138,211,174,138,31,198,206,222,106,138,118,156,166,156,126,156,174,166,118,115,174,181,156,149,156,97,75,137,183,83,174,196,149,174,211,192,206,206,198,206,137,166,192,97,50,31,135,97,41,75,86,172,198,206,149,137,105,105,117,146,148,105,117,105,94,97,148,166,105,166,215,50,96,211,226,211,233,211,148,156,174,156,105,137,233,156,156,105,105
71,71,153,131,90,142,176,139,87,71,128,142,68,102,178,58,158,36,139,178,161,98,107,142,158,128,110,71,122,176,68,187,79,193,90,171,28,178,168,78,101,78,87,130,142,101,78,110,119,60,101,122,87,153,87,153,130,160,176,160,142,150,127,76,90,127,127,109,153,142,87,89,35,168,139,87,142,121,130,121,121,121,42,70,175,160,76,70,70,50,87,76,76,76,73,87,95,58,68,87,95,73,42,48,58,40,58,68,50,42,68,68,98,58,33,68,104,95,76,50,58,84,107,65,95,87,33,65,87,42,87,15,139,98,76,76,104,76,50,76,73,19,73,50,115,21,65,118,118,33,97,65,118,87,118,27,21,33,106,87,76,33,87,97,97,50,50,118,155,84,50,16,115,42,75,21,75,40,55,67,33,40,86,6,75,84,138,21,57,33,75,11,11,86,106,167,149,42,50,106,138,182,118,50,33,126,97,175,97,67,184,192,118,126,126,149,126,65,118,192,154,149,157,135,86,135,126,138,138,123,126,157,97,149,206,138,106,94,175,157,67,75,154,198,149,97,175,106,154,184,157,86,149,149,118,75,138,67,149,167,126,149,154,138,167,154,167,184,97,106,174,192,156,192,126,115,166,166,138,156,126,154,184,166,184,137,126,198,149,192,156,103,196,149,183,126,149,156,126,206,217,211,172,166,156,97,117,137,86,231,75,86,67,174,206,174,211,198,174,192,148,105,148,86,97,67,105,166,198,137,126,225,198,211,183,148,217,198,205,217,148,192,198,96,114,137,117,166,126,75,117
110,42,142,119,44,110,168,90,142,119,90,98,128,153,199,176,199,142,168,153,161,33,79,151,168,161,139,142,87,76,171,178,153,153,119,142,44,139,150,193,127,71,90,130,87,130,150,90,139,119,101,90,171,187,36,150,185,160,225,176,122,130,110,90,142,139,121,139,107,60,109,53,101,101,171,68,109,121,68,150,142,78,58,121,160,109,142,53,51,50,53,73,40,65,76,68,58,87,76,107,84,40,58,87,76,40,42,73,76,73,65,50,73,50,33,95,119,87,33,21,84,124,87,50,95,65,76,76,31,42,87,33,50,76,95,48,33,87,87,50,73,106,42,33,97,50,97,87,104,87,21,73,118,65,76,65,50,57,97,106,26,87,167,50,33,127,65,50,127,106,167,21,50,65,65,106,106,86,67,67,33,84,33,157,40,75,16,15,106,86,97,42,67,50,165,149,138,175,97,75,138,184,50,83,149,149,67,184,16,126,149,184,86,97,184,149,123,94,149,184,118,146,154,123,103,123,167,118,123,149,149,118,97,138,94,138,175,126,106,97,94,118,167,157,149,149,175,167,149,106,167,138,149,118,106,48,106,106,126,174,156,149,149,106,103,174,174,126,126,149,149,167,106,206,211,97,198,206,156,198,118,126,156,149,198,174,206,233,50,117,117,149,183,196,86,117,225,149,67,174,183,166,211,183,211,106,33,126,233,75,192,174,156,97,226,103,204,217,166,156,149,86,75,83,64,148,206,226,183,174,211,192,222,251,198,96,183,222,205,205,148,174,205,174,156,198,183,117,117,117,105
119,68,102,122,76,79,153,178,58,87,139,151,188,139,128,178,98,110,142,98,110,161,187,185,161,150,98,119,110,178,139,178,128,76,76,130,110,161,178,178,101,119,168,153,110,119,168,107,161,51,176,122,207,127,58,130,208,185,187,160,153,150,98,78,139,153,130,142,90,121,109,51,139,60,160,42,127,78,89,89,130,70,130,121,101,139,127,35,53,68,53,68,6,185,50,50,50,31,87,119,68,68,50,76,48,65,76,58,87,73,48,65,87,76,95,84,50,76,68,31,87,155,58,50,87,31,42,84,87,50,87,76,33,42,67,73,87,67,67,67,95,87,48,50,50,95,106,104,87,27,76,48,104,118,87,67,87,106,48,50,67,40,57,97,97,67,65,97,157,57,75,87,50,42,75,67,42,75,57,94,86,42,97,42,65,10,75,106,50,157,7,65,16,27,67,198,138,106,118,167,192,118,48,115,118,42,97,86,175,126,126,184,94,167,154,97,149,138,67,106,167,157,118,149,123,118,115,118,138,115,175,149,138,138,126,118,97,86,97,149,184,138,149,146,149,149,138,146,149,94,97,135,149,138,126,138,138,157,157,156,156,106,138,118,123,154,174,97,198,198,118,67,149,206,206,184,149,184,184,174,115,97,149,138,211,192,156,97,222,115,198,137,103,198,183,226,126,198,206,174,226,198,137,198,166,192,86,126,97,222,149,27,166,75,156,183,126,192,192,135,149,174,57,86,183,57,206,240,156,247,105,249,222,211,183,96,183,217,192,192,156,156,183,205,198,117,174,174,126,156,117
76,171,98,76,119,68,68,168,110,107,139,185,151,176,168,161,102,51,79,98,128,168,168,142,161,130,90,139,227,178,101,79,110,110,130,161,201,150,90,127,127,139,142,122,139,150,78,127,110,60,110,90,90,122,142,110,60,176,193,130,78,168,139,119,78,110,171,90,119,121,78,142,101,178,42,121,89,130,142,89,187,142,76,78,142,195,76,109,53,89,121,21,65,107,73,104,28,7,104,107,150,98,42,68,58,73,76,31,68,76,73,87,107,84,87,65,42,76,87,50,48,119,40,40,87,50,40,95,119,98,95,67,67,67,67,67,87,50,67,87,42,57,98,87,76,87,84,27,21,97,118,33,42,106,165,57,2,33,76,57,73,33,50,106,50,106,157,127,42,97,75,67,75,87,75,106,27,33,86,97,115,75,86,75,84,67,73,115,138,1,106,115,40,15,33,223,175,138,75,86,175,146,118,206,40,211,75,182,115,65,97,135,146,126,103,126,149,115,138,106,97,175,167,138,175,86,106,184,106,167,167,86,175,138,115,97,75,75,149,138,106,97,138,217,157,118,75,123,192,146,135,190,138,106,157,184,167,157,149,126,184,165,115,126,156,167,174,184,206,167,146,154,174,217,211,206,156,156,126,126,149,206,198,184,206,137,174,206,211,126,226,166,103,184,211,183,156,174,174,174,137,222,166,97,166,156,181,126,206,97,198,166,97,217,154,204,117,75,114,117,86,137,206,75,33,156,137,226,247,123,174,192,205,226,148,183,174,174,156,166,183,126,137,198,164,16,183,236,21,248,137
102,79,98,98,110,79,87,153,107,122,90,153,151,207,18,151,29,102,79,131,168,142,161,193,168,161,201,161,158,98,122,68,98,110,142,142,153,128,90,142,130,87,107,139,130,122,78,98,142,122,78,110,90,101,101,70,70,78,76,171,101,78,130,87,127,98,127,178,110,53,109,178,127,90,121,78,78,153,153,195,109,109,70,76,178,160,119,109,60,70,87,87,65,6,147,48,33,58,68,73,119,127,95,68,76,68,21,27,127,42,95,58,119,87,73,68,98,73,33,68,76,87,33,73,76,76,50,73,87,124,33,73,87,76,42,42,76,87,42,95,76,42,42,57,65,31,76,48,33,33,76,33,84,106,138,65,11,27,57,76,106,118,31,40,94,73,103,97,97,84,73,84,73,67,94,118,75,19,27,84,106,103,75,84,33,27,27,193,211,42,42,15,1,86,73,157,167,75,86,106,167,192,146,27,149,75,126,21,103,86,138,184,86,157,149,175,97,97,149,157,94,86,175,86,106,138,48,106,157,165,97,126,115,57,94,57,106,67,106,138,167,182,126,167,75,86,67,149,149,226,157,157,138,86,149,192,167,146,149,138,167,156,126,192,149,97,226,174,138,156,174,167,138,206,206,166,138,126,118,138,198,206,198,204,206,115,149,174,231,216,181,149,149,172,137,183,166,117,123,156,117,137,183,137,117,114,172,97,97,166,149,174,106,211,206,149,174,86,86,86,86,126,126,97,75,146,192,166,244,97,174,242,222,198,166,198,137,205,233,166,166,126,96,105,105,192,174,174,183,242,156
119,76,102,60,51,142,79,142,110,68,178,142,168,168,110,122,139,131,90,142,139,158,110,90,139,168,168,187,90,76,110,68,119,150,71,90,119,122,153,79,79,110,119,139,127,60,90,150,122,168,71,78,119,60,29,87,33,42,178,119,58,78,153,139,53,122,168,122,68,98,130,101,78,119,142,70,121,107,153,130,53,58,107,76,101,107,101,68,87,28,76,107,11,68,33,68,84,65,87,68,68,124,158,50,68,73,33,136,76,21,107,27,98,168,139,119,107,42,42,73,68,31,73,68,67,33,67,58,65,87,31,98,42,50,95,87,57,98,50,76,118,31,33,27,27,21,87,55,55,76,84,76,150,97,33,42,57,42,27,87,103,57,55,55,57,50,33,97,150,150,42,75,67,33,73,65,57,16,31,97,75,86,84,26,33,27,50,167,234,155,31,94,67,67,118,97,118,84,65,146,184,167,136,124,106,175,138,75,149,15,192,149,126,146,184,86,106,167,123,115,157,126,167,167,106,146,123,157,106,175,175,106,86,57,126,115,138,103,149,184,118,75,67,50,75,67,75,157,86,138,86,97,184,106,138,138,157,138,138,156,106,149,217,192,126,138,167,97,149,184,126,75,106,149,166,72,118,156,123,156,198,226,184,184,217,174,156,192,166,222,156,118,166,126,137,137,117,97,149,146,137,183,166,135,174,137,72,83,97,106,106,106,123,166,174,41,75,117,126,67,137,149,86,50,126,198,198,117,75,174,117,97,137,148,174,105,205,198,222,244,192,183,126,105,117,94,205,86,222,57,174
153,122,60,128,161,119,33,233,90,201,90,171,139,107,248,128,139,87,102,153,102,161,178,128,98,76,139,51,151,128,79,76,87,176,68,185,208,139,68,68,76,79,130,153,90,228,107,90,171,142,168,44,171,130,51,53,76,12,33,150,130,142,153,142,153,98,107,78,51,110,101,101,178,130,60,78,109,109,121,121,87,70,70,89,35,60,76,53,87,51,42,31,68,68,40,139,58,76,58,107,124,119,127,84,42,87,98,107,40,58,76,31,107,237,168,205,139,48,124,87,26,58,87,73,73,40,107,73,42,42,42,67,42,87,118,87,57,67,104,84,118,67,87,21,57,33,87,57,98,199,55,73,118,76,33,67,50,48,76,76,87,76,42,76,33,76,48,127,106,106,87,127,75,42,97,97,67,65,67,84,67,27,67,21,7,31,84,57,150,127,57,11,11,40,97,84,106,149,127,97,190,198,106,106,67,50,127,97,33,182,86,124,138,138,146,103,86,146,126,57,86,138,126,126,154,149,126,138,138,149,106,175,106,97,126,138,149,126,126,149,50,65,149,75,106,118,86,126,138,135,67,103,138,138,103,75,135,126,75,106,192,156,106,94,154,196,67,154,167,67,149,42,149,149,138,75,123,164,86,126,206,181,118,149,206,206,118,135,166,206,184,226,166,118,166,137,106,126,126,156,174,94,126,172,164,126,64,97,137,137,106,42,75,156,67,97,97,106,86,166,206,192,137,117,105,156,166,137,48,86,67,166,97,183,86,102,57,247,240,211,240,205,198,148,226,236,75,183,183,233,67
131,119,142,168,171,87,68,188,33,87,131,87,153,158,128,142,201,128,131,161,122,107,158,122,102,102,110,98,128,168,44,161,130,102,101,130,68,79,153,68,53,119,142,119,78,127,142,78,178,23,60,245,122,178,60,119,78,178,130,122,171,142,139,171,185,130,44,87,60,87,119,121,119,130,101,78,101,87,76,127,139,98,51,78,42,78,119,78,78,76,42,95,98,58,87,76,51,87,51,84,95,68,55,98,76,76,87,73,107,87,42,87,76,104,207,185,173,127,95,98,139,42,58,73,65,68,107,48,76,42,42,31,76,98,107,76,55,50,104,127,98,127,76,40,98,76,98,98,50,193,33,33,76,48,124,57,42,67,87,87,97,97,42,95,16,87,118,26,57,150,157,106,21,118,67,106,75,75,106,86,57,94,21,57,94,21,57,50,157,193,157,33,4,4,86,197,175,97,97,97,157,217,124,50,175,106,106,75,33,138,211,149,149,65,75,167,138,57,94,204,146,86,106,157,118,138,157,138,97,106,97,75,157,83,149,115,126,175,75,97,184,115,118,126,86,172,97,157,86,154,86,184,54,97,126,184,149,157,94,126,184,118,67,182,149,172,172,118,106,97,225,106,222,167,149,118,156,149,146,156,196,166,156,166,184,206,211,149,211,211,211,226,123,156,206,174,166,192,117,106,174,166,126,126,97,154,137,126,233,183,106,67,198,231,149,106,137,137,166,217,206,183,192,174,149,117,86,67,75,97,67,117,174,174,64,198,148,148,231,231,183,174,117,198,96,75,205,96,166,117,226
161,153,153,119,122,131,119,76,87,76,131,71,107,161,209,227,71,161,158,151,98,119,151,79,122,187,128,187,60,23,110,71,119,58,110,176,171,21,90,139,76,110,150,130,171,101,130,171,42,130,168,60,142,171,53,171,130,127,130,168,70,142,153,150,101,87,171,98,178,87,168,90,208,130,185,153,142,98,87,150,76,70,109,127,139,68,29,68,89,70,95,139,42,104,68,107,76,76,68,26,33,50,48,87,119,58,42,50,87,98,40,42,50,87,175,185,185,119,42,87,48,27,76,68,50,65,50,76,87,67,58,33,65,73,139,48,98,76,76,118,107,95,76,50,104,98,76,84,33,95,42,31,27,65,150,57,76,67,50,97,33,76,76,76,31,87,33,106,76,87,127,106,15,167,87,75,67,65,127,84,40,73,48,67,150,42,27,42,67,242,157,21,21,1,103,175,149,138,57,86,138,172,118,94,57,65,21,127,136,42,115,172,124,75,118,115,118,149,118,72,149,118,86,149,167,97,97,126,106,138,157,211,149,67,86,115,118,118,126,57,106,167,103,138,157,157,157,135,106,167,198,192,184,103,149,198,184,138,126,97,106,165,174,192,156,167,118,27,230,149,164,206,184,135,126,192,174,167,217,211,217,230,156,184,184,174,217,192,206,192,206,149,156,166,206,166,166,198,149,126,196,192,106,106,117,183,181,198,183,242,86,174,237,233,156,206,192,86,149,172,166,196,206,206,156,67,97,97,27,75,198,166,137,183,174,192,198,205,192,183,174,166,156,117,117,166,192,33,96,222,117
119,139,110,68,102,139,110,90,122,79,79,122,90,176,151,171,185,142,139,122,107,153,153,158,153,161,110,110,87,53,130,151,151,178,53,153,42,122,168,142,150,76,142,153,60,79,68,153,101,153,78,42,110,110,130,71,51,178,176,17,44,139,127,68,142,130,78,60,185,187,60,218,150,187,160,187,178,185,153,150,101,35,160,160,35,29,42,53,68,65,116,68,21,95,42,119,68,76,16,48,84,76,58,76,98,42,58,58,42,116,42,16,73,127,166,168,127,84,42,26,15,33,65,68,48,76,87,98,87,87,67,42,33,33,65,67,67,98,87,87,76,76,87,65,67,33,31,87,107,50,42,73,48,76,87,87,118,73,50,87,33,67,48,50,65,48,67,57,97,84,57,118,57,42,87,65,42,150,127,50,86,106,103,86,75,33,40,15,33,197,149,21,16,7,73,172,86,33,124,167,127,86,67,106,127,67,118,149,75,103,57,75,138,192,167,149,106,138,126,72,97,97,97,97,126,126,118,118,97,126,192,167,118,57,75,165,149,86,75,138,86,97,192,157,175,217,138,86,146,157,192,196,86,190,149,118,149,165,157,174,149,149,184,149,174,174,97,106,154,149,126,198,138,167,97,156,156,138,184,231,222,217,184,164,156,192,118,242,97,126,198,126,126,184,184,149,126,156,149,137,166,198,137,126,198,174,198,183,198,240,217,206,174,206,211,137,183,198,97,97,126,156,156,126,149,86,156,149,67,50,156,206,166,123,156,97,97,75,148,174,192,137,105,156,174,96,117,192,156,126,183
142,128,90,119,131,153,188,168,102,122,168,139,102,153,213,87,119,153,102,98,131,188,196,171,110,153,153,168,79,44,60,142,161,102,87,171,130,102,176,130,101,122,98,110,171,127,60,178,238,78,207,127,107,68,119,76,139,176,122,44,122,178,90,78,139,122,60,76,168,58,176,23,212,171,142,160,101,44,78,178,101,18,51,107,89,109,76,35,44,87,28,73,68,98,48,31,51,107,28,107,107,95,84,48,68,55,87,76,50,98,42,55,42,175,223,87,98,58,27,33,50,50,58,68,48,73,107,65,73,68,42,65,42,21,76,21,33,98,107,67,40,67,118,76,42,33,27,104,139,40,50,118,95,65,87,97,97,73,50,76,87,76,31,27,57,42,95,42,76,118,33,84,76,48,50,94,84,106,94,33,67,67,97,42,42,40,50,11,48,55,86,42,15,31,57,94,172,118,118,149,67,118,106,118,65,167,175,50,127,40,157,75,83,184,118,126,175,33,97,175,97,138,67,138,135,33,172,167,138,97,167,167,157,211,126,118,86,138,135,65,138,115,198,157,94,126,206,126,86,138,126,167,184,106,103,175,149,146,86,65,211,184,57,196,198,75,156,174,42,118,167,138,196,156,149,156,138,149,192,217,211,217,198,106,138,225,174,138,118,126,172,106,156,198,166,206,86,126,118,126,196,226,206,137,206,166,156,174,240,183,183,174,57,166,198,231,126,117,117,126,174,97,86,75,166,126,156,174,137,156,148,105,206,126,97,16,83,97,67,156,166,198,156,67,148,156,148,205,156,148,236
122,131,139,128,131,128,142,171,107,119,178,122,161,178,223,128,98,158,131,122,131,119,171,209,176,199,168,178,158,153,153,195,187,151,161,102,119,153,153,150,139,107,130,142,110,122,79,79,171,161,90,87,101,171,122,87,142,78,71,139,153,130,150,71,44,110,153,90,78,68,70,110,176,176,90,78,168,110,121,78,121,29,23,130,130,5,35,78,78,40,42,107,68,76,87,42,68,127,33,51,58,95,107,51,98,68,28,127,87,50,87,76,76,127,175,185,127,31,33,21,42,87,65,50,55,107,87,33,65,42,55,58,68,58,95,42,58,48,76,76,50,95,127,98,33,57,84,40,31,57,150,87,67,87,97,57,50,87,42,76,87,57,57,33,67,67,87,87,50,76,76,57,67,97,27,67,75,33,87,84,42,42,31,33,65,57,27,26,21,42,118,50,11,11,73,127,172,147,106,118,86,106,172,127,127,40,136,75,138,86,138,167,94,118,86,50,67,175,138,103,126,184,97,86,103,138,167,103,167,75,157,103,210,67,126,118,126,126,126,149,118,149,149,115,184,192,184,97,97,86,157,192,184,126,75,149,138,54,135,149,67,149,118,167,156,156,156,156,149,83,106,174,154,118,106,97,174,211,192,149,172,166,42,67,166,166,149,166,221,97,156,166,198,135,137,174,83,174,217,166,192,233,222,174,174,166,149,192,156,137,156,146,146,156,166,183,149,117,206,183,183,126,106,126,149,156,166,105,117,148,126,166,206,166,97,117,148,156,117,126,166,166,174,166,126,183,156,126,148,105,217
76,178,168,79,139,102,131,102,68,128,107,90,151,161,176,119,153,168,153,79,102,196,153,161,229,139,171,209,171,201,119,193,176,171,161,98,171,110,76,119,139,142,142,158,128,90,171,158,98,176,153,187,101,158,168,101,90,122,127,127,168,98,119,150,130,119,142,122,130,90,178,139,150,33,130,178,142,70,107,121,158,90,11,44,76,101,101,78,68,68,51,42,51,84,119,68,31,58,107,58,87,73,51,84,48,87,116,28,107,33,98,58,124,16,237,185,127,87,42,42,76,98,68,48,107,98,87,68,84,68,98,27,76,42,107,107,58,58,87,73,76,87,115,118,40,65,87,40,67,106,127,57,95,118,65,50,76,76,42,50,65,57,76,76,87,57,42,87,87,67,97,87,65,76,42,33,57,42,106,94,67,67,67,50,65,97,50,57,65,42,97,26,2,7,97,167,55,103,127,118,138,118,138,184,138,67,97,138,118,127,67,138,138,106,106,106,67,86,86,106,154,106,192,75,149,83,135,126,118,190,65,198,115,157,118,115,75,138,184,97,126,206,106,138,118,138,118,167,67,126,138,97,118,97,67,118,157,138,118,138,149,97,126,126,118,174,50,184,21,86,198,174,149,165,135,126,126,156,184,138,97,149,149,67,86,138,226,206,138,118,123,138,138,166,137,137,137,222,233,137,149,196,209,198,149,183,166,156,156,183,231,106,240,192,149,97,231,217,198,183,154,198,198,117,105,183,149,149,146,126,156,198,137,174,174,174,206,166,156,192,166,166,174,148,156,137,174,126,57,231,33
161,153,90,87,142,119,79,102,110,107,60,131,98,161,178,142,185,161,153,110,107,131,122,161,229,102,218,227,153,128,178,119,158,119,128,139,142,44,68,119,150,168,110,130,122,90,212,128,208,153,110,98,98,90,153,139,201,119,101,110,150,153,178,187,90,78,122,130,201,68,18,153,130,122,153,168,119,78,87,121,171,90,18,18,29,29,109,70,33,65,87,76,116,33,84,76,19,28,26,107,76,48,68,76,87,40,104,42,73,50,87,48,26,168,216,193,147,76,65,26,119,76,42,48,76,68,76,191,19,68,68,65,50,95,119,87,84,95,50,87,67,40,87,107,76,65,65,76,76,107,50,167,155,124,33,76,50,57,57,67,115,76,33,67,50,21,42,50,167,67,76,118,65,87,87,57,67,67,67,84,84,48,94,65,75,150,75,50,75,48,86,40,1,19,103,149,94,67,138,97,127,75,127,193,118,94,86,86,97,106,67,84,86,118,126,106,126,126,75,97,157,97,126,227,75,118,86,126,146,123,165,42,198,67,138,86,118,75,75,106,75,138,157,138,118,211,106,106,167,167,126,149,138,97,126,67,86,157,149,126,50,97,184,157,167,86,174,149,234,126,222,156,118,149,149,106,67,67,167,184,167,138,126,149,149,166,217,86,166,156,156,126,156,196,206,135,166,225,174,97,123,184,198,184,156,183,206,206,222,206,198,192,237,209,166,172,206,226,211,236,206,174,166,106,126,183,156,166,117,156,166,149,166,183,211,206,166,166,206,183,126,137,183,183,126,126,174,166,105,96,211
131,107,90,102,119,142,87,122,128,60,128,87,87,194,178,161,122,171,153,171,151,79,161,199,178,176,142,245,107,153,193,102,178,90,187,79,128,90,102,142,153,119,90,107,139,107,171,122,153,176,119,98,161,71,161,139,130,139,98,110,127,142,110,153,122,58,153,178,130,142,142,42,78,130,110,122,119,29,185,213,78,76,60,29,44,90,98,33,76,51,40,116,21,42,98,73,28,31,42,73,87,48,31,33,51,119,28,33,84,119,87,42,124,139,197,127,98,28,76,21,33,68,50,87,95,68,48,165,58,58,26,87,40,119,87,42,98,107,87,58,33,87,67,42,76,76,57,87,48,98,55,167,157,107,48,98,42,95,76,97,50,76,27,16,50,19,65,118,87,40,106,76,84,76,106,76,84,42,65,65,75,31,75,94,106,97,87,26,75,67,94,67,11,27,94,167,127,57,127,65,67,40,127,206,138,75,67,86,127,86,97,75,57,127,149,126,106,86,138,118,138,149,149,138,75,149,167,135,149,75,175,123,126,106,126,126,86,138,126,97,138,149,149,154,118,157,67,75,196,149,126,138,118,149,138,86,67,175,126,86,206,149,154,157,184,206,167,167,33,217,167,106,118,167,149,106,138,106,149,198,174,149,167,156,190,67,174,149,118,118,106,174,166,126,198,174,149,156,156,86,86,181,240,156,156,183,217,198,149,149,181,211,211,183,117,190,237,244,237,248,231,137,156,166,156,117,103,126,156,166,137,149,156,198,211,174,126,166,211,148,97,183,205,174,156,126,198,198,166,105,174
76,110,107,107,122,90,128,131,87,122,87,42,161,153,161,122,151,161,171,151,201,207,153,139,178,185,122,185,122,128,131,209,119,119,107,161,68,153,76,130,130,153,178,102,87,130,60,128,142,107,225,90,168,119,142,187,150,107,119,168,78,78,150,98,90,110,90,153,68,122,87,207,101,60,78,98,130,153,17,127,195,139,121,18,5,12,58,33,68,48,51,16,87,155,51,87,87,51,107,51,76,95,65,119,107,107,84,68,65,95,98,42,107,119,58,95,42,16,31,42,50,73,119,119,76,48,42,95,40,42,42,40,48,147,50,42,87,119,76,15,27,107,48,16,73,73,27,57,87,107,87,98,65,57,104,106,124,95,67,87,33,33,55,33,55,42,65,150,42,127,97,97,87,50,87,76,57,42,67,50,57,42,27,106,87,33,87,50,33,42,75,67,26,42,138,182,138,75,94,97,86,75,127,167,182,65,106,97,127,50,55,127,149,97,118,126,86,86,138,149,138,106,103,149,138,123,118,106,118,103,103,126,149,167,103,138,138,126,149,211,118,75,106,86,138,138,211,126,126,146,106,231,86,106,106,118,126,97,146,97,138,167,138,192,192,217,174,42,211,106,174,138,211,174,164,126,126,167,149,198,211,184,126,167,174,126,118,138,166,166,198,166,156,166,97,118,156,149,198,206,67,126,237,174,206,206,94,137,137,206,174,181,226,126,97,204,249,237,226,240,217,174,166,126,75,97,156,156,149,126,117,126,137,166,166,174,135,156,211,148,117,190,203,148,174,174,198,174,164,198,86
131,42,102,143,110,51,119,178,122,76,68,139,161,142,151,161,139,110,178,188,193,207,131,119,151,168,158,102,122,128,195,219,98,153,90,131,60,178,76,122,122,90,139,122,130,130,53,130,130,199,90,150,176,153,168,90,171,101,119,142,127,90,139,101,78,130,87,101,101,176,90,208,119,76,36,171,58,110,119,153,231,171,70,110,44,33,171,90,107,42,28,98,21,21,73,76,147,21,155,199,185,127,119,104,58,28,51,48,107,98,84,147,42,158,28,19,33,26,58,98,76,119,98,58,65,76,58,48,16,21,119,87,40,58,104,104,50,65,42,33,33,58,73,98,73,73,40,31,87,127,115,50,33,42,104,87,115,84,95,50,67,67,98,67,57,67,50,104,127,115,65,103,65,87,42,76,118,42,42,33,33,97,106,87,50,40,87,57,19,11,31,57,27,157,118,197,150,97,86,127,136,106,86,115,172,138,118,55,118,65,57,167,138,67,127,167,124,103,86,118,126,97,118,175,67,115,97,118,86,106,126,86,167,175,106,138,138,157,138,118,118,86,138,138,175,86,146,157,149,175,126,94,126,149,157,97,118,126,75,192,167,149,184,149,192,146,174,138,97,97,174,184,167,184,174,149,126,164,97,138,233,126,174,184,166,174,118,106,166,192,86,156,206,106,217,86,174,166,198,156,67,42,156,164,166,166,94,75,86,222,114,137,192,192,183,166,226,237,198,166,174,174,86,86,137,166,183,149,57,156,156,105,174,156,156,156,117,126,183,166,117,148,174,174,166,137,205,183,126,233,126
128,87,176,131,110,139,90,60,131,131,171,90,178,178,153,110,90,128,185,161,119,102,142,158,122,107,119,107,139,161,188,153,110,131,107,153,131,151,98,98,102,79,110,153,130,110,102,58,142,193,122,199,187,122,130,71,208,101,79,130,142,119,78,122,110,139,87,76,153,78,78,122,160,122,90,87,130,78,101,87,119,195,171,110,60,119,160,195,168,127,31,17,31,28,107,76,42,26,16,207,218,107,87,104,28,119,107,84,42,51,31,68,107,42,95,73,33,87,16,5,48,87,48,50,87,26,58,27,98,76,76,42,21,50,76,87,76,42,65,76,107,119,98,95,87,57,107,57,115,127,104,84,67,33,50,50,98,84,98,98,98,115,98,50,57,97,87,115,118,57,87,67,106,106,76,26,157,50,67,33,50,155,115,33,87,87,87,75,19,67,19,31,57,199,57,199,97,150,127,136,118,94,75,106,103,206,127,67,97,106,118,127,75,97,157,190,167,118,57,50,97,175,83,157,106,138,106,118,123,138,146,123,75,126,138,126,86,86,126,55,86,118,146,103,175,149,106,138,157,172,126,103,157,118,106,94,126,226,118,97,175,118,157,167,86,97,106,138,86,149,106,157,198,198,156,149,174,156,149,167,167,118,156,198,184,126,156,149,167,118,126,174,138,118,67,233,72,156,211,137,154,137,27,233,211,149,146,126,233,50,50,126,149,217,192,233,149,149,149,126,192,183,137,198,166,183,174,126,103,192,149,166,183,206,156,105,105,105,174,166,117,137,166,198,137,166,183,198,137,217,126
153,98,58,168,128,122,110,188,128,178,68,76,178,139,151,68,79,178,142,102,142,139,196,188,107,90,87,153,161,131,79,139,98,151,185,178,98,119,161,98,79,90,87,107,107,79,122,107,122,128,130,212,158,98,142,98,130,187,98,71,90,142,130,90,122,142,142,87,153,153,36,101,142,130,76,90,87,178,98,98,101,98,127,78,160,195,121,153,173,158,15,155,68,48,42,48,26,42,104,139,176,168,107,51,42,42,119,84,68,95,33,191,28,119,33,76,42,40,84,76,58,48,119,107,84,139,15,27,136,21,15,87,33,31,84,42,42,76,95,98,42,58,84,73,87,33,33,127,27,87,98,167,87,87,50,48,95,42,57,127,98,57,95,76,84,127,118,57,50,76,106,124,138,124,76,27,97,50,57,67,94,55,76,97,94,106,87,75,33,50,21,55,106,167,118,106,118,127,138,127,86,124,118,86,103,193,149,73,67,106,118,73,97,118,157,192,149,97,65,67,106,165,86,136,175,106,118,167,138,149,149,86,86,106,149,106,123,97,86,118,86,126,157,106,157,67,94,106,192,149,138,167,154,135,118,138,126,157,198,97,97,175,184,184,50,198,138,97,167,157,106,118,184,157,174,167,156,156,174,149,106,149,126,138,184,156,86,33,156,198,149,106,86,103,184,126,206,156,174,156,115,156,106,75,198,226,156,222,50,233,16,166,67,156,192,183,217,137,54,97,166,149,206,137,237,211,206,137,192,50,166,117,156,174,117,50,166,156,105,156,97,137,156,156,198,174,67,205,183,166,16
87,76,87,178,153,53,110,119,87,87,122,79,122,98,79,131,168,153,98,76,142,171,168,171,151,60,142,98,110,98,131,207,128,176,98,98,131,151,168,90,68,153,110,51,122,90,130,176,60,60,171,150,150,122,79,110,161,219,176,58,60,130,142,110,90,90,142,130,78,142,176,130,71,107,51,122,90,101,51,122,122,78,110,122,98,110,51,139,173,168,119,98,119,10,51,21,98,98,42,55,87,107,107,42,42,42,107,124,55,68,124,87,87,139,6,150,31,51,21,16,73,76,42,119,73,11,28,58,15,116,119,95,68,11,11,76,87,87,27,50,150,98,76,55,31,42,50,95,42,76,98,118,107,57,124,57,42,65,57,73,106,87,76,87,55,97,97,33,33,42,150,115,104,95,50,57,87,65,76,50,97,84,106,76,42,97,87,75,57,4,11,87,127,97,150,94,118,97,124,127,127,127,97,136,175,167,138,57,65,86,103,55,149,149,136,149,138,127,124,86,106,136,86,126,149,157,138,157,138,157,123,86,157,149,138,149,123,103,118,126,106,167,138,106,126,55,86,192,184,75,223,217,106,165,175,149,138,138,149,149,106,138,184,86,149,67,97,172,97,97,149,157,217,126,174,184,138,149,167,126,184,167,126,154,184,206,97,138,192,126,192,138,106,97,156,206,164,126,156,198,149,57,156,192,106,206,192,242,247,67,174,75,137,217,226,117,75,126,106,97,183,190,117,206,206,217,192,226,149,97,166,117,57,166,156,67,166,149,105,105,86,105,198,75,154,126,117,126,249,126,11
168,171,79,102,185,68,140,90,53,60,128,76,225,122,119,122,119,119,122,98,151,102,44,158,151,131,128,102,142,139,209,110,128,68,79,139,176,107,102,142,98,171,139,23,142,153,130,128,44,130,130,142,150,71,79,101,158,212,195,110,71,68,119,90,130,60,171,119,60,142,171,127,58,78,139,171,90,110,76,58,127,171,122,68,101,107,101,104,76,104,98,31,127,98,68,84,31,1,73,76,68,68,95,119,55,107,104,104,31,55,155,95,107,4,58,73,65,21,33,107,155,119,84,98,107,28,107,7,98,98,150,7,42,107,27,21,139,21,107,68,33,40,98,58,7,42,21,87,119,42,150,98,118,50,199,50,98,95,76,42,76,50,33,65,67,84,50,87,50,40,76,106,50,42,97,40,97,106,76,33,84,157,50,27,55,50,87,106,73,11,6,50,115,65,127,106,75,106,73,118,167,127,138,149,167,146,106,75,103,86,103,73,136,138,86,97,175,184,127,86,118,138,118,138,138,182,126,97,157,190,154,149,138,157,146,175,97,103,157,94,135,167,106,138,135,75,118,157,157,138,242,167,149,157,154,149,157,157,118,106,118,106,149,83,103,97,157,167,33,167,154,157,118,149,156,123,156,154,118,106,156,211,118,192,138,138,172,156,67,206,174,149,149,166,138,138,149,138,154,166,97,97,149,166,156,117,217,184,192,174,97,196,174,137,206,156,149,126,166,156,137,206,211,174,206,211,211,137,75,190,75,166,183,198,156,117,156,166,117,33,97,156,117,156,86,117,166,86,242,156,97
122,153,143,79,168,178,53,58,143,107,79,142,142,76,142,98,153,131,131,90,60,90,79,68,142,122,68,229,102,188,102,110,161,79,176,142,131,207,128,139,122,44,119,131,119,79,128,33,171,139,42,187,150,122,122,71,128,178,168,130,71,51,90,139,171,153,130,78,142,127,78,153,68,130,171,142,122,90,110,139,153,130,110,76,98,130,110,76,98,98,119,119,150,166,107,76,21,42,65,42,58,68,68,98,87,87,119,95,48,42,55,127,76,68,33,28,95,58,31,87,68,50,73,87,58,33,33,33,87,58,76,27,116,33,65,31,58,68,87,87,84,58,50,84,21,40,27,119,127,127,27,197,42,167,76,98,127,57,57,19,26,87,57,95,150,98,33,57,42,21,31,118,26,40,127,33,167,84,106,76,42,67,84,95,97,33,106,76,57,21,21,73,155,118,86,118,57,67,106,106,127,138,167,84,73,157,97,149,75,106,127,67,86,67,75,124,172,184,157,57,86,167,138,124,136,149,75,75,157,211,149,118,118,167,167,157,149,138,138,94,146,157,123,157,135,126,97,83,217,198,206,175,167,138,86,157,157,157,126,106,157,106,103,192,97,231,21,192,97,216,118,198,192,118,156,106,106,156,126,146,184,156,156,86,167,198,97,86,234,126,166,118,156,149,184,86,42,138,106,156,217,57,86,156,126,166,192,211,149,226,233,206,166,97,33,126,137,126,149,209,183,126,183,149,137,217,183,106,217,154,154,97,156,137,166,166,198,174,126,105,156,183,117,211,156,203,198,137,198,205,50
122,122,140,131,153,128,87,143,171,68,128,122,110,151,153,153,119,71,122,139,102,128,131,90,131,76,131,188,79,151,128,153,142,188,90,128,102,219,151,76,142,128,107,128,90,128,122,87,87,130,130,150,153,178,68,119,90,142,171,171,127,101,150,187,90,122,101,79,122,107,142,101,122,110,130,142,130,90,76,153,107,70,122,130,130,90,70,116,124,124,95,124,185,212,116,55,98,166,124,68,98,95,119,119,119,119,107,58,51,107,107,87,104,42,28,28,58,33,42,48,76,84,76,73,73,73,42,58,50,31,50,68,98,95,42,31,107,107,119,84,107,98,87,50,31,50,191,157,218,48,107,173,98,127,76,211,98,118,50,42,42,57,67,87,157,57,42,76,150,2,87,40,40,150,21,193,65,67,106,55,26,73,50,50,65,33,84,48,27,42,33,57,118,167,106,103,67,42,118,118,118,75,65,75,67,127,118,127,67,106,67,103,50,65,106,127,149,103,127,127,86,138,97,124,118,126,138,75,149,167,97,126,157,138,149,157,126,106,126,103,135,138,106,138,138,149,126,138,198,184,211,167,146,149,126,157,123,126,172,149,138,118,126,222,118,167,67,118,196,222,174,184,97,118,156,126,67,156,174,167,182,154,149,106,206,138,97,244,196,138,167,67,156,118,138,149,75,50,106,149,192,156,206,149,137,174,149,137,226,211,106,206,137,137,206,206,166,166,174,198,174,166,117,217,183,206,126,86,75,174,183,156,156,174,222,126,156,183,198,183,198,192,117,137,217,137,137,126,166,233,105
168,36,151,107,79,153,153,102,107,90,131,140,131,98,131,131,119,79,71,131,153,102,142,119,60,161,76,151,161,87,161,131,79,188,142,128,122,161,142,87,119,98,119,209,161,193,153,76,110,76,193,128,142,87,122,153,102,76,187,187,150,178,195,142,60,68,171,122,119,119,153,23,178,44,122,122,78,110,58,122,110,110,130,78,127,78,171,136,87,127,55,185,87,185,139,68,119,119,127,124,139,176,147,76,87,73,127,28,73,95,119,58,58,76,31,31,139,65,16,48,58,40,42,16,7,21,95,28,33,48,68,50,58,42,73,95,124,58,68,84,50,21,87,76,55,127,150,167,58,67,167,42,139,73,118,139,73,127,104,147,157,57,19,50,106,95,67,57,16,118,87,50,138,97,76,33,157,42,67,40,67,106,42,27,97,50,67,118,19,50,42,138,55,175,150,87,138,33,97,167,138,65,55,118,75,106,138,118,86,31,118,175,67,50,75,127,127,75,138,184,103,75,75,138,157,103,136,146,138,138,138,167,86,126,184,138,106,118,126,126,106,123,126,149,138,138,157,118,123,167,182,175,167,118,149,138,126,135,157,157,167,157,157,175,167,75,126,184,175,157,149,174,97,118,167,106,118,149,167,156,184,126,154,184,118,184,118,184,156,174,106,149,67,138,156,184,126,27,149,206,149,156,97,217,166,106,72,206,126,211,183,183,166,211,198,206,198,226,166,126,166,192,137,106,156,149,57,97,174,183,237,183,211,156,226,206,126,137,166,206,222,198,183,137,174,137,148,217,198,198,126
71,110,143,79,140,131,153,44,128,107,68,128,71,79,153,171,131,128,151,168,161,153,168,79,44,68,122,158,176,158,131,107,110,142,151,110,87,178,142,131,151,233,188,68,161,195,188,58,142,79,195,142,90,33,142,110,153,150,176,161,139,193,158,71,90,119,142,150,178,119,122,78,158,42,127,76,53,107,110,153,153,171,153,44,130,130,168,116,87,139,65,119,87,139,87,65,119,176,116,76,139,185,150,107,48,87,51,58,119,42,104,127,58,68,31,76,87,31,33,58,31,26,40,26,50,107,21,68,68,21,7,76,87,58,58,48,98,95,33,27,27,33,26,48,119,139,116,87,150,107,73,58,33,197,107,139,55,87,167,175,98,50,127,139,106,124,87,50,118,175,165,76,136,42,57,127,57,27,50,42,97,65,73,76,94,118,76,42,150,11,157,138,84,150,87,184,42,175,65,106,103,124,106,67,86,167,127,127,103,67,149,167,127,57,118,127,136,75,118,149,124,86,75,97,138,97,124,197,149,157,138,67,86,175,165,146,149,146,135,138,86,106,167,138,149,149,138,149,97,149,167,196,149,67,106,115,167,165,149,149,184,175,149,167,157,103,138,157,106,106,106,157,157,157,167,157,174,157,167,174,156,149,106,138,118,182,174,138,167,118,149,86,86,149,156,138,126,149,166,126,97,217,97,198,156,106,156,174,206,166,156,192,149,106,149,226,183,166,137,97,222,166,137,156,27,149,97,126,174,174,226,217,156,183,126,198,149,75,97,198,206,97,67,126,75,198,192,148,156,97,41
102,178,79,110,110,79,87,207,102,102,79,122,102,87,161,196,178,110,178,142,142,139,110,71,71,90,131,131,188,102,98,153,131,87,153,151,102,176,139,142,193,131,107,71,76,168,128,102,131,79,76,110,53,44,58,71,195,130,98,153,130,153,193,178,130,90,98,130,130,122,168,122,161,110,76,101,101,87,90,130,142,171,153,60,139,60,124,136,87,76,127,98,199,73,68,104,51,98,116,107,150,127,42,42,68,87,31,98,98,51,87,107,104,48,33,87,42,98,87,58,42,21,42,168,223,15,58,193,31,76,28,68,7,11,119,31,73,119,68,26,33,40,58,147,150,58,31,76,119,165,95,127,58,33,115,118,95,118,118,107,155,150,175,184,98,65,118,175,139,76,127,115,150,98,97,21,147,33,50,97,97,76,67,31,33,97,67,21,33,147,167,167,136,150,65,167,127,106,97,67,97,138,97,65,150,206,157,86,73,167,75,57,175,124,86,167,136,50,75,118,65,138,118,67,115,198,124,167,126,106,106,138,157,198,167,157,149,175,175,157,86,118,175,157,167,157,118,106,97,118,167,167,192,65,42,157,184,182,167,138,138,157,157,154,149,123,123,118,146,146,118,157,204,182,157,165,206,184,106,118,118,138,118,106,167,198,231,118,156,149,103,138,83,27,156,118,118,198,166,166,184,174,206,126,149,164,233,106,126,137,217,174,97,156,149,166,156,117,149,174,137,198,126,106,156,149,192,233,50,211,166,174,222,166,166,86,192,192,126,117,149,57,117,126,126,206,156,206,33,4,21
122,143,110,140,79,98,110,143,79,60,140,119,196,128,87,185,214,142,153,98,98,142,36,110,60,151,90,153,79,142,102,131,153,98,151,139,102,119,139,139,196,188,42,87,102,107,128,90,17,142,130,68,58,71,76,71,122,87,68,87,107,176,208,207,142,71,101,79,90,142,130,76,178,110,53,98,78,71,71,130,160,153,130,110,87,51,139,168,119,65,139,116,139,107,124,95,42,119,150,150,168,107,28,26,87,15,87,48,58,76,51,76,150,65,26,76,33,139,73,51,42,2,42,199,207,87,68,73,42,48,19,42,48,33,11,50,11,21,73,107,50,27,87,173,98,50,119,65,157,73,107,48,119,127,124,76,76,58,104,157,87,55,139,147,76,115,106,57,173,204,42,150,167,124,115,57,76,57,42,84,33,27,97,73,50,97,76,57,97,115,118,115,175,167,138,87,42,127,65,94,75,106,97,50,65,173,240,97,40,172,57,103,86,97,86,118,149,124,118,86,57,136,149,86,149,211,157,106,138,86,175,157,198,175,118,149,172,146,118,97,103,138,172,172,154,103,138,106,157,97,198,175,86,86,126,167,175,175,206,97,67,106,149,157,149,86,118,138,138,167,157,157,198,175,123,138,211,206,75,106,94,184,149,118,174,222,222,156,167,156,118,138,118,86,86,106,123,174,184,156,184,174,184,126,75,166,126,166,156,154,184,156,192,192,206,183,166,174,117,149,166,137,206,97,106,106,231,94,126,166,117,166,206,149,126,198,86,57,166,183,105,97,33,126,211,211,217,166,7,21,1
131,140,178,140,71,122,171,102,71,122,90,110,153,153,102,194,171,131,153,79,153,90,87,110,153,161,60,131,11,199,79,102,151,153,142,153,131,139,139,142,142,142,71,110,131,98,188,178,79,110,151,87,71,90,110,122,130,139,98,107,142,79,110,110,161,153,101,130,208,127,127,127,79,127,110,78,110,110,110,150,171,139,139,122,90,70,124,168,139,119,127,119,150,98,87,124,139,176,183,136,104,48,58,68,31,16,107,42,51,51,68,48,76,65,26,58,95,76,73,19,15,4,119,231,185,119,11,58,21,40,98,119,26,50,16,95,21,11,33,27,27,16,87,127,157,124,191,50,127,7,107,119,55,40,76,76,165,139,107,124,98,50,57,98,76,76,76,115,107,73,139,139,118,204,67,87,50,48,27,57,106,67,76,115,76,50,57,65,87,31,150,127,106,97,75,136,97,55,118,136,94,67,86,55,55,150,204,97,65,106,48,75,75,86,118,75,138,118,138,106,138,118,115,127,97,136,157,127,127,175,157,67,231,50,157,86,138,50,73,115,135,118,157,184,106,94,149,172,138,149,157,115,146,75,192,97,198,149,157,97,67,86,149,157,157,126,157,106,126,149,149,149,167,126,126,157,174,174,138,103,106,138,138,167,138,217,217,192,184,149,135,97,138,138,106,106,138,126,149,118,138,174,196,174,97,184,166,166,156,118,198,206,126,166,198,198,156,126,97,106,174,149,149,164,86,149,67,192,211,86,126,149,86,183,117,106,86,166,183,166,126,126,251,192,211,211,164,33,1,50,57
122,58,140,128,87,128,194,188,90,68,68,168,131,153,143,98,143,143,168,60,98,171,76,131,207,98,151,23,178,44,188,90,131,168,119,153,153,178,153,60,90,119,128,110,131,176,131,139,207,128,102,87,122,188,171,171,119,153,185,122,122,130,87,87,79,142,90,122,139,90,139,119,153,127,142,158,130,78,87,127,153,153,130,130,101,110,127,136,127,166,139,127,139,95,124,139,127,168,191,139,68,42,31,51,15,28,58,68,33,65,73,42,68,68,42,76,84,42,84,19,2,48,173,231,212,107,16,51,76,158,150,98,223,42,119,98,98,28,33,33,58,58,98,150,87,119,7,58,87,42,107,58,157,19,127,98,150,167,21,67,150,98,67,84,67,127,76,107,42,139,184,16,139,33,167,175,118,76,57,87,106,73,76,40,76,76,127,42,67,167,7,11,67,106,150,55,167,87,124,127,97,67,48,94,167,127,94,147,138,127,33,75,67,67,106,118,67,118,149,138,167,138,86,118,106,118,146,138,97,149,138,97,149,97,175,86,55,50,149,175,72,86,149,149,75,97,126,126,167,157,157,118,157,86,167,118,206,157,198,149,97,126,149,149,138,175,149,97,86,126,106,167,157,106,138,165,106,106,154,118,106,106,149,174,126,182,174,184,167,156,106,149,138,156,118,135,149,86,103,138,126,174,166,156,174,166,225,149,67,118,192,166,126,149,174,196,156,94,106,149,156,137,117,126,97,75,126,106,126,42,117,126,106,106,67,166,117,137,206,174,183,211,217,240,211,148,117,67,33,21,137
140,87,71,143,131,68,153,178,209,102,122,140,178,110,102,107,168,161,102,161,79,90,202,71,178,161,119,87,79,209,87,122,110,142,71,71,131,142,142,42,110,90,171,98,102,178,209,102,153,122,79,131,131,151,102,168,90,195,187,60,90,195,153,60,71,53,142,87,139,44,130,107,225,87,153,142,90,90,107,127,139,142,119,78,90,76,104,55,87,119,58,107,84,127,150,98,107,139,139,147,158,87,7,28,58,21,58,84,31,48,87,58,87,119,107,42,51,87,87,68,42,95,166,218,205,119,119,166,158,127,150,175,166,127,193,139,173,98,107,119,127,127,107,139,98,48,87,76,124,104,58,98,58,116,139,95,65,67,104,76,87,87,76,50,107,76,118,31,184,42,139,118,98,98,1,155,106,33,76,106,87,48,40,106,76,57,73,27,57,11,87,16,67,165,127,165,165,167,87,138,157,127,42,87,150,97,103,118,155,237,57,67,75,65,75,118,184,190,138,106,138,94,84,138,118,106,127,106,86,42,167,75,94,175,86,126,126,86,97,126,97,118,167,118,67,97,138,97,175,192,192,97,97,126,115,118,167,206,175,157,106,138,149,149,149,192,198,118,138,106,149,198,86,184,135,175,86,97,167,149,149,167,157,167,167,156,174,206,138,184,118,167,174,192,156,149,138,106,138,166,115,156,86,106,198,166,198,16,138,106,156,156,156,174,183,183,156,94,149,183,137,156,137,106,42,126,126,97,75,117,67,106,97,117,137,97,97,149,206,198,126,156,236,240,231,192,105,149,105,166,117
58,176,102,60,131,143,185,188,140,122,131,87,119,151,168,140,102,161,161,79,76,214,110,140,151,110,68,207,153,139,139,131,153,142,142,44,142,196,119,122,110,122,18,171,90,142,161,142,71,122,122,139,60,110,176,110,178,151,110,79,130,139,122,130,128,101,176,36,58,71,119,79,107,79,68,44,51,178,101,107,178,90,122,119,87,107,19,68,21,107,98,127,76,73,98,76,76,98,136,168,139,68,21,42,58,42,76,42,107,15,116,107,127,158,51,42,98,119,73,76,107,58,87,175,127,127,158,136,173,119,107,127,124,158,104,136,150,150,158,119,147,139,124,168,98,50,139,127,139,107,76,127,127,165,127,68,147,73,107,67,84,87,27,67,107,50,57,67,98,167,167,173,57,118,127,157,76,127,127,127,33,87,76,11,97,73,76,106,27,106,167,4,97,193,127,97,182,67,147,157,127,106,138,67,106,33,48,106,217,167,173,118,106,75,115,172,182,97,127,124,97,84,86,75,175,138,57,84,73,103,97,75,126,175,86,138,167,33,67,118,106,97,126,138,138,146,184,97,138,175,149,118,118,138,149,157,97,175,165,167,106,86,106,149,175,165,192,138,149,146,157,157,175,118,175,184,126,118,106,174,206,174,126,157,167,167,184,222,184,149,149,135,174,192,167,118,118,149,174,166,106,154,106,126,181,166,149,27,174,137,174,97,184,198,206,117,149,149,126,156,149,149,166,57,42,174,94,137,75,174,126,137,192,97,166,137,106,174,198,105,126,117,97,206,211,211,156,183,222,105,156
68,110,140,119,122,53,128,196,79,60,119,90,140,185,131,128,140,140,98,119,68,71,60,140,168,139,178,110,79,71,131,122,151,68,102,178,107,107,107,79,71,87,131,71,142,161,76,158,87,153,102,79,53,58,185,131,153,142,53,187,139,79,53,119,102,128,107,60,44,98,110,79,79,90,29,110,127,79,153,78,78,122,90,178,53,107,55,139,58,150,26,158,119,21,87,68,98,107,119,139,116,107,87,76,76,98,119,19,84,40,150,158,150,119,42,87,58,87,87,42,107,51,15,127,139,150,58,55,116,150,51,98,158,98,58,98,107,95,127,104,68,107,119,139,107,98,139,150,119,87,119,127,175,175,127,139,167,167,107,87,67,116,73,42,104,139,127,150,127,127,107,139,98,211,87,136,87,147,182,138,55,26,42,33,87,67,42,87,50,50,21,19,165,118,231,136,136,138,87,67,50,106,97,57,50,33,16,94,199,231,227,86,50,211,50,227,138,75,86,157,127,75,97,106,33,118,115,75,65,118,118,175,192,175,190,75,138,48,50,67,75,118,118,154,167,146,149,126,118,138,149,106,126,154,157,167,75,126,192,157,138,86,67,97,97,106,167,138,175,211,138,184,198,157,138,149,126,75,118,154,217,126,106,118,149,156,156,222,222,123,149,126,106,184,138,138,149,156,198,192,118,166,156,166,149,166,156,106,149,192,156,97,174,166,149,67,149,174,156,156,97,137,106,117,106,149,211,86,137,117,156,117,222,166,75,198,183,137,166,166,105,126,21,137,198,233,166,97,86,117,137
122,76,79,176,58,44,209,98,119,110,90,33,42,122,151,161,102,71,143,128,140,23,131,122,153,68,79,196,139,119,131,131,151,128,53,142,107,122,153,71,131,151,102,122,151,131,71,60,44,122,196,90,60,71,128,195,107,102,102,171,107,68,71,102,53,107,42,71,79,122,90,110,122,79,60,101,90,122,178,42,36,168,60,29,107,150,51,124,51,68,58,42,104,65,168,127,65,68,185,116,68,107,55,68,116,116,76,107,31,139,87,107,68,104,51,65,98,21,40,150,107,33,58,147,168,127,95,42,40,104,51,76,68,84,58,107,119,73,95,107,107,107,104,76,107,98,58,139,107,139,87,150,193,193,157,127,98,175,165,118,118,139,175,107,127,167,136,65,67,139,107,139,175,118,118,57,87,147,139,127,97,84,33,31,21,67,118,50,87,76,5,27,97,127,150,127,175,97,21,42,118,87,57,42,127,118,27,67,199,167,231,106,97,157,75,127,184,199,147,124,127,106,97,118,118,94,138,67,106,167,67,184,84,227,227,50,75,83,106,67,94,138,138,97,184,157,67,167,86,157,57,175,86,126,167,167,115,97,149,167,149,97,97,97,97,106,167,184,175,206,198,184,157,157,67,97,126,86,157,149,138,138,167,86,67,106,138,192,184,174,149,156,103,167,126,156,138,156,184,184,166,156,184,184,126,166,156,174,149,192,106,174,149,126,156,106,118,166,149,137,97,137,114,198,97,166,192,166,149,75,206,106,198,226,211,198,75,117,183,166,105,117,174,86,198,174,137,137,156,117,86
71,122,90,176,18,219,140,119,90,122,79,87,58,131,188,107,79,122,131,53,79,178,122,79,168,102,119,71,131,79,110,87,87,102,98,98,153,151,90,131,90,102,142,102,71,142,178,98,131,151,139,53,71,139,87,168,193,90,87,90,71,119,128,68,79,102,76,110,122,150,128,130,128,110,119,142,90,130,142,101,122,153,68,79,119,127,76,98,68,98,58,127,68,98,139,76,127,76,40,124,155,107,58,51,116,116,15,98,68,51,87,150,119,58,33,87,124,33,21,98,42,31,127,107,136,175,73,119,58,58,55,87,40,48,98,116,104,48,104,168,107,107,119,87,98,58,33,119,136,165,65,150,193,193,124,76,65,139,147,150,127,76,150,167,118,139,118,98,67,139,184,98,127,157,76,50,87,139,139,127,42,33,76,50,55,67,19,5,76,33,16,16,65,211,184,182,138,76,15,42,118,127,103,150,127,75,75,106,136,240,237,57,84,86,118,175,84,86,199,175,136,118,86,67,172,172,127,118,118,42,127,86,190,149,192,154,57,138,192,184,97,118,138,157,175,123,67,184,149,149,231,97,175,106,223,118,118,206,184,138,86,157,149,138,184,154,198,157,97,192,138,157,138,106,75,118,167,106,138,138,106,157,174,97,67,138,106,106,167,149,174,192,156,118,86,167,174,126,106,174,167,126,138,149,156,156,156,138,138,156,106,192,115,198,184,126,97,156,149,126,126,126,137,192,149,192,97,192,86,117,149,166,126,206,183,174,97,117,166,149,183,156,192,75,174,75,174,166,174,156,240
51,154,122,131,99,188,108,169,140,90,131,79,71,171,188,128,128,171,151,79,131,71,60,153,168,60,102,76,131,188,90,107,98,188,142,110,176,98,87,122,168,128,139,53,60,185,176,110,158,188,71,110,98,188,188,98,153,119,68,131,98,153,201,60,119,90,171,142,128,171,176,122,79,107,153,130,101,101,139,193,119,130,153,110,95,119,137,76,76,87,127,65,98,68,55,127,124,76,107,158,173,107,26,55,107,51,58,119,95,76,42,119,127,40,31,98,95,84,11,28,48,58,107,168,199,139,168,98,76,40,107,87,107,98,76,104,76,98,98,95,107,98,127,107,73,87,58,119,127,84,58,124,147,175,150,58,107,119,87,98,150,104,87,116,127,67,139,115,73,107,218,87,95,48,57,76,106,167,150,67,33,10,33,118,50,7,11,27,19,84,57,7,65,167,150,97,115,182,173,87,127,150,97,87,118,127,87,48,97,193,138,138,97,97,118,138,149,184,193,175,127,97,118,94,103,175,149,127,118,42,149,118,86,118,167,138,126,115,175,75,192,146,184,138,97,167,115,118,190,217,126,184,123,175,149,138,97,149,118,97,135,184,138,103,198,184,138,138,157,97,106,115,157,157,106,106,172,86,86,157,146,154,167,167,157,138,86,149,198,167,174,156,103,156,184,174,174,126,75,106,149,118,167,167,174,166,115,156,86,75,156,166,174,242,137,106,118,149,156,126,126,137,126,156,192,156,67,126,97,86,106,198,117,137,126,174,183,156,126,149,174,156,156,97,174,183,156,156,67,231,217
102,143,102,128,30,99,122,140,154,143,188,88,88,178,153,90,122,102,98,60,119,33,153,98,161,79,161,178,151,102,60,188,168,98,79,119,142,90,161,76,90,188,7,196,171,90,107,90,209,171,196,168,178,110,161,229,185,98,51,153,139,60,71,185,79,168,142,110,107,53,76,176,110,68,130,79,90,101,153,176,122,139,185,127,68,127,176,127,150,107,87,104,104,87,58,98,104,68,107,155,95,87,31,51,150,107,73,76,73,87,51,58,107,51,73,68,87,119,21,21,58,58,193,237,223,116,150,65,98,28,155,119,51,95,87,107,98,124,51,55,127,76,84,68,68,107,119,155,40,119,107,116,139,127,124,95,107,119,87,98,136,139,98,116,139,107,136,167,87,175,136,76,157,33,193,127,150,167,139,87,98,138,182,193,27,57,106,199,73,184,67,106,118,106,124,150,193,223,223,157,65,19,57,103,106,75,67,75,150,227,206,65,40,86,40,86,175,127,97,127,75,86,97,75,149,172,149,149,149,167,118,42,138,138,138,75,157,97,118,135,167,118,65,184,118,149,149,184,149,198,154,50,126,157,57,146,86,103,115,157,97,118,123,157,157,86,106,97,118,57,175,67,206,149,138,149,149,103,97,126,149,175,175,196,217,86,198,157,198,118,156,106,106,174,217,156,138,149,97,149,167,156,156,167,166,126,97,156,86,146,146,166,184,206,174,137,126,106,149,126,126,126,75,103,137,126,97,97,117,67,137,198,156,172,149,137,183,183,156,166,174,156,156,97,192,249,198,174,183,129,137
128,102,90,122,61,110,178,76,143,178,128,76,71,122,120,102,122,99,120,122,102,60,151,119,140,53,102,171,196,79,142,171,71,131,153,79,142,128,153,139,188,90,53,122,131,71,90,102,201,128,171,90,102,139,110,131,128,151,98,131,102,76,178,119,193,151,68,139,71,171,153,71,110,60,119,207,153,178,161,76,142,107,168,101,119,137,199,119,127,95,98,137,104,119,107,58,76,119,119,116,55,51,33,28,76,73,48,21,98,51,40,119,68,76,58,98,119,87,87,51,48,87,185,207,139,139,42,98,139,76,98,127,33,10,150,68,68,119,119,50,58,87,87,104,139,84,147,168,76,107,168,119,104,65,107,139,98,107,124,124,84,124,157,139,107,107,127,84,167,136,87,167,98,167,118,139,157,107,124,193,193,106,175,211,67,138,231,157,182,175,138,218,167,127,97,118,157,218,184,150,97,127,57,118,118,42,103,118,206,167,157,127,42,138,118,106,86,150,150,106,118,118,175,97,67,86,167,86,97,192,86,73,157,106,157,146,118,138,146,97,118,157,97,138,198,106,123,118,67,86,118,138,97,118,75,75,123,149,138,157,138,106,149,115,149,167,97,67,118,103,184,86,126,138,206,118,106,118,157,106,118,167,167,167,206,138,174,157,118,83,211,138,149,118,164,149,149,146,149,149,156,118,118,156,149,118,106,97,184,118,156,106,138,217,149,126,118,118,126,97,137,126,67,106,103,192,149,126,156,117,166,149,156,206,174,166,174,183,192,156,166,149,97,117,211,248,233,233,222,97,117
122,61,122,122,154,172,110,79,151,143,99,122,88,90,108,122,140,99,131,122,99,154,161,154,90,76,131,185,209,87,110,98,128,122,128,90,131,153,161,87,87,128,142,53,131,131,60,142,33,161,131,79,79,151,122,36,76,176,193,142,199,44,119,51,130,36,142,29,122,71,79,122,122,153,142,213,142,29,142,153,60,150,122,195,84,98,127,98,48,137,119,76,104,119,95,51,104,139,116,84,107,7,26,68,76,65,48,28,104,76,76,76,98,87,48,84,168,155,104,166,158,84,84,98,136,87,95,168,168,127,31,58,119,42,58,68,55,58,51,87,107,98,107,139,119,98,76,175,175,107,175,65,65,95,124,127,87,50,95,87,98,157,150,139,127,127,150,98,167,21,127,124,127,175,57,175,107,84,175,150,136,167,150,139,76,124,87,173,175,76,184,231,167,106,167,97,50,182,167,175,184,94,206,118,106,75,87,191,242,227,157,127,106,97,124,57,138,86,75,138,149,86,84,165,118,149,149,75,11,67,175,175,75,106,138,192,182,86,86,157,157,118,149,157,167,97,11,42,149,106,86,206,138,42,86,86,138,198,157,175,106,149,184,138,97,157,157,103,149,149,138,75,211,138,154,167,149,97,149,192,149,126,126,94,149,174,67,192,118,167,192,156,106,156,167,138,184,138,126,118,118,156,138,156,149,75,97,146,174,75,156,106,184,126,156,184,166,118,156,137,118,126,57,86,198,231,183,217,198,198,97,117,198,174,137,181,137,149,174,67,106,166,67,126,192,198,242,249,222,183,126
68,131,120,179,151,76,90,120,99,120,154,151,128,79,71,143,159,110,110,161,161,143,102,143,119,107,188,143,143,142,90,153,140,58,60,107,139,128,90,142,209,158,53,128,161,102,60,131,128,90,98,142,102,79,119,178,151,87,196,110,122,60,71,98,33,122,36,153,102,42,168,178,110,122,122,71,153,161,76,208,87,101,101,33,119,98,68,168,73,127,58,150,168,76,68,119,127,58,147,150,107,7,107,51,119,73,73,98,158,87,76,87,116,51,33,51,168,212,166,127,119,87,139,119,127,48,119,98,87,84,98,51,107,87,68,127,119,58,150,119,51,127,158,107,107,87,150,175,150,119,139,119,139,127,119,127,84,73,119,87,139,168,107,147,175,157,175,182,87,67,65,98,206,95,115,118,107,139,139,127,118,118,76,76,87,147,76,138,127,138,67,218,67,199,76,84,76,150,184,167,197,157,127,150,103,167,42,167,234,223,199,11,184,75,86,118,216,150,124,184,118,118,118,42,193,127,33,206,86,227,57,138,127,149,157,118,149,136,149,167,175,136,126,167,165,97,75,175,175,75,118,86,157,126,146,149,165,106,106,204,157,149,211,167,106,149,167,157,157,118,149,198,67,167,138,167,126,175,198,175,167,115,106,118,174,198,118,198,118,135,138,86,149,149,118,106,118,167,118,149,167,192,156,123,149,67,86,156,138,211,83,184,156,106,206,126,206,75,206,174,97,137,64,75,231,206,174,206,126,222,57,206,166,137,174,206,166,106,156,75,106,166,86,86,126,183,233,244,226,198,166
79,196,131,220,18,154,128,79,102,159,161,143,172,143,108,140,143,194,120,218,110,79,90,169,131,143,122,172,68,98,143,161,143,79,122,168,178,168,79,87,161,178,107,98,139,142,185,176,119,102,131,128,128,178,178,44,51,122,142,119,60,107,119,79,42,131,79,76,102,128,68,107,102,29,33,171,187,178,142,122,229,101,98,128,150,55,137,87,76,127,127,119,87,137,139,119,98,58,58,155,119,51,139,19,173,55,176,127,76,87,51,87,107,33,17,116,199,119,119,176,119,87,139,150,176,76,116,51,176,51,107,58,158,98,119,119,95,107,87,87,87,119,127,87,68,87,139,150,139,76,168,168,139,127,119,127,127,136,155,139,98,127,150,155,185,139,182,185,127,87,73,98,104,127,98,98,150,98,65,139,139,76,67,104,118,136,118,87,127,184,65,165,150,199,147,87,76,127,138,197,175,150,97,76,67,138,40,173,127,234,118,50,167,118,73,106,33,106,127,65,75,118,86,67,167,86,67,199,40,149,118,149,138,97,138,118,154,167,175,206,157,157,157,157,97,86,184,138,67,198,211,67,149,157,192,138,198,206,86,42,118,157,192,167,149,149,97,65,157,198,198,157,42,149,192,123,175,198,175,175,184,167,138,167,149,118,167,106,149,106,106,149,192,157,118,67,156,156,97,149,149,167,184,167,167,156,106,167,198,206,106,156,57,149,184,138,166,118,166,156,126,118,97,137,166,126,206,137,126,126,137,174,117,183,226,166,149,117,174,198,174,149,75,50,117,192,192,198,242,174,192
128,161,179,90,128,154,71,110,143,186,161,194,154,140,140,90,178,235,131,200,110,161,110,143,79,178,33,188,68,79,143,143,151,122,131,185,151,131,119,60,128,128,102,79,131,171,178,139,168,139,153,151,188,161,79,122,119,110,60,90,60,102,142,51,102,128,122,119,139,139,98,98,102,58,60,90,98,161,161,79,161,139,142,158,68,139,176,147,168,42,116,119,127,137,158,84,68,107,158,107,124,28,28,48,58,127,158,42,28,95,33,42,51,51,76,136,185,76,65,227,104,68,107,237,87,136,119,119,183,33,127,119,104,76,158,68,42,98,76,95,119,58,68,68,98,55,65,127,136,116,104,139,107,107,87,150,139,107,136,175,168,76,119,98,167,150,150,175,98,116,127,58,118,139,115,115,150,136,107,127,150,139,107,98,87,124,118,138,147,173,138,138,175,193,157,97,118,127,127,167,106,50,87,76,55,76,84,167,218,199,118,106,87,167,86,167,55,75,138,75,106,124,50,106,86,138,138,86,149,75,149,57,138,73,118,227,157,175,154,204,206,184,198,175,217,50,118,106,167,118,126,175,67,126,157,157,198,192,157,72,146,190,149,198,192,126,94,146,192,167,94,149,118,106,175,198,175,167,198,167,138,157,118,106,118,118,138,149,184,97,86,118,157,138,138,167,154,106,118,184,149,118,184,206,149,167,198,174,192,126,149,75,86,86,217,206,126,156,118,126,97,86,137,137,97,106,206,117,75,97,166,166,137,226,198,166,106,183,149,174,156,117,137,67,126,198,156,137,240,117,217
209,122,79,122,212,44,110,71,143,207,194,188,88,36,131,154,161,161,188,122,188,151,99,79,122,154,53,99,143,172,131,88,102,143,158,143,90,131,120,29,185,79,128,60,142,102,131,142,139,119,161,178,185,161,110,128,110,110,131,153,58,168,131,185,142,90,131,178,87,79,110,107,110,107,142,139,161,187,142,79,101,130,122,158,176,150,191,87,31,87,168,116,168,107,150,207,76,68,76,127,87,42,21,87,51,51,65,65,84,40,98,11,40,76,76,139,185,183,68,139,107,119,107,193,21,205,95,197,68,173,104,55,98,107,119,68,40,76,98,87,84,51,119,107,98,98,136,68,107,119,58,136,107,42,119,127,87,87,124,150,98,76,127,139,193,155,139,68,136,42,76,107,165,104,58,118,157,193,193,95,67,127,76,50,84,136,87,211,98,87,138,167,191,150,106,127,127,150,150,87,103,67,50,106,157,167,157,173,199,184,147,67,67,124,167,75,67,86,138,136,97,86,106,157,149,175,127,118,138,65,67,115,106,118,157,127,157,175,182,165,175,184,175,106,149,86,138,75,149,67,175,126,157,172,106,157,206,126,57,126,118,118,67,106,118,217,149,157,86,106,57,86,211,50,198,198,86,75,75,184,157,57,167,157,86,157,240,118,138,50,75,149,157,126,106,149,138,167,149,118,156,206,184,156,138,174,206,123,118,156,86,106,166,126,198,166,174,174,126,106,149,97,86,106,149,137,106,106,117,137,149,164,156,183,174,174,198,149,57,97,126,149,183,166,126,174,183,174,174,117,126
88,90,143,120,99,143,53,120,172,151,188,122,102,110,143,151,110,110,188,76,154,53,140,128,161,131,53,53,143,186,128,90,88,188,188,76,172,151,61,90,178,102,128,79,139,60,98,60,131,151,151,171,142,110,151,178,122,142,131,98,71,153,128,196,58,102,131,142,122,142,71,87,131,131,153,87,142,122,122,90,87,178,161,168,139,98,98,95,119,127,116,127,168,139,42,55,168,139,124,158,40,19,104,87,6,42,95,119,51,28,84,76,48,55,107,136,185,87,17,87,104,158,51,6,197,76,98,73,127,150,68,42,119,124,51,76,104,55,98,107,84,107,127,73,98,107,119,51,107,68,76,84,58,98,65,48,119,87,58,76,104,150,175,150,119,139,127,139,107,107,67,127,76,87,118,107,150,206,199,87,76,150,57,107,104,87,150,193,42,106,106,157,165,150,184,150,42,106,157,87,150,106,50,118,197,223,206,184,206,173,76,67,97,97,127,97,87,87,118,127,127,150,127,106,138,149,127,127,97,138,86,97,127,149,106,192,175,118,97,157,118,118,184,175,97,106,167,157,126,103,175,67,198,75,126,157,97,198,198,138,97,86,97,118,217,175,126,42,149,154,118,211,106,217,67,149,48,97,75,146,167,149,157,118,211,167,149,149,154,126,75,192,86,149,156,67,135,184,118,138,156,138,184,138,149,75,138,174,149,138,126,126,166,67,156,226,184,164,149,137,156,75,50,106,146,97,106,166,184,106,106,156,192,156,156,137,211,67,67,106,137,174,192,174,137,156,174,166,106,166,57
169,154,110,102,131,131,68,61,120,151,154,154,154,122,120,151,140,154,131,99,108,128,159,196,188,140,90,128,131,99,131,99,128,188,154,131,207,151,88,143,186,110,140,88,90,61,122,88,102,142,188,158,122,87,122,153,131,53,68,142,90,122,122,176,90,142,98,102,142,110,79,119,122,68,79,122,153,139,130,102,58,195,87,76,137,84,87,166,207,87,55,137,168,127,107,84,150,150,15,51,119,127,76,98,104,87,68,51,42,84,68,33,68,127,127,51,51,150,136,104,76,98,55,158,139,51,124,87,98,58,104,98,127,119,51,68,119,87,107,127,107,150,76,68,98,58,84,76,136,73,58,107,65,155,76,87,139,95,98,193,175,87,182,107,157,168,87,139,127,150,119,87,50,167,115,150,150,175,175,157,107,127,127,175,150,33,150,127,184,157,175,67,165,167,167,97,67,87,175,175,150,87,76,84,175,227,206,167,157,197,76,48,150,118,127,175,97,75,127,167,127,127,150,124,86,86,138,149,97,97,118,75,138,118,146,157,138,97,97,157,192,157,97,97,175,86,86,165,149,126,75,146,206,175,172,157,198,126,167,184,106,67,106,126,149,126,192,118,126,67,86,192,149,57,33,118,106,97,198,192,138,154,106,118,211,67,192,138,217,97,126,86,50,167,67,192,156,106,167,149,138,156,192,167,75,118,118,167,184,97,166,138,156,138,192,174,126,138,217,118,57,97,156,192,137,67,184,149,198,156,67,149,166,174,156,126,137,106,126,97,106,174,174,174,206,206,126,117,137,137,126
88,154,110,151,122,90,108,122,120,122,90,76,188,188,99,76,143,161,110,90,79,143,194,220,161,140,161,131,131,151,151,161,143,154,158,143,122,161,172,99,178,151,143,90,140,79,171,90,79,151,207,128,79,110,139,139,87,53,90,178,60,131,178,68,161,102,90,142,122,102,79,151,131,102,122,79,102,60,153,90,79,87,193,58,58,125,166,40,116,210,95,98,147,119,150,191,139,104,55,31,127,185,98,127,58,48,28,98,119,127,199,168,76,104,116,119,95,87,104,107,84,76,76,28,51,76,98,95,76,107,127,98,124,127,98,68,98,107,76,68,107,84,51,68,119,51,68,139,127,119,58,98,68,98,104,76,139,147,87,150,216,165,139,157,150,127,193,58,168,65,207,65,107,167,40,67,157,204,175,147,118,175,175,139,167,57,76,211,84,106,184,106,184,150,127,167,193,138,87,127,127,84,42,42,197,211,127,127,157,193,175,27,150,136,118,157,94,127,157,138,118,97,75,138,127,75,138,167,127,86,127,149,146,97,199,127,65,149,157,149,175,167,138,149,149,167,106,172,126,48,106,138,167,157,157,175,67,97,167,157,138,118,138,157,118,157,97,97,97,149,217,175,206,149,97,50,118,198,149,138,138,118,167,196,184,149,126,149,192,86,192,4,211,97,211,75,126,50,118,126,126,167,156,106,97,217,167,118,97,156,97,211,50,206,166,118,198,198,198,166,67,184,204,135,184,118,137,126,211,126,137,126,156,166,156,126,106,137,75,67,117,156,206,211,174,183,86,106,97,97,117
90,172,61,68,227,131,77,154,143,76,76,90,90,90,90,131,110,186,99,159,108,128,214,186,188,143,53,196,169,154,161,188,172,71,99,178,154,122,143,140,143,154,178,131,131,128,143,68,154,207,154,110,102,131,188,153,79,131,131,142,51,161,87,90,153,107,128,153,90,90,139,131,142,142,130,90,142,79,178,90,87,90,150,150,87,104,119,65,48,119,185,95,150,137,139,158,98,119,139,68,127,168,5,127,176,84,98,207,150,155,87,76,119,116,139,119,107,76,176,98,76,58,124,21,127,127,68,98,127,68,98,98,98,65,68,76,87,107,76,55,58,127,87,51,168,104,58,98,51,124,150,119,76,76,127,50,84,185,175,185,205,175,157,127,98,119,150,139,119,87,167,127,98,165,139,118,136,199,193,107,139,98,87,87,139,127,107,157,107,157,76,191,87,167,197,242,199,118,65,106,184,167,65,21,193,206,175,199,218,138,175,76,73,127,106,87,150,175,97,97,150,97,48,86,184,184,157,138,86,97,175,184,157,165,157,175,175,165,175,149,138,167,138,138,86,157,172,167,157,126,126,149,175,157,118,118,167,138,167,184,184,175,138,118,149,97,138,118,118,138,167,167,118,175,167,157,217,217,118,97,126,126,175,192,106,138,97,126,149,198,75,211,106,118,149,157,103,103,231,174,182,156,97,118,156,192,118,97,138,138,149,198,167,4,67,211,126,226,106,118,106,126,206,149,156,156,198,137,149,231,156,156,222,137,206,206,106,106,126,67,149,198,166,166,117,156,117,106,174,137,156
58,123,42,102,102,169,131,99,110,122,44,61,143,202,44,71,143,151,102,99,71,120,186,128,154,154,102,154,154,128,131,143,140,110,110,128,140,110,90,154,154,131,161,151,154,120,108,154,128,143,131,122,131,131,168,151,110,171,154,90,102,102,71,185,79,153,90,188,142,110,110,87,139,128,87,176,139,122,107,122,102,142,168,128,147,128,76,55,128,150,185,173,139,139,95,147,147,150,139,119,119,84,176,51,223,168,207,68,107,98,116,107,107,176,119,55,51,68,150,150,95,139,107,127,51,42,127,127,107,168,119,65,76,76,87,51,51,127,119,107,95,33,119,98,51,150,73,98,155,124,168,87,119,193,197,139,87,147,185,212,157,157,150,84,127,116,98,119,84,84,87,119,157,107,127,136,118,136,212,139,107,175,139,118,118,98,155,107,76,118,42,139,98,150,97,206,193,150,106,184,157,97,42,16,175,227,237,95,157,106,50,157,97,127,103,138,138,87,127,175,150,97,84,67,199,167,191,138,94,127,127,106,193,157,97,193,199,199,165,149,167,175,157,127,86,118,175,175,206,106,103,138,149,175,118,97,167,157,157,184,167,198,206,167,138,106,184,118,149,167,106,106,217,157,97,172,175,157,175,157,118,167,135,106,149,157,149,198,157,97,97,165,184,149,167,138,157,157,149,211,118,106,156,149,192,198,118,192,118,106,167,138,27,33,166,33,106,174,118,149,156,149,166,149,137,149,166,211,137,217,211,174,222,198,137,117,192,166,198,149,126,217,166,97,156,156,166,183,166,244,156
229,61,58,111,122,143,23,99,131,131,99,122,71,12,202,90,143,53,128,161,188,131,110,154,102,161,102,110,140,128,143,108,154,143,214,128,58,120,102,178,154,154,110,178,102,90,88,151,102,88,90,110,122,131,151,171,154,143,122,79,88,143,90,110,122,131,122,142,119,128,71,79,90,122,102,122,153,142,60,130,130,139,128,95,125,168,68,65,128,98,139,139,98,87,119,87,116,150,119,98,127,55,28,150,127,124,76,87,127,58,55,98,84,127,98,33,124,98,127,119,136,150,65,127,73,193,176,191,127,127,222,68,55,139,68,87,58,158,51,127,87,107,127,107,98,73,119,168,98,68,42,173,139,68,168,168,68,50,147,168,212,182,26,127,119,73,55,127,87,76,119,127,175,193,147,119,127,157,191,150,95,147,136,127,127,98,84,175,118,136,136,98,104,199,157,48,157,193,97,157,173,104,87,57,184,197,167,67,87,67,76,150,182,157,65,175,150,55,115,167,87,75,75,94,184,150,217,155,86,75,84,115,149,138,97,157,199,175,118,138,192,175,157,157,149,106,175,167,157,126,149,167,65,157,138,157,149,149,157,184,157,149,106,106,184,67,172,138,167,138,206,97,211,167,118,138,175,157,157,206,206,138,57,57,75,126,106,118,167,97,184,126,57,149,167,157,106,149,167,192,149,138,156,126,126,174,149,75,118,149,149,206,75,67,75,174,86,97,217,192,106,75,118,118,137,97,156,226,149,149,166,126,222,174,156,75,206,174,137,206,166,166,166,86,137,183,174,137,244,206,156
79,99,108,154,131,61,120,61,99,77,108,44,79,176,143,143,90,178,194,108,68,120,108,151,90,143,68,79,140,140,143,143,102,196,90,120,90,122,178,154,36,102,188,108,79,143,90,61,88,122,90,90,102,90,185,219,151,128,131,88,90,168,42,143,107,122,119,79,110,139,110,79,102,128,102,102,153,131,71,110,122,139,95,119,148,119,139,68,68,139,139,98,119,87,139,139,95,87,98,127,76,58,104,58,87,42,58,168,21,55,107,119,51,65,155,136,76,139,166,19,127,139,136,199,147,127,139,150,207,150,58,139,84,107,119,139,185,104,87,84,51,155,58,107,139,119,136,107,139,127,127,139,168,107,40,116,104,124,218,193,127,84,116,107,68,68,76,119,76,87,157,124,155,193,139,119,150,139,139,157,127,107,136,150,127,84,139,147,118,175,98,157,106,48,157,227,167,98,87,65,175,138,50,97,155,184,167,73,127,191,76,136,175,127,157,97,175,118,50,118,127,115,136,87,127,199,167,127,57,115,136,86,127,157,106,138,149,138,106,127,172,184,157,167,118,97,157,149,157,197,198,115,67,138,167,118,67,217,184,97,106,118,149,157,115,86,184,118,118,126,126,206,157,157,106,196,167,138,198,167,206,198,86,67,86,67,184,149,138,106,27,184,106,106,67,106,57,86,138,167,138,118,156,97,126,118,222,231,57,167,198,222,97,97,118,156,184,126,174,126,156,156,67,156,149,156,97,67,217,86,97,126,106,137,217,192,126,117,137,183,217,156,174,198,137,166,156,226,97,211,174
102,140,102,61,179,154,58,34,131,131,90,90,172,188,33,110,154,131,28,212,23,176,30,178,209,99,196,186,122,128,102,202,194,68,161,76,90,140,143,143,30,120,154,68,154,140,178,99,110,128,79,88,102,143,212,122,131,151,194,122,140,122,202,131,102,71,122,128,102,128,107,122,153,102,110,178,98,131,142,130,79,128,128,193,125,139,176,128,119,128,168,137,139,150,119,119,119,76,127,119,119,127,42,58,139,107,98,119,51,98,127,87,68,65,139,139,73,119,150,68,127,139,183,68,199,150,176,76,166,68,104,119,166,76,73,139,127,107,158,51,68,98,107,76,48,168,116,51,119,124,58,51,16,76,150,139,185,127,107,107,193,173,84,16,136,182,98,119,127,193,127,119,98,87,157,157,87,84,107,155,155,67,157,175,84,58,55,127,65,175,106,157,127,106,127,175,138,87,138,136,97,191,175,106,157,199,167,157,118,76,138,136,138,76,127,127,42,76,118,118,167,127,124,136,138,150,67,86,127,138,57,106,157,184,127,106,106,127,106,118,175,184,167,149,118,106,138,127,157,211,138,75,97,138,126,126,106,149,175,86,97,167,192,97,86,149,138,138,157,75,175,165,126,149,135,217,167,126,206,223,211,198,118,157,75,206,42,198,126,106,126,67,184,106,138,118,154,149,167,97,97,156,192,106,118,198,149,126,126,192,149,97,156,184,156,86,149,166,166,198,97,118,184,166,106,149,222,222,138,42,118,149,206,166,117,166,126,166,166,106,166,149,126,206,174,126,156,183,206,126,67
131,79,91,131,91,99,91,143,129,143,111,128,123,54,143,196,154,99,151,61,76,108,154,161,154,102,51,99,122,128,202,131,99,151,99,61,99,172,188,23,207,110,68,122,102,178,99,88,90,143,79,102,143,110,143,194,154,154,229,44,102,202,131,61,151,71,140,44,110,110,122,107,131,143,161,158,151,185,128,131,60,166,166,128,150,185,107,116,87,107,119,128,128,137,150,116,176,95,76,87,125,139,76,119,205,124,76,98,119,119,68,87,98,68,51,98,104,107,119,76,87,87,168,76,127,87,87,76,119,127,139,98,58,87,104,136,119,98,33,51,107,73,107,124,98,158,28,58,87,107,65,16,68,116,119,136,175,175,197,98,127,119,76,166,68,76,136,150,50,207,58,76,150,139,27,33,127,136,107,139,147,182,76,165,115,58,33,127,50,167,150,87,87,118,118,157,136,104,127,87,87,150,127,182,167,138,193,42,175,127,87,97,147,87,42,138,197,150,167,127,127,84,67,165,115,40,118,127,75,118,138,127,138,150,124,127,138,97,167,175,199,167,118,138,146,138,118,86,157,138,86,126,157,138,118,118,106,106,184,184,86,118,126,138,167,106,126,157,184,118,157,175,175,149,167,192,198,97,157,184,175,157,97,157,240,83,198,86,211,149,75,206,86,106,184,167,217,206,174,192,167,149,138,118,50,156,192,192,118,86,184,118,156,118,149,106,75,192,167,75,166,156,106,97,97,149,156,184,226,156,217,184,97,137,149,166,198,174,117,149,156,156,117,88,183,198,174,183,166,57,156
111,91,143,140,131,143,123,143,131,79,71,58,111,143,140,186,188,143,99,151,169,90,178,68,172,140,188,151,36,108,209,200,90,88,143,90,131,176,143,214,68,99,51,172,188,225,194,90,154,120,90,128,102,44,185,131,88,154,131,68,90,209,42,140,102,128,151,122,88,131,119,122,98,176,176,161,119,178,44,151,90,185,98,95,148,151,87,107,139,128,68,95,137,116,176,95,185,107,84,98,116,139,176,87,150,150,127,65,119,104,76,98,98,119,51,98,127,119,58,73,98,104,68,68,76,68,76,87,98,87,87,68,98,158,168,107,76,107,107,48,119,139,119,68,107,119,51,33,68,136,98,76,68,84,136,207,233,193,107,98,68,175,150,119,87,98,227,104,127,21,50,157,139,87,98,127,212,155,95,107,116,98,26,167,87,165,127,127,118,118,87,76,87,118,98,139,139,76,57,57,115,138,184,138,106,167,167,157,150,147,50,67,118,57,138,118,175,206,167,184,97,106,127,87,127,127,106,118,138,127,97,138,127,147,149,57,75,86,147,206,167,138,149,149,146,103,86,106,149,106,83,149,149,149,165,97,97,118,157,157,67,48,149,184,157,106,138,97,97,217,198,175,184,146,138,167,157,86,67,106,149,167,149,138,157,217,157,106,198,118,175,75,157,57,206,217,157,175,126,106,192,138,50,126,118,184,106,67,198,42,211,97,118,156,86,167,174,138,198,106,75,166,106,149,106,138,184,126,118,149,231,118,97,156,206,206,174,222,174,174,117,50,156,198,183,149,198,156,192,174,166
194,77,179,154,108,151,179,177,154,140,143,143,120,91,169,194,162,111,140,53,154,110,122,131,128,178,90,128,108,102,122,154,154,131,88,90,90,143,202,176,71,151,131,102,188,196,140,143,122,122,131,131,122,90,71,196,143,99,71,88,151,61,79,122,79,168,76,154,79,185,131,143,143,128,110,79,178,151,36,168,125,85,140,85,116,128,65,166,116,76,128,87,125,98,87,139,84,139,116,168,150,119,150,68,150,124,168,65,58,58,107,139,127,139,119,55,58,124,68,155,84,58,58,76,73,107,65,51,127,139,119,84,119,173,136,150,150,55,107,98,127,168,127,116,158,68,87,107,68,76,73,68,21,107,166,175,199,119,51,104,124,139,98,139,98,87,185,175,98,55,127,155,98,87,165,150,119,157,193,127,191,165,73,31,67,212,58,127,118,67,58,118,136,87,76,98,157,98,67,87,150,127,184,16,157,150,67,97,218,127,106,76,138,150,118,138,127,199,199,193,199,118,76,157,150,150,42,118,175,67,147,86,127,127,97,138,127,75,106,199,184,175,184,84,97,149,86,106,138,136,97,124,75,106,149,167,97,73,124,126,75,118,149,138,149,97,97,67,86,206,206,184,184,126,115,97,118,118,97,149,135,149,167,118,86,167,42,184,118,149,149,97,157,126,106,198,196,167,167,149,118,138,106,138,149,138,192,118,196,138,106,149,192,97,198,149,184,118,156,166,97,118,138,138,126,217,198,206,166,149,75,166,126,149,184,206,206,211,198,106,117,156,233,222,137,166,156,106,192,137,137
58,88,140,177,219,143,154,194,143,177,177,131,99,129,108,111,88,34,102,99,140,162,179,91,28,131,159,71,143,154,140,178,88,36,131,99,90,196,196,122,61,68,122,79,154,172,172,178,140,122,122,128,131,99,88,131,131,88,178,143,76,196,102,79,131,171,88,131,131,79,119,168,128,76,143,76,71,71,79,71,107,200,68,140,119,119,84,151,76,68,128,73,98,119,40,150,68,87,128,147,125,76,168,137,150,68,158,58,65,65,119,139,127,98,68,68,107,139,68,124,58,58,42,127,127,107,76,98,87,139,87,119,168,185,127,158,168,98,98,119,168,119,119,139,119,76,150,147,76,31,51,175,191,68,65,119,84,147,139,116,127,124,124,139,98,127,119,166,175,139,68,119,207,193,73,87,147,218,222,199,150,185,139,98,98,165,87,127,73,76,147,127,107,107,150,127,118,157,150,157,150,167,16,206,97,106,67,87,237,127,175,97,167,175,76,118,167,157,175,184,184,67,103,193,138,57,193,50,150,27,193,57,138,97,106,138,127,147,149,167,199,184,115,75,106,157,67,127,75,149,97,138,97,106,157,157,86,118,157,157,149,97,138,167,149,86,97,138,106,138,175,184,157,106,138,67,146,192,172,172,106,106,167,138,72,97,106,157,149,118,192,167,118,149,106,157,157,157,126,167,138,198,206,118,75,97,167,138,126,222,156,167,211,234,217,86,167,126,149,138,138,126,75,57,126,248,138,126,106,106,198,166,118,198,149,233,198,137,166,117,126,176,156,183,75,137,166,156,117,117,137
23,91,54,233,71,123,179,196,162,151,169,61,77,131,111,58,108,44,128,68,202,220,143,79,122,58,186,90,79,196,110,42,140,151,151,161,151,172,88,122,154,161,143,79,128,90,79,90,90,90,79,154,188,154,76,79,171,122,122,161,140,188,76,108,140,110,102,79,79,168,154,98,68,61,154,171,110,122,122,68,98,212,158,105,98,68,151,137,151,84,95,150,98,98,107,76,150,95,119,58,116,107,150,87,119,139,98,116,65,116,76,84,76,51,76,176,107,87,87,76,42,119,95,119,119,98,150,119,68,150,139,127,127,147,176,150,166,136,124,55,139,84,127,87,150,139,119,119,68,95,119,65,76,116,139,150,58,127,87,76,199,183,87,107,98,76,87,87,119,119,84,87,50,68,87,139,193,185,127,216,212,199,175,139,98,150,175,87,139,127,139,95,127,199,157,167,193,193,191,150,155,106,127,157,118,136,127,127,206,157,76,127,150,87,67,84,184,118,106,206,157,87,138,150,127,73,184,42,138,67,167,86,127,86,157,231,167,67,127,175,227,182,86,127,184,67,75,206,75,97,138,84,167,192,138,126,149,167,175,167,175,73,157,157,126,126,126,138,192,86,157,126,149,118,167,149,149,217,157,118,118,86,149,167,149,138,106,118,175,149,126,175,157,149,149,157,157,157,167,157,149,184,149,97,97,50,184,211,174,126,138,198,167,167,222,138,184,97,156,166,156,126,33,97,174,217,174,149,174,156,156,67,166,184,118,166,97,129,118,117,166,174,156,174,149,166,156,242,50,174,166
111,58,79,202,140,143,154,140,152,79,79,123,71,131,123,79,51,71,123,128,209,172,179,151,154,71,102,154,143,131,110,68,143,159,131,161,108,188,172,154,143,110,76,33,102,151,108,122,158,178,154,172,128,122,171,53,131,71,122,178,110,110,140,122,79,143,108,131,154,154,143,68,79,90,90,188,151,131,102,102,137,140,183,137,31,85,119,107,192,234,140,87,104,166,168,87,137,128,84,68,107,68,127,107,87,119,119,98,51,87,98,98,107,65,87,158,124,95,68,107,107,107,98,127,76,107,119,95,76,176,150,76,76,127,205,139,68,119,127,42,65,68,136,58,127,87,176,73,33,87,139,76,68,107,95,51,76,119,76,207,33,127,107,116,58,124,139,168,76,107,76,76,107,68,127,191,150,68,139,139,76,87,119,119,118,87,116,185,127,107,118,150,157,155,150,107,175,199,193,98,67,147,157,157,206,138,48,106,150,150,50,76,106,42,76,76,97,155,150,191,157,118,127,87,127,97,57,150,138,65,167,106,138,157,138,167,184,67,150,193,184,234,127,75,127,97,138,167,42,206,75,157,167,157,97,184,198,106,118,184,126,67,83,106,154,184,198,57,217,50,204,106,157,86,106,118,118,157,135,106,184,157,157,167,206,67,106,184,157,167,97,167,149,138,106,126,167,184,198,149,106,138,106,106,146,138,97,157,118,67,126,106,149,192,174,156,184,167,156,198,149,75,97,126,126,156,138,149,149,138,67,156,138,217,126,50,106,156,149,117,126,166,156,117,166,67,137,97,174,86,117
123,44,132,154,194,120,88,143,152,129,36,71,151,108,79,79,140,177,99,172,143,88,188,179,111,143,151,196,159,102,79,140,123,90,159,110,90,209,131,143,99,90,154,71,102,99,151,188,172,202,154,58,131,176,108,171,171,88,178,12,214,88,140,140,51,143,143,44,79,143,128,110,131,154,107,28,185,154,128,178,128,158,31,98,116,107,98,128,116,168,151,125,87,140,140,168,137,151,119,128,73,58,158,33,116,87,95,51,127,127,76,55,119,98,58,119,107,68,58,173,127,76,76,127,68,139,65,139,107,68,76,98,150,150,87,68,107,158,107,58,58,124,104,28,185,87,119,33,48,84,104,150,104,68,84,87,127,147,76,139,21,155,33,139,51,183,98,87,119,65,139,107,58,76,127,127,87,84,104,68,157,33,175,87,31,98,68,150,175,98,107,165,193,150,139,193,150,118,167,199,65,157,115,65,138,206,67,76,206,184,106,76,104,127,106,42,106,199,157,138,157,150,127,138,97,57,87,175,94,87,173,127,167,157,138,175,97,97,138,167,149,184,138,103,67,138,127,67,167,118,138,106,138,175,124,192,157,97,138,217,138,118,167,135,135,184,198,50,106,103,149,126,118,157,42,149,167,126,175,211,157,157,149,149,217,67,149,157,106,157,146,138,33,138,157,118,149,198,175,75,86,175,157,149,138,86,149,106,118,192,138,65,106,118,149,192,167,149,156,149,126,106,149,106,57,86,166,156,126,149,138,138,156,156,97,97,149,192,126,126,166,166,126,106,149,137,166,33,192,16,149
102,102,99,123,162,131,111,143,154,102,28,79,169,91,102,169,151,102,69,88,102,102,91,111,172,151,188,225,209,161,88,108,188,123,161,120,159,186,172,108,143,36,202,154,110,214,161,99,131,154,102,90,122,154,71,110,196,128,61,122,169,143,178,44,122,53,143,171,88,79,140,79,61,88,122,154,196,202,196,148,128,98,212,151,68,119,107,98,105,176,125,76,107,107,98,151,166,151,128,48,107,98,73,95,166,127,68,107,98,98,76,58,107,119,98,68,48,51,68,107,107,136,119,76,76,150,87,119,87,58,107,124,150,127,33,51,124,158,119,58,176,68,119,84,127,107,68,33,68,158,58,40,104,150,127,98,68,107,87,139,68,104,98,205,33,104,104,124,119,107,185,175,58,65,98,107,127,150,193,150,76,127,150,65,147,76,150,98,76,118,185,185,107,118,193,127,118,42,104,127,87,76,175,106,127,138,136,106,150,184,150,138,76,55,118,165,127,127,127,76,191,150,84,97,87,115,175,97,138,184,167,106,138,138,150,150,73,106,150,106,115,149,157,127,75,127,97,127,149,67,149,118,175,206,138,184,127,127,184,192,149,138,149,57,154,86,138,118,67,126,167,227,83,86,198,198,175,154,167,175,157,149,97,118,206,57,184,86,167,149,149,106,42,86,184,75,118,167,149,86,138,138,138,157,118,118,206,118,231,126,198,149,106,126,149,192,156,75,138,67,75,192,174,167,138,97,156,118,149,149,138,149,106,75,118,126,149,149,137,117,126,149,166,156,156,67,86,174,86,149,176
143,123,102,132,143,129,102,91,131,120,123,88,108,108,143,159,108,77,88,77,131,108,77,131,143,131,229,239,186,177,123,102,111,88,123,172,202,208,188,90,90,196,194,229,169,188,108,161,110,110,128,90,71,79,188,161,212,122,71,110,110,61,143,108,154,168,178,36,110,122,90,131,119,128,68,143,119,248,168,116,207,96,33,176,105,76,107,176,174,87,116,137,148,128,85,119,151,42,128,85,128,166,119,168,58,125,147,104,48,65,155,76,76,137,68,65,119,127,68,42,127,150,98,95,127,150,84,68,119,139,107,84,95,87,68,87,76,107,127,87,173,68,139,98,87,107,107,98,98,119,87,42,127,175,124,58,51,104,68,87,127,127,168,119,58,124,58,76,107,150,127,95,127,116,150,168,98,127,231,234,76,139,147,136,58,127,98,119,119,76,127,98,150,107,107,139,76,107,127,98,115,127,21,150,175,127,57,76,157,231,206,118,76,76,118,106,106,84,138,118,150,106,184,97,42,138,184,150,76,150,167,150,118,157,157,106,147,193,167,167,86,106,184,157,149,106,97,172,118,118,138,138,149,157,167,175,175,175,175,149,118,97,138,149,75,86,138,123,138,75,118,106,106,149,184,192,192,138,138,167,167,126,97,157,149,157,149,118,167,167,149,86,149,97,157,106,106,138,138,157,106,57,118,222,149,198,149,106,184,115,174,138,156,106,138,156,149,126,118,106,138,222,184,167,106,149,149,97,198,149,149,156,118,75,149,166,137,118,149,159,192,117,137,156,106,174,86,149,42,183,217
129,99,120,123,169,79,123,71,77,143,177,123,102,123,129,108,188,151,129,102,154,162,143,143,99,151,220,208,143,143,154,79,99,99,154,233,186,202,234,143,58,102,196,209,154,202,122,143,131,172,169,76,58,178,128,102,122,90,131,68,88,122,88,158,140,154,102,154,188,90,88,171,122,61,171,154,107,168,196,140,98,73,174,128,76,68,128,98,98,140,185,128,42,76,119,95,85,194,58,207,58,58,119,87,137,176,151,87,107,139,76,150,139,76,76,33,98,119,107,51,136,98,51,98,176,76,107,107,107,73,76,124,87,107,98,98,87,76,87,124,107,87,55,98,127,98,127,127,87,98,139,104,127,136,127,107,48,95,84,65,119,127,68,65,150,76,119,76,87,150,87,127,48,107,165,127,98,107,168,193,193,107,98,150,98,191,207,65,119,58,118,107,118,124,167,136,87,139,118,87,127,76,150,147,98,98,84,67,184,127,173,127,115,106,127,150,65,150,97,175,127,106,157,76,106,184,97,150,184,127,175,97,87,138,138,127,184,97,118,149,127,50,149,175,157,75,97,149,157,149,86,127,106,86,157,167,175,167,157,149,157,167,175,149,97,118,97,75,118,118,149,126,97,106,118,149,211,118,33,154,184,154,149,157,157,157,75,192,97,149,157,86,149,206,138,157,138,167,149,97,106,157,211,192,149,157,149,57,106,184,118,118,149,67,174,149,149,192,106,126,222,206,126,86,97,206,166,166,198,174,126,192,151,174,192,126,149,137,166,156,75,149,106,106,137,149,126,97,137,137,198
123,71,154,120,129,102,154,102,91,169,214,154,120,123,123,162,159,152,162,196,194,202,154,111,108,123,131,159,172,131,143,143,120,120,159,220,179,172,159,108,131,154,151,143,122,161,151,110,143,79,58,108,128,102,120,131,79,79,53,61,122,140,154,71,151,102,214,102,71,61,108,110,79,122,140,178,140,119,151,76,168,185,40,166,85,51,128,95,151,185,166,119,76,140,166,98,194,185,66,116,68,158,26,223,58,128,98,168,58,87,127,84,119,51,139,76,193,33,176,76,76,65,116,68,107,68,155,107,95,95,104,87,76,107,58,95,119,87,42,87,51,87,87,87,76,119,147,87,107,119,119,98,98,87,98,127,119,98,119,68,104,119,119,139,127,127,127,51,58,116,98,139,136,107,127,139,139,95,55,147,185,68,68,147,139,157,175,127,87,76,127,98,50,107,150,193,147,127,55,223,107,73,58,127,42,150,42,150,76,150,138,97,106,127,67,87,150,184,97,184,15,150,184,50,193,157,138,138,97,150,138,138,118,127,147,157,106,147,150,127,206,21,157,86,73,175,138,149,184,86,94,127,86,106,149,118,167,118,149,157,198,184,138,106,149,157,149,75,138,106,149,75,106,126,157,149,75,157,103,106,157,167,138,149,157,118,126,138,157,157,157,157,167,198,126,149,118,149,126,138,192,192,167,97,206,157,118,106,106,126,126,106,138,126,156,167,138,184,167,167,198,126,126,118,126,156,198,198,97,217,149,217,126,217,126,126,166,118,126,149,86,97,166,75,166,86,117,183,117,183,137
143,91,188,44,177,69,179,152,188,177,162,102,79,69,120,140,71,162,154,243,202,177,169,71,58,111,131,172,196,154,143,179,79,102,154,194,161,99,123,108,169,179,71,79,161,122,172,159,90,53,68,143,151,122,122,99,68,131,79,131,102,102,188,88,151,154,110,143,108,71,79,102,131,171,178,171,143,79,110,98,98,151,22,116,66,151,105,107,232,185,140,95,87,58,119,151,66,128,107,98,87,85,119,119,21,168,68,119,104,76,119,137,128,107,58,68,42,68,127,98,65,147,58,119,98,58,73,119,107,119,127,119,107,150,98,127,127,168,28,28,124,119,139,68,33,73,127,107,98,87,76,76,48,84,107,107,139,76,55,124,139,107,150,119,127,166,136,119,119,127,98,76,84,127,107,76,87,157,150,58,127,119,87,127,107,76,124,119,98,107,76,76,65,84,87,115,173,127,175,150,127,139,87,124,127,118,118,57,84,167,97,65,57,106,118,104,127,150,127,97,167,97,27,210,106,167,204,118,127,118,127,138,103,76,124,138,138,127,106,175,97,86,150,106,86,138,157,157,31,231,94,97,149,211,157,97,149,97,50,118,206,127,118,118,165,157,206,97,192,106,149,75,149,97,126,126,94,157,157,97,97,97,97,126,138,149,175,184,198,192,157,118,157,192,198,157,106,157,184,138,157,149,97,126,217,198,57,67,106,106,149,157,106,184,167,174,174,174,206,167,118,118,149,174,126,126,156,174,167,237,156,169,149,198,192,126,149,138,166,156,86,86,126,67,126,75,206,75,174,149,106
143,111,77,143,188,61,132,196,234,159,131,102,61,61,102,111,108,172,177,154,220,154,188,51,51,196,131,241,143,169,151,131,68,61,172,172,154,99,151,111,90,128,71,99,200,88,172,188,99,131,122,102,88,151,128,122,90,178,143,79,188,120,176,128,102,196,110,110,108,58,99,120,128,79,131,140,151,90,117,176,116,151,107,40,128,185,76,76,119,194,174,98,66,76,58,176,119,66,176,87,20,116,176,68,107,73,104,76,119,139,95,98,107,98,166,98,119,107,148,68,76,150,87,127,68,139,68,119,87,68,107,176,119,68,98,58,119,98,68,98,199,87,51,150,158,107,104,139,68,119,76,42,95,76,73,76,68,51,76,168,107,119,76,119,139,168,175,168,98,119,127,84,107,107,58,76,127,157,107,119,127,136,87,124,119,107,124,84,76,119,68,65,76,84,98,98,150,87,67,199,165,76,98,139,136,87,127,193,147,118,76,87,138,167,76,57,127,127,106,127,127,76,95,138,97,199,155,106,199,97,184,67,97,97,75,106,157,127,150,124,67,227,86,118,211,55,193,199,136,50,240,57,127,227,217,190,149,149,198,106,167,115,198,192,149,138,157,97,211,149,149,138,138,138,157,106,86,126,167,149,97,97,157,118,97,149,223,198,157,157,198,184,157,175,175,146,149,126,86,106,86,118,167,192,175,138,75,149,126,126,167,126,106,184,206,149,167,184,156,118,149,192,156,126,167,138,118,174,198,166,106,126,118,198,184,166,149,149,156,166,126,75,75,137,137,86,86,86,126,97,156
129,103,132,177,132,91,69,172,235,179,79,58,77,102,123,172,196,143,102,102,194,233,111,111,159,241,169,177,123,108,143,111,102,131,196,154,159,123,131,120,79,99,123,151,159,140,161,196,131,143,120,68,143,188,140,154,99,128,120,188,122,131,76,131,90,99,209,143,110,110,102,79,90,143,88,143,171,98,137,88,116,85,168,176,87,87,116,140,194,176,76,68,85,128,137,58,140,168,87,116,168,116,76,68,119,107,128,125,168,116,42,76,139,107,116,87,76,151,104,168,139,176,128,151,176,87,119,68,98,147,119,107,76,76,119,58,107,168,98,207,7,158,51,185,42,168,58,150,107,139,68,33,107,98,68,119,107,76,139,84,150,65,76,127,76,136,107,76,119,119,136,185,168,84,107,185,185,98,124,175,119,185,50,157,98,116,107,150,87,87,68,104,107,107,150,107,118,87,58,50,58,127,118,118,76,98,139,106,139,106,106,115,118,95,97,118,104,138,167,106,50,106,150,127,157,184,106,76,147,150,97,118,97,97,87,127,75,67,167,118,73,84,193,217,193,118,138,149,193,175,149,157,149,199,167,136,149,167,157,106,149,223,118,86,231,27,149,118,149,138,149,149,138,192,149,86,86,138,103,217,106,157,118,167,126,198,167,175,126,149,157,138,149,192,167,126,138,106,57,86,138,138,184,118,118,198,234,157,75,118,75,67,157,217,192,126,149,118,118,192,198,198,198,149,138,167,156,149,126,67,67,97,120,156,166,222,166,138,156,217,156,67,126,118,67,75,75,75,117,86,126
111,91,154,129,111,103,91,77,172,140,102,140,140,108,88,129,162,111,111,188,202,209,51,196,200,208,154,111,108,79,159,162,120,202,177,111,123,162,99,143,123,71,128,154,143,120,131,186,154,99,108,102,143,140,131,143,122,88,143,207,44,178,61,143,171,102,178,90,53,128,122,110,102,58,131,102,143,102,128,107,207,88,140,58,76,119,128,140,76,68,98,76,174,125,116,76,119,128,76,137,68,107,192,98,40,95,76,73,98,139,185,125,98,107,125,139,87,76,87,151,128,119,176,95,127,176,119,87,119,68,33,68,95,58,119,98,107,107,119,68,58,166,87,107,127,107,51,95,127,107,48,33,51,127,98,68,150,127,119,76,127,76,107,48,33,139,68,84,139,147,150,139,124,158,193,191,139,119,139,107,168,150,42,173,98,168,68,165,98,98,107,76,76,127,175,76,116,58,68,67,127,84,118,67,139,157,147,98,118,118,150,127,87,98,118,97,76,150,193,138,67,76,76,97,138,87,150,87,67,167,138,147,127,97,127,67,138,150,138,118,67,75,173,230,106,127,127,157,106,193,138,97,106,155,217,175,97,138,149,192,157,167,157,86,126,97,73,97,86,184,149,167,106,157,167,149,167,86,97,167,126,198,167,223,167,198,97,167,97,118,157,67,86,149,149,175,157,97,97,126,138,126,86,198,27,184,237,149,138,75,75,138,198,67,126,86,118,118,106,174,206,174,198,184,118,167,106,149,129,11,33,86,156,166,174,166,149,174,192,192,149,97,126,86,75,126,75,97,117,67,126
91,77,103,132,120,120,103,88,111,143,162,154,169,132,91,108,123,154,179,188,152,129,123,172,169,159,123,123,143,177,177,172,172,202,179,123,123,140,154,154,131,79,143,143,123,68,151,140,131,71,108,123,110,143,110,120,122,79,90,79,110,172,90,102,154,122,131,90,53,131,154,53,79,196,131,79,171,131,137,51,108,128,66,88,96,176,148,88,128,125,125,119,125,185,104,137,51,128,107,31,87,128,128,33,107,137,85,168,185,148,119,68,51,68,98,98,107,119,107,76,119,98,51,119,128,139,139,139,76,87,150,87,87,68,73,193,68,51,76,95,136,68,68,98,127,68,107,87,107,68,5,68,168,87,107,119,98,139,76,84,84,168,119,48,127,127,127,68,87,173,175,119,68,139,166,98,127,127,76,107,168,33,150,185,127,168,139,76,76,127,127,87,119,150,127,87,107,87,107,139,33,167,139,65,127,193,98,107,150,150,98,87,150,138,97,106,104,106,124,87,118,97,95,97,95,97,87,76,87,76,157,157,127,97,138,184,127,138,150,97,94,118,138,127,106,118,118,75,149,149,138,75,27,75,118,193,103,97,167,175,198,97,157,86,157,149,67,138,118,192,118,83,167,118,206,231,126,97,175,175,184,206,211,206,184,118,198,86,57,106,184,67,33,97,126,227,184,97,118,106,86,149,154,138,97,175,198,184,126,15,157,217,97,97,86,97,138,184,106,156,222,149,138,174,184,106,198,156,118,27,42,67,156,166,156,149,126,156,192,174,118,86,156,129,126,106,137,117,106,75,137
123,88,103,91,154,77,143,132,154,154,108,91,154,154,91,77,129,186,143,186,154,152,154,162,162,140,120,111,151,143,111,172,169,177,188,172,154,151,79,90,202,90,68,143,71,77,123,90,90,71,77,120,159,161,99,102,102,99,79,79,143,131,90,79,128,143,102,110,88,99,122,61,110,143,90,168,154,154,108,108,137,119,128,128,88,194,151,40,128,151,128,125,98,194,98,76,76,128,125,17,185,68,166,87,140,140,40,98,140,98,116,76,58,58,98,73,104,148,76,87,68,76,87,128,176,107,128,151,116,87,125,139,73,151,116,127,127,107,107,139,73,95,95,51,150,124,87,98,51,42,68,107,150,76,107,150,124,119,127,139,104,175,127,76,147,175,150,107,73,124,127,98,76,76,104,87,168,127,107,84,139,40,212,136,87,127,139,87,87,68,119,136,139,95,107,107,48,116,107,48,98,210,127,98,150,50,193,127,150,87,57,106,184,127,76,87,84,115,87,67,55,124,76,193,76,150,40,106,127,106,150,193,87,97,138,76,157,150,193,150,87,16,223,87,118,97,67,136,138,118,175,57,4,67,184,138,138,86,106,127,146,75,106,206,165,149,118,157,192,157,192,118,106,118,149,184,184,217,157,167,167,138,149,149,184,217,223,175,86,157,167,118,97,149,198,198,184,118,118,97,67,126,231,138,126,222,157,149,97,86,192,157,86,149,118,167,106,106,126,97,184,174,138,126,240,57,217,86,174,75,42,67,126,156,156,106,149,149,194,174,97,97,176,174,75,166,126,86,106,86,75
132,99,162,103,143,143,143,61,159,162,159,129,129,129,102,102,132,143,77,179,143,123,162,179,159,196,169,108,102,131,108,123,196,177,154,120,140,159,151,154,161,111,90,151,123,61,90,154,131,77,90,143,120,123,161,161,120,79,90,131,110,110,68,131,154,122,143,110,79,79,108,79,71,102,140,151,131,140,108,194,76,76,200,119,128,119,137,128,140,140,128,128,128,151,98,119,17,176,116,76,76,185,107,137,128,98,119,151,87,156,151,95,107,98,68,76,107,148,76,68,116,58,198,87,139,139,119,139,76,73,119,139,119,119,87,119,168,107,95,76,107,58,95,87,98,150,104,68,42,28,87,124,87,98,107,107,58,168,116,68,104,127,127,139,119,119,107,107,127,87,98,127,87,42,98,150,139,139,107,157,157,127,127,139,127,55,127,157,119,58,87,168,87,76,119,98,95,76,95,76,218,136,118,157,127,42,237,42,136,84,118,118,127,87,87,98,106,136,127,57,50,150,97,193,106,193,167,157,87,138,157,150,76,67,136,127,175,127,175,67,75,87,97,27,184,150,157,15,118,33,211,167,11,11,97,175,50,127,97,157,75,190,97,165,103,106,67,149,206,126,118,138,106,149,167,206,206,97,149,106,75,138,167,67,126,175,126,217,184,149,97,126,126,126,184,175,206,211,167,138,106,118,206,97,106,222,126,97,175,157,157,97,149,138,149,126,138,149,174,174,167,192,156,156,97,184,21,184,149,97,97,156,149,206,138,106,198,206,174,149,106,126,57,149,97,126,75,106,106,108,86
79,77,132,71,209,140,69,71,194,188,154,103,159,162,102,152,140,102,71,91,143,154,152,120,154,214,188,111,77,129,196,162,123,151,169,111,123,194,159,102,111,154,151,79,128,172,71,151,143,111,111,123,131,123,131,143,123,77,110,122,128,110,90,120,102,154,154,68,102,110,140,102,79,131,122,110,154,128,99,128,40,108,183,88,107,119,156,125,137,119,98,166,140,116,128,68,68,192,58,137,194,68,137,107,119,128,76,151,119,140,151,85,119,68,73,128,168,68,107,107,176,119,87,116,176,128,119,139,207,128,28,95,151,76,119,128,119,139,40,193,119,87,33,87,127,127,68,51,98,98,119,127,127,127,107,107,68,98,107,55,158,55,127,107,104,98,119,107,150,155,98,139,185,87,68,119,107,98,183,175,157,136,107,127,119,127,218,193,139,150,150,168,127,76,76,87,127,58,107,139,185,165,98,167,193,67,98,118,167,150,67,76,139,106,76,127,87,95,106,138,138,150,76,106,193,199,157,76,150,167,150,87,84,175,184,87,76,127,150,67,206,127,42,206,138,167,175,106,75,184,106,184,65,27,86,184,157,97,138,175,86,42,198,97,184,97,97,167,167,126,206,175,149,157,184,175,157,157,97,206,184,86,167,217,106,157,206,237,149,97,126,33,27,57,175,223,227,198,184,126,75,86,86,97,42,67,198,167,175,157,138,149,157,118,149,138,157,206,184,156,149,156,167,138,156,156,67,167,192,149,97,226,156,156,118,156,217,166,166,138,67,75,86,149,184,67,33,184,42,126,67
71,77,103,58,154,108,91,154,172,220,179,129,103,143,162,152,91,61,42,131,71,154,79,102,91,91,154,102,102,151,188,154,71,131,151,131,154,172,111,102,143,102,143,123,177,102,99,154,143,140,120,111,111,79,99,79,128,179,123,140,88,122,79,54,99,131,102,154,68,79,143,110,102,110,110,128,154,108,128,125,58,76,137,99,88,151,151,107,98,137,96,125,137,107,73,87,176,174,151,119,116,95,151,87,76,98,107,87,128,151,128,76,128,140,137,76,119,51,125,107,128,68,168,151,128,128,119,151,107,107,119,58,68,95,55,148,33,68,33,193,17,176,51,87,197,48,98,68,158,55,51,176,98,127,76,68,150,33,127,76,76,87,119,84,16,136,104,58,124,193,158,127,158,175,150,119,87,98,183,155,87,87,139,76,116,147,168,150,139,212,193,165,173,139,68,87,124,107,107,139,157,150,118,175,184,58,67,150,84,67,98,139,139,98,87,118,127,147,127,127,157,193,76,127,199,157,136,106,106,157,103,76,147,167,97,106,97,97,150,184,150,65,157,87,167,217,237,247,157,94,138,184,149,75,190,184,124,97,175,103,149,175,97,211,97,192,97,138,154,157,67,157,149,138,149,167,167,97,184,217,217,184,206,67,106,86,223,167,97,75,86,33,4,16,138,192,231,242,149,106,118,86,57,126,167,149,167,198,157,118,167,175,138,157,174,167,157,174,174,106,106,138,184,174,126,192,138,167,184,149,86,138,167,167,151,126,166,138,138,174,126,138,126,151,156,174,118,86,118,183,126
79,108,34,132,169,132,169,111,71,186,140,143,169,143,172,111,54,132,79,123,77,123,120,172,91,77,88,99,102,140,71,123,120,102,99,91,169,111,179,91,120,143,91,172,90,71,172,140,143,154,90,77,111,90,123,131,209,143,102,102,140,110,54,110,122,122,179,140,110,71,122,90,53,71,122,79,131,108,148,128,68,58,128,120,125,140,98,108,137,137,74,96,140,107,76,107,158,158,119,76,128,125,98,119,98,58,107,107,87,119,128,85,98,119,119,119,76,151,87,139,87,76,207,40,137,139,107,68,48,58,51,107,137,95,51,107,95,76,128,42,116,185,42,87,119,51,48,55,98,127,58,76,150,150,98,166,136,207,176,42,185,119,58,58,139,127,119,158,127,158,175,197,218,68,231,98,139,76,173,87,175,98,173,98,58,76,28,139,157,157,139,87,185,127,76,107,87,127,58,118,127,150,157,185,118,76,87,136,67,107,150,139,139,139,150,136,138,155,127,87,150,199,167,157,199,150,97,97,106,157,124,138,127,118,76,94,106,106,199,199,136,118,97,118,223,244,251,167,127,149,157,136,165,138,149,211,124,138,157,149,97,149,86,157,118,149,75,157,167,149,167,138,149,118,167,157,149,167,157,146,184,149,206,175,67,149,86,167,138,126,175,42,21,42,65,118,126,106,211,126,86,126,75,67,126,106,149,126,157,157,126,75,138,138,157,192,118,106,192,106,118,138,86,126,149,184,149,156,138,126,75,149,156,156,166,118,106,156,156,97,86,126,156,106,137,222,176,137,137,184,166
103,88,54,91,179,143,132,91,77,123,132,132,194,188,111,120,179,208,123,71,129,169,132,108,111,152,140,143,79,79,143,143,111,131,131,88,162,111,162,131,128,123,61,123,111,131,159,143,99,143,128,88,77,123,143,143,214,140,131,71,140,68,143,71,128,177,161,131,122,154,102,102,102,61,61,79,169,128,125,88,158,66,117,128,125,128,76,185,151,98,98,119,148,140,76,128,98,128,73,107,119,98,98,140,107,68,119,125,95,98,140,85,58,104,125,68,76,128,76,176,51,87,151,151,128,107,87,98,58,128,137,76,119,98,87,116,51,55,51,76,128,107,119,119,51,87,42,55,68,68,119,139,76,76,185,98,139,68,139,124,40,87,124,127,207,19,175,139,119,147,193,68,116,193,127,51,119,127,119,87,223,157,124,68,33,116,157,136,98,150,157,157,127,139,127,175,127,68,76,127,107,98,127,150,150,67,150,191,150,157,124,139,206,87,127,87,127,104,67,138,150,157,211,206,175,157,118,127,150,173,155,124,65,76,106,76,127,150,184,199,175,50,67,184,175,211,193,97,106,106,127,150,150,124,138,167,97,75,97,206,73,86,199,57,106,106,167,175,204,149,97,149,86,136,118,97,97,118,126,198,182,211,138,86,149,75,106,192,126,86,86,138,67,42,27,7,16,157,149,67,126,149,149,106,192,75,42,157,149,106,157,138,33,97,149,126,106,86,86,156,67,97,75,149,138,167,67,126,106,126,138,149,138,156,206,149,97,97,97,126,138,149,156,97,118,137,118,126,149,217,184
108,71,61,71,69,179,132,103,88,123,179,143,111,120,143,159,143,103,129,188,214,154,132,159,154,214,131,152,131,99,179,202,194,143,102,131,140,88,108,188,71,111,120,58,131,131,143,154,123,188,169,79,61,102,161,131,143,188,102,90,108,77,143,90,128,154,79,110,143,143,122,77,143,90,102,171,99,117,128,99,125,137,40,140,120,151,192,140,128,137,137,88,119,128,105,140,58,185,119,125,76,140,116,128,87,116,137,128,140,128,119,87,85,140,76,55,51,68,76,139,116,76,139,176,107,87,128,128,98,95,168,119,87,158,151,87,98,76,68,104,87,158,87,31,73,87,87,98,98,98,87,107,65,68,168,55,119,127,58,68,127,136,139,168,98,193,87,76,168,168,150,158,150,191,73,87,168,205,76,98,98,175,76,150,185,116,98,127,157,127,98,95,136,87,65,98,139,139,76,76,127,157,139,150,193,107,42,150,127,118,127,127,184,98,76,50,199,67,67,150,138,157,223,173,124,157,118,106,87,157,150,97,97,67,106,127,138,127,199,193,138,67,167,138,87,97,97,75,106,97,97,150,138,138,124,57,97,75,75,172,127,138,167,118,106,157,149,146,118,149,184,118,106,149,97,67,149,149,175,167,227,149,184,118,138,157,192,97,118,75,206,184,175,86,42,27,11,75,86,50,231,106,149,167,42,192,42,126,126,149,106,138,192,118,86,97,86,149,97,106,211,126,97,75,75,106,138,156,75,118,149,97,106,118,156,156,97,75,106,184,192,118,138,67,35,126,33,138,211,149,106
196,129,111,58,108,213,132,123,99,132,132,177,143,71,120,159,143,120,169,132,18,79,143,159,194,162,154,111,91,131,102,140,111,162,162,111,99,108,140,128,143,69,131,44,154,179,143,154,194,229,140,77,120,68,90,196,131,140,120,154,123,34,151,172,122,122,131,99,161,102,128,128,140,154,90,131,58,137,159,137,151,140,88,151,76,151,176,120,85,140,96,96,88,168,194,98,42,137,128,98,68,176,119,68,176,76,140,140,140,107,87,107,140,55,107,98,76,55,76,128,98,128,128,166,128,128,119,58,58,65,128,176,125,87,119,95,137,151,76,119,168,76,98,55,58,168,139,151,95,68,98,151,151,68,51,68,98,68,98,98,173,119,127,76,127,139,65,119,150,150,107,87,127,51,124,175,107,147,139,150,51,107,107,107,107,150,168,139,127,68,87,139,87,119,150,98,191,139,98,139,65,107,139,175,185,157,127,107,58,58,157,104,87,193,127,42,118,118,127,76,165,127,206,118,157,95,127,106,118,127,150,118,138,118,106,97,106,127,193,138,175,87,118,67,75,106,57,97,127,127,106,157,138,84,138,86,97,175,86,86,175,149,97,86,138,157,106,127,167,206,118,149,149,97,106,198,126,67,86,67,175,175,227,157,138,97,149,50,167,167,118,167,223,211,50,16,50,57,75,211,126,206,167,157,221,126,206,138,138,67,167,157,138,106,126,175,118,67,175,126,97,174,97,97,21,149,138,86,57,118,118,86,211,126,67,118,118,151,167,217,174,120,75,67,33,86,4,166,192,16,33
196,58,5,188,233,152,188,143,103,129,132,132,152,108,111,71,172,51,196,132,88,99,159,108,79,129,213,179,61,123,131,140,159,196,162,102,131,131,69,79,169,143,91,77,111,131,108,172,188,188,161,99,102,99,90,179,154,79,140,131,111,123,172,102,88,172,172,90,120,143,122,154,122,154,143,88,169,169,159,156,76,176,128,76,99,68,128,151,99,76,119,151,151,76,76,128,76,76,107,58,51,116,168,85,185,68,158,156,98,128,104,107,151,48,125,76,128,68,128,98,98,73,119,168,166,107,65,58,87,98,137,151,151,65,119,119,87,139,119,125,139,42,33,107,168,168,119,119,119,51,42,98,98,65,42,107,119,139,87,68,119,127,127,168,107,76,107,107,87,87,207,207,139,136,158,193,107,76,124,124,107,107,58,58,58,139,231,227,87,76,119,119,95,58,87,150,139,98,87,127,230,107,116,157,167,157,139,42,139,127,107,184,98,175,107,5,107,167,118,98,206,206,115,150,127,87,193,127,175,118,118,157,150,165,87,76,106,165,106,76,193,76,42,67,138,106,87,103,76,157,175,127,86,75,182,147,118,86,138,86,149,86,97,67,86,157,127,175,149,106,138,157,157,138,138,167,138,86,67,106,149,198,206,126,50,75,149,75,67,138,106,126,198,206,154,75,118,86,126,184,175,192,157,217,86,227,192,106,75,138,222,217,106,86,149,157,118,86,97,97,42,138,138,138,118,67,192,86,86,86,138,75,50,138,167,184,156,156,106,192,156,149,86,75,118,2,156,21,206,42,16
71,103,91,159,99,69,91,103,162,129,129,88,129,162,154,188,103,196,132,12,214,103,186,44,79,154,79,140,123,172,154,36,123,214,102,154,129,102,140,79,61,209,79,71,172,143,42,79,128,111,188,172,79,131,179,143,143,68,79,131,143,172,79,58,99,143,102,123,161,154,88,122,90,122,188,161,148,77,120,148,108,125,68,120,96,32,128,85,120,88,76,148,151,117,116,66,68,158,66,158,28,107,107,185,98,128,128,140,119,107,104,68,119,95,76,87,125,68,168,85,104,42,151,137,176,76,68,128,116,98,98,119,125,87,76,125,42,125,139,98,58,51,87,68,128,119,128,48,58,128,151,98,51,116,68,128,33,128,107,76,125,116,119,87,119,136,107,136,139,139,98,150,139,127,107,119,168,158,87,84,175,76,33,58,207,139,68,116,150,127,87,168,165,98,107,98,139,150,87,185,68,193,107,139,107,157,175,185,118,118,65,173,240,139,58,67,127,76,139,98,222,104,167,127,97,118,84,97,136,118,106,167,150,103,138,138,165,191,127,42,167,127,118,87,138,76,150,87,157,175,127,118,118,73,149,138,106,42,149,106,157,86,97,136,97,138,149,157,167,165,167,138,138,157,97,97,94,157,149,149,175,184,227,126,138,75,97,86,42,86,167,198,167,157,192,192,206,206,184,157,184,157,198,198,175,175,118,211,118,184,184,86,184,247,211,138,157,184,97,97,86,184,118,86,86,86,156,184,86,67,106,106,152,156,149,198,167,86,198,217,211,211,118,50,67,126,42,118,156,106,4
71,69,152,154,103,36,44,154,179,88,120,196,143,129,129,111,103,196,132,188,186,77,159,186,129,172,132,88,179,102,140,91,102,102,44,196,162,179,69,209,120,169,131,36,18,128,140,120,102,143,108,128,131,108,131,177,99,88,111,179,179,102,88,123,131,58,131,188,161,90,79,108,110,90,154,159,88,68,68,174,159,42,96,120,105,99,99,140,117,88,68,108,98,128,119,51,98,158,96,107,76,58,107,168,98,119,128,128,137,104,98,68,107,128,76,68,125,107,58,104,87,51,128,128,104,104,119,76,128,128,84,87,76,87,128,76,76,104,107,107,68,128,68,87,42,137,128,40,87,168,107,58,87,128,128,76,116,98,98,68,137,98,76,128,176,168,98,168,87,76,147,107,185,207,127,155,158,139,104,207,139,98,147,73,68,147,136,168,175,136,76,76,139,87,127,157,168,139,28,175,193,150,199,157,107,42,185,155,68,139,150,157,167,76,107,76,98,84,150,150,139,206,106,76,150,118,118,98,98,87,127,138,118,155,184,136,150,95,150,94,150,175,67,167,106,87,106,138,150,118,118,75,87,87,118,138,86,127,86,175,127,127,138,217,127,67,167,157,199,198,138,149,138,127,86,146,149,206,97,157,175,83,223,217,75,86,86,106,97,138,167,206,167,97,126,118,149,157,97,149,157,126,157,167,198,118,50,198,184,67,75,126,184,226,167,138,126,175,126,67,118,174,106,67,118,126,211,138,156,138,138,118,118,192,184,149,149,106,174,138,184,138,86,75,50,206,106,57,106,118,16
108,154,177,108,132,71,162,188,99,129,172,132,99,129,140,132,162,143,233,143,111,111,225,88,36,196,102,88,162,154,111,154,102,99,154,179,188,54,54,108,154,154,131,99,140,179,102,91,179,143,91,108,131,140,196,128,68,120,111,196,154,79,128,123,154,77,235,151,108,154,122,131,128,143,120,108,99,120,77,120,151,74,68,88,117,117,120,167,128,120,120,68,68,88,88,128,128,107,98,76,107,116,140,128,119,87,151,128,119,128,76,58,98,119,140,98,28,107,40,128,55,128,42,140,55,128,128,42,151,168,84,76,128,98,98,68,128,68,98,107,139,107,58,68,98,139,73,98,107,73,84,95,98,119,119,48,125,139,42,139,76,139,84,128,68,185,42,119,87,76,158,119,168,185,127,168,158,150,150,158,150,207,158,207,98,150,158,150,155,68,68,150,150,150,98,150,157,150,185,28,87,185,199,150,139,185,68,127,116,84,107,139,157,150,107,84,165,193,118,118,150,157,98,87,167,76,87,193,98,104,150,150,167,167,95,97,76,57,167,138,97,118,42,184,150,50,118,106,76,106,87,50,42,138,138,127,150,118,103,175,127,97,184,115,167,86,138,206,127,118,157,192,138,106,149,138,127,149,75,138,106,42,106,227,67,184,106,167,184,184,167,157,167,97,67,75,97,118,184,106,106,97,97,198,97,167,167,149,157,33,16,21,27,75,118,192,157,42,184,211,138,192,211,126,192,174,97,149,184,149,184,138,106,118,138,118,156,138,118,166,75,33,67,149,206,33,169,42,86,166,97
186,162,208,225,132,132,111,162,179,154,123,132,162,140,91,91,143,143,162,188,188,162,79,202,154,54,111,108,143,140,162,162,159,102,131,91,88,143,71,143,111,131,54,151,91,196,154,169,123,91,91,177,186,151,154,90,88,179,179,71,188,36,179,71,99,209,202,154,172,196,128,42,88,179,131,68,128,77,105,117,120,117,120,120,108,128,66,66,108,120,120,68,85,128,108,98,119,76,68,58,107,125,107,125,119,168,185,119,119,119,98,76,105,73,119,98,51,68,66,119,55,140,185,104,104,128,128,87,87,76,128,116,119,73,51,119,84,73,119,95,176,76,87,84,151,119,68,107,76,65,98,107,128,119,98,76,55,176,58,158,33,150,76,168,76,139,98,139,147,139,193,107,98,139,158,158,95,158,107,175,207,207,175,98,199,147,98,84,158,150,107,76,107,107,73,175,127,193,50,218,124,185,84,212,68,87,157,136,139,87,98,185,207,107,127,127,157,107,98,118,150,87,150,118,76,193,67,87,193,138,138,157,157,184,138,67,76,76,127,115,127,184,138,76,118,87,138,106,76,57,118,127,67,97,150,167,150,67,206,127,149,138,149,67,175,106,86,206,184,97,157,184,118,149,175,97,97,149,118,97,118,33,97,237,118,167,149,198,126,175,192,149,118,149,86,97,126,97,175,157,167,126,206,67,198,192,175,118,149,138,27,7,21,42,50,67,175,175,138,167,138,149,167,126,126,86,149,206,184,174,138,184,118,86,184,156,149,149,126,57,33,106,67,21,106,156,42,21,67,174,97
169,202,177,208,162,108,91,143,143,99,77,143,143,88,120,188,154,71,132,120,132,143,120,140,154,154,202,162,154,140,179,179,143,69,61,172,120,120,123,22,214,131,151,229,177,102,131,179,61,143,120,111,179,131,154,131,36,58,79,220,154,23,161,71,131,79,196,179,209,154,110,68,110,110,54,128,99,77,120,151,105,66,108,108,120,108,77,58,108,117,120,117,120,140,85,66,158,58,48,107,119,68,76,151,98,158,185,128,96,119,151,105,68,68,68,107,76,104,107,104,104,104,87,107,128,68,87,95,76,107,95,68,68,107,137,119,68,107,119,58,137,119,76,104,119,128,68,68,98,119,119,107,128,104,84,84,51,98,116,76,76,116,84,176,125,98,139,173,212,119,76,158,128,119,207,107,119,218,150,199,107,166,136,199,175,68,98,107,158,136,127,185,127,127,157,127,107,168,185,107,147,185,50,175,127,76,68,107,127,150,139,167,147,87,127,175,157,118,98,67,76,98,115,139,184,95,150,118,127,118,150,175,157,97,87,106,118,106,67,76,106,67,127,76,118,167,67,57,150,157,184,175,76,97,175,175,127,127,138,97,157,167,167,106,48,97,127,175,199,138,106,149,118,97,127,157,138,138,138,167,86,118,165,149,75,138,149,149,149,198,138,97,118,149,167,106,97,86,198,198,167,138,206,86,192,75,198,138,175,118,57,7,7,50,75,67,175,231,106,50,67,42,57,27,7,157,149,149,174,156,156,149,184,206,176,86,138,126,118,192,126,106,86,33,42,70,106,149,86,86,97
123,200,179,120,152,154,99,141,120,71,91,91,79,129,162,143,54,196,71,140,172,162,61,196,99,44,188,152,140,188,143,111,140,79,79,143,140,71,154,140,143,162,179,154,162,108,71,79,143,120,91,77,172,91,58,128,88,172,143,99,79,172,54,51,77,128,120,90,188,90,77,77,110,110,44,85,125,174,99,159,41,186,74,68,99,184,88,74,108,140,128,125,128,120,120,168,108,42,128,116,151,107,107,98,174,68,205,119,68,119,140,76,42,128,98,119,119,107,140,58,98,85,87,119,128,58,76,104,98,73,98,68,95,128,128,116,98,87,119,68,107,139,128,128,58,107,55,68,104,139,151,107,98,104,84,68,55,87,137,98,119,76,104,119,119,98,147,173,158,107,107,168,139,128,168,107,150,168,199,127,119,139,175,127,218,68,150,185,107,150,127,98,150,87,127,139,127,185,157,185,68,168,127,98,87,157,175,127,98,87,127,167,175,68,118,167,98,42,175,42,206,33,218,157,147,118,175,118,138,138,138,167,87,76,65,118,127,97,67,87,167,57,106,87,76,65,106,87,127,193,182,127,106,157,87,97,67,75,106,175,106,138,149,138,75,118,167,199,167,167,157,86,106,86,136,192,138,97,167,149,86,206,97,67,126,138,106,97,149,138,118,106,138,126,138,106,75,126,192,149,198,126,217,97,167,157,149,118,149,86,184,118,57,138,106,57,167,206,138,21,42,33,21,50,1,126,149,167,167,138,138,198,138,192,138,21,67,106,149,118,106,106,156,42,86,86,50,57,97,57,106
209,132,162,77,159,108,77,99,91,79,123,79,61,143,123,143,214,54,91,214,34,143,143,54,196,162,143,132,103,132,129,179,179,79,131,79,177,91,108,154,162,143,129,152,131,140,120,111,79,79,179,143,36,79,108,131,143,131,99,102,79,71,123,54,161,79,123,154,131,71,123,140,110,61,68,186,140,169,68,159,194,156,68,140,120,169,22,120,120,85,128,140,128,128,125,108,105,58,169,58,151,88,98,58,207,98,128,119,88,128,119,76,76,158,104,55,125,68,148,51,128,104,107,198,87,107,107,151,119,76,95,119,128,119,76,128,28,107,128,119,104,119,76,68,68,107,107,76,87,119,139,139,55,68,65,87,104,119,128,107,68,58,119,76,68,116,139,137,150,128,98,87,104,128,119,127,98,119,166,107,139,76,127,107,127,136,127,127,150,185,158,51,95,175,150,207,98,139,98,127,150,98,124,98,150,185,139,98,98,150,139,87,58,150,127,87,98,157,175,87,175,107,184,98,167,184,175,73,67,138,87,67,87,184,127,97,106,84,138,184,127,127,16,150,87,150,150,87,184,118,97,150,127,103,184,157,150,127,106,149,115,199,94,184,106,106,157,211,217,167,118,86,118,138,138,167,97,86,118,86,149,138,118,118,126,157,97,86,106,106,167,167,118,126,149,138,138,157,126,157,223,149,167,126,149,192,138,86,138,149,206,167,75,86,42,50,106,50,97,86,75,33,16,27,42,106,167,126,86,67,118,118,184,206,106,4,16,21,57,97,33,42,106,42,57,27,184,106,57,57,141
179,202,77,154,172,103,108,99,132,154,123,99,129,77,103,186,79,111,132,143,79,143,188,91,108,188,103,188,123,99,169,99,108,129,69,54,140,54,228,196,154,23,102,162,69,123,151,61,91,123,91,123,108,108,102,51,61,128,128,79,131,61,102,61,71,79,102,120,88,102,179,102,68,179,140,77,74,148,128,156,192,192,66,159,151,99,58,58,120,128,128,159,151,120,49,99,167,108,88,105,108,76,176,58,194,194,33,140,119,107,76,98,128,119,107,33,119,76,85,125,76,104,107,151,51,128,128,140,119,119,107,116,107,87,104,98,68,158,76,128,107,76,42,107,107,128,68,65,65,107,128,151,87,51,98,76,168,42,87,125,98,51,98,58,55,76,84,107,176,128,68,58,107,139,98,98,107,127,155,119,87,127,127,73,119,127,58,119,175,150,124,87,87,87,87,185,150,127,150,139,139,42,116,168,119,98,98,124,98,127,127,87,119,76,84,139,193,157,107,184,157,67,98,199,118,199,157,58,115,73,76,98,118,118,175,42,118,182,175,167,50,204,84,127,136,138,199,106,127,118,67,127,97,157,138,157,50,184,118,86,184,106,227,67,86,106,157,118,124,157,193,157,86,75,157,198,138,50,67,118,118,67,149,97,86,157,157,106,157,198,192,149,97,167,184,138,138,126,118,167,157,106,149,126,138,184,157,97,138,175,206,126,33,50,50,50,67,67,126,126,33,50,21,27,42,75,86,106,11,50,50,106,97,118,97,70,86,42,75,11,86,7,86,21,50,33,169,75,57,50,106
129,209,132,169,152,129,172,162,162,162,129,123,123,111,91,103,103,154,34,209,177,154,71,169,61,140,91,143,132,91,111,77,69,111,79,132,132,132,220,54,131,71,196,91,79,151,111,71,71,120,91,88,131,91,108,77,128,99,111,77,131,77,102,140,90,131,99,99,154,140,143,179,123,131,140,74,85,177,207,96,105,140,128,117,140,159,151,66,128,169,42,66,88,88,120,85,128,68,77,108,128,58,192,74,176,140,128,51,68,76,96,107,85,73,151,128,76,140,40,119,42,168,128,42,76,104,98,76,76,128,107,76,107,107,76,58,128,107,76,139,128,87,76,58,119,68,33,119,98,98,87,87,104,107,119,128,98,58,139,68,128,51,48,151,119,128,107,107,139,107,58,68,119,150,158,150,158,168,193,119,150,176,98,95,119,65,65,119,147,119,87,76,68,33,98,207,150,76,150,127,107,116,119,150,168,119,87,87,98,150,150,139,127,150,98,127,139,87,136,127,139,150,76,150,98,98,139,98,73,118,106,87,118,167,76,175,167,167,150,127,118,33,87,175,97,106,57,97,33,167,150,106,157,127,150,75,184,167,106,150,86,231,7,97,86,149,97,118,167,223,193,157,106,86,118,192,149,138,75,167,86,149,75,138,138,157,138,138,149,198,192,167,138,138,157,149,86,97,106,149,149,97,106,149,167,106,167,149,97,126,157,149,42,27,42,42,97,126,97,106,57,57,50,67,33,86,97,75,4,33,27,57,97,174,226,192,118,57,57,86,118,50,75,86,50,50,75,78,75,106,106
196,132,220,179,172,202,220,202,144,132,103,77,120,129,91,69,123,152,154,99,123,120,91,120,43,111,111,132,99,71,91,132,61,34,143,71,172,102,188,61,162,123,120,69,179,58,69,111,71,88,179,143,79,91,123,111,172,102,71,179,71,224,61,194,131,120,151,128,120,131,111,143,179,131,137,151,105,77,151,77,120,186,140,120,159,217,169,128,140,108,117,66,120,128,128,137,77,68,108,117,120,120,74,99,166,119,151,119,51,51,151,98,76,85,76,105,119,168,51,107,119,119,128,87,119,98,66,107,128,116,68,68,104,139,98,51,107,58,128,107,119,87,98,58,158,33,98,148,128,58,148,58,68,156,128,68,76,68,128,51,107,76,125,116,104,128,119,119,68,76,87,150,185,158,168,107,150,199,223,76,227,84,95,150,87,84,87,107,127,87,58,76,76,95,185,185,68,98,98,119,175,139,87,68,98,119,58,98,175,199,107,68,42,119,193,87,95,139,150,127,87,118,50,98,107,165,211,150,118,150,98,42,40,57,138,167,106,57,106,87,65,76,150,150,127,118,33,57,184,87,118,138,138,175,175,87,193,87,118,118,106,184,150,97,167,127,106,86,75,197,184,118,157,127,138,138,86,240,157,97,157,97,97,149,118,157,126,86,126,157,175,149,138,86,175,138,97,75,106,184,138,149,97,157,157,118,149,106,106,126,149,206,106,16,11,27,75,126,75,126,126,86,67,67,67,75,67,50,67,67,27,16,57,211,240,211,167,67,50,108,97,86,50,42,67,67,50,53,86,86,50
169,132,194,169,196,200,202,179,169,111,79,123,154,111,132,188,129,91,152,30,91,143,77,111,120,71,140,103,132,159,129,120,132,103,140,154,172,99,79,111,196,77,154,88,172,88,131,143,108,123,108,99,129,129,123,169,44,131,202,71,177,131,123,177,131,143,79,44,88,154,111,177,194,108,105,140,99,77,88,105,77,151,137,159,128,77,176,137,128,120,120,105,85,169,108,140,108,108,105,58,58,151,88,120,120,99,88,99,207,128,55,88,98,107,107,98,151,128,58,119,137,140,76,128,119,87,107,128,128,128,58,58,76,119,148,128,98,55,128,65,76,65,98,168,68,58,148,68,128,128,119,76,68,128,139,51,73,148,107,107,87,98,151,128,119,139,98,107,119,128,150,158,139,158,158,76,158,155,76,223,107,139,137,168,51,168,119,98,87,98,98,119,158,176,185,127,76,139,42,185,87,139,119,76,87,168,58,147,193,87,76,107,139,167,136,87,87,68,139,218,107,127,124,118,118,157,98,118,139,138,167,118,167,106,76,106,33,42,106,106,106,67,97,157,127,50,87,150,87,76,124,124,87,87,87,106,87,138,184,118,167,199,87,97,147,67,127,138,240,175,157,184,149,97,138,106,184,106,231,198,118,50,149,192,86,106,175,75,149,157,149,157,126,138,97,106,126,75,106,192,97,206,101,184,118,157,106,149,138,149,118,157,192,42,7,42,57,157,138,75,106,149,50,86,42,21,67,75,97,50,27,27,42,157,184,192,174,106,29,67,57,50,118,50,11,97,89,50,86,75,75
120,132,123,111,152,144,169,179,154,123,129,132,108,132,177,179,88,36,103,172,154,69,54,120,172,132,103,91,140,179,129,132,162,132,143,154,143,172,103,143,152,132,154,36,71,120,131,79,102,131,143,120,79,131,172,140,54,123,111,143,123,111,188,91,143,36,131,99,123,179,102,111,140,34,177,34,169,68,105,120,120,151,51,156,120,99,32,77,88,120,117,128,186,77,49,108,128,77,108,120,151,108,77,58,108,137,212,88,58,140,58,58,168,128,105,58,140,55,116,125,137,119,68,116,107,104,140,85,107,140,95,58,107,140,148,139,151,98,51,156,76,68,128,107,42,87,128,68,128,128,98,107,119,119,128,87,68,128,84,168,119,139,84,87,150,119,42,116,119,166,150,128,107,137,168,119,128,158,150,127,107,185,150,98,51,21,87,176,107,136,139,139,199,168,119,158,107,98,127,116,73,150,76,104,87,168,116,150,175,68,68,165,150,168,58,185,68,185,127,184,127,68,139,127,67,150,150,184,157,150,211,127,118,58,67,87,50,87,138,127,167,118,42,106,127,118,76,87,138,106,57,76,106,76,150,184,118,97,157,157,97,150,138,150,106,97,127,149,138,167,118,97,86,97,149,184,167,127,217,192,97,86,217,50,157,126,126,175,75,206,97,50,97,97,118,167,184,126,97,138,118,167,106,184,157,149,157,184,149,75,67,138,211,138,57,67,97,67,126,97,97,149,57,42,16,67,57,50,78,50,50,33,42,157,198,184,86,50,4,16,86,126,106,86,50,42,75,57,106,138,42
189,132,103,91,111,154,123,152,154,172,144,108,154,111,154,91,91,91,143,172,162,79,69,152,172,132,88,154,177,154,132,108,152,154,162,196,196,108,111,140,79,123,140,102,123,120,131,88,102,129,108,108,129,131,111,71,111,143,143,123,123,131,79,128,111,123,123,123,61,154,154,79,111,174,177,74,151,120,186,88,128,151,156,88,128,140,108,108,140,120,200,108,17,128,128,120,186,58,105,128,128,148,117,99,128,151,108,151,128,77,99,108,128,96,68,107,137,55,158,26,119,58,128,40,51,98,119,87,137,107,42,68,128,151,107,85,151,128,58,168,107,98,119,55,98,104,98,119,116,68,98,119,119,128,119,68,87,128,95,148,139,125,51,125,107,76,42,158,128,150,116,119,98,107,158,87,158,150,158,68,150,139,158,68,119,168,173,127,150,166,158,139,176,199,150,158,127,76,168,51,207,76,98,157,139,127,127,127,119,68,76,139,107,119,87,167,87,150,33,98,157,58,139,107,76,87,175,150,118,139,139,67,106,139,118,118,98,127,127,167,127,97,124,57,118,138,138,118,76,76,76,65,118,191,87,42,138,175,150,138,157,150,150,127,127,150,167,184,157,138,118,106,138,167,157,97,193,234,106,127,138,138,127,175,106,138,106,157,138,118,184,157,67,86,198,149,97,149,192,106,198,126,149,198,118,157,149,159,106,149,206,184,157,211,167,53,106,21,97,50,192,106,126,1,42,57,11,50,67,118,57,11,16,138,226,167,7,11,21,86,106,126,50,126,106,42,33,67,75,106,43
200,123,172,91,79,88,91,154,200,162,154,111,154,99,132,129,111,129,169,103,154,169,132,172,79,123,140,162,177,152,162,154,162,169,152,186,172,111,61,132,91,79,123,123,131,140,143,131,131,123,129,152,131,71,61,71,129,131,71,77,131,88,131,188,77,111,123,143,79,111,172,143,159,128,177,120,58,85,169,77,137,68,194,77,140,42,159,42,49,159,120,68,34,96,186,99,85,105,176,128,77,167,128,128,128,192,151,77,128,167,120,137,151,120,140,51,88,151,68,107,107,137,119,151,68,55,73,119,107,128,151,128,119,87,119,51,76,151,104,87,168,107,107,107,119,128,119,128,119,58,68,107,119,107,128,76,116,185,139,128,139,128,107,119,76,98,68,128,98,98,139,84,128,176,158,98,150,107,98,158,139,150,158,158,127,158,176,150,193,193,95,168,176,127,176,119,107,127,76,139,147,127,98,139,136,68,76,119,107,98,107,127,107,76,150,119,107,50,127,76,139,127,118,107,118,58,150,150,118,95,87,87,87,76,127,138,167,138,27,173,138,118,76,76,106,127,106,57,138,138,138,124,76,118,206,175,57,67,167,97,227,33,75,175,157,157,167,157,97,106,138,118,138,138,157,149,97,157,106,106,33,127,97,33,118,149,127,175,198,118,65,138,157,157,192,67,149,138,106,157,192,106,118,157,184,167,167,138,106,217,177,184,192,184,175,57,57,97,126,67,126,118,97,57,21,67,67,67,86,138,42,21,50,67,167,198,42,21,86,118,42,106,67,75,57,149,50,50,57,75,86
111,196,159,69,91,61,141,152,152,162,111,79,154,172,108,129,154,154,132,188,154,186,159,129,88,132,154,103,140,140,162,154,152,143,162,162,111,154,36,143,61,111,123,103,154,131,99,129,131,152,123,102,69,71,91,91,91,77,51,54,111,91,91,188,154,91,128,128,120,90,154,123,79,120,120,140,140,140,151,120,96,151,194,120,96,88,120,99,85,99,58,51,108,58,66,174,41,169,176,68,88,200,77,88,140,120,77,176,105,77,108,88,99,58,68,200,99,99,51,158,119,51,128,51,85,51,119,68,151,76,68,140,76,87,68,68,51,119,51,76,107,98,58,176,125,76,119,119,76,95,51,58,76,51,151,176,51,128,168,119,76,139,98,119,87,104,119,107,98,107,158,98,158,158,128,139,125,150,128,119,150,168,199,158,139,150,155,193,193,158,107,116,166,185,150,107,139,139,58,124,87,107,76,51,136,119,51,87,73,76,119,139,119,107,139,150,139,58,119,127,87,150,118,87,139,87,139,107,124,118,87,139,87,67,184,138,182,106,150,138,76,87,124,65,115,127,57,87,76,106,106,150,97,167,31,157,157,76,97,76,97,217,106,118,97,175,157,118,167,184,118,157,138,97,167,149,106,127,106,86,118,97,97,86,157,149,149,118,149,167,192,157,149,167,149,175,75,97,206,149,149,157,67,86,75,149,198,157,192,149,126,138,198,184,138,67,67,50,50,97,167,167,157,118,27,33,53,67,75,57,33,67,106,57,118,226,157,16,35,42,33,106,57,21,100,67,118,57,75,42,75
172,152,189,159,111,103,189,111,51,144,194,111,108,186,123,132,214,162,99,202,103,152,196,91,132,79,143,91,111,91,79,152,111,103,186,188,188,111,132,91,111,111,143,132,88,111,91,123,123,131,102,34,88,154,102,131,151,123,131,36,91,99,102,123,79,154,154,99,111,172,120,68,117,138,56,120,120,66,138,169,96,138,128,140,177,42,66,88,68,42,108,169,108,58,128,77,120,128,88,88,68,120,128,66,49,184,99,68,120,68,51,66,68,140,120,51,156,58,58,168,7,140,73,58,104,107,166,87,42,137,140,98,76,68,140,140,119,128,76,168,33,51,98,119,87,151,58,128,68,76,176,128,55,68,139,68,68,128,33,76,87,87,128,128,76,76,107,76,151,150,150,150,139,107,87,150,147,168,150,95,158,176,218,168,127,150,119,139,150,107,76,127,193,168,98,158,119,68,76,87,107,68,98,107,107,98,68,40,42,104,165,127,76,157,191,197,193,87,76,167,76,150,167,98,139,118,98,98,150,127,118,150,139,127,138,127,127,138,167,97,87,167,150,57,127,184,76,118,118,67,106,127,175,76,167,175,138,138,76,167,33,175,157,94,167,167,127,175,199,157,167,167,149,97,97,149,247,199,106,127,127,127,184,57,192,97,149,97,127,167,86,106,106,118,106,231,175,149,118,106,184,198,21,97,138,89,118,149,86,50,42,86,67,86,149,86,106,97,50,67,149,198,206,57,42,33,27,67,97,16,50,106,57,67,192,206,106,21,21,67,70,67,57,57,138,16,106,120,33,42,50
108,144,209,159,162,144,179,132,154,103,132,189,108,152,196,162,99,144,152,154,79,152,194,79,172,140,79,111,54,61,71,123,132,91,188,154,186,79,162,79,179,71,140,129,99,108,111,132,132,99,79,54,123,154,151,140,196,131,143,154,44,129,123,143,140,108,71,71,131,154,90,58,128,140,120,88,99,184,120,138,128,108,159,140,68,77,68,58,128,128,151,120,77,151,151,68,88,128,99,108,151,108,58,108,88,169,120,167,120,105,55,117,140,68,108,120,128,77,117,41,194,105,99,120,98,107,95,107,128,76,68,42,98,95,58,158,76,128,98,139,128,51,128,148,58,76,68,128,119,51,76,139,107,107,128,20,65,58,107,68,128,98,119,58,87,65,76,107,166,128,128,176,139,119,68,128,139,107,168,150,150,218,168,193,87,176,158,73,98,139,119,119,98,58,119,139,119,76,84,150,98,68,119,119,76,98,107,68,65,139,150,119,119,87,119,218,193,139,68,76,136,87,107,136,127,76,139,167,127,118,127,139,127,98,118,127,106,106,76,106,138,150,106,118,150,150,87,97,150,95,76,76,76,118,118,118,167,157,157,124,167,97,138,150,193,106,175,157,138,167,127,149,193,206,106,206,167,97,149,106,175,127,138,193,149,149,42,149,198,138,97,138,149,126,138,149,67,118,118,192,149,106,192,157,118,149,149,184,86,97,138,75,157,118,141,184,86,118,86,67,118,97,50,75,75,33,50,97,118,97,42,33,126,106,97,97,108,86,67,33,97,75,118,75,86,86,75,106,27,86,97
91,123,169,177,172,141,111,129,108,132,177,179,111,111,172,196,91,91,159,103,141,111,154,111,88,188,71,54,71,123,123,58,140,123,129,103,111,143,103,154,177,88,123,154,140,79,123,123,140,143,140,79,102,102,159,154,131,91,172,131,108,172,129,120,88,123,108,111,120,79,111,143,85,77,128,140,125,120,177,88,77,186,159,140,77,68,108,77,128,177,77,151,177,85,128,99,88,125,120,128,120,58,169,176,88,77,176,169,77,85,128,117,128,128,77,128,51,96,159,77,105,117,99,125,76,55,95,119,119,168,168,76,68,140,119,174,119,51,76,58,98,128,20,87,68,104,119,58,107,168,139,58,95,107,58,58,107,58,98,51,185,107,193,58,119,76,68,107,168,65,119,148,168,176,87,107,107,207,150,128,150,168,33,223,119,193,119,107,98,139,98,76,119,58,119,127,127,176,65,107,76,139,119,95,139,98,139,98,68,127,185,158,68,58,107,218,212,98,87,87,150,95,98,173,98,76,150,139,118,118,150,127,76,118,127,87,106,106,98,127,138,118,87,138,127,97,118,127,138,106,57,76,106,106,76,106,199,150,127,138,124,57,97,175,150,138,118,118,118,138,199,199,157,97,167,167,167,106,193,106,67,184,167,193,157,217,106,118,175,86,118,217,167,138,149,157,149,118,86,198,157,57,184,184,97,184,198,184,118,42,50,106,118,126,118,126,167,57,149,149,67,42,35,50,86,118,75,75,75,97,67,27,42,42,11,86,149,97,126,106,108,86,67,75,33,86,159,97,42,57,70
123,61,141,179,162,141,111,108,91,132,179,154,123,162,172,162,132,120,144,91,154,111,162,196,129,179,69,28,99,154,172,99,79,132,77,123,143,99,79,179,179,162,129,132,36,111,111,79,103,179,154,44,77,140,102,140,71,123,123,61,172,102,61,123,111,131,79,123,88,79,131,91,51,128,120,186,117,108,88,105,108,108,85,77,128,88,151,151,77,117,99,51,140,140,167,140,99,137,120,200,108,176,140,108,151,120,120,151,176,125,140,125,58,68,120,68,66,108,99,58,108,99,108,120,77,120,88,99,108,76,128,148,40,98,119,51,119,104,87,58,98,95,68,76,139,107,107,58,68,119,139,98,107,119,42,119,185,107,51,68,151,125,68,119,87,58,107,76,151,119,87,151,119,128,87,119,176,176,128,168,107,87,84,217,158,128,150,199,58,76,150,127,150,127,76,107,176,119,68,119,158,98,76,185,119,87,107,107,76,119,185,139,33,58,98,199,168,51,107,87,157,127,127,136,118,87,139,107,104,157,150,87,139,184,87,98,98,76,98,127,118,98,98,150,97,76,118,118,118,118,76,118,106,67,67,118,175,138,138,157,76,42,118,157,150,97,106,157,167,127,206,223,127,118,167,157,50,136,86,97,175,27,127,127,223,157,127,184,118,127,138,167,175,167,192,86,67,57,157,184,175,184,50,67,192,97,217,184,97,126,67,118,106,11,167,149,186,149,157,157,97,138,42,57,57,86,50,57,21,33,67,11,21,33,50,106,106,50,33,108,149,53,50,33,75,75,67,50,50,33,27
108,69,162,144,132,132,144,111,91,111,154,111,111,196,144,103,144,172,141,71,44,111,152,103,132,103,61,61,91,214,209,132,91,129,69,77,69,103,172,132,154,172,172,179,79,54,123,79,91,102,88,71,143,172,77,123,143,79,123,143,99,71,111,91,111,77,102,123,111,102,143,77,105,151,85,177,105,58,105,105,105,77,120,77,128,99,159,99,20,77,159,42,51,151,120,120,125,66,200,105,120,77,88,120,140,58,55,120,137,128,99,128,88,137,74,137,194,96,108,58,77,99,55,58,108,128,96,68,88,151,119,119,76,68,128,76,87,119,107,76,76,42,176,151,119,98,128,51,58,193,119,104,139,98,107,151,119,125,107,58,68,139,42,104,207,104,119,84,116,185,119,58,84,87,128,193,207,158,128,158,107,193,107,139,98,232,150,119,98,87,150,107,104,127,98,107,173,51,139,168,119,51,127,119,98,150,168,104,76,119,127,127,87,68,139,158,98,84,68,173,185,127,127,98,118,139,127,127,157,150,150,139,139,184,150,98,76,21,50,50,87,127,76,118,138,87,106,84,87,138,97,65,97,76,118,127,118,127,138,138,138,97,97,138,150,106,87,124,157,157,184,206,167,127,86,118,97,127,118,149,127,67,167,118,175,149,97,97,75,106,106,106,198,157,118,198,184,231,157,157,138,86,126,231,86,97,159,106,175,211,167,42,67,67,86,184,192,42,227,126,206,138,86,4,86,106,157,57,57,27,27,50,27,75,106,16,97,86,33,11,138,67,106,42,42,70,57,67,57,97,42
61,144,80,80,141,80,189,177,144,144,103,141,144,144,108,103,111,179,91,91,154,91,69,91,141,43,103,154,154,154,186,179,123,143,99,61,123,129,132,88,91,143,188,143,103,108,71,54,123,143,140,143,152,169,131,123,154,91,172,169,172,123,91,54,108,162,120,79,111,102,131,151,128,85,108,108,51,88,74,28,177,108,140,77,151,151,96,99,120,117,77,58,99,194,120,88,174,51,128,108,51,77,128,108,108,140,96,128,108,77,55,99,159,151,105,176,99,66,68,207,58,176,28,108,128,120,74,68,88,140,105,68,108,99,137,76,104,107,151,95,125,194,151,176,119,95,107,119,42,68,151,128,98,107,125,51,107,168,84,73,68,116,207,107,76,58,119,139,125,119,98,87,119,137,158,199,185,150,107,150,150,193,150,150,139,139,158,98,139,68,51,76,98,98,87,168,150,127,87,68,139,127,107,42,127,212,176,68,68,119,139,119,68,76,193,158,139,98,127,176,107,98,104,150,127,76,107,157,118,98,98,139,167,218,167,87,107,118,58,118,118,76,157,87,184,124,138,97,87,127,67,42,97,118,175,106,67,76,127,97,150,138,97,127,127,97,76,118,118,97,150,184,157,138,67,149,118,127,149,149,184,106,118,106,118,149,118,118,118,106,127,157,206,157,106,157,138,157,157,149,75,138,149,97,149,89,67,118,118,149,149,86,75,149,106,106,157,206,97,149,206,75,97,97,50,75,149,44,21,67,57,27,50,57,67,75,86,27,86,75,42,75,86,50,97,42,50,42,86,86,67
202,54,132,91,141,155,155,179,111,103,177,209,144,88,132,159,129,58,169,44,214,103,108,108,162,88,214,196,141,196,154,132,111,111,88,108,172,177,34,108,132,123,162,209,108,54,71,103,123,143,140,143,162,140,123,123,131,131,172,123,179,111,71,154,123,123,79,54,108,143,91,120,128,108,74,56,120,120,68,108,138,68,117,120,151,156,99,128,169,108,77,148,140,140,151,128,137,58,68,151,120,68,120,77,108,85,140,68,77,77,74,108,120,128,77,120,58,77,99,186,117,77,88,125,88,169,108,120,128,128,128,128,140,108,33,119,151,76,207,58,168,98,125,51,104,104,68,58,125,107,107,148,76,58,107,168,76,128,139,76,151,68,107,158,87,87,151,139,119,173,168,76,76,139,150,176,199,176,119,128,158,158,185,73,87,98,98,107,98,139,104,65,68,107,107,127,119,51,107,166,168,119,87,87,150,168,58,98,119,127,127,55,42,87,207,212,98,119,98,150,139,127,136,139,168,87,87,168,119,42,127,139,175,223,211,87,199,157,98,165,118,184,150,175,118,150,67,118,76,138,118,57,87,118,87,50,138,150,118,87,87,175,67,97,138,97,57,87,97,75,150,157,127,138,75,127,67,118,149,175,184,97,127,157,127,157,97,127,175,118,127,149,175,175,175,184,138,138,167,97,67,149,206,206,118,97,106,118,149,118,126,157,126,97,157,192,118,75,175,167,198,67,106,7,50,106,42,57,7,16,106,106,33,27,50,106,42,75,1,16,57,50,27,149,21,118,4,86,86,106,149
155,152,36,103,179,189,69,103,194,152,141,152,103,162,80,189,80,80,186,111,202,196,213,120,202,220,172,152,132,188,99,61,79,91,132,143,152,61,154,58,140,91,79,154,103,54,91,143,77,71,196,188,120,123,154,88,79,61,102,79,88,123,111,123,79,71,123,91,79,123,88,108,120,108,105,99,169,120,159,58,51,120,140,128,120,159,140,125,128,137,151,140,88,99,151,159,128,68,85,137,56,117,120,77,140,96,108,120,77,120,99,99,77,108,58,99,77,58,108,108,28,128,99,99,128,186,169,55,88,128,117,140,151,68,99,117,88,120,128,76,151,51,98,107,119,58,128,139,68,65,98,58,68,85,84,76,151,68,128,119,33,119,125,128,87,116,137,128,87,128,119,76,168,76,185,119,199,151,137,139,107,107,207,185,107,193,212,139,119,176,119,51,68,119,107,68,107,127,127,139,98,119,76,168,119,58,68,119,119,76,68,139,185,136,150,185,68,98,150,193,139,98,87,87,168,150,119,127,127,68,119,158,168,199,157,157,184,175,118,227,118,95,150,150,76,127,67,127,118,118,118,76,150,157,106,157,199,211,76,138,127,57,76,127,150,87,87,97,87,150,157,167,150,138,67,97,75,127,127,138,118,97,193,118,138,167,106,127,193,127,106,157,167,127,118,138,86,138,138,149,138,149,175,206,206,138,149,138,149,149,126,149,118,138,184,149,97,138,184,118,67,27,192,118,35,106,106,75,57,21,3,16,67,42,42,118,192,86,149,33,86,118,33,42,42,7,106,42,42,167,226
111,155,229,144,123,72,103,144,103,91,132,144,99,108,208,58,120,172,189,88,189,172,196,196,152,202,188,111,129,91,71,61,120,140,132,88,88,28,239,23,123,91,132,103,132,54,43,143,88,111,196,162,120,169,140,69,108,61,88,131,54,131,79,77,79,79,91,91,91,123,123,105,96,69,140,151,99,138,77,96,68,108,105,120,99,77,140,156,140,186,151,77,77,117,128,159,151,128,108,51,140,176,77,77,167,169,68,140,120,99,99,74,99,99,159,108,28,51,140,42,137,108,51,42,128,105,66,58,88,120,105,108,125,169,68,28,88,137,58,223,17,33,168,128,68,168,139,139,48,76,128,87,68,151,98,207,137,107,20,174,76,125,42,193,116,68,98,151,139,158,98,87,185,128,168,68,119,168,68,150,139,116,218,218,234,139,139,139,107,87,139,116,51,128,168,98,119,185,76,76,98,116,127,139,42,42,139,87,51,58,127,176,185,168,139,116,68,127,223,119,87,98,98,98,98,150,139,68,87,119,119,150,139,107,173,193,107,184,157,155,150,127,167,76,98,98,127,167,150,97,127,138,138,193,211,234,167,150,97,87,67,199,97,157,127,127,193,157,76,106,150,150,150,127,86,127,138,175,57,149,86,167,149,127,138,184,175,149,157,118,138,211,157,97,86,118,106,97,149,211,57,75,86,206,217,149,184,157,50,75,126,149,149,149,106,192,118,149,126,86,16,86,126,118,106,106,126,60,11,21,11,16,75,67,50,157,192,126,106,106,67,149,21,33,97,106,27,27,57,174,206
194,144,72,103,144,103,172,172,144,159,99,91,132,103,91,123,141,154,179,132,179,141,132,61,120,177,233,144,77,141,129,154,91,79,103,71,77,172,23,188,71,132,154,103,154,61,61,172,143,154,172,111,186,123,123,69,71,88,58,123,162,69,61,129,71,111,159,91,108,143,69,77,129,129,105,99,22,128,105,85,120,140,34,108,105,88,120,177,148,148,99,99,138,120,99,177,159,140,140,99,159,159,125,140,176,140,77,117,128,68,99,99,120,88,120,105,88,108,117,68,120,99,77,99,68,68,120,125,58,137,120,55,108,105,51,88,99,88,120,42,120,120,128,108,107,151,98,128,119,58,128,139,58,76,128,139,42,40,119,125,98,98,148,158,21,128,95,176,125,51,183,207,151,207,158,76,98,68,185,158,139,139,168,193,128,191,104,98,150,107,185,218,185,139,107,119,212,33,107,84,87,87,139,107,107,127,76,68,51,68,98,127,150,185,127,33,42,98,87,127,119,107,119,87,119,119,119,119,119,98,58,58,51,87,127,150,87,139,107,87,211,175,107,76,118,127,118,175,167,157,138,138,138,193,157,87,106,127,127,33,150,157,167,138,138,138,157,106,150,167,157,167,127,127,167,75,138,97,175,75,138,175,50,223,57,184,223,149,149,149,157,217,106,118,127,127,149,106,157,184,57,126,97,157,177,149,97,157,167,101,106,149,167,149,118,211,118,231,106,175,16,126,67,57,33,167,206,86,21,27,5,27,33,86,106,67,75,106,50,42,33,57,86,67,35,42,86,33,16,86,222
220,169,144,169,132,120,120,123,144,159,111,80,103,132,80,108,237,152,123,123,88,61,61,154,162,169,132,111,71,111,111,123,103,88,188,188,58,103,152,188,79,91,179,143,154,154,103,154,179,172,154,79,196,71,132,61,79,23,162,54,131,54,120,71,54,154,131,123,77,129,105,41,96,108,69,69,120,120,88,88,159,169,41,77,151,200,85,140,151,99,99,105,177,88,128,137,128,105,140,151,151,140,186,169,99,108,77,66,120,105,128,99,120,58,58,105,99,88,105,77,128,77,105,140,66,108,128,77,108,140,120,108,128,58,42,120,76,76,169,58,58,140,76,33,76,73,98,73,107,98,68,139,128,76,84,116,98,158,128,87,107,42,84,119,76,128,119,128,158,128,128,158,116,168,158,107,42,212,98,158,107,98,98,58,193,107,139,98,107,87,87,227,218,98,107,168,76,58,168,119,76,127,127,150,107,150,87,76,119,68,124,199,212,139,68,33,76,98,87,150,58,107,98,76,139,150,139,98,150,107,33,28,87,51,51,98,98,84,119,150,127,139,107,139,95,106,87,167,175,138,127,106,106,118,87,65,76,106,150,118,118,157,167,118,138,97,127,127,157,167,157,184,150,106,157,157,106,118,211,75,175,127,138,118,118,184,175,157,157,149,149,167,97,127,167,157,106,157,192,167,149,149,86,149,138,138,75,157,138,86,138,149,138,157,138,149,126,149,175,75,97,97,67,86,86,78,157,157,67,67,27,5,67,67,167,50,27,33,75,16,21,42,67,57,42,67,67,33,33,86,174
155,69,189,91,61,144,108,123,159,88,169,144,54,80,172,88,80,44,123,120,69,179,77,22,159,196,120,132,132,99,43,79,132,141,177,123,91,123,177,172,123,71,202,208,162,154,123,132,132,132,169,140,51,88,132,79,103,23,179,28,71,154,123,91,91,111,91,111,102,71,120,69,51,108,151,120,177,108,74,186,169,105,120,42,105,58,77,128,74,105,177,120,120,120,88,66,186,151,88,212,105,77,128,137,108,68,58,77,108,137,128,68,128,96,120,108,22,137,128,99,99,108,77,77,140,156,99,120,88,77,128,128,108,128,108,68,108,99,140,140,105,76,108,120,88,88,88,76,120,174,119,76,68,119,151,107,119,119,76,128,76,139,128,87,128,87,76,119,158,139,98,139,151,151,183,87,87,33,168,212,185,104,68,185,98,150,158,68,84,176,193,150,98,95,168,58,28,237,48,207,15,158,98,119,51,199,87,98,127,87,98,185,107,185,68,87,87,119,139,87,107,107,127,119,150,87,139,193,150,136,68,58,40,17,51,139,107,98,107,127,84,139,127,150,50,98,87,124,150,87,106,106,76,76,115,138,97,97,157,138,193,193,138,127,138,87,106,157,97,136,157,138,97,106,157,157,118,167,150,175,138,193,138,106,167,167,138,167,118,118,149,157,157,138,175,157,75,175,184,97,211,149,86,167,118,149,106,149,138,97,118,97,126,149,106,57,149,157,149,50,118,75,67,67,106,67,106,206,106,2,7,42,21,67,97,50,86,106,75,1,86,21,75,42,11,35,27,67,86,67,50
91,99,99,155,123,80,99,80,129,196,179,69,123,103,120,28,71,123,103,169,61,44,154,132,132,214,179,172,58,44,79,34,129,120,132,154,91,188,154,143,179,152,214,154,123,154,143,123,91,132,88,69,91,108,120,111,123,123,111,132,69,102,123,129,69,51,61,71,131,120,85,99,138,77,128,120,120,128,99,128,140,108,125,77,58,125,169,88,120,151,151,68,99,140,68,77,186,177,128,58,58,128,99,108,151,99,99,108,85,58,105,88,120,99,169,42,66,151,117,68,77,128,77,99,68,120,108,99,108,68,117,120,108,128,128,68,137,58,128,108,140,68,68,156,99,76,120,128,176,176,76,33,87,128,158,76,76,95,128,151,158,104,87,87,87,87,107,119,128,128,119,151,185,168,107,98,128,128,98,183,139,151,128,33,98,139,128,119,139,158,98,107,150,158,139,119,119,28,185,65,191,76,139,207,119,68,98,87,68,127,76,168,218,76,119,65,68,199,58,150,58,150,150,68,139,119,234,127,168,73,58,42,76,33,58,150,168,127,76,73,127,185,87,87,73,119,107,87,87,98,138,127,87,118,106,97,157,127,118,184,138,167,97,97,106,127,157,193,118,118,138,87,118,206,150,138,184,150,118,127,149,167,167,118,127,184,206,167,86,149,184,199,167,157,97,149,192,127,67,118,227,149,138,167,149,167,157,149,157,126,97,67,118,149,75,75,175,126,175,86,149,106,167,175,118,67,118,175,75,35,11,11,50,33,27,157,138,50,67,21,50,21,97,27,97,16,42,67,86,43,21
72,88,132,132,61,44,61,144,189,172,155,80,132,5,132,72,132,30,80,154,154,152,61,111,189,154,132,88,61,44,179,111,111,69,141,132,111,34,194,143,140,111,154,228,162,88,111,123,143,51,77,169,61,108,172,108,79,123,71,54,79,61,132,123,36,61,71,102,162,143,69,129,194,51,69,140,69,129,129,151,77,126,99,99,85,151,151,128,151,108,41,128,125,68,88,128,68,184,17,99,77,99,74,169,77,68,108,151,66,34,120,169,34,128,159,15,151,120,108,117,120,77,128,120,26,77,105,77,108,88,77,120,77,68,151,88,140,58,120,28,140,140,99,76,76,68,151,151,76,68,88,105,120,120,76,76,76,119,185,139,68,87,128,51,151,139,139,128,58,87,151,139,158,207,176,87,42,98,139,168,158,68,139,128,58,223,223,128,68,76,139,176,128,87,107,107,58,125,128,139,127,107,58,76,127,68,76,98,58,76,150,98,158,193,76,76,150,119,199,87,168,68,185,87,33,158,58,51,107,28,21,55,68,139,87,139,127,107,107,42,193,76,87,87,51,87,119,139,51,87,118,124,87,127,150,76,97,150,138,184,87,127,7,118,118,106,175,138,118,118,150,175,199,157,138,157,138,42,157,184,106,127,167,97,97,206,184,167,157,149,106,118,138,106,192,138,86,106,97,118,192,157,118,138,118,106,175,184,167,177,126,67,106,138,126,126,126,138,175,138,184,138,211,192,138,129,175,177,175,167,42,11,75,16,27,118,86,16,50,57,16,67,67,75,21,67,67,60,67,67,33
80,172,141,80,72,91,111,132,141,141,189,132,59,162,108,123,61,141,123,80,91,132,172,132,123,132,159,154,144,71,23,88,54,132,132,103,179,141,143,111,103,162,159,103,88,79,79,79,162,143,8,79,140,179,111,169,71,162,108,172,111,120,79,102,58,71,44,34,111,138,120,58,56,157,120,77,77,120,184,167,58,120,99,74,68,77,138,159,159,99,128,140,120,108,108,125,28,120,128,77,128,99,169,167,28,34,159,120,85,85,120,120,77,108,51,99,137,120,128,105,77,99,128,108,99,77,140,68,68,120,108,99,68,85,151,58,120,99,108,68,51,137,120,68,68,76,128,105,41,76,151,151,88,88,51,58,95,207,87,128,119,28,137,128,76,76,98,128,185,185,158,151,84,128,168,87,139,98,176,168,168,98,151,193,51,125,210,68,68,176,139,139,176,125,125,139,128,168,176,139,68,150,107,58,98,127,119,139,98,48,76,119,176,185,87,136,212,119,98,98,127,119,168,119,11,1,21,1,20,68,58,119,127,119,147,173,58,158,107,107,65,193,139,119,58,175,168,139,168,107,98,107,119,98,184,106,138,127,175,138,118,57,33,138,150,76,138,138,157,150,175,199,127,106,157,150,106,67,184,138,106,167,167,127,127,184,199,193,157,118,118,127,175,75,106,138,127,138,184,97,127,167,106,127,149,157,175,223,184,106,118,126,67,126,167,75,126,138,175,157,97,138,192,149,126,149,175,198,223,138,86,75,57,27,44,67,57,16,21,67,33,57,7,57,53,21,27,60,67,67,50
111,123,123,111,123,152,123,103,132,189,189,111,69,111,44,159,108,99,36,71,71,80,209,54,91,196,209,141,88,132,103,61,91,189,120,172,34,144,159,143,188,123,154,132,61,69,111,71,71,132,111,143,91,172,79,103,202,8,209,77,91,172,71,111,123,54,91,58,111,177,105,105,99,77,96,96,108,88,129,138,128,108,88,88,68,77,120,159,151,108,138,151,128,96,120,148,77,120,208,140,99,151,177,85,128,96,41,85,105,105,88,85,68,105,140,108,58,88,128,49,88,68,159,120,128,108,108,108,85,140,117,51,68,128,140,66,68,158,58,166,51,99,99,108,108,96,108,99,99,105,140,140,76,85,88,120,120,128,68,119,98,87,76,168,42,87,128,158,151,151,199,168,42,87,76,183,76,87,212,87,158,185,76,128,116,139,139,137,68,116,185,87,128,173,119,128,58,212,150,87,51,127,212,119,168,150,87,150,76,17,51,119,68,150,150,127,98,98,139,98,158,168,119,68,33,33,98,98,107,139,33,98,183,139,139,127,76,119,42,139,158,76,127,95,168,139,119,127,158,139,107,87,127,150,127,150,138,50,167,57,118,31,157,138,138,97,175,193,150,157,127,157,150,106,150,157,157,106,67,157,193,184,167,193,149,67,217,184,106,138,184,149,97,57,149,167,149,184,175,198,97,127,167,167,157,167,149,157,138,106,75,149,138,70,86,67,67,121,175,149,75,175,138,67,97,106,175,157,106,106,149,97,57,33,33,67,67,33,75,33,33,27,11,42,97,11,12,57,75,75,42
172,123,91,132,120,132,123,111,132,144,197,189,108,23,120,80,103,61,111,186,129,69,80,129,123,169,123,91,88,123,77,61,144,144,77,196,141,172,144,152,69,169,154,132,129,129,71,123,71,108,129,111,143,140,71,17,123,132,54,177,111,77,162,79,152,111,69,102,111,129,152,169,200,51,41,120,120,88,105,58,198,88,69,120,177,128,120,120,151,108,140,151,128,77,99,177,128,51,140,159,159,186,128,68,108,137,68,68,99,108,88,96,128,68,108,120,105,77,85,128,56,68,120,120,77,58,77,140,88,140,128,41,105,120,108,140,68,99,51,176,105,68,58,108,120,76,120,120,120,108,120,151,68,120,128,168,76,68,108,51,151,107,68,98,119,166,158,107,158,158,151,193,76,128,151,20,166,158,168,104,151,151,76,128,128,42,119,151,128,116,185,185,84,128,87,95,98,33,158,33,58,119,98,150,65,87,168,119,76,98,68,21,127,218,68,87,136,158,119,107,150,150,127,58,28,87,107,199,199,107,21,68,231,176,150,76,87,104,107,68,76,95,87,139,150,127,150,127,98,150,119,150,193,87,42,98,119,87,68,167,118,87,184,157,150,127,150,127,106,87,118,157,175,106,138,150,76,157,50,206,227,127,157,184,75,86,199,199,157,106,138,127,86,97,86,175,184,138,106,223,67,118,217,149,157,106,138,149,97,97,86,75,149,126,97,138,86,167,138,138,157,184,57,33,57,57,86,50,29,86,118,75,42,67,33,33,75,57,67,75,57,60,27,57,86,21,16,67,89,67,57
144,155,77,132,144,120,123,80,80,144,177,186,80,36,72,155,111,123,169,189,144,61,91,123,111,120,99,123,123,54,80,144,144,141,123,103,91,77,154,132,79,196,141,188,132,79,79,196,132,51,169,69,111,123,61,239,44,71,79,129,36,103,103,202,51,61,77,99,111,117,69,85,51,105,51,108,129,129,129,128,88,108,140,128,51,34,177,99,108,177,159,177,138,151,68,151,120,74,140,174,140,177,58,56,99,137,108,88,120,108,88,68,151,120,66,120,176,128,169,151,58,77,120,99,108,120,108,169,77,68,128,99,99,108,108,108,68,58,77,117,108,88,99,108,108,99,108,76,120,125,128,151,68,140,168,108,140,55,99,99,99,108,76,76,98,151,137,98,151,193,151,151,68,51,119,68,107,137,128,158,176,51,107,58,128,58,87,128,76,84,76,128,150,76,42,137,98,185,168,125,76,87,158,28,42,95,107,139,150,137,87,150,158,168,127,176,73,158,150,139,107,150,119,119,98,185,176,107,139,168,98,51,168,242,193,150,119,119,158,98,76,33,87,150,119,51,58,127,119,119,98,150,218,157,98,87,76,127,193,127,139,168,175,127,118,97,97,97,127,87,118,157,157,199,118,118,118,167,150,167,175,138,150,97,33,199,138,184,184,97,97,127,149,106,67,193,149,106,149,167,86,149,138,67,149,126,126,138,149,75,42,50,149,234,126,106,149,138,138,126,175,138,97,33,67,33,33,42,27,16,86,106,42,75,11,33,106,16,118,118,67,86,33,42,67,57,27,33,97,118,50
108,144,132,108,155,111,69,111,132,129,141,152,111,103,61,111,99,108,123,123,129,108,69,169,172,108,71,54,69,108,154,88,58,123,189,91,111,132,154,108,79,159,196,132,77,61,132,79,132,143,79,123,108,108,172,88,71,111,77,77,69,111,111,103,111,61,61,108,111,99,177,77,85,169,58,105,186,85,99,51,99,140,140,77,120,167,85,140,186,198,169,151,120,194,108,128,49,232,148,125,51,174,68,99,99,120,108,85,140,108,88,128,108,49,77,125,108,128,99,99,137,58,68,128,117,120,140,66,108,77,105,151,68,140,108,33,68,85,85,58,120,125,51,108,120,76,76,99,120,120,76,128,128,140,185,151,151,99,58,120,105,120,88,120,76,139,168,139,107,158,168,95,76,119,128,128,51,176,139,151,68,107,68,107,76,128,128,98,128,87,107,168,128,107,119,68,193,98,176,193,128,87,58,207,33,76,119,193,176,137,150,98,185,191,199,107,237,42,68,193,139,104,139,55,127,65,21,107,150,150,87,98,207,223,193,175,119,76,58,76,139,119,68,87,51,139,107,58,107,127,119,139,175,157,150,127,68,127,185,87,87,127,139,150,67,118,175,33,76,138,150,199,167,184,199,157,184,157,157,106,138,150,106,87,75,193,149,149,127,86,149,138,138,149,149,127,127,193,138,138,138,127,67,138,126,138,184,157,118,57,57,126,211,206,67,106,192,157,157,152,149,149,97,12,86,42,86,33,27,67,27,86,57,33,33,118,21,149,42,118,57,75,27,27,86,67,42,27,57,167,157
108,155,144,72,69,77,77,144,120,111,155,144,72,123,91,108,43,120,111,72,120,144,91,169,179,91,71,80,71,61,111,77,108,108,120,44,154,172,132,71,144,179,144,144,99,120,111,71,103,196,196,172,79,79,129,143,111,79,69,103,143,123,79,36,30,79,123,58,129,140,85,167,108,108,105,129,129,77,120,42,129,108,51,167,105,88,120,120,194,148,120,159,211,128,125,125,99,120,58,120,177,56,99,169,74,49,117,125,58,99,108,105,68,51,120,120,108,56,51,99,108,58,99,128,151,77,108,140,140,105,51,128,120,68,108,74,169,68,108,58,99,51,55,120,108,77,108,120,77,68,76,108,158,128,140,108,140,128,76,128,151,120,120,140,137,128,128,119,84,139,193,137,107,137,84,76,58,139,183,119,98,139,68,107,76,193,168,73,128,176,158,137,107,107,168,150,139,137,119,98,176,55,128,51,68,58,150,139,98,139,127,87,199,218,150,185,76,98,168,139,28,176,95,107,51,87,87,107,139,87,68,107,218,98,175,127,119,107,107,139,119,168,68,175,150,139,127,139,150,139,68,58,139,139,175,175,98,175,33,168,107,107,68,127,157,119,157,185,139,150,175,167,206,175,175,167,167,167,127,138,127,118,127,138,127,150,167,150,106,106,184,149,97,149,149,97,97,149,127,138,138,97,138,206,126,126,175,121,118,75,67,138,192,198,211,184,211,138,211,184,184,175,27,86,27,57,42,57,42,50,27,33,57,27,109,118,33,86,7,149,16,33,60,27,106,27,33,22,42,198,238
132,169,72,111,111,91,80,91,120,132,152,103,44,111,111,108,54,120,129,69,36,120,152,141,132,80,80,72,141,144,103,120,111,132,80,80,103,103,91,111,188,99,154,188,143,123,91,111,154,132,71,123,103,123,111,79,44,54,143,108,129,77,61,88,61,51,123,91,56,108,120,177,152,85,177,99,99,108,69,117,108,77,140,77,177,51,69,120,151,151,159,151,128,177,88,117,120,88,211,117,77,34,88,186,41,125,159,108,74,77,99,68,140,58,128,105,108,51,68,105,68,137,108,120,108,105,128,128,128,120,77,128,120,120,68,159,207,55,169,58,58,88,151,96,88,120,108,77,58,68,156,108,194,151,58,128,88,151,128,128,140,120,140,128,128,98,108,108,108,185,193,176,128,87,76,84,76,119,193,139,98,119,76,58,116,148,107,128,139,98,150,116,73,98,68,139,139,98,76,98,119,128,107,119,139,68,87,137,125,98,76,68,197,185,51,150,139,107,119,68,127,207,119,87,139,104,76,107,87,107,87,68,107,207,158,139,7,150,176,87,136,168,175,76,127,76,127,150,139,98,98,119,119,119,76,139,193,98,223,68,150,107,68,139,157,193,119,139,119,193,150,127,167,184,167,118,106,150,150,42,50,118,106,184,118,118,150,152,211,138,86,106,106,127,127,118,127,138,129,129,75,138,138,127,159,127,127,118,127,86,50,138,192,227,211,97,192,217,175,175,206,118,33,50,21,27,57,50,60,8,27,67,86,67,97,138,16,21,33,57,42,27,138,67,57,50,16,75,50,126,211
129,61,132,144,172,123,77,123,129,99,129,144,61,144,69,61,103,91,80,103,54,111,123,72,61,51,103,120,111,141,108,61,103,129,88,71,129,36,144,69,144,111,123,154,91,79,108,108,154,179,44,88,169,111,51,61,123,103,152,91,61,111,99,58,91,123,143,188,152,120,108,69,169,108,58,58,120,69,77,140,120,43,51,88,108,120,169,108,120,140,99,128,138,120,85,68,140,128,77,128,68,58,120,128,120,32,17,159,140,68,140,177,108,68,99,128,108,105,125,108,68,88,105,88,120,108,88,77,85,88,58,169,128,41,137,66,198,58,159,66,88,99,125,120,74,120,120,99,77,140,158,128,99,76,194,120,168,76,158,88,120,85,140,99,117,128,128,151,183,212,139,139,151,87,128,87,151,151,168,98,58,176,107,125,107,87,139,151,98,87,151,151,128,42,68,176,150,87,107,107,68,147,119,87,119,107,76,150,139,68,68,98,176,185,107,158,87,119,68,51,150,150,76,139,76,76,98,139,119,68,87,119,158,207,139,87,185,127,68,76,193,127,127,68,168,58,127,119,175,127,119,175,139,107,21,58,182,150,245,175,98,139,127,150,107,199,150,157,119,199,175,76,185,107,167,118,118,106,184,76,67,150,97,167,118,118,157,167,193,193,106,138,138,118,86,138,118,106,127,118,127,138,97,67,127,149,138,118,75,67,50,97,175,167,86,27,184,198,33,86,149,35,21,16,67,50,33,4,21,44,57,86,97,75,57,75,57,27,86,33,57,33,97,33,75,33,27,57,21,120,194
144,91,123,144,123,123,123,144,72,54,155,179,91,144,103,69,54,72,72,120,77,132,111,30,72,103,111,120,72,111,77,59,144,80,103,129,108,108,141,44,91,154,103,79,123,111,103,123,141,103,79,103,172,129,34,177,51,200,111,111,103,154,103,71,154,188,91,132,152,51,77,99,108,69,99,120,129,117,129,126,140,56,58,99,151,99,69,77,120,156,159,108,77,117,169,108,169,194,138,151,99,99,151,88,99,105,128,105,120,128,128,77,137,128,51,42,169,77,140,140,105,108,105,148,128,58,51,128,99,88,108,140,151,33,169,7,186,33,176,58,99,96,125,74,68,128,99,99,128,140,169,140,120,151,42,68,140,140,108,120,88,108,125,128,120,176,120,99,158,168,151,88,140,168,68,151,73,176,76,119,98,173,87,128,128,119,139,151,87,76,176,218,139,98,119,107,128,107,107,98,76,150,119,68,107,87,42,76,119,58,68,150,158,150,158,139,127,139,76,139,127,58,51,107,150,107,98,139,127,76,76,176,207,127,76,139,185,33,207,119,68,58,87,175,119,175,58,95,119,150,139,150,150,51,33,16,157,242,98,139,150,87,175,199,175,107,193,167,199,150,167,139,107,150,167,157,199,157,212,106,184,167,118,127,193,50,157,217,157,75,157,157,86,118,127,106,67,42,67,127,106,75,184,67,127,167,86,118,97,75,86,97,138,118,57,67,60,57,16,27,33,21,75,42,67,57,21,27,21,44,33,67,97,75,33,27,57,67,33,97,106,106,33,86,50,27,27,21,57,106,152
80,120,155,144,123,99,91,123,152,91,120,152,132,77,111,123,54,72,99,120,72,111,132,108,72,132,123,80,103,129,80,111,132,80,162,179,103,179,91,186,99,103,144,79,108,132,123,103,61,71,154,111,123,103,123,132,132,123,103,111,108,103,77,111,152,132,108,88,105,77,108,58,99,149,108,169,51,88,177,77,51,129,69,99,167,129,77,88,99,99,128,148,151,128,120,88,77,120,77,125,99,74,128,120,128,77,77,117,108,77,99,108,77,117,140,120,167,77,51,77,151,74,120,148,74,77,77,58,120,88,140,151,169,77,55,140,77,105,99,88,68,105,140,33,77,99,140,58,58,120,151,128,88,88,58,51,140,151,42,128,128,76,140,66,88,151,99,68,140,125,140,108,76,185,42,227,17,207,87,151,84,128,98,84,151,151,148,176,128,76,185,151,137,98,128,84,107,98,119,76,65,139,176,119,98,58,68,98,76,76,150,193,139,107,98,127,139,168,68,107,98,65,98,107,68,139,127,87,98,107,58,119,98,58,127,119,87,98,139,127,76,168,175,158,127,119,98,139,127,76,139,107,68,58,68,76,150,234,87,199,139,139,127,157,157,127,157,127,185,157,76,157,98,107,206,199,87,119,193,211,50,97,218,150,118,76,199,157,118,138,127,157,97,118,106,130,33,53,97,118,118,138,228,138,118,106,118,167,127,97,126,138,167,106,57,33,42,33,67,21,57,86,192,67,50,67,67,86,33,27,75,86,97,67,27,11,60,50,21,157,138,100,33,16,50,35,33,42,50,86,126
123,61,69,172,169,129,172,91,103,111,69,123,155,72,103,69,69,111,111,155,132,54,91,162,91,69,132,111,72,111,129,91,132,132,154,154,162,144,152,172,111,91,132,77,69,123,103,79,120,123,111,111,71,120,143,88,129,108,71,111,91,103,143,129,99,108,108,99,56,117,108,77,108,88,66,77,129,77,69,159,120,85,77,43,167,167,105,108,108,108,128,208,128,128,120,77,120,77,177,128,99,117,169,41,58,108,128,120,42,68,56,140,88,108,128,99,167,128,77,128,66,77,128,117,108,120,117,99,128,140,169,137,117,169,51,58,169,128,58,120,51,68,99,169,99,51,108,51,41,128,108,117,140,74,58,168,120,88,99,120,151,76,88,99,137,140,140,125,128,140,98,119,88,140,212,42,107,107,151,87,98,84,176,68,128,151,168,139,151,151,84,98,128,139,76,168,68,42,98,65,87,87,191,119,55,87,128,76,68,127,212,218,98,76,119,127,107,33,127,98,127,107,68,107,76,168,168,87,104,58,28,28,51,58,98,76,107,87,87,166,95,175,98,87,168,107,51,98,87,42,76,119,185,119,76,139,150,193,193,107,119,127,150,193,150,150,119,58,150,185,127,107,157,193,193,127,68,98,184,139,98,139,139,98,42,206,87,118,195,150,127,127,86,86,118,57,97,157,50,127,206,50,106,199,106,157,149,192,127,97,206,167,97,86,16,11,67,67,97,86,86,97,157,42,106,101,33,57,67,67,86,86,75,67,27,50,53,75,11,67,75,57,21,21,50,16,27,118,97,33,106
111,80,155,123,155,155,91,61,61,103,123,144,132,159,111,61,72,111,132,111,91,123,69,69,111,69,111,144,91,61,123,129,129,111,152,154,123,154,172,111,71,123,144,71,54,108,103,144,172,69,58,99,111,154,103,120,79,108,54,162,79,129,143,123,99,103,71,88,88,120,129,77,120,120,108,56,138,138,58,108,108,69,152,88,117,88,77,69,51,120,140,177,85,151,69,51,169,140,77,68,174,99,108,56,74,99,68,120,108,108,108,108,137,68,77,140,120,177,108,22,105,108,77,125,108,51,88,99,77,120,85,77,140,108,176,68,140,151,51,68,99,99,159,108,108,51,68,176,148,151,128,128,117,68,105,200,88,99,185,148,99,128,76,151,151,140,128,151,128,76,68,128,158,185,98,68,185,137,218,87,139,68,137,87,107,125,119,87,76,139,128,128,139,128,87,128,68,42,128,98,107,21,107,76,107,107,68,68,128,207,218,199,76,98,168,87,58,68,107,107,119,76,58,119,193,127,119,107,68,51,15,2,58,87,42,119,107,199,107,168,185,98,95,107,168,119,42,28,68,139,175,127,87,150,127,150,150,76,218,240,127,76,157,193,107,107,168,98,127,175,107,139,107,150,175,139,157,119,184,139,87,58,98,139,42,87,193,193,157,97,127,118,57,86,138,138,157,57,138,193,33,227,27,184,67,121,106,129,157,97,118,126,50,33,42,11,33,42,67,97,101,86,33,50,138,126,57,42,86,57,50,27,57,97,57,75,50,97,7,16,67,21,57,97,42,4,33,106,86,42,126
123,36,91,111,103,162,103,123,123,103,54,72,22,197,91,61,69,72,179,88,111,61,111,120,169,132,91,111,132,155,132,132,141,91,169,196,132,111,80,141,80,123,172,80,71,91,77,123,103,61,79,123,152,120,71,103,58,132,108,103,103,111,132,111,61,61,99,99,96,77,105,140,129,120,169,129,66,152,51,99,129,140,117,77,58,140,77,58,43,120,169,99,117,85,128,108,138,69,159,58,99,99,77,99,138,108,120,128,128,99,99,159,169,117,120,99,177,88,120,58,58,156,151,120,128,108,68,99,58,77,88,96,120,128,26,88,99,140,169,128,120,58,120,108,128,99,58,128,159,120,99,140,74,151,99,88,88,96,140,151,108,99,99,137,140,156,140,158,166,119,99,128,151,151,105,128,107,168,151,128,151,76,185,185,68,158,137,119,125,107,119,119,119,68,199,51,137,107,33,55,98,33,58,76,150,42,42,73,185,232,193,139,139,87,107,73,68,87,68,76,119,119,127,139,119,104,139,139,76,33,42,68,124,176,51,127,176,119,176,42,127,127,107,51,150,127,87,58,127,185,139,127,158,150,158,139,150,150,193,157,87,107,150,107,157,168,157,168,98,107,127,98,199,68,87,167,157,107,153,76,76,150,98,87,87,87,150,127,184,175,118,75,106,150,57,75,97,97,184,33,57,206,106,67,106,86,141,118,67,106,138,184,167,50,21,33,16,86,16,86,106,11,33,27,192,206,118,27,75,97,21,16,33,42,75,106,42,97,27,67,7,67,53,75,16,86,67,21,57,89,118
103,220,162,170,172,162,172,30,99,129,72,80,179,77,129,99,144,132,103,91,144,169,80,144,123,69,80,123,123,144,123,111,144,169,72,179,196,72,123,141,123,91,132,179,103,61,103,77,123,111,79,123,154,88,44,61,103,154,143,103,108,58,103,103,61,71,108,120,117,99,99,126,88,88,129,120,108,58,129,51,120,129,77,66,77,120,69,69,99,56,129,177,151,140,128,169,51,138,77,108,108,77,120,108,117,58,108,140,99,108,68,140,42,138,169,74,177,56,140,105,96,58,169,77,96,159,108,176,186,88,125,34,137,99,159,88,77,137,120,96,58,68,42,108,128,58,68,77,117,140,99,117,128,68,140,140,108,169,120,176,140,68,96,128,158,151,151,158,140,140,151,99,88,88,119,98,137,185,105,119,119,76,107,158,104,139,176,87,76,119,119,87,98,68,148,158,168,58,58,58,76,76,87,139,95,76,76,139,199,218,158,107,119,68,76,127,87,51,127,107,139,150,168,68,98,207,176,176,127,68,119,168,139,127,107,127,139,107,119,21,139,127,119,127,175,127,139,127,139,175,175,158,150,150,175,185,150,98,150,76,119,58,139,139,139,199,139,139,175,119,139,139,68,193,139,68,98,68,175,193,58,150,167,78,139,119,127,150,175,175,118,68,68,107,57,106,118,75,86,118,118,42,4,7,50,118,101,106,167,223,157,149,192,86,21,67,118,50,27,70,78,50,33,42,138,217,75,42,42,11,57,67,42,33,75,149,97,27,42,86,1,167,53,21,33,138,42,11,42,42,86
144,159,209,235,200,72,88,177,54,77,123,123,132,159,155,120,120,120,69,123,99,144,197,61,99,80,108,129,120,132,123,80,111,196,36,196,132,111,111,71,123,91,71,141,154,103,132,108,123,123,132,58,129,123,71,123,120,91,143,143,123,58,61,143,111,61,99,159,129,99,56,88,129,120,69,138,108,77,169,28,77,99,58,77,105,120,140,120,108,77,88,169,217,151,128,186,120,159,159,77,77,169,77,34,58,169,77,77,99,77,99,120,128,128,169,77,120,211,51,88,42,120,88,169,51,41,169,96,128,128,128,140,108,42,68,34,169,34,128,66,117,120,77,66,77,77,128,88,49,125,77,108,176,176,88,128,66,169,148,42,212,68,68,176,140,140,168,108,68,99,128,140,99,99,119,140,158,194,128,33,151,119,68,140,158,139,176,139,87,166,116,119,168,76,128,199,76,51,119,58,42,84,139,107,76,128,98,158,227,193,128,40,58,98,73,58,87,68,76,168,150,139,127,139,155,185,158,185,185,119,127,158,98,58,119,119,98,58,76,51,127,119,119,185,158,127,119,168,175,185,185,150,127,127,150,150,139,127,150,68,87,119,87,185,157,185,185,157,175,157,98,185,185,119,107,212,42,175,127,16,184,76,157,175,127,127,78,139,68,42,107,139,150,33,118,177,118,67,138,138,118,67,11,29,75,127,167,175,175,157,167,157,206,223,211,138,33,33,57,18,57,27,21,167,149,57,42,11,42,86,33,57,67,42,42,149,50,42,21,126,57,67,27,21,75,86,67,27,60,33,11
197,152,209,219,129,155,121,61,132,91,72,80,152,111,72,179,72,132,155,88,99,155,103,144,155,132,23,123,172,111,61,155,54,123,214,132,144,152,69,71,69,132,123,44,58,108,69,103,54,91,172,111,154,120,132,61,143,123,132,88,123,77,71,123,111,44,69,120,117,58,66,88,169,140,66,77,129,120,120,169,85,51,99,129,120,152,177,120,99,99,69,120,177,120,140,120,88,128,99,120,108,140,108,120,58,88,68,34,77,99,117,88,148,128,99,120,148,151,88,137,77,77,77,77,120,99,77,108,128,137,88,140,68,41,128,99,51,125,169,20,169,99,68,88,120,169,169,85,42,88,58,120,108,22,151,186,108,88,88,128,22,158,137,120,108,117,105,194,200,108,108,158,140,88,168,88,105,140,128,107,158,105,98,107,199,199,107,140,128,87,128,128,128,176,119,151,76,107,107,51,68,128,107,107,68,98,147,185,193,150,107,76,58,51,33,87,107,58,87,119,139,98,107,212,139,107,150,176,158,68,98,150,51,28,58,42,51,51,87,127,127,119,139,139,150,42,107,150,139,87,139,150,51,68,175,107,58,127,119,98,127,127,76,185,199,207,207,157,127,157,87,68,76,168,98,185,98,127,167,150,199,150,98,127,76,167,139,76,107,58,87,127,150,127,150,127,98,68,150,127,138,118,149,42,160,157,208,206,206,227,206,192,198,206,198,138,42,21,42,75,33,67,97,97,75,57,67,57,86,97,75,67,75,57,138,118,50,138,67,75,67,27,27,57,27,42,67,21,33,86,50
155,111,159,159,152,111,80,129,170,123,91,132,80,91,72,103,155,91,103,80,189,189,91,80,155,91,91,80,103,120,144,132,59,120,44,141,77,123,54,71,103,61,111,88,99,80,111,123,123,71,228,44,172,79,77,71,169,71,61,79,103,123,123,108,91,79,66,108,138,74,108,117,152,108,85,58,169,88,77,213,77,77,152,169,120,108,108,120,140,138,140,120,108,126,77,77,85,58,108,99,51,128,128,77,96,99,77,51,68,105,128,200,169,66,148,177,77,99,194,140,105,88,128,66,99,96,169,120,120,128,108,105,176,128,42,120,58,176,77,120,68,51,99,128,120,137,88,140,176,125,99,99,108,186,68,22,186,58,108,42,218,42,128,99,168,108,194,168,128,140,128,158,108,76,194,76,88,76,88,227,49,185,185,107,194,207,140,98,119,76,137,76,68,139,76,87,76,139,98,51,139,107,68,119,58,87,227,193,42,33,42,98,119,33,98,119,119,119,119,139,150,87,76,185,207,76,98,98,98,76,98,127,51,17,28,21,33,33,119,150,119,127,150,119,87,42,58,58,58,76,127,107,68,107,119,87,58,139,127,150,139,87,98,175,227,223,127,157,119,107,76,58,139,157,150,167,107,68,175,139,150,150,127,87,127,119,87,76,78,87,76,139,139,167,127,139,76,76,139,106,138,227,106,138,195,217,175,175,211,167,157,192,217,118,206,126,106,27,50,106,33,86,57,27,106,75,50,21,42,86,67,16,75,106,75,67,11,42,118,42,57,33,16,33,42,42,57,42,44,86,78
179,123,173,200,179,162,91,69,132,179,123,69,120,103,30,111,144,111,144,144,61,61,132,123,72,108,123,123,155,169,155,132,80,72,141,155,108,80,103,72,129,162,132,80,36,71,200,154,61,154,30,172,91,111,69,129,120,188,69,103,108,162,103,108,154,129,99,120,120,88,69,140,88,120,120,117,108,99,108,120,152,108,117,140,108,66,77,140,169,99,151,108,99,120,69,138,51,88,120,77,85,138,128,120,88,58,66,99,99,140,108,151,99,151,177,169,138,120,140,120,88,128,99,66,99,159,128,140,128,68,99,156,99,120,120,68,108,120,128,96,74,169,88,58,58,169,151,140,128,120,120,108,88,128,117,128,125,176,128,194,7,120,85,158,176,128,194,151,42,140,185,151,120,158,128,119,76,99,158,151,116,76,128,168,128,200,207,88,88,158,68,107,51,128,119,76,51,168,104,42,42,87,84,65,87,150,212,185,119,51,51,128,125,98,119,139,107,158,212,207,119,87,150,76,68,76,84,127,87,127,68,98,107,42,17,11,2,28,98,33,119,139,139,139,119,98,58,28,51,58,68,87,98,51,28,42,76,87,87,139,127,139,119,150,150,119,107,107,139,157,150,87,107,175,153,101,107,167,157,150,193,199,98,150,139,76,127,206,68,58,76,68,107,76,150,87,68,87,87,33,175,33,223,152,199,217,157,118,67,67,127,97,75,138,211,67,42,27,27,67,67,86,33,33,33,67,50,16,11,27,50,67,50,29,67,27,157,27,106,42,27,67,75,16,106,67,86,67,21,33,86
80,141,162,210,208,103,103,123,129,197,111,103,72,123,111,54,99,177,69,111,172,144,103,111,72,80,132,155,144,91,103,123,103,144,172,51,72,111,111,77,144,77,69,80,91,132,144,144,111,111,152,111,103,172,123,36,69,144,154,132,159,111,108,154,154,103,120,108,58,69,77,34,138,129,120,126,34,157,77,152,120,129,99,77,96,117,77,77,77,108,108,34,129,108,108,129,77,120,120,77,96,108,108,120,77,77,108,120,120,99,77,99,99,151,120,151,169,140,85,140,108,77,68,88,108,117,120,108,108,77,99,125,137,120,77,68,120,77,58,151,120,58,41,77,108,140,159,77,58,120,140,105,128,125,68,120,128,151,158,169,128,120,140,140,137,108,88,140,120,99,151,128,120,168,137,99,105,88,227,88,176,58,158,185,185,185,218,185,88,22,76,107,55,107,168,119,33,176,21,119,51,87,107,87,176,212,185,158,168,107,68,139,107,128,68,139,185,150,193,185,150,58,42,158,98,58,127,176,98,68,150,107,107,98,5,6,55,33,17,17,127,107,119,173,139,119,76,42,68,119,68,87,58,42,51,28,58,87,98,127,168,168,107,158,157,107,87,98,168,218,168,87,127,157,139,107,157,150,127,157,139,157,127,127,150,150,139,127,87,68,87,68,76,58,118,118,76,98,150,138,68,127,237,138,199,127,75,33,50,27,42,42,33,118,175,138,16,33,21,67,27,86,7,86,11,97,16,16,21,11,86,152,35,11,67,97,50,67,97,42,149,33,21,167,21,67,106,27,42,33,67
155,132,179,189,189,177,99,80,69,214,144,162,152,59,169,123,179,123,91,144,69,54,91,91,103,103,91,80,144,129,132,155,155,155,69,179,162,59,111,123,91,132,172,91,91,123,123,91,111,91,103,77,132,141,91,69,111,18,154,179,91,69,123,77,79,152,140,108,56,66,51,129,184,77,120,140,74,140,140,126,66,177,120,77,43,117,99,58,129,129,58,41,138,169,120,85,108,129,149,58,99,96,58,88,120,58,77,128,99,77,105,85,151,34,140,77,128,108,88,108,77,58,137,120,105,108,85,88,99,99,99,77,120,77,88,74,128,58,159,128,28,58,99,120,140,108,99,140,88,108,120,198,68,58,227,88,99,140,128,148,99,140,140,108,158,151,151,158,128,128,140,108,140,128,88,99,207,137,108,158,88,76,98,140,200,185,200,68,68,128,119,140,88,68,107,98,140,22,104,98,98,58,76,193,185,218,128,87,119,119,107,119,87,139,107,139,119,193,150,98,95,17,87,51,116,176,127,119,139,107,98,168,176,127,11,76,87,33,33,51,98,107,150,127,107,76,51,58,119,168,87,76,68,42,51,33,68,175,139,175,175,199,158,185,175,76,87,150,193,185,168,139,127,127,157,175,139,119,142,68,68,150,157,157,107,139,160,139,127,87,119,76,58,87,127,193,167,184,127,28,184,219,150,121,157,76,16,68,33,27,57,57,50,97,106,57,27,27,75,27,97,167,4,138,67,33,57,16,16,67,206,237,126,50,75,50,138,50,21,75,67,67,106,4,97,97,27,33,21,16,50
123,121,155,173,189,202,162,36,91,195,103,172,72,172,108,159,155,91,155,111,111,132,155,61,43,144,179,80,36,179,132,144,43,129,189,123,99,120,59,111,152,61,111,123,69,80,123,80,72,162,77,111,132,120,71,54,79,103,154,143,61,132,159,91,79,120,117,77,77,74,213,152,88,88,120,129,88,88,159,186,99,117,117,169,77,51,120,140,152,58,58,129,58,140,138,88,88,151,129,105,96,58,88,69,99,58,77,128,74,105,105,68,96,120,167,22,140,128,74,140,120,108,128,169,88,68,88,108,77,58,99,58,176,128,120,120,137,120,108,58,85,96,88,108,169,159,108,68,88,140,128,77,140,120,58,176,88,128,120,120,169,169,128,151,120,158,158,88,108,108,140,151,151,158,158,128,140,151,88,108,119,42,76,76,194,200,158,140,88,76,119,98,98,96,107,68,68,116,107,68,98,98,65,148,249,107,31,58,51,116,119,68,119,128,87,128,158,218,150,51,7,98,28,42,98,185,107,87,139,84,87,150,176,119,58,119,42,51,42,168,168,139,150,87,150,68,51,107,87,87,168,107,119,51,58,21,158,218,158,168,223,231,218,107,58,42,87,139,139,150,168,199,177,139,127,150,119,218,98,76,98,175,150,157,150,157,157,167,119,76,119,127,87,127,157,211,193,175,139,68,127,107,167,199,150,42,23,51,87,68,53,42,87,118,149,141,27,11,57,106,42,16,27,118,42,27,42,50,57,75,175,242,208,42,12,21,86,8,86,11,86,86,57,42,11,57,11,27,53,21,57
103,144,123,186,249,209,121,155,111,179,61,132,72,123,111,51,111,132,155,44,155,123,132,61,61,172,214,179,155,132,111,61,209,103,108,61,123,129,59,80,132,108,77,77,80,111,91,154,103,91,144,99,71,61,54,196,36,154,132,99,91,91,132,44,77,120,120,138,138,34,85,194,140,108,69,88,126,159,157,108,120,117,77,108,96,69,120,140,77,152,177,120,120,88,177,99,151,151,77,108,169,43,88,77,108,128,120,69,69,105,96,58,88,186,77,66,177,128,56,140,128,77,85,151,42,77,177,108,68,88,108,120,176,151,128,159,34,140,99,68,108,108,77,108,108,151,99,88,108,120,120,74,58,140,169,128,88,77,85,128,88,88,99,128,158,194,185,68,151,168,51,212,168,168,58,200,68,128,185,58,158,68,68,166,119,168,158,168,107,98,140,68,107,107,58,107,98,128,158,87,68,76,87,212,185,42,21,107,128,107,98,76,119,76,51,139,212,193,218,119,42,58,21,42,68,119,127,87,119,127,98,127,139,139,98,168,76,21,76,119,124,68,119,150,185,150,51,87,98,107,207,119,139,139,68,139,199,199,223,193,139,127,207,119,42,28,28,68,142,168,185,127,168,121,87,107,185,185,139,127,175,237,150,160,184,175,175,175,119,68,127,199,167,98,195,150,127,175,184,33,98,139,193,157,127,118,118,160,98,28,51,76,98,106,42,27,60,21,42,86,75,33,67,11,33,86,50,50,29,78,157,223,167,27,16,75,75,50,60,33,60,29,149,42,86,33,57,27,60,97,106
111,162,179,235,245,203,132,173,123,162,91,99,77,108,44,61,179,108,91,172,123,91,91,69,111,132,144,197,77,22,155,108,132,77,80,103,44,103,111,152,72,77,111,186,144,59,72,123,123,91,172,61,91,54,103,36,196,71,80,123,172,129,61,91,123,126,120,140,69,108,88,224,140,120,66,69,186,51,152,129,120,120,117,99,99,120,88,120,140,129,77,69,149,140,99,77,177,169,88,120,108,58,58,99,120,138,99,77,99,85,69,128,159,51,28,159,108,74,140,77,120,68,108,128,58,74,151,120,99,99,108,140,151,108,125,105,51,125,96,128,99,128,108,108,68,128,108,140,176,58,77,140,140,176,128,88,120,151,51,234,42,42,88,151,128,68,128,185,120,99,120,200,108,158,194,88,128,88,151,108,76,194,88,76,168,158,168,76,140,119,76,119,68,68,58,51,194,107,28,116,58,128,185,107,87,107,76,107,168,107,107,42,76,98,51,98,193,223,232,185,58,28,33,42,127,168,150,98,98,139,127,107,139,150,51,51,150,28,33,107,42,21,185,185,185,139,87,119,185,139,107,127,139,127,207,199,127,158,223,199,21,7,127,150,58,11,28,98,150,127,150,68,87,68,127,42,76,127,175,157,199,167,139,193,193,167,167,167,127,119,139,206,150,87,139,87,150,193,175,150,98,127,139,87,157,150,150,175,118,28,42,118,89,58,87,76,51,7,68,27,57,67,50,42,42,42,7,50,35,21,198,231,138,57,7,1,67,75,57,33,75,57,27,42,44,42,57,7,33,86,138
99,162,173,208,229,214,189,141,152,177,91,54,108,121,80,144,162,132,72,69,108,111,108,72,80,129,132,103,155,120,111,169,88,108,172,103,80,172,61,172,111,72,123,144,108,72,123,80,54,111,111,80,120,28,154,123,103,132,111,123,77,123,123,54,79,58,108,120,157,108,77,169,88,169,69,152,77,129,129,74,138,129,120,108,69,108,99,88,85,88,105,105,88,88,77,126,120,99,108,85,85,129,51,34,120,169,140,105,69,58,99,128,128,58,77,96,68,120,140,120,120,99,120,128,140,74,77,108,77,99,151,151,108,99,68,58,108,105,77,108,128,120,120,88,77,77,151,140,151,108,77,151,151,77,125,169,99,128,120,120,22,125,140,108,120,169,207,176,108,194,168,140,108,151,128,120,151,76,88,223,68,58,88,151,151,158,218,218,42,88,98,51,98,68,168,58,128,107,68,42,119,128,212,185,119,87,107,107,119,58,42,58,68,128,87,139,87,139,98,168,76,51,21,33,139,158,139,98,87,139,193,218,199,139,68,58,158,21,42,150,28,7,127,240,227,119,127,127,176,185,98,139,168,176,218,168,218,175,150,139,76,21,58,76,68,42,107,90,68,119,139,127,21,119,51,28,42,142,175,167,28,28,107,98,107,107,127,107,119,177,150,119,139,139,127,119,157,150,157,184,175,98,107,150,152,150,150,138,98,51,42,98,51,28,106,51,4,58,58,16,67,27,42,50,53,16,21,42,7,16,198,237,211,57,21,21,33,67,86,57,75,57,75,67,33,33,22,21,138,167,86
141,177,61,208,220,173,155,173,173,103,51,51,103,72,91,144,123,132,77,69,144,123,91,54,80,141,132,123,132,132,144,172,144,44,77,103,44,132,132,111,172,80,80,111,123,103,59,99,132,159,111,44,132,43,172,108,103,71,54,111,103,36,162,77,88,141,108,126,77,208,140,56,58,99,152,177,224,169,105,186,140,152,140,126,77,120,152,88,58,228,129,77,120,58,152,120,108,120,129,99,120,88,58,51,108,69,105,138,108,120,128,58,77,128,120,58,128,58,77,140,120,68,99,120,117,99,108,88,99,140,169,108,51,68,99,128,99,58,120,108,120,88,105,77,120,68,120,128,88,151,140,108,120,108,128,151,99,140,99,88,200,128,128,140,158,169,151,151,137,140,99,151,140,168,207,120,88,99,88,185,88,168,76,168,194,183,158,88,98,68,105,68,119,88,17,207,33,68,125,76,185,232,128,98,119,58,51,76,116,150,58,68,76,119,150,98,119,76,87,176,76,107,76,98,168,199,158,150,119,193,218,176,218,107,119,107,51,51,98,107,58,11,127,247,231,119,107,68,98,193,193,158,168,176,199,207,168,107,158,87,98,87,107,119,76,76,58,98,107,127,119,68,139,107,7,42,42,127,127,58,16,28,21,7,11,51,51,33,51,107,76,98,119,119,199,167,150,167,218,157,184,150,184,150,87,157,138,150,127,51,58,76,68,76,28,51,51,68,68,21,98,58,60,28,16,11,75,42,1,50,198,231,192,75,22,57,75,75,86,33,22,67,35,42,50,89,67,75,33,42,234
69,36,103,162,162,72,123,203,103,61,108,88,72,88,91,129,123,111,121,69,77,103,61,54,103,123,123,111,72,120,172,177,172,44,69,123,54,99,144,61,72,91,132,123,103,91,72,123,172,61,59,80,154,61,111,30,80,154,77,61,123,80,71,111,69,105,99,69,69,120,56,186,28,140,140,152,88,152,120,159,105,184,169,77,77,140,117,77,140,11,224,77,129,140,108,85,22,140,88,129,77,34,120,186,34,77,151,120,140,108,128,56,169,69,99,108,51,120,125,99,120,99,77,96,120,117,88,77,77,128,88,68,68,88,151,125,120,120,108,108,128,88,58,66,120,77,120,148,120,128,120,49,77,128,105,108,128,151,128,151,120,151,120,151,99,120,169,176,140,108,148,158,194,108,108,176,194,99,96,108,207,151,17,120,140,125,140,168,128,128,88,107,58,17,176,140,76,176,76,194,174,212,176,40,119,58,107,168,68,42,107,76,58,176,65,227,58,107,139,119,87,139,185,87,176,212,168,158,168,168,223,176,150,185,58,127,87,76,98,107,55,42,87,168,168,127,28,42,98,168,218,176,176,193,175,119,119,68,119,158,175,158,139,168,175,139,76,68,107,87,107,127,107,107,33,28,33,139,76,98,42,33,7,11,11,11,33,28,11,4,42,98,42,58,119,119,127,199,211,150,167,193,211,118,157,160,138,150,193,76,42,101,68,58,16,87,58,16,68,33,98,78,58,16,27,27,57,70,11,16,149,217,217,175,11,75,21,50,35,33,50,86,33,118,27,75,106,86,60,50,126
91,80,173,72,123,189,54,72,144,177,155,80,111,179,91,129,155,129,77,69,72,80,72,69,111,123,99,132,80,91,144,144,120,80,80,129,123,80,103,129,111,123,172,111,72,91,144,80,72,123,108,72,80,72,111,132,103,69,103,54,123,132,111,144,169,99,77,129,108,99,213,43,120,58,43,88,69,108,108,41,129,177,152,152,108,77,69,56,129,152,66,88,129,105,105,7,224,41,152,77,129,99,26,108,159,74,140,120,129,88,77,159,17,108,140,138,69,177,41,28,169,108,128,108,128,140,108,51,51,108,68,137,159,58,77,151,140,108,120,88,140,99,99,77,96,108,128,192,140,42,68,88,68,120,128,68,128,169,140,99,140,169,120,108,140,169,120,151,169,108,140,108,108,169,158,232,168,120,158,108,108,108,140,76,119,99,99,128,151,166,168,42,76,128,68,119,140,58,88,137,207,33,58,128,128,107,140,168,87,128,58,68,128,128,107,150,150,58,139,76,119,207,42,193,176,199,185,176,158,199,218,98,227,158,58,7,58,98,28,33,107,58,76,227,98,139,42,58,150,127,207,218,207,87,119,98,158,58,158,227,231,127,87,168,150,107,76,98,87,68,58,119,119,78,21,21,98,207,168,53,42,21,21,58,42,42,87,87,33,16,33,42,28,33,11,28,42,101,127,150,150,139,193,193,218,150,167,138,127,121,51,89,51,33,58,42,68,68,87,98,68,33,98,33,28,28,33,150,33,16,206,237,237,138,27,33,21,57,21,60,33,75,7,106,67,78,106,126,106,57,86
61,173,77,129,91,155,179,121,155,162,173,103,132,123,129,123,103,155,80,111,80,54,129,80,80,132,132,132,91,88,103,144,80,108,108,132,123,123,103,123,111,88,129,103,88,103,80,80,80,99,132,72,72,179,54,44,132,103,91,77,111,91,123,123,141,129,99,99,108,140,152,126,105,69,120,169,108,58,26,58,66,117,88,66,108,140,99,77,108,152,126,186,51,88,77,49,105,120,152,120,58,77,129,120,120,129,129,140,108,151,140,51,128,99,128,108,169,74,151,58,108,140,120,105,66,68,117,138,58,120,88,177,34,128,66,194,120,68,176,77,108,140,108,77,99,176,128,120,128,42,99,140,120,77,128,68,186,140,68,159,169,88,96,128,148,151,51,77,158,128,99,151,151,158,108,194,185,156,151,168,151,51,128,151,140,88,108,176,218,119,88,68,68,58,98,200,68,76,185,151,98,68,76,76,128,128,151,140,140,107,76,125,128,51,150,185,40,116,51,76,76,58,232,158,227,237,168,168,176,87,107,199,240,139,76,2,58,11,33,51,150,98,158,168,158,119,139,119,199,207,199,139,168,98,168,98,168,176,158,199,231,68,33,119,119,76,76,107,98,51,68,107,76,68,28,33,107,168,87,139,58,16,58,58,33,87,98,58,51,76,33,21,33,42,16,33,11,33,68,68,58,98,150,167,206,184,139,76,68,118,98,58,58,68,33,76,138,107,51,87,106,33,76,68,33,76,76,76,51,58,199,211,231,206,57,21,75,27,50,86,57,106,97,50,27,44,86,149,167,86,11
129,152,109,173,132,88,155,187,152,123,189,162,91,173,103,129,45,179,91,111,80,170,129,123,69,152,155,108,108,111,108,141,123,132,111,91,103,111,72,88,111,111,88,103,123,103,34,111,123,111,123,162,54,72,172,103,80,72,80,59,103,154,132,77,85,85,129,141,51,58,117,58,49,177,117,43,69,169,152,96,51,74,177,126,77,126,99,34,69,152,140,43,177,129,77,120,99,99,120,56,169,99,105,129,108,120,129,120,120,120,77,58,51,88,99,69,186,34,212,28,128,68,58,117,120,68,66,108,140,108,99,108,88,169,120,167,51,77,88,140,42,120,128,68,99,167,108,34,120,85,151,169,128,51,108,128,140,58,169,128,120,88,120,99,128,151,117,58,108,158,108,140,169,185,33,194,120,176,176,140,151,108,108,128,151,140,128,158,151,128,88,42,68,76,68,151,185,107,194,128,98,68,128,151,148,151,168,128,87,128,76,55,128,151,98,139,176,98,128,76,87,119,185,218,223,199,168,119,87,168,207,139,168,158,119,51,33,17,168,87,176,158,119,218,150,21,127,193,176,158,139,207,127,98,17,168,68,185,98,185,127,68,21,127,158,68,58,175,119,42,98,76,42,51,87,28,58,193,58,28,21,51,68,42,42,87,87,68,51,68,21,21,68,150,87,33,28,68,42,11,16,51,16,28,127,193,98,51,107,118,109,87,76,87,87,76,98,68,33,68,98,76,42,87,35,58,98,157,127,42,76,106,106,167,67,21,67,75,86,118,138,33,78,35,11,11,33,118,118,67,75
121,155,144,77,144,132,80,91,173,170,179,189,72,91,123,173,91,144,43,179,45,152,103,129,123,91,91,91,123,132,111,123,155,91,91,72,172,44,108,72,111,111,80,80,103,111,91,72,123,123,80,144,80,80,144,103,103,103,111,103,61,80,108,108,66,69,138,56,194,88,69,141,69,129,120,88,152,43,69,108,140,169,69,129,126,105,120,69,69,69,169,169,152,169,120,56,159,96,108,99,152,177,99,77,169,140,140,129,108,88,169,58,51,69,88,128,186,88,42,120,77,88,108,58,66,125,99,77,120,120,128,169,128,99,120,128,11,169,77,88,77,108,108,99,51,68,128,128,88,108,128,169,88,128,99,58,140,128,183,77,156,167,99,77,151,176,169,128,77,140,158,151,158,169,128,158,128,198,128,158,151,158,108,128,140,151,185,151,76,108,98,88,76,74,107,128,168,128,194,98,98,107,128,140,87,87,87,151,176,87,87,76,107,139,151,76,42,185,139,68,139,119,98,185,158,119,128,158,128,42,42,98,139,158,139,127,150,119,139,176,98,168,150,168,185,185,87,168,150,107,119,168,107,87,33,223,76,51,119,168,175,185,51,58,58,168,175,119,127,58,58,58,87,33,87,21,107,193,76,2,33,98,68,42,33,98,87,42,58,68,58,28,119,119,87,42,107,98,16,51,33,36,7,4,76,118,98,60,42,107,118,68,87,107,87,33,68,33,51,76,98,76,51,70,16,33,175,237,223,97,11,11,33,87,76,97,76,87,76,67,75,21,27,60,27,11,27,86,106,106,75
173,162,132,54,69,179,144,91,179,203,109,109,141,132,72,80,173,155,91,72,155,179,144,121,132,108,132,132,69,103,91,88,123,61,69,141,111,111,123,72,172,54,177,36,91,91,103,91,111,80,72,123,144,111,123,91,103,144,103,103,103,80,103,108,77,77,129,141,129,28,105,88,108,69,74,51,129,108,177,108,96,152,74,49,120,77,177,129,74,108,140,108,129,140,152,77,58,177,108,88,120,177,152,99,88,129,129,77,108,66,120,77,69,99,120,138,77,77,99,108,105,108,108,169,167,120,51,66,169,151,77,140,128,68,51,148,88,105,120,108,151,137,58,99,58,77,169,128,51,68,88,99,128,151,28,128,169,128,99,140,159,205,99,105,158,151,158,151,88,108,140,194,151,128,207,117,207,99,120,198,218,99,99,151,120,120,168,151,88,140,158,207,119,108,107,119,140,140,140,185,174,128,51,58,128,58,87,140,119,119,107,137,76,87,107,128,128,98,151,128,168,185,176,76,42,107,98,87,128,119,58,127,193,185,193,168,87,139,127,176,107,193,197,158,107,139,76,127,150,127,107,58,127,107,107,87,107,150,185,150,207,127,68,28,119,42,33,119,119,58,28,76,107,119,58,107,157,107,185,98,76,76,42,58,68,68,68,58,68,87,76,42,28,98,107,42,98,68,28,76,28,51,28,16,51,58,42,51,58,51,51,58,98,28,28,118,23,28,87,138,42,33,76,68,28,33,157,231,232,138,7,16,21,28,42,150,67,44,33,21,78,67,27,67,44,21,50,75,89,86,75
229,144,103,34,45,160,189,170,197,160,91,129,152,152,123,72,170,173,91,80,132,162,111,103,132,80,91,132,91,91,132,155,141,44,108,172,111,80,108,103,152,72,108,111,103,72,91,111,61,61,108,108,72,111,108,108,103,111,72,129,144,111,72,108,120,77,77,129,120,58,152,28,194,74,99,99,108,120,152,108,77,88,99,120,120,66,88,126,108,105,120,129,120,108,177,69,129,66,85,96,129,129,140,140,167,99,56,66,105,69,138,138,88,69,120,108,120,128,128,58,120,120,77,99,120,96,138,120,177,128,77,77,151,169,68,58,58,128,108,99,77,169,99,96,108,99,99,99,77,120,105,99,88,88,200,176,128,99,128,108,140,186,99,128,140,108,108,108,151,158,68,169,128,200,158,140,185,58,200,168,200,99,66,88,58,76,68,120,168,158,192,223,140,88,88,128,207,140,168,207,88,51,128,119,107,76,107,128,98,151,140,76,119,87,40,193,98,98,139,151,151,68,58,51,87,87,119,76,58,119,176,76,127,185,150,127,76,87,76,139,139,87,139,185,185,76,68,127,176,127,87,139,199,176,168,199,168,139,127,107,150,168,107,42,33,127,76,98,76,28,42,33,42,218,168,98,58,98,28,87,4,98,33,58,87,42,33,107,42,51,98,33,4,76,68,16,51,1,150,7,51,16,28,11,68,76,36,58,33,28,33,127,53,36,167,28,51,51,107,68,16,118,28,42,42,7,98,231,211,167,42,29,16,51,58,28,42,33,51,42,67,87,87,42,21,33,75,75,86,50,42
162,111,103,91,155,111,162,197,173,111,144,152,132,152,155,91,77,129,144,123,123,144,132,91,72,111,132,152,144,132,155,144,141,108,123,132,54,72,132,72,108,141,103,123,80,72,80,54,69,132,123,72,44,108,111,132,99,72,123,129,88,111,111,120,141,105,108,120,108,120,77,58,186,126,69,96,49,120,85,126,120,108,152,120,99,108,51,120,186,88,58,51,58,120,51,140,28,140,88,140,129,140,169,129,99,108,58,77,58,108,88,66,51,99,88,128,208,34,51,128,128,99,120,120,108,68,77,108,58,68,58,169,58,42,105,108,68,66,68,99,88,128,128,99,99,105,105,169,120,68,120,140,88,77,88,77,140,128,174,68,128,120,99,108,125,128,99,151,194,140,99,140,120,176,128,158,200,158,176,207,120,151,58,76,99,76,33,108,218,200,218,158,119,76,76,58,218,140,128,58,128,76,168,68,58,119,119,140,176,140,87,107,107,87,87,76,98,151,151,128,17,68,68,125,51,107,76,119,139,87,58,119,127,150,119,76,98,98,150,127,139,87,176,139,76,119,107,76,107,158,176,185,207,223,212,176,107,107,150,193,193,139,17,28,98,168,175,68,51,68,16,7,51,207,218,68,68,150,42,51,4,76,76,21,42,119,68,28,76,58,51,33,58,33,2,16,58,11,127,1,58,11,21,51,21,76,76,76,51,58,87,68,58,33,68,33,68,51,58,28,21,118,23,76,21,1,89,227,245,206,58,21,35,51,106,2,67,76,58,76,51,51,106,28,42,57,75,67,44,50,27
155,91,45,152,170,77,152,144,123,155,144,177,77,144,80,103,61,144,141,152,103,152,170,80,123,172,172,155,155,103,132,179,155,80,88,111,91,111,91,123,123,59,88,88,54,80,72,61,91,103,111,132,99,103,88,88,123,88,169,91,44,141,120,77,129,120,88,120,105,99,69,74,152,129,77,77,77,108,96,120,77,108,169,129,105,120,88,129,85,51,43,43,88,152,105,108,22,120,177,129,66,108,108,105,58,49,49,66,140,129,105,105,129,85,99,108,140,51,157,105,77,99,108,69,99,186,169,77,58,128,192,20,177,51,169,77,58,99,177,42,68,108,120,77,58,42,77,128,120,68,77,56,51,169,68,99,159,156,169,74,108,176,128,105,125,159,120,128,159,99,120,108,158,151,200,207,176,176,169,223,194,168,99,108,128,108,99,194,234,218,176,117,128,88,68,176,176,128,88,58,128,51,66,119,119,76,68,137,176,128,98,185,58,128,119,119,85,139,87,107,42,139,51,98,119,128,87,51,76,107,150,98,87,139,107,168,98,193,168,42,139,58,76,139,139,51,87,119,119,139,87,199,234,247,98,158,185,207,98,51,127,87,51,4,28,76,168,207,68,42,16,42,107,139,139,127,107,58,42,68,58,33,51,51,68,58,107,51,51,51,7,28,21,33,51,21,58,68,28,28,33,76,28,87,23,33,76,98,68,42,76,33,51,68,36,68,33,76,51,58,33,58,21,51,21,16,51,167,234,224,87,23,28,28,16,87,67,28,28,118,42,42,97,87,35,35,60,33,21,75,42
141,132,45,173,123,72,111,144,173,197,123,111,61,144,51,43,123,123,91,129,103,152,121,88,155,144,111,123,123,80,103,189,111,141,88,111,108,103,61,169,108,77,111,80,54,103,108,144,111,80,144,179,141,72,132,88,69,169,141,43,123,80,99,126,88,108,88,120,99,129,108,77,152,129,77,99,108,77,105,105,96,140,152,120,85,120,138,140,85,77,58,120,129,56,120,129,69,88,152,108,56,77,120,129,85,43,99,108,120,77,108,22,105,99,108,108,108,108,77,108,74,99,77,77,120,128,77,88,128,128,77,128,58,99,99,68,68,105,117,128,99,51,96,96,42,77,77,120,128,120,108,42,200,99,120,128,108,159,99,88,140,99,108,148,151,151,140,120,194,158,120,88,192,158,200,234,176,176,176,176,218,185,185,128,76,120,212,237,198,176,158,140,140,128,151,212,151,119,168,128,76,51,68,140,107,76,68,76,140,158,119,151,119,128,151,87,176,194,128,128,76,139,128,76,176,87,87,119,87,119,168,68,98,168,139,168,193,58,176,119,107,119,33,185,51,51,68,68,87,150,150,227,207,176,176,119,119,87,158,227,150,168,68,87,21,168,175,168,107,58,58,11,150,127,76,207,87,28,68,98,107,33,33,76,29,28,28,42,42,28,33,42,68,68,33,11,28,76,16,16,21,51,87,68,68,36,33,98,42,28,68,42,28,58,28,58,68,76,68,87,16,51,60,28,51,28,28,127,206,127,58,28,76,28,53,33,97,29,87,60,21,118,67,76,35,50,53,21,33,33,86
144,80,173,123,132,155,189,162,144,170,141,61,144,72,111,103,111,111,72,144,129,129,123,111,88,103,72,77,77,80,132,144,132,132,61,111,120,111,103,77,54,72,54,54,54,144,111,80,80,103,132,120,155,111,88,129,141,155,77,69,132,123,66,129,85,88,99,141,129,59,59,99,141,129,108,126,77,120,77,69,140,108,108,99,69,120,140,152,129,152,140,152,169,77,120,120,77,96,99,99,99,120,138,120,69,69,140,169,66,120,88,99,85,129,41,108,169,120,120,99,108,105,99,99,120,120,88,140,128,77,140,58,108,34,156,99,77,120,77,88,68,51,68,198,105,58,120,77,128,88,99,88,224,77,207,68,120,128,128,128,77,140,151,159,159,125,88,151,108,151,137,186,108,140,218,169,151,192,218,185,151,140,185,168,68,68,140,176,151,158,185,176,120,140,76,68,168,119,128,76,96,158,58,51,119,128,98,88,140,128,87,98,140,151,176,107,158,194,185,87,68,119,107,107,128,76,76,107,128,139,151,119,76,139,76,58,119,68,150,185,58,139,127,150,87,150,107,33,150,150,168,158,127,193,193,33,119,68,160,168,185,87,87,119,127,139,185,185,207,127,87,21,21,193,158,158,68,33,42,76,36,58,33,98,28,76,51,58,68,28,68,127,76,16,98,28,58,76,58,76,150,127,184,175,167,127,33,33,42,42,58,42,16,51,53,68,98,76,42,68,33,68,89,36,28,51,58,51,87,51,42,42,76,33,60,33,87,97,76,11,106,76,28,76,21,35,28,28,42,50,127
141,132,144,88,72,141,220,162,162,210,177,77,61,132,99,103,72,132,111,109,129,111,88,155,61,111,111,121,108,121,132,99,144,61,103,103,108,80,80,103,44,108,28,132,91,123,80,44,103,144,91,91,129,132,152,144,129,80,144,141,91,123,120,167,120,85,77,99,129,59,69,105,108,108,129,88,120,69,99,108,99,34,120,140,43,120,169,140,152,159,152,169,169,117,129,138,140,120,66,99,117,140,108,77,85,88,129,169,129,58,58,99,41,69,108,169,58,88,99,120,108,120,120,128,51,69,177,151,108,85,66,68,125,159,99,42,99,128,159,99,28,99,68,128,128,88,169,169,128,68,88,212,128,68,77,99,99,88,68,167,140,120,159,120,108,77,77,68,108,151,151,151,137,58,227,120,120,158,125,88,17,17,51,58,22,22,28,108,68,120,140,158,88,120,42,99,119,99,58,58,98,192,58,58,151,128,140,151,119,107,68,88,140,140,128,128,119,158,128,87,119,107,87,119,128,119,107,76,128,128,68,128,68,119,139,87,76,58,98,150,76,76,139,127,127,119,119,150,119,150,139,68,87,193,42,119,17,168,193,98,68,68,127,98,51,107,207,223,207,98,1,68,98,168,119,68,119,107,33,28,150,16,58,119,68,21,98,87,68,68,58,51,175,160,139,119,167,175,167,206,119,157,195,240,175,119,76,21,16,68,68,28,28,58,42,87,87,76,16,58,107,58,36,28,51,76,42,2,33,68,58,60,42,36,60,58,58,87,51,21,76,106,60,51,11,33,76,76,42,97,199
80,103,144,69,77,123,197,220,160,123,80,91,144,72,61,132,109,123,80,61,141,61,144,111,103,111,108,111,103,123,129,61,123,123,123,72,103,72,61,155,54,144,72,108,111,103,111,61,80,162,99,111,132,91,155,80,120,54,209,44,141,34,177,129,108,88,126,88,69,88,77,66,69,108,169,49,69,99,138,99,22,69,141,69,58,140,126,169,175,85,152,174,126,169,129,117,117,129,108,108,77,77,77,108,120,117,120,108,77,58,88,58,69,99,138,140,58,140,99,69,120,126,96,69,148,128,108,140,128,140,194,68,120,99,51,108,66,120,68,159,88,77,105,120,120,77,140,128,128,151,120,108,88,176,99,151,88,169,167,174,128,88,169,159,99,120,88,128,88,128,108,169,140,151,77,207,58,51,33,0,77,7,51,11,1,33,42,22,99,58,128,120,76,140,22,42,58,76,68,119,58,98,128,68,151,151,140,151,76,76,158,98,194,76,98,151,140,151,98,68,139,87,87,151,128,76,87,107,107,68,76,139,87,139,168,107,139,98,107,98,119,87,107,176,127,127,107,158,176,87,76,98,119,87,51,127,68,212,98,139,87,51,98,76,98,21,58,168,139,119,58,21,17,119,107,127,127,51,127,68,42,42,87,58,76,68,87,119,76,51,42,150,199,240,199,167,167,223,185,206,248,139,193,231,193,58,7,28,42,33,51,58,21,53,76,76,28,98,58,4,16,87,68,33,68,68,33,28,98,87,21,21,76,53,33,51,21,68,98,28,67,106,67,21,16,51,106,138,106,127,138
80,155,170,91,99,144,155,189,123,61,77,91,80,173,123,109,162,61,111,144,132,88,54,72,103,88,69,121,91,80,111,80,103,121,72,103,103,59,111,111,162,72,103,54,111,72,103,123,72,103,123,111,111,80,123,91,111,120,108,88,132,69,108,88,88,108,138,77,149,129,88,117,105,85,59,108,138,105,56,85,120,149,77,85,108,140,152,167,186,129,129,169,152,169,66,85,96,140,152,152,22,69,108,129,138,129,99,69,99,120,77,69,129,152,126,108,58,159,51,51,88,126,140,99,88,151,159,151,169,88,77,159,58,88,88,58,120,99,120,88,66,108,140,137,120,140,128,140,177,151,77,128,128,88,117,99,184,176,42,128,151,159,120,186,140,120,140,88,99,120,176,137,186,137,151,68,17,17,51,7,11,33,7,77,28,22,33,11,15,168,88,176,58,68,88,68,108,51,99,76,51,107,98,88,128,140,68,107,68,128,212,58,234,119,158,140,98,194,168,119,119,68,119,139,107,68,107,87,33,98,128,76,98,151,139,158,193,158,139,107,127,127,119,119,76,150,150,107,150,68,79,150,139,107,87,139,127,107,227,178,68,21,119,130,42,68,42,51,33,33,127,107,42,51,150,76,107,87,33,68,60,87,36,68,42,139,68,68,68,16,28,87,237,240,139,207,223,119,249,60,195,139,101,206,211,107,53,42,21,51,107,87,33,33,11,16,98,87,60,78,58,60,21,87,58,58,42,51,106,33,16,101,58,68,16,33,58,150,42,42,33,87,67,21,28,106,211,208,127,130,109
144,80,123,72,109,144,177,129,80,91,121,80,103,80,77,72,144,80,72,170,111,80,111,173,111,61,77,80,144,132,54,108,144,111,103,123,80,103,123,72,197,59,103,103,54,111,111,111,88,103,144,132,80,91,132,88,120,172,54,155,51,194,51,141,129,129,99,117,177,129,129,186,77,108,120,138,126,120,77,186,206,88,152,77,120,126,169,129,177,152,96,177,140,96,88,211,149,138,138,140,74,177,77,140,129,77,99,99,74,96,105,140,120,169,108,129,105,108,77,58,129,151,108,69,108,169,177,140,88,120,99,128,140,140,99,51,108,151,128,120,99,68,128,140,51,88,177,151,77,77,140,120,77,151,88,77,184,68,194,68,128,128,77,151,176,105,128,120,88,151,183,159,194,140,186,99,17,28,99,28,51,88,99,128,33,1,7,22,42,120,176,176,33,120,58,140,2,158,99,128,166,58,88,151,151,119,68,98,158,98,158,168,207,168,107,128,185,98,212,151,87,119,76,66,107,76,98,139,68,168,107,119,151,193,168,218,185,223,107,139,127,139,87,76,119,176,150,87,127,87,127,150,107,119,119,185,150,68,127,127,42,98,119,87,68,98,87,33,51,107,185,193,150,119,119,58,76,33,33,78,21,58,68,51,42,44,51,16,21,51,87,42,168,127,167,107,119,1,2,58,28,21,87,175,193,107,36,21,68,87,139,107,29,87,58,51,107,68,98,68,28,21,33,76,68,33,68,58,16,76,118,118,7,106,87,58,21,138,16,42,16,42,68,21,58,206,213,184,150,157,106
197,36,155,45,179,155,103,123,80,123,72,132,144,80,123,132,99,103,77,144,80,103,80,160,123,69,111,162,162,129,61,72,99,111,123,77,80,103,141,54,54,162,162,103,61,172,129,44,36,61,144,123,91,132,123,123,120,132,132,111,72,108,120,141,177,88,59,120,141,129,129,129,108,108,77,108,120,129,167,169,120,108,186,105,167,99,140,77,66,169,99,152,152,99,213,140,208,88,184,152,213,152,88,22,77,108,129,105,58,105,177,157,51,85,77,129,99,120,129,129,151,108,69,77,108,169,128,140,77,120,77,99,128,120,77,120,151,177,108,140,108,77,151,151,88,108,120,120,99,128,88,176,42,58,128,128,140,42,108,194,169,176,68,51,85,151,85,85,176,68,88,217,247,234,77,22,28,68,176,151,42,120,207,128,88,42,42,28,108,194,158,128,194,68,58,58,76,168,128,151,119,119,99,99,88,98,98,68,98,168,194,218,98,151,140,68,128,68,194,151,98,58,119,98,98,107,119,176,128,176,151,176,139,234,193,232,151,232,42,237,107,128,87,128,150,119,119,119,119,168,107,127,107,68,68,234,51,7,51,119,76,87,87,76,107,98,42,33,87,193,185,207,185,168,127,107,42,16,58,98,58,58,98,76,58,28,60,42,4,28,28,36,58,33,42,7,7,7,2,16,4,11,68,185,199,58,36,28,28,70,58,89,58,127,157,101,42,68,21,21,107,42,21,58,68,58,11,21,78,118,150,76,138,2,76,16,16,76,28,4,42,1,127,118,127,193,138,101,175,149,170
109,144,89,173,54,123,129,123,80,88,69,91,141,111,59,179,51,123,210,80,80,103,111,91,132,77,80,123,103,72,123,103,123,203,18,123,132,99,108,155,108,72,80,129,120,103,69,80,88,91,144,108,91,120,155,103,103,155,172,88,54,56,108,129,167,120,59,77,141,141,77,120,120,59,77,77,120,169,120,56,108,77,99,138,77,77,88,152,69,85,120,108,159,108,129,69,129,213,167,186,184,88,77,120,77,129,169,85,117,152,34,28,51,69,108,129,69,157,51,224,51,88,43,88,140,148,108,140,69,99,138,66,77,108,49,128,177,186,77,128,108,68,140,77,88,128,68,177,140,151,51,51,128,28,128,99,88,140,211,176,68,128,120,68,140,140,125,120,128,120,120,186,218,212,108,17,17,42,108,222,207,158,223,186,140,99,128,194,140,200,140,76,58,128,99,76,120,151,128,99,99,128,168,128,128,98,98,58,88,212,200,168,151,128,151,151,42,128,58,128,66,51,119,58,87,107,76,76,139,232,98,87,119,218,207,168,218,158,158,193,98,128,128,185,68,87,168,107,76,139,68,150,76,76,98,176,5,58,33,76,33,28,98,76,51,76,58,51,58,98,139,193,127,139,150,150,87,33,28,68,98,60,58,68,76,51,21,51,42,21,68,11,11,51,68,33,2,4,4,107,68,33,68,130,107,58,42,139,51,7,28,33,193,243,157,58,87,51,58,138,16,107,21,68,28,53,87,118,98,33,42,106,42,28,33,16,28,28,21,4,28,206,206,130,106,67,184,121,35,149,217
179,121,72,160,197,141,80,77,132,99,141,91,129,132,132,54,111,30,179,72,111,61,123,69,103,132,109,80,132,123,109,132,54,80,36,177,18,132,172,80,69,141,172,111,129,111,69,72,91,103,111,80,72,61,202,61,103,132,155,72,108,108,141,152,108,126,88,66,117,120,77,138,105,69,108,108,177,152,69,69,120,59,59,77,66,74,69,126,88,51,140,88,99,152,99,149,186,177,108,208,159,186,138,88,88,129,88,120,117,88,69,129,88,99,159,120,58,41,108,69,77,96,34,177,108,169,108,126,99,69,99,99,108,120,58,108,151,99,108,140,128,58,88,120,120,128,77,169,128,128,128,99,108,58,140,128,128,120,58,120,151,120,120,169,151,68,140,128,151,77,140,51,224,51,22,28,11,33,227,186,169,140,77,128,120,140,128,151,108,120,120,108,140,76,76,108,168,168,128,128,158,58,68,99,151,107,76,140,140,212,223,151,176,185,151,33,151,76,58,128,107,76,128,128,128,98,87,119,139,139,76,98,128,119,158,168,185,98,176,107,139,87,128,139,33,68,168,76,76,107,127,107,68,139,185,76,127,42,58,21,51,28,98,98,51,98,119,33,21,98,199,168,60,168,150,127,119,51,68,58,58,68,68,76,21,53,60,60,87,28,21,21,127,58,150,107,33,107,175,107,185,127,51,51,51,87,87,28,16,21,33,42,157,218,175,98,76,42,16,76,107,21,7,87,98,28,28,68,68,33,44,89,76,68,16,8,4,16,7,127,118,240,217,127,67,76,184,97,67,167,184
129,197,195,173,72,123,123,61,72,111,59,61,88,144,214,23,141,103,72,77,132,77,61,109,155,80,91,123,91,155,91,111,159,111,162,72,17,170,54,111,99,103,132,61,72,34,111,144,72,103,91,28,69,162,132,123,132,194,132,197,88,108,152,108,59,99,129,88,69,99,169,129,120,120,141,152,120,77,88,88,51,77,88,108,129,88,77,129,152,88,88,77,88,159,129,77,152,140,99,152,177,169,99,77,77,129,77,140,99,120,159,88,69,85,120,74,152,108,34,126,120,88,213,99,69,129,108,105,120,49,77,151,128,125,58,85,120,69,140,125,120,108,99,99,99,99,99,169,151,128,88,128,51,77,169,176,128,68,99,159,176,140,88,120,88,120,128,51,128,77,183,77,108,34,51,2,7,42,186,207,22,51,169,120,108,120,108,41,108,128,108,120,151,68,33,58,128,151,128,76,68,156,151,117,128,185,151,51,68,194,200,128,98,140,119,119,107,158,151,119,98,168,140,128,139,98,107,87,87,168,68,98,139,33,151,176,42,98,119,76,87,76,98,128,98,76,87,98,58,76,127,87,150,168,207,101,160,51,51,28,76,42,33,119,158,107,87,28,17,76,119,185,87,150,139,175,42,42,60,51,36,76,98,42,53,68,107,58,42,42,11,107,207,223,231,150,242,175,245,227,185,167,87,51,76,42,51,76,36,36,28,11,98,223,157,51,11,76,87,87,58,42,68,76,51,68,107,68,28,33,76,76,28,16,23,12,51,98,184,237,240,193,206,98,130,106,67,130,109,118,150
189,214,144,189,173,54,91,121,61,100,129,123,187,80,61,99,59,61,197,51,121,129,123,61,91,80,129,111,80,141,132,72,61,5,80,132,103,54,54,69,36,103,144,72,103,144,132,36,123,195,36,30,72,169,111,144,129,132,172,132,129,169,177,77,77,108,99,77,117,108,105,169,88,129,149,59,120,105,85,120,66,149,141,99,66,129,149,169,169,140,49,105,177,120,152,58,120,129,69,69,157,152,120,108,77,108,88,74,129,129,120,66,88,96,120,129,99,140,99,88,99,152,186,177,88,159,120,99,99,108,85,77,108,120,99,108,108,88,169,99,74,205,128,108,159,128,99,151,117,68,108,77,77,77,169,120,99,68,108,159,99,128,108,88,58,58,58,128,169,140,140,17,99,20,34,7,34,176,88,186,120,42,108,77,68,120,77,88,68,68,76,151,58,120,51,76,148,88,58,185,140,76,58,125,168,128,194,176,119,128,140,119,51,176,68,76,128,158,168,128,76,76,168,185,128,87,128,151,58,58,168,128,128,87,119,51,42,42,119,119,76,128,128,151,128,119,68,58,58,68,168,176,139,127,193,127,139,98,28,33,51,17,42,87,158,107,58,58,36,68,139,223,139,68,119,87,28,42,1,60,68,28,68,87,33,51,58,76,42,51,23,42,237,245,234,193,249,119,228,207,223,185,107,33,11,76,76,33,68,28,11,76,42,175,167,33,33,58,7,98,118,87,87,58,44,36,42,58,33,58,87,60,76,11,51,42,118,227,231,167,167,184,141,101,97,121,184,193,127,127,138
195,155,189,100,91,121,103,91,141,129,88,77,129,177,91,132,162,54,109,187,91,91,121,59,111,45,80,144,54,80,123,54,123,160,61,144,162,51,152,61,159,144,80,80,111,72,45,179,144,123,123,59,69,123,91,72,152,80,144,88,138,186,99,66,108,108,85,186,108,43,152,138,88,41,96,66,141,88,152,167,177,138,88,138,43,129,152,141,129,108,69,108,186,85,152,88,85,77,99,99,99,177,129,120,58,58,108,77,129,88,51,117,159,108,99,108,66,51,108,99,159,200,186,149,88,99,120,77,58,88,77,120,128,108,128,77,120,128,88,128,120,140,128,177,194,99,99,68,77,125,128,105,151,120,151,77,128,120,120,120,120,120,140,108,99,99,151,151,140,77,99,120,99,11,200,108,200,234,99,88,99,128,68,42,68,151,169,68,58,99,140,88,120,77,99,120,108,128,128,22,117,108,140,88,76,119,151,58,76,207,151,107,176,58,119,68,128,98,137,68,107,87,68,119,176,151,119,98,87,168,139,151,119,119,128,58,51,98,199,176,128,119,76,107,139,119,107,76,119,158,128,185,119,119,127,119,158,68,51,21,51,51,68,33,127,119,87,87,68,119,223,234,76,58,68,51,79,4,17,42,60,33,58,76,58,51,16,68,98,28,42,51,199,175,109,107,175,42,207,127,139,127,107,87,68,21,76,76,107,68,11,68,87,175,127,42,119,28,28,7,87,7,51,58,98,118,68,28,51,87,33,21,58,167,118,206,242,177,184,211,195,150,157,187,138,167,160,138,150,127,127
91,121,214,152,72,103,80,80,144,179,132,152,123,77,155,91,72,155,141,103,123,91,144,173,111,132,103,109,80,80,197,162,59,59,123,132,144,111,155,155,80,99,72,103,103,123,132,61,121,141,144,72,54,123,155,132,172,103,91,155,34,88,177,85,108,88,129,88,120,105,77,149,120,69,96,69,69,129,169,77,99,66,141,129,59,99,120,99,117,69,152,129,108,138,58,152,51,129,138,149,99,108,186,66,34,58,169,120,77,99,69,108,140,108,69,99,129,99,120,120,159,159,77,77,151,151,88,77,77,88,99,151,126,43,140,51,77,151,108,99,120,99,177,194,125,128,169,120,108,128,151,177,177,128,186,140,51,108,125,125,140,128,140,120,151,186,176,128,49,51,96,108,58,28,169,137,224,169,169,88,99,108,99,42,99,186,120,42,41,137,99,128,77,120,7,120,68,140,85,33,185,168,176,140,68,140,151,119,212,76,140,98,98,76,140,51,140,107,76,58,151,68,119,128,119,119,68,98,139,107,87,107,151,107,107,139,98,17,139,139,176,98,107,128,119,107,128,139,107,128,232,223,128,76,58,119,98,17,42,21,51,76,33,51,142,107,76,87,98,127,176,168,98,139,107,76,17,33,33,58,51,68,87,60,28,21,51,28,21,42,76,98,51,51,16,51,51,33,58,33,107,58,98,51,58,11,58,87,76,76,11,87,150,107,107,152,68,16,87,21,42,58,58,58,87,78,58,33,16,28,44,98,234,206,127,199,33,101,150,157,240,193,138,152,138,157,150,106,141,138,101
72,129,132,123,109,77,109,132,189,179,61,59,103,155,103,132,88,103,45,152,144,111,132,123,61,111,111,54,103,111,123,132,54,123,173,45,121,109,103,88,69,111,129,123,108,45,43,123,103,77,80,111,144,80,61,144,91,144,120,77,141,85,141,152,88,69,120,177,108,77,129,152,108,159,77,152,69,177,69,99,99,141,129,108,77,77,120,99,120,108,74,108,69,152,88,169,69,169,120,149,152,152,159,34,22,88,194,159,69,120,129,108,69,105,108,152,108,198,77,108,77,69,58,177,120,129,88,108,120,58,88,140,126,77,140,69,69,128,186,34,186,177,167,140,99,148,140,128,120,58,120,151,148,58,42,99,108,108,120,108,105,108,151,151,176,186,176,128,34,51,88,51,42,42,41,34,156,128,140,120,66,51,68,88,88,120,158,108,68,128,68,140,99,120,99,156,68,108,88,76,108,183,108,140,119,76,88,158,68,107,176,88,185,98,66,22,151,140,58,119,128,42,58,107,76,119,128,98,128,51,68,151,185,22,168,42,107,98,98,128,151,128,58,119,107,107,168,139,76,119,168,168,76,107,128,193,151,58,23,42,42,68,58,58,68,23,21,51,58,58,33,51,127,158,175,101,42,68,42,98,51,51,76,33,21,33,68,36,28,58,33,33,28,42,28,28,28,58,12,33,107,42,42,33,51,68,76,68,51,51,44,76,119,170,142,199,16,33,21,51,68,8,58,68,33,98,51,7,11,28,170,218,227,98,21,68,58,98,76,195,42,109,206,58,12,87,76,76,184,184,70
187,91,177,123,52,52,132,173,173,155,173,89,144,61,121,197,91,103,170,103,144,72,123,99,129,111,80,103,99,69,72,54,173,36,111,45,123,111,80,72,123,103,111,123,111,123,103,61,72,144,88,123,144,111,61,80,80,132,91,77,177,195,120,105,129,85,49,59,129,129,138,88,77,169,66,56,77,152,129,120,141,108,69,43,108,105,120,120,141,120,43,74,120,120,138,77,120,85,177,129,140,200,88,152,120,169,224,169,77,85,129,177,108,69,177,99,129,169,69,99,34,77,77,169,88,140,120,69,108,77,108,140,129,129,69,140,120,151,120,151,120,140,128,99,77,88,85,58,108,120,108,108,88,68,34,140,140,77,140,88,128,85,151,186,140,151,194,120,34,42,7,22,42,34,5,17,108,108,99,96,58,68,68,99,128,128,192,151,88,140,68,58,99,108,99,128,76,108,68,76,99,200,158,88,88,128,76,88,194,151,107,128,176,68,119,176,107,151,88,88,151,98,58,98,119,151,140,42,68,151,68,76,119,119,68,176,168,33,58,76,87,161,128,119,119,119,223,168,119,107,76,176,68,168,119,151,119,22,98,17,68,68,42,42,76,68,42,42,28,11,51,23,139,199,207,175,58,28,76,51,107,33,44,68,68,33,28,98,76,33,21,42,87,98,36,42,33,51,42,51,87,58,51,28,28,28,68,76,51,87,68,36,98,157,109,127,51,7,28,107,28,28,51,68,42,33,68,11,11,150,237,227,58,7,33,44,195,138,141,68,150,167,138,138,33,68,76,118,184,175,101
187,155,132,155,80,61,144,189,187,214,152,43,152,59,179,144,210,72,195,144,80,54,121,111,54,129,132,111,91,77,111,155,30,173,54,103,109,123,80,108,170,111,72,72,111,61,54,88,108,155,120,103,111,111,69,238,80,61,144,149,120,141,120,120,117,108,99,77,88,167,129,105,59,69,159,120,69,43,88,88,108,99,85,99,108,88,120,126,74,108,169,129,105,126,69,77,177,99,126,88,108,159,213,208,159,237,208,140,99,69,69,105,152,88,85,43,186,129,77,58,51,120,88,140,140,177,108,108,108,51,88,120,77,88,120,169,85,128,77,140,120,151,108,128,58,128,77,77,96,128,140,140,105,77,128,120,68,128,151,58,176,68,128,151,88,128,140,140,108,51,11,42,34,34,17,99,108,74,77,120,120,88,58,108,169,169,186,158,99,120,77,58,88,68,108,128,108,120,88,128,140,140,140,128,68,58,96,76,158,158,51,140,176,68,168,119,185,98,76,98,128,140,51,68,119,107,119,107,51,168,119,76,151,68,87,223,42,151,87,139,207,176,87,58,139,168,176,168,98,158,142,128,207,87,151,58,98,119,42,76,87,98,58,68,76,87,42,28,87,33,33,58,193,127,168,107,21,7,68,87,87,107,76,68,44,68,53,139,76,33,58,76,42,87,42,87,51,87,68,76,87,78,68,33,42,33,68,98,98,76,51,42,33,58,175,119,42,42,78,76,33,42,28,28,68,76,28,51,150,223,211,107,58,11,58,150,199,118,68,58,150,167,118,127,58,58,98,184,206,150,127
144,155,144,155,132,141,155,144,170,155,123,162,132,100,144,141,214,141,214,91,80,91,111,132,54,99,103,99,111,109,123,61,155,72,72,91,80,144,123,72,69,123,45,80,123,141,59,111,155,141,141,36,80,144,172,132,155,179,155,211,77,141,141,77,59,108,108,69,129,108,177,77,59,96,120,41,69,88,141,108,88,69,99,69,108,129,141,141,105,108,120,141,88,129,56,22,58,117,126,88,85,194,192,140,219,224,194,186,186,51,58,152,129,88,58,140,152,213,120,117,88,129,140,140,129,138,117,99,58,58,108,69,58,140,169,77,108,140,77,77,192,140,99,167,88,120,120,138,140,88,99,128,128,51,108,51,140,169,212,151,151,120,108,51,88,88,194,128,77,108,128,120,28,22,128,159,140,108,68,169,159,42,66,99,186,218,169,99,120,88,120,77,120,88,140,105,85,140,151,151,151,108,120,128,88,58,128,194,99,88,88,99,194,140,107,151,128,176,128,119,151,88,119,158,87,58,76,119,151,87,87,119,76,119,151,33,87,168,76,151,168,168,128,158,151,98,98,107,119,98,151,68,87,107,42,139,87,28,68,51,58,28,87,98,42,33,76,98,150,33,51,51,212,150,185,87,7,87,28,76,28,119,76,42,119,119,98,127,107,33,51,76,58,87,76,68,78,58,76,28,87,68,68,58,68,58,42,87,107,33,58,33,60,119,193,78,28,76,33,51,33,28,51,42,42,87,118,175,175,193,175,167,157,193,150,87,118,33,28,28,7,42,106,150,138,187,138,106,184,193,184
80,123,91,103,187,170,103,77,111,111,162,162,91,155,144,155,179,144,155,155,88,72,111,129,80,103,99,45,144,155,144,123,72,61,123,103,61,132,61,123,99,144,132,109,80,111,111,72,155,123,61,155,103,209,1,189,103,214,141,22,129,88,152,108,152,129,117,138,138,56,108,56,77,120,129,88,43,141,177,141,99,51,108,129,88,126,152,152,149,175,177,69,99,141,108,99,120,69,77,140,129,99,99,129,129,152,186,152,108,58,77,88,105,108,159,126,77,159,184,159,120,140,159,99,120,88,108,58,58,108,96,99,120,151,151,140,140,77,140,125,128,148,88,169,120,99,120,140,151,120,120,58,58,99,68,128,140,140,218,169,99,88,88,105,128,88,148,140,88,128,151,194,159,120,77,140,58,108,108,17,169,77,51,120,207,237,88,51,169,169,140,99,128,88,140,77,88,128,200,223,168,108,108,108,120,120,128,212,58,119,168,140,88,140,158,140,98,151,128,68,128,107,42,68,68,76,98,76,119,128,107,76,128,139,119,119,68,158,139,98,76,139,207,68,33,87,98,68,22,22,33,33,51,87,58,76,119,42,33,68,58,17,33,107,42,17,98,107,21,76,17,42,193,249,176,127,68,7,76,11,158,28,68,68,51,76,58,42,90,33,33,139,51,33,58,60,76,68,76,36,78,98,68,109,58,21,33,68,98,42,58,16,98,119,76,150,51,11,21,28,51,21,28,58,109,167,193,127,68,107,150,127,118,234,150,51,53,42,16,28,7,16,127,231,228,141,138,87,87,141,167
100,80,123,173,173,144,123,80,155,162,144,121,152,160,111,103,155,179,144,155,91,109,144,123,72,45,99,72,123,177,103,91,111,132,59,91,61,173,61,103,80,173,132,69,123,103,121,132,80,91,103,172,36,80,169,91,103,120,69,120,152,129,59,88,129,129,77,108,99,129,69,99,177,43,88,228,66,152,99,177,77,69,96,129,74,77,120,74,32,88,99,88,120,138,51,59,129,141,186,88,140,34,120,117,88,74,108,66,51,58,77,58,167,120,120,108,85,88,213,200,99,149,177,152,108,77,108,120,77,77,120,138,108,120,169,177,120,85,140,99,140,148,34,69,140,151,120,140,140,128,120,51,58,120,108,167,128,128,159,120,120,88,68,169,58,151,140,128,120,120,207,227,77,117,99,99,28,128,117,128,51,120,58,159,186,218,186,128,99,120,140,140,151,117,120,68,128,158,200,185,168,96,120,151,140,140,128,176,58,88,176,128,33,194,151,168,107,88,107,107,58,140,119,58,98,128,98,151,119,87,119,76,151,176,176,98,119,128,128,68,42,33,42,33,33,87,87,28,7,11,28,119,33,11,58,28,42,22,42,51,33,58,61,17,58,42,76,119,58,33,33,107,176,245,150,176,28,18,87,68,28,87,76,87,87,58,98,107,16,58,68,7,98,4,16,76,58,107,18,119,23,127,107,109,58,21,58,58,98,76,28,28,42,98,167,218,42,1,68,16,36,7,58,195,199,199,98,29,28,51,87,68,33,118,76,33,76,87,28,51,18,16,150,248,211,33,16,28,101,106,97
123,103,170,129,89,111,111,144,162,195,155,155,173,129,132,132,91,155,132,61,123,123,103,111,111,91,111,88,129,197,123,80,111,111,111,103,61,103,103,132,72,43,111,99,103,80,88,59,91,189,155,69,177,103,54,169,72,108,77,77,129,66,129,117,120,177,108,43,195,213,77,77,126,120,228,77,138,126,169,69,77,66,77,69,108,51,51,105,59,20,77,77,152,152,169,149,66,152,117,159,194,237,69,88,77,51,69,129,77,15,74,177,152,129,43,108,129,66,108,186,140,140,129,169,99,43,152,177,88,51,120,108,108,129,140,120,120,120,58,88,126,58,43,88,128,140,128,120,140,128,140,140,99,99,120,120,128,120,88,128,148,99,77,151,108,176,140,99,128,148,151,151,88,68,68,88,128,108,88,68,99,140,140,140,140,108,207,108,42,128,128,108,148,186,68,169,151,169,108,99,207,22,194,218,108,96,128,128,76,58,151,99,99,128,151,176,128,76,119,119,58,151,168,76,107,107,98,88,151,68,119,76,87,140,119,87,207,176,128,7,11,42,68,68,22,17,28,11,42,58,17,17,11,11,33,33,51,51,22,22,68,28,22,58,76,68,28,76,58,42,98,42,98,139,87,21,42,87,51,76,76,107,87,42,58,76,58,28,21,42,28,11,58,42,11,76,28,28,68,42,76,98,119,87,87,68,33,42,68,68,33,21,87,76,237,199,29,12,33,7,21,58,193,218,127,42,28,21,42,21,28,11,16,42,16,42,76,68,44,68,130,51,187,251,193,33,11,42,87,68,106
197,132,59,72,155,144,111,155,155,219,100,129,103,129,179,91,77,123,54,72,123,121,77,100,129,111,80,132,155,155,123,103,123,80,123,103,61,80,61,91,99,69,123,123,103,54,54,91,162,111,80,123,103,111,111,45,132,108,59,117,99,169,105,69,77,77,141,138,126,169,59,85,120,99,99,129,120,59,177,69,169,108,69,59,69,99,105,105,126,141,88,108,169,152,120,152,69,88,129,213,69,169,43,77,105,49,77,105,140,152,186,140,140,186,77,99,140,108,129,69,159,43,177,43,69,138,105,120,126,129,77,140,140,177,140,108,34,120,77,77,77,43,151,169,77,108,128,77,120,140,159,120,77,68,177,120,51,128,140,108,128,151,151,151,151,140,128,151,186,167,120,128,108,68,68,99,128,99,108,108,58,108,169,99,151,128,77,88,151,176,108,88,151,77,128,140,186,99,88,140,77,232,108,151,108,108,128,128,128,108,168,151,88,99,128,168,76,88,140,140,88,151,140,98,98,98,76,68,168,68,151,76,68,176,107,212,107,168,51,22,87,28,17,42,17,7,28,58,51,107,98,0,68,33,23,51,17,33,58,22,98,68,33,87,68,33,36,42,51,28,107,76,51,119,76,44,58,58,33,68,107,21,42,87,76,87,87,36,51,51,58,87,107,42,68,33,107,53,58,150,58,21,58,107,139,107,42,78,76,76,87,11,33,157,223,224,98,4,4,76,157,193,127,98,33,16,21,58,33,1,16,58,16,42,16,150,21,76,127,87,98,42,193,227,175,51,51,51,21,42,175
