21987,21988,21989,21990,21991,21992,21993,21994,21995,21996,21997,21998,21999,22000,22001,22002,22003,22004,22005,22006,22007,22008,22009,22010,22011,22012,22013,22014,22015,22016,22017,22018,22019,22020,22021,22022,22023,22024,22025,22026,22027,22028,22029,22030,22031,22032,22033,22034,22035,22036,22037,22038,22039,22040,22041,22042,22043,22044,22045,22046,22047,22048,22049,22050,22051,22052,22053,22054,22055,22056,22057,22058,22059,22060,22061,22062,22063,22064,22065,22066,22067,22068,22069,22070,22071,22072,22073,22074,22075,22076,22077,22078,22079,22080,22081,22082,22083,22084,22085,22086,22087,22088,22089,22090,22091,22092,22093,22094,22095,22096,22097,22098,22099,22100,22101,22102,22103,22104,22105,22106,22107,22108,22109,22110,22111,22112,22113,22114,22115,22116,22117,22118,22119,22120,22121,22122,22123,22124,22125,22126,22127,22128,22129,22130,22131,22132,22133,22134,22135,22136,22137,22138,22139,22140,22141,22142,22143,22144,22145,22146,22147,22148,22149,22150,22151,22152,22153,22154,22155,22156,22157,22158,22159,22160,22161,22162,22163,22164,22165,22166,22167,22168,22169,22170,22171,22172,22173,22174,22175,22176,22177,22178,22179,22180,22181,22182,22183,22184,22185,22186,22187,22188,22189,22190,22191,22192,22193,22194,22195,22196,22197,22198,22199,22200,22201,22202,22203,22204,22205,22206,22207,22208,22209,22210,22211,22212,22213,22214,22215,22216,22217,22218,22219,22220,22221,22222,22223,22224,22225,22226,22227,22228,22229,22230,22231,22232,22233,22234,22235,22236,22237,22238,22239,22240,22241,22242,22243,22244,22245,22246,22247,22248,22249,22250,22251,22252,22253,22254,22255,22256,22257,22258,22259,22260,22261,22262,22263,22264,22265,22266,22267,22268,22269,22270,22271,22272,22273,22274,22275,22276,22277,22278,22279,22280,22281,22282,22283,22284,22285,22286,22287,22288,22289,22290,22291,22292,22293,22294,22295,22296,22297,22298,22299,22300,22301,22302,22303,22304,22305,22306,22307,22308,22309,22310,22311,22312,22313,22314,22315,22316,22317,22318,22319,22320,22321,22322,22323,22324,22325,22326,22327,22328,22329,22330,22331,22332,22333,22334,22335,22336,22337
81,98,98,112,112,115,131,81,70,81,115,141,112,104,115,85,81,65,90,115,78,70,78,49,62,67,49,54,96,109,104,107,123,126,99,101,107,90,107,57,57,45,39,52,78,65,50,50,39,39,54,73,104,81,121,166,134,85,70,47,43,88,144,156,172,166,144,161,141,88,118,76,39,60,93,88,88,73,54,43,50,52,62,62,107,147,126,164,147,118,62,65,65,65,88,99,96,96,152,181,187,123,150,154,132,164,175,159,118,93,88,81,90,101,88,68,85,126,99,93,118,123,104,81,88,115,175,205,183,175,211,189,164,175,159,123,113,88,68,52,41,43,52,57,73,76,91,107,132,156,142,172,113,129,129,159,121,115,142,124,121,115,115,134,156,166,154,110,121,82,65,45,52,62,82,74,88,142,152,164,144,132,172,137,126,107,132,157,107,99,85,88,96,101,104,82,65,82,159,132,115,132,118,113,129,132,121,132,126,113,126,147,183,188,171,140,104,101,121,121,115,113,55,50,85,104,132,118,115,99,52,65,99,79,96,62,68,62,93,96,82,85,68,76,115,129,142,145,124,91,82,91,113,115,101,62,46,79,101,104,104,145,175,191,173,155,135,129,115,104,157,137,145,185,222,197,186,140,132,145,137,168,166,168,91,57,68,53,39,79,50,55,71,71,68,53,65,65,65,48,41,41,55,34,39,65,53,60,57,68,65,53,79,88,68,62,35,34,57,76,53,42,53,57,39,48,39,37,39,39,42,32,28,44,60,48,50,53,60,48,50,63,60,65,57,53,57,53,60,55,42
129,112,159,161,104,107,98,81,54,45,65,115,163,156,115,73,65,65,65,67,70,52,57,67,78,65,52,60,98,112,107,107,115,104,65,70,65,99,96,54,70,70,81,60,88,70,43,45,39,45,39,88,65,78,118,88,96,85,68,47,41,68,144,161,161,189,161,177,112,85,78,70,41,57,52,85,81,88,78,70,50,57,57,68,121,129,134,149,131,90,68,41,65,73,101,134,129,129,126,141,150,194,137,118,99,115,166,170,112,99,99,79,68,62,54,60,68,126,104,104,126,129,90,85,91,115,161,189,198,195,181,168,164,164,144,137,107,71,62,50,54,57,54,57,88,118,129,156,150,159,137,156,129,129,134,161,132,129,142,150,129,99,85,142,152,150,132,126,107,57,91,50,65,54,79,82,50,88,164,142,134,126,126,107,115,85,129,129,118,85,68,79,93,93,85,85,68,82,101,88,115,134,126,96,132,137,115,113,126,113,134,150,175,200,183,147,107,99,129,127,118,96,55,85,99,85,99,118,85,71,50,55,68,62,82,79,60,62,79,107,99,96,76,68,99,93,110,118,96,93,85,85,104,118,62,35,35,62,101,113,115,99,113,150,135,113,147,85,124,107,150,162,191,214,204,213,166,159,145,140,155,173,159,150,82,62,62,50,65,41,37,53,62,55,65,65,48,53,43,55,50,62,35,50,62,44,48,50,48,68,76,65,65,79,44,48,35,34,65,99,65,48,39,46,44,35,39,44,44,37,35,37,32,32,50,53,50,53,48,48,46,65,65,57,60,57,55,65,60,50,55
149,134,183,198,159,98,98,101,78,62,81,115,144,149,104,57,45,43,39,41,52,41,52,73,65,54,54,57,87,101,81,81,81,70,68,39,41,54,62,70,118,126,110,99,85,73,60,62,57,57,45,62,52,81,43,33,54,62,54,54,43,70,147,166,170,208,193,129,101,85,54,78,52,54,90,115,112,115,115,110,81,54,43,62,88,118,159,141,101,88,73,45,81,104,112,129,129,134,115,164,123,132,71,85,96,129,172,175,137,121,101,71,68,68,62,85,60,112,88,101,121,118,101,90,113,152,168,161,183,185,181,206,193,179,150,96,73,62,62,65,85,73,54,79,104,154,177,156,134,126,104,115,101,113,118,126,104,142,152,137,132,115,121,126,132,101,107,104,79,104,54,57,71,79,71,68,52,68,101,93,93,113,96,101,88,166,126,161,129,132,91,88,99,82,76,85,52,65,118,79,101,181,152,137,132,137,129,96,126,132,118,139,157,204,183,127,142,127,129,121,88,85,96,101,101,88,85,99,74,68,50,43,62,74,76,79,65,74,104,107,115,104,71,62,65,68,71,79,62,68,88,104,118,99,65,43,43,55,82,88,93,99,82,85,82,88,115,79,91,115,142,200,225,207,232,227,193,171,147,118,129,164,184,129,88,60,48,71,37,60,50,53,43,46,43,41,32,37,53,48,68,65,60,53,79,44,53,35,37,53,68,57,57,57,42,28,39,27,50,79,60,48,46,39,37,46,39,37,34,37,46,46,35,34,34,42,35,46,60,53,46,57,60,50,55,60,55,53,60,57,65
134,149,170,183,181,144,131,109,87,98,98,98,120,112,98,37,37,39,47,45,39,41,52,65,67,54,52,67,90,112,81,52,54,57,50,62,41,31,47,99,152,144,118,107,68,62,76,70,62,73,68,60,88,65,47,29,37,65,50,39,50,88,131,149,170,196,194,147,93,73,70,60,65,99,131,131,134,131,131,129,90,54,41,41,60,81,115,85,93,88,73,68,78,99,99,115,118,107,121,115,85,110,65,79,144,129,134,170,144,115,139,107,88,99,68,57,54,71,141,81,118,118,101,121,172,185,152,132,164,183,206,219,205,183,147,121,99,68,82,91,85,85,82,93,107,121,137,115,93,73,79,71,113,147,142,129,115,126,132,115,99,115,110,91,79,110,96,79,82,99,68,54,65,91,71,71,62,57,91,101,85,104,118,107,126,159,134,147,144,132,129,152,129,99,74,50,55,96,134,132,142,198,181,171,132,132,88,96,115,124,134,161,173,191,182,175,185,135,107,96,96,85,110,99,99,104,82,79,96,88,65,57,52,74,71,82,93,101,118,104,99,104,85,62,71,85,71,55,37,55,99,132,104,96,85,41,43,65,79,71,68,82,68,71,79,68,91,99,118,140,162,185,221,218,213,211,195,162,127,113,142,127,113,135,79,48,53,43,57,32,39,50,43,37,43,60,41,28,62,71,91,62,55,60,53,50,53,28,23,28,68,55,46,46,30,35,39,35,79,79,57,53,62,44,62,55,50,42,35,42,60,50,42,32,23,23,21,50,57,53,46,53,57,55,50,63,60,50,57,74,63
123,144,163,219,163,131,131,118,98,115,129,118,115,85,70,41,43,50,47,39,52,54,54,57,87,96,85,96,96,98,81,54,43,43,65,101,73,62,78,99,115,123,134,99,52,57,88,81,68,81,85,81,107,107,73,39,52,70,43,33,50,68,81,107,161,179,189,177,121,70,76,68,73,101,118,126,144,161,141,121,99,62,41,33,47,60,65,60,62,76,78,81,88,81,85,88,99,101,112,141,112,99,81,96,118,96,132,139,85,126,187,205,156,112,62,41,43,65,79,85,107,99,112,147,132,147,132,129,142,164,188,168,156,139,164,168,134,126,113,129,115,99,88,85,79,54,65,79,101,79,60,85,121,147,161,147,96,71,74,71,52,71,104,113,134,132,96,71,71,85,79,71,52,71,88,96,79,60,54,71,93,107,132,150,121,126,118,129,126,113,144,173,166,101,71,65,62,85,134,139,144,189,200,150,161,96,101,62,74,118,129,142,193,195,205,135,173,150,110,65,60,101,147,142,107,99,85,79,104,118,93,88,45,52,65,85,118,127,132,115,96,104,82,76,115,118,99,52,62,55,93,127,99,79,71,52,41,76,74,65,76,85,79,79,91,82,88,121,185,195,183,197,204,188,190,186,171,129,91,82,99,93,96,88,53,39,46,37,37,39,50,62,43,43,48,57,50,32,82,142,101,99,88,68,50,34,35,28,28,35,50,53,37,50,82,93,53,71,79,88,65,71,65,93,79,82,85,79,42,50,60,53,53,37,35,20,25,48,63,53,60,57,57,63,55,48,57,60,63,82,53
126,134,172,161,112,200,141,118,123,120,136,134,112,93,85,73,87,50,50,37,50,45,50,54,90,96,78,73,78,70,57,52,43,96,104,115,129,112,85,101,93,131,159,126,62,57,107,85,93,96,78,65,126,112,70,62,70,76,62,50,62,62,45,70,141,172,172,172,129,78,68,57,50,81,115,126,175,185,134,107,78,62,54,45,68,78,45,62,81,99,121,126,126,99,121,132,112,101,118,118,112,107,99,93,96,104,110,107,129,154,211,227,187,147,104,50,31,31,65,79,79,90,88,71,129,101,104,129,129,118,134,134,101,134,189,164,147,188,144,152,185,121,76,65,65,54,65,85,118,79,71,93,121,147,150,101,57,54,57,52,35,50,113,129,132,185,101,54,76,82,76,82,76,82,101,107,85,50,41,65,101,121,113,121,142,118,115,110,99,132,147,159,152,129,99,88,62,82,96,113,144,171,175,157,132,99,62,45,68,101,115,132,193,171,145,145,140,137,99,79,107,127,171,159,137,129,113,96,101,132,127,91,62,50,45,101,113,127,137,129,91,79,96,118,115,115,107,68,82,46,99,82,79,71,68,68,65,88,85,82,85,91,93,85,82,101,101,121,162,197,214,205,177,137,145,162,127,96,65,65,85,79,79,55,57,43,37,43,53,62,76,62,50,62,79,62,39,62,96,116,101,79,85,110,37,25,48,50,44,39,34,46,62,71,99,65,35,35,96,85,60,65,65,96,108,85,93,85,55,55,79,53,65,65,60,35,37,48,48,44,74,57,65,63,60,55,46,53,63,63,57
129,129,172,156,134,112,126,149,149,161,163,147,136,136,118,96,115,104,62,87,41,41,52,78,65,57,81,87,62,54,43,60,90,90,141,131,136,129,81,90,129,134,134,129,96,99,115,96,118,85,52,73,85,104,65,73,88,78,60,50,73,76,31,43,96,134,172,161,129,107,54,43,50,73,131,161,175,161,107,68,65,68,81,99,104,96,68,85,115,118,161,172,177,181,168,156,137,144,126,96,79,99,107,118,107,107,115,96,115,156,203,208,198,175,126,68,43,45,52,43,65,71,88,93,96,107,113,137,164,152,113,142,152,170,196,156,205,156,183,181,188,126,88,68,91,118,113,115,132,101,88,79,113,134,96,68,50,50,62,62,41,54,113,150,152,183,82,47,68,74,71,91,85,71,104,101,91,79,45,50,82,96,113,132,126,85,115,96,82,104,129,134,164,166,132,91,57,50,82,91,113,134,157,129,104,82,55,50,57,85,132,154,164,208,195,157,129,93,88,93,118,129,135,137,140,129,150,162,132,135,118,82,62,55,71,101,124,124,135,145,62,68,93,135,107,93,132,101,57,60,79,82,85,74,55,60,99,107,135,127,99,104,118,107,88,101,88,145,157,188,197,197,152,140,118,99,85,65,50,41,68,74,53,79,68,60,53,55,91,79,79,93,101,85,76,71,65,50,74,91,99,99,105,74,68,79,93,65,53,50,53,60,79,71,60,42,39,48,85,74,35,48,50,53,68,105,93,79,68,50,48,60,60,62,48,48,50,40,48,60,63,79,74,60,63,57,53,48,55,53,68
70,118,149,101,101,152,159,149,118,109,144,147,163,163,131,96,96,78,85,81,96,62,62,85,78,104,104,96,73,67,73,50,147,115,131,144,129,110,57,101,104,126,136,129,112,99,118,115,78,78,50,93,85,70,115,70,88,78,50,54,78,78,45,33,70,112,131,168,107,118,68,65,70,57,118,152,136,115,78,54,65,60,81,129,118,123,104,99,115,104,147,170,170,172,132,118,126,144,104,85,81,90,104,126,121,115,99,90,71,107,187,208,212,219,137,79,81,73,62,71,62,62,99,79,99,132,147,150,129,101,134,175,183,172,193,208,210,170,172,156,132,144,101,132,129,115,142,139,159,161,123,101,113,144,115,68,54,65,74,68,47,54,99,150,175,179,137,74,71,68,93,88,104,82,71,85,71,71,43,41,65,93,142,150,115,101,85,60,55,91,118,121,166,193,132,91,65,57,88,113,96,134,147,129,129,79,41,52,57,88,144,164,197,210,190,152,137,96,91,113,107,99,113,113,124,150,164,157,135,101,85,79,60,76,93,124,142,124,129,113,85,79,101,132,132,113,135,82,79,76,71,129,113,62,68,62,93,115,150,129,107,104,101,115,91,96,71,150,177,157,145,177,127,107,74,62,50,43,41,32,41,99,71,91,76,93,101,85,121,88,116,121,118,74,65,85,68,46,74,99,105,121,127,129,116,135,96,88,102,121,91,68,99,76,39,28,32,53,50,55,37,37,42,62,62,50,76,82,62,71,71,74,62,50,40,48,50,42,50,50,68,76,55,42,65,79,50,46,42,60,79
57,78,107,147,149,147,118,115,129,115,118,126,136,149,141,120,96,78,81,93,112,90,98,98,96,96,120,112,109,87,52,93,177,177,101,141,131,104,70,81,88,115,149,126,104,123,126,62,70,57,52,54,70,88,88,96,81,81,62,68,78,78,65,47,68,90,99,121,129,107,81,70,76,50,65,107,107,96,76,65,52,65,99,101,147,152,172,131,144,123,141,156,144,139,112,99,104,112,90,79,90,85,110,121,118,126,85,81,79,99,161,194,177,189,152,96,93,99,96,99,99,73,88,101,115,132,152,177,156,113,115,166,185,185,203,198,196,183,175,172,156,164,142,150,185,164,161,164,175,196,175,181,172,134,152,101,88,104,71,68,52,62,118,161,185,183,185,107,85,96,118,88,115,118,52,54,68,43,39,41,79,121,168,152,99,91,62,52,43,55,137,166,139,166,139,85,50,74,71,79,85,121,159,118,88,82,74,43,43,71,113,104,150,195,129,142,140,113,135,132,65,71,82,93,129,135,129,107,71,68,85,93,71,99,171,145,135,115,99,99,115,101,107,115,135,124,96,91,85,99,110,145,118,113,101,85,110,115,132,129,115,93,88,96,91,96,82,91,132,121,113,132,88,71,62,50,48,41,41,39,48,88,116,121,108,121,162,127,171,140,124,96,101,101,85,65,60,71,65,113,105,147,116,175,155,150,113,127,127,96,132,129,93,82,53,50,62,50,46,53,60,27,25,39,68,48,50,76,79,82,68,48,65,65,53,40,40,37,55,60,60,50,53,48,63,79,57,44,50,60,76
54,57,78,107,126,107,96,96,115,115,101,98,112,98,134,126,81,129,118,87,107,120,112,81,87,98,123,112,98,98,85,118,177,156,129,156,147,73,54,65,88,136,115,85,96,85,99,115,62,50,37,62,112,78,90,115,107,115,96,88,81,70,90,81,73,70,121,88,121,96,62,57,62,62,65,96,104,101,88,54,54,78,115,96,170,185,193,161,166,156,134,149,129,126,144,134,132,115,71,71,85,73,99,115,93,112,90,96,79,99,156,177,166,166,156,93,101,90,134,110,118,121,93,93,104,139,172,206,142,62,68,142,196,200,188,221,228,193,191,195,166,161,156,159,179,185,159,150,156,177,183,185,185,152,161,161,115,104,101,71,47,79,134,172,181,175,200,134,93,107,118,115,124,129,82,52,62,52,41,57,101,137,195,188,99,91,79,52,55,82,132,142,144,159,137,74,65,68,99,62,62,113,121,107,104,99,57,57,50,50,68,101,144,185,182,164,127,101,121,101,88,79,85,79,101,107,91,71,55,65,88,91,93,127,157,155,127,104,93,93,96,99,101,113,115,127,118,113,110,115,129,129,142,118,115,121,127,113,132,127,104,82,79,79,82,91,82,52,85,110,88,99,76,57,57,65,62,55,46,55,91,85,113,116,147,132,168,193,171,175,124,96,116,127,82,55,65,85,55,88,105,135,132,171,192,150,147,150,110,142,155,142,127,124,113,113,99,79,55,68,79,65,50,62,48,35,37,44,60,53,65,65,57,74,60,46,42,42,37,50,53,55,46,55,63,71,76,48,50,57,63
62,87,81,65,81,78,73,81,78,85,96,75,67,81,70,54,81,85,98,104,87,104,85,67,62,65,87,96,85,85,81,90,131,123,110,115,101,81,62,70,96,99,73,62,104,136,126,129,101,70,70,115,101,101,85,118,156,136,115,73,93,115,85,73,81,90,81,96,85,73,41,68,73,96,65,85,85,99,85,52,60,85,115,152,172,212,187,185,159,149,107,107,118,118,154,164,132,115,81,81,71,79,71,112,85,99,115,96,85,96,144,159,159,144,115,79,85,115,156,166,139,129,112,107,126,147,177,137,82,50,62,134,195,198,196,206,219,216,175,198,181,170,159,170,185,164,156,134,121,154,170,175,185,189,179,181,161,113,101,62,54,99,137,161,168,159,159,129,79,82,121,161,129,113,110,79,65,62,43,71,110,150,191,172,134,132,85,79,88,88,113,139,173,171,129,101,68,55,55,68,62,85,104,132,93,65,62,52,52,45,55,93,137,171,145,166,142,113,135,101,96,99,88,57,71,115,85,57,93,96,99,85,132,157,162,132,118,93,88,82,88,132,159,132,150,137,124,137,135,115,129,132,108,108,127,129,113,99,101,91,76,71,62,60,71,55,43,62,71,79,68,71,71,50,62,79,88,76,55,79,116,110,132,129,171,175,199,179,173,184,162,142,124,113,79,57,60,60,60,79,135,137,171,155,216,145,150,157,147,132,135,145,162,168,177,160,121,76,96,74,102,116,102,93,93,53,28,24,37,48,35,48,65,62,50,48,48,40,53,46,48,57,60,68,79,65,71,48,63,57,53
98,98,73,81,70,67,52,65,90,93,101,85,62,93,47,43,50,78,87,101,67,98,81,67,65,81,70,85,107,85,75,65,73,129,112,96,101,90,85,81,81,81,78,85,107,118,147,131,96,99,118,144,136,110,93,129,147,115,104,99,99,112,81,62,85,107,90,96,85,65,62,78,81,115,73,57,68,68,65,60,73,112,149,131,164,193,196,183,136,121,90,88,115,144,134,137,139,129,104,96,68,85,62,79,104,99,126,134,115,110,141,159,150,134,107,90,134,150,141,181,112,110,101,101,137,129,166,156,99,57,43,134,164,188,200,227,202,222,191,206,172,104,166,144,152,185,177,132,150,129,164,189,170,202,183,137,152,104,45,39,50,101,118,129,142,147,115,101,65,62,113,132,115,104,121,126,91,71,57,65,104,134,150,177,150,118,107,101,85,79,118,126,161,166,129,99,62,50,57,68,50,71,121,82,71,65,79,65,48,52,41,55,85,113,127,140,137,121,132,85,88,91,96,101,104,79,88,99,79,82,76,113,91,142,168,132,88,79,65,55,79,115,159,142,129,142,113,88,115,132,113,71,115,127,101,96,85,79,62,57,65,55,50,65,50,32,39,79,41,55,79,71,68,71,82,96,105,96,71,85,124,147,173,171,191,208,202,166,179,193,195,171,137,85,68,68,53,44,55,85,140,145,162,164,188,145,150,171,160,150,162,168,155,160,168,116,96,71,110,102,132,116,145,116,113,65,27,20,27,35,35,48,55,62,50,55,48,50,53,53,55,71,79,65,82,79,40,53,55,57,60
95,81,95,85,87,90,50,70,104,118,126,96,67,96,57,41,41,87,60,90,98,101,90,81,75,90,98,93,96,67,81,120,141,134,139,123,96,126,112,99,81,88,90,81,70,85,101,118,85,134,110,144,203,126,136,172,144,118,81,73,88,85,65,54,60,104,172,104,81,101,88,81,88,90,112,93,81,62,57,57,68,93,115,118,147,189,205,183,154,126,88,88,104,115,115,121,159,144,104,88,57,62,43,62,134,126,132,154,144,134,144,181,175,147,144,164,161,166,144,123,71,52,62,85,142,168,191,200,139,73,54,110,152,177,164,215,208,198,185,185,132,101,118,132,129,175,198,150,126,101,118,179,159,188,170,129,134,96,50,45,52,76,132,115,118,115,82,82,74,65,88,101,107,121,121,157,142,118,107,101,96,115,129,161,132,124,104,113,107,88,101,126,147,150,99,71,65,55,62,68,68,82,99,99,79,79,74,68,50,43,43,60,71,74,99,96,113,137,68,68,124,88,113,118,104,115,82,60,62,62,55,85,159,142,159,140,68,68,55,52,65,91,142,150,127,127,171,164,93,99,88,55,99,85,99,85,85,52,32,37,41,46,55,48,39,48,71,52,50,52,110,113,93,127,124,101,110,113,116,124,145,162,179,204,195,166,171,159,173,195,193,166,116,71,60,57,41,39,46,68,127,132,147,164,186,175,145,160,168,175,182,171,157,145,155,140,110,79,93,113,145,173,182,142,155,99,34,21,37,57,50,46,39,39,63,71,50,60,37,48,74,82,63,65,53,50,50,46,48,60,68
112,87,93,90,96,90,62,78,107,131,104,65,62,90,85,50,67,67,87,134,109,129,126,123,141,141,141,115,70,73,131,104,159,147,149,121,101,121,131,115,107,88,96,88,73,88,147,118,115,126,88,107,156,187,156,147,141,96,52,50,65,70,62,54,73,81,115,110,81,99,104,88,90,88,112,101,70,54,52,70,62,81,88,90,126,159,161,159,99,85,88,101,107,101,132,118,134,156,115,93,62,41,37,62,134,137,118,144,156,147,156,172,193,185,181,177,152,164,132,79,54,47,43,85,161,188,196,188,134,91,82,110,156,161,170,183,195,183,161,132,101,101,123,126,142,161,185,132,85,88,101,144,150,159,164,147,134,79,62,65,71,79,99,71,88,85,93,71,68,68,85,99,126,107,132,142,172,170,115,101,137,142,124,107,166,126,113,107,101,79,96,115,137,129,85,74,88,76,52,62,82,71,79,85,79,85,82,68,52,55,60,65,71,88,113,96,88,88,79,82,71,101,71,96,121,104,96,68,50,71,76,68,79,104,132,121,91,62,41,43,43,65,101,129,147,147,118,127,93,68,85,65,52,71,82,85,79,35,26,32,50,50,50,68,50,76,71,48,55,68,115,142,113,104,110,116,147,168,166,179,159,159,168,179,157,116,132,155,162,157,162,129,88,65,65,53,53,55,53,74,129,135,140,171,199,188,157,145,152,152,157,145,142,145,147,135,108,85,88,135,173,162,168,152,132,85,42,30,48,62,48,48,50,34,65,74,46,40,37,60,65,63,76,57,40,48,60,48,57,60,60
154,109,104,87,62,81,81,81,73,87,81,47,67,93,112,90,81,81,147,123,131,183,175,159,185,193,170,129,85,85,109,144,141,159,131,141,101,147,134,126,126,99,85,88,118,156,101,156,115,115,101,115,147,129,134,115,136,115,57,45,62,65,62,54,65,65,76,54,99,90,99,99,93,70,88,85,57,54,65,68,78,50,68,90,73,90,96,78,85,81,96,115,149,156,137,139,132,170,137,101,81,41,35,62,104,144,141,129,144,156,152,156,196,212,187,181,175,161,93,47,52,54,57,112,159,164,164,156,134,126,121,144,164,161,168,159,161,183,121,113,104,82,91,121,144,144,156,134,68,62,82,96,144,152,144,129,113,91,71,68,74,60,47,68,74,65,65,62,68,93,82,91,96,104,137,129,134,134,132,134,168,164,132,161,129,152,118,96,82,71,68,68,115,113,82,82,96,79,50,62,60,57,68,85,68,68,79,71,57,62,71,62,62,74,96,88,68,101,104,85,74,57,55,99,115,82,62,65,71,85,68,37,60,71,62,74,74,50,37,41,48,39,55,79,91,88,91,99,68,50,55,37,41,68,57,25,57,46,39,43,60,68,65,76,65,57,71,71,85,74,91,142,132,104,118,157,159,166,175,188,164,155,135,159,142,157,157,147,129,124,116,88,68,60,71,93,85,88,88,108,150,140,162,162,171,173,166,142,135,132,124,127,118,118,113,102,82,96,118,140,157,152,135,127,96,76,62,55,60,65,85,76,62,50,55,57,48,68,57,40,48,57,48,44,46,53,48,46,60,48,57
144,107,104,85,57,81,90,70,43,43,54,54,81,112,139,141,118,147,163,129,156,187,201,189,196,175,144,134,98,85,70,118,136,136,141,136,99,121,141,118,99,90,85,81,90,99,99,118,85,90,81,90,118,126,85,126,134,154,90,50,50,62,73,73,54,54,41,57,78,65,115,123,118,88,81,96,85,68,65,96,85,78,68,81,52,73,37,43,62,118,101,152,181,181,195,172,134,144,129,96,81,65,39,43,96,141,164,164,134,115,118,141,187,195,168,193,185,141,88,71,65,68,88,126,150,156,142,137,144,161,159,132,147,164,147,142,147,134,104,118,101,71,82,96,113,129,115,88,62,65,62,79,144,137,126,132,88,99,79,55,62,55,45,55,68,43,41,76,113,88,79,85,96,88,115,113,113,137,134,132,168,175,110,126,132,129,113,85,74,50,55,96,93,101,88,88,82,82,71,62,39,65,65,91,62,68,62,65,52,55,68,68,60,65,79,79,62,71,107,107,65,48,65,79,85,79,71,74,79,62,50,39,48,52,62,57,52,55,52,41,37,37,28,39,52,60,39,50,52,46,39,35,35,43,37,65,46,50,55,48,62,96,85,52,74,62,88,85,52,88,85,124,145,121,127,129,135,135,142,164,162,164,129,140,157,173,129,124,96,101,76,82,71,65,68,99,124,132,124,152,132,145,171,129,171,155,166,157,152,127,99,116,99,91,93,74,53,99,124,147,162,152,118,116,99,88,65,60,76,79,102,96,82,68,63,57,55,57,40,34,55,50,37,50,48,37,40,46,57,53,50
115,104,112,95,65,75,78,65,39,31,43,67,123,159,185,177,177,194,194,189,185,194,205,198,194,163,134,141,101,65,54,62,81,115,112,99,121,134,115,96,81,88,93,93,85,73,78,85,70,57,39,50,62,104,112,134,136,134,123,118,90,78,73,54,54,60,52,54,43,65,134,134,90,123,134,99,118,104,81,88,78,70,52,68,62,62,62,68,118,149,144,156,166,152,166,147,126,144,141,93,73,68,30,41,71,101,159,126,88,79,79,126,179,177,126,175,161,144,129,118,115,121,101,141,161,156,147,126,132,164,166,118,144,156,91,104,88,82,88,113,104,71,76,96,93,85,68,73,79,79,88,96,107,121,129,144,132,101,82,62,55,50,52,55,57,76,68,121,126,124,91,71,79,74,93,85,71,88,137,157,144,126,101,57,91,99,85,79,41,43,82,52,79,115,137,134,129,96,82,55,82,55,79,76,76,82,57,50,62,60,57,57,62,65,65,52,60,71,88,71,52,52,57,62,74,79,71,74,65,48,50,68,68,52,71,55,55,46,41,65,62,39,30,46,52,37,41,39,50,55,50,46,37,52,62,62,79,55,93,127,135,129,79,62,85,82,52,82,74,65,57,79,101,132,88,101,145,145,157,195,175,155,147,132,127,105,99,76,96,82,85,76,65,68,68,91,150,127,155,166,121,173,145,127,171,155,150,179,121,93,82,76,88,79,65,71,65,96,132,168,150,140,113,102,85,96,85,60,68,76,102,96,91,93,79,63,68,74,57,44,44,40,40,44,42,44,42,55,48,55,60
107,109,95,101,57,54,81,78,52,37,39,98,156,159,170,175,179,181,193,198,212,212,203,189,198,215,172,126,78,45,45,47,54,81,76,85,107,126,118,104,99,96,104,115,115,112,93,85,78,68,62,68,96,123,112,129,152,177,147,101,99,101,68,43,54,57,52,65,70,70,115,123,131,134,126,129,126,126,99,115,99,96,68,62,54,54,41,65,118,161,134,123,112,131,110,118,132,126,144,88,85,88,68,57,62,90,99,107,54,65,81,104,181,193,172,154,161,187,172,159,175,170,90,147,159,159,129,113,126,150,144,147,126,132,82,65,62,65,110,121,137,79,85,107,79,54,54,88,96,96,104,91,85,126,104,113,134,107,91,68,50,41,50,65,85,104,96,132,144,132,104,71,76,82,82,79,79,104,134,150,139,101,79,71,91,101,93,85,57,35,76,62,82,118,159,171,134,115,115,71,65,79,62,88,62,82,57,50,68,55,39,45,52,52,50,41,55,85,52,46,37,52,55,52,52,68,71,62,55,48,62,79,79,85,93,55,50,65,68,74,79,52,43,52,62,57,52,71,65,62,52,57,60,74,82,68,76,96,137,168,164,118,88,82,68,74,76,50,60,60,50,52,65,68,96,132,127,127,191,195,173,132,88,99,99,91,68,62,62,99,68,55,57,60,79,101,101,129,152,145,152,150,118,132,152,162,150,152,76,50,71,62,93,99,55,79,85,108,127,129,121,113,96,102,76,76,79,62,57,65,79,105,108,116,93,93,82,110,108,60,37,35,35,37,46,50,40,46,40,55,50
101,85,81,62,78,67,90,96,67,54,65,85,152,118,141,144,118,118,163,196,175,183,175,175,183,177,129,78,47,45,31,54,62,62,54,54,70,85,144,141,110,101,104,112,118,88,81,78,85,99,115,131,115,126,156,159,183,196,175,149,126,126,93,54,43,50,73,68,85,81,85,88,96,96,118,126,115,126,164,144,134,88,57,41,37,37,31,57,96,107,101,101,90,147,170,134,118,99,112,121,115,79,79,90,81,90,104,115,93,88,96,134,205,187,181,193,195,237,219,213,196,166,110,132,161,115,82,68,88,118,156,134,129,132,85,71,88,113,132,147,161,101,82,88,82,71,68,88,113,129,88,88,107,129,96,99,129,129,85,71,62,65,76,96,113,124,113,118,134,104,118,101,85,88,68,62,82,107,126,132,129,82,74,68,71,68,107,101,85,68,41,68,82,110,137,126,115,121,79,85,65,74,33,65,65,60,50,55,45,41,39,39,37,45,48,39,46,52,39,57,50,55,57,55,41,74,74,57,71,88,91,85,104,96,88,99,60,82,96,85,93,68,60,71,79,88,79,96,68,76,88,104,101,79,85,76,88,150,193,164,142,121,76,68,71,65,65,50,52,48,46,43,65,93,116,137,129,129,186,160,82,71,74,93,105,93,82,91,105,65,44,50,44,48,53,71,93,113,157,171,168,147,85,113,162,155,160,129,79,35,60,110,121,124,88,76,82,108,118,118,96,102,96,113,82,62,65,62,60,62,91,118,116,129,108,132,124,124,142,110,76,48,46,42,48,57,37,40,44,40,48
95,78,81,85,75,73,90,101,73,75,87,96,149,120,101,101,144,112,131,170,129,126,109,149,129,60,57,62,52,50,37,57,57,60,54,47,62,65,104,115,101,101,101,118,107,70,54,65,85,121,129,107,121,136,159,172,181,200,194,149,129,136,104,54,52,50,70,85,90,78,96,85,73,78,90,118,131,129,181,170,121,96,52,31,37,37,30,65,96,90,90,101,96,104,147,150,132,126,123,137,132,88,62,85,93,112,132,134,134,159,150,164,205,185,175,185,246,242,235,222,227,181,129,150,134,91,73,68,88,150,129,154,170,152,113,129,96,115,134,172,126,85,68,96,113,107,82,88,99,132,68,99,134,101,99,126,129,113,65,60,79,96,113,129,115,121,126,82,79,99,115,93,113,96,57,52,68,71,85,99,96,76,71,62,55,65,104,118,76,62,71,85,113,99,85,85,88,79,74,71,50,50,65,48,55,62,57,48,43,55,55,45,55,43,41,46,43,37,50,32,57,48,68,65,79,82,68,96,93,104,118,91,121,79,93,157,62,62,110,115,99,85,71,88,101,121,113,96,60,104,110,127,108,113,99,79,96,129,164,142,96,85,68,68,85,55,60,74,55,50,50,52,71,88,88,101,140,132,145,88,44,39,79,91,116,116,113,127,101,85,55,48,37,44,65,85,99,113,173,184,168,168,96,99,145,129,129,116,96,85,76,88,118,137,116,102,79,116,121,110,102,91,96,91,88,79,57,44,48,79,102,102,121,132,113,132,150,110,150,178,137,93,65,50,50,50,46,46,40,48,46
101,87,101,112,87,90,73,96,101,78,75,118,118,129,81,149,159,152,144,101,98,70,62,104,90,43,62,96,70,43,62,57,67,67,57,70,65,62,78,96,101,115,104,101,96,81,54,52,134,121,141,156,144,144,164,170,175,198,198,164,141,144,121,78,70,54,88,88,85,107,107,81,68,73,99,115,131,166,172,161,147,129,50,43,41,41,68,65,81,101,115,131,156,170,161,172,164,129,161,170,139,96,54,65,81,107,129,156,181,159,185,193,191,206,213,213,234,243,230,221,195,177,170,144,147,132,96,113,161,175,168,175,200,193,152,121,91,99,126,142,79,68,82,129,159,144,123,121,104,88,93,115,132,85,88,99,115,79,43,57,91,115,134,129,113,88,88,43,57,101,110,110,137,113,74,52,43,50,55,82,99,74,68,65,50,52,85,99,91,62,52,85,101,91,62,62,57,55,43,55,52,55,65,55,50,48,45,57,52,52,65,50,48,55,39,50,50,50,50,43,33,52,68,93,96,93,113,121,115,118,145,115,118,147,132,121,79,65,129,129,96,91,82,91,121,108,88,65,68,104,104,135,115,129,99,96,85,110,104,99,96,82,68,65,76,88,82,68,57,50,62,62,93,93,88,96,110,147,137,113,44,60,105,116,152,160,88,118,135,101,65,62,68,65,93,113,101,116,168,179,186,160,145,135,129,116,110,129,150,127,96,105,132,164,155,116,85,76,99,88,91,88,102,96,99,91,62,55,62,79,85,116,145,127,96,96,121,124,157,169,142,127,91,71,65,55,50,46,42,50,48
98,101,115,118,101,96,75,96,90,62,78,112,126,118,115,149,115,134,115,87,67,45,45,67,87,78,90,118,70,57,67,78,73,57,78,81,78,54,96,99,101,104,78,81,90,68,62,50,134,126,149,175,129,149,183,159,159,166,166,144,134,129,115,85,65,54,96,118,81,126,93,76,96,70,78,101,129,170,196,164,126,115,68,50,50,70,101,85,99,144,164,183,177,141,164,193,156,172,185,181,159,129,65,54,71,76,99,129,177,187,177,193,212,213,219,208,234,231,200,187,177,161,170,179,175,170,132,104,139,183,177,195,228,193,118,85,104,99,104,101,104,107,150,166,170,152,142,150,113,99,118,118,115,104,76,65,91,65,45,62,79,93,137,113,107,88,68,68,50,107,147,118,129,129,96,52,37,50,65,82,107,65,91,96,68,82,74,74,88,79,55,82,88,60,43,43,43,39,43,62,55,62,57,55,45,45,52,65,55,25,31,48,41,52,50,43,55,41,33,39,39,41,65,99,74,88,113,110,96,115,155,157,150,145,145,107,96,91,132,129,127,110,99,82,101,96,62,82,93,99,142,115,115,124,101,99,88,104,74,62,91,82,57,79,71,88,82,62,74,65,82,79,74,79,82,99,101,135,150,118,105,65,118,171,184,160,129,113,140,145,105,88,99,99,99,113,129,147,147,188,204,108,137,110,142,127,105,124,142,121,102,127,150,147,171,127,127,113,88,71,82,91,108,118,99,93,79,79,79,79,93,124,116,93,79,76,96,127,155,135,132,124,113,93,76,60,50,46,35,46,57
87,98,115,118,112,98,101,98,81,62,70,118,120,112,129,112,115,112,87,70,65,54,52,73,78,70,93,115,96,101,118,73,50,70,70,70,81,65,90,70,65,52,43,52,65,50,41,50,85,126,107,96,110,134,131,101,99,70,65,65,70,85,96,85,81,101,93,107,78,85,96,90,96,101,73,76,93,129,156,144,126,96,65,43,39,62,78,96,99,121,156,170,189,147,88,150,150,181,129,181,152,99,96,88,68,71,88,134,175,172,156,181,235,187,193,187,200,164,141,101,132,161,187,195,210,203,179,150,123,170,195,198,232,220,166,134,99,99,85,82,99,126,159,177,181,156,132,121,107,147,126,126,132,121,76,76,52,52,50,55,79,96,126,132,101,113,85,99,82,113,144,113,129,129,85,50,28,39,88,96,93,96,91,96,101,96,74,62,74,96,68,74,62,45,39,37,52,48,68,39,68,55,41,39,41,43,50,57,39,25,26,62,62,43,50,39,33,32,32,37,50,68,91,82,107,135,121,115,124,129,145,142,142,129,107,79,79,85,113,132,129,101,71,65,74,85,85,93,99,115,159,104,137,124,127,101,113,88,65,71,93,82,88,96,88,115,93,101,101,65,96,85,104,104,85,79,79,91,124,113,152,142,173,204,221,191,186,142,129,162,142,113,110,140,160,155,101,145,129,142,150,88,101,145,155,105,96,129,127,129,142,142,145,152,150,145,116,124,105,99,110,110,108,110,121,96,79,79,93,108,116,116,99,82,76,79,76,108,148,157,150,135,132,99,48,50,63,46,40,46,46
73,85,118,134,147,129,96,96,87,78,81,120,120,134,96,85,107,104,87,73,81,90,75,62,62,57,85,109,118,131,144,96,85,67,47,60,73,96,70,52,37,33,39,39,37,43,37,54,73,88,73,65,88,96,65,62,54,39,31,39,43,78,99,88,115,131,99,73,68,78,88,99,99,99,90,93,115,126,139,131,134,85,57,50,33,81,96,96,68,90,136,172,159,121,71,85,150,121,183,129,147,129,137,134,79,99,129,129,144,185,187,202,231,220,205,187,156,159,112,88,99,121,215,215,208,211,188,150,118,166,196,164,218,234,181,152,144,126,99,104,113,129,170,181,183,164,139,129,121,126,154,150,132,121,91,68,55,45,39,55,85,101,115,134,124,126,118,129,121,96,110,118,113,99,79,52,39,45,88,113,118,121,68,132,88,82,79,71,104,104,79,68,43,43,43,48,57,55,62,37,65,39,50,50,50,31,39,50,35,37,52,50,39,37,55,41,41,55,39,52,62,76,91,96,118,132,118,113,129,145,145,137,150,104,79,60,82,85,99,115,127,93,52,62,79,65,79,132,99,96,124,121,159,137,110,127,104,82,91,96,79,88,96,108,129,127,132,145,113,76,113,127,101,79,68,62,62,88,113,110,132,155,184,191,182,160,186,204,179,173,162,142,124,137,164,137,140,135,93,101,129,129,116,140,124,85,79,116,140,132,145,124,142,162,168,145,129,127,105,127,157,118,96,108,113,105,79,96,105,124,142,132,132,121,121,76,121,152,152,164,162,135,124,88,68,48,63,63,42,37,37
78,118,141,210,187,120,67,90,96,85,96,131,152,118,126,93,115,129,126,87,101,115,96,67,62,54,81,96,118,144,136,96,73,60,65,68,88,93,73,68,43,45,62,50,52,78,57,50,57,50,62,62,43,50,39,43,50,45,57,65,65,85,112,107,126,131,121,101,60,78,88,112,118,96,141,166,170,159,149,129,107,110,101,65,52,112,118,104,76,85,112,107,107,96,79,81,121,118,112,121,81,134,172,206,156,141,118,99,115,164,191,177,224,203,195,206,185,168,101,112,81,164,195,198,198,200,177,172,161,170,181,142,219,238,216,177,175,159,132,159,159,142,152,175,177,154,170,161,104,118,126,115,159,129,99,85,55,50,55,71,57,71,96,126,142,134,157,157,129,118,99,76,79,79,74,41,47,60,82,124,113,96,88,137,99,82,79,110,137,101,74,57,39,41,57,65,68,48,41,37,39,43,74,57,55,31,31,41,41,39,50,50,39,50,57,65,91,96,88,96,79,71,71,79,93,107,101,115,127,147,171,115,82,96,52,62,65,74,115,104,93,121,68,68,96,91,96,96,108,85,124,140,142,183,152,118,99,124,135,108,85,71,74,99,127,121,140,132,118,127,127,118,74,50,62,79,82,88,93,88,96,121,160,157,145,171,173,197,213,190,157,173,155,118,121,129,105,85,110,116,85,96,127,96,76,88,68,63,140,160,142,160,142,168,124,162,132,166,129,164,193,177,113,116,102,96,79,79,108,99,124,186,164,160,175,137,142,188,206,157,130,121,119,85,57,57,50,48,44,37,48
95,109,170,203,203,144,98,98,107,85,112,112,149,104,149,98,115,144,96,126,98,87,98,98,70,70,73,85,104,104,126,70,67,70,68,70,65,85,70,65,65,68,68,65,78,76,70,50,43,62,62,43,43,37,33,39,39,41,68,93,88,88,121,131,121,144,156,121,68,65,81,96,107,115,149,166,159,164,149,126,99,129,129,85,96,149,144,112,99,112,126,118,126,121,81,93,101,115,126,132,110,115,196,212,177,185,137,96,121,161,156,147,187,200,181,193,206,137,137,90,129,107,179,183,205,203,195,193,195,185,159,196,220,229,196,203,159,159,166,196,193,183,200,202,172,150,137,107,137,96,115,166,126,121,118,126,82,55,57,55,43,65,88,99,134,157,150,147,124,115,82,57,76,65,52,45,43,62,82,96,99,88,107,126,129,82,96,124,129,104,79,55,41,43,50,50,52,50,35,35,48,82,99,74,68,45,43,31,37,45,45,50,55,74,68,93,118,107,129,104,82,55,68,68,82,113,115,110,129,135,127,115,96,68,65,60,39,65,82,113,101,96,76,57,93,96,82,79,121,115,101,155,159,171,164,132,140,159,159,147,127,82,82,110,99,101,91,118,118,137,115,88,60,55,71,88,85,79,71,88,105,110,142,157,162,168,166,199,215,186,166,168,147,116,88,118,155,93,101,110,68,68,101,96,79,71,76,74,132,160,147,157,160,150,127,175,214,157,155,166,192,186,142,110,116,102,85,96,127,116,188,152,132,157,116,199,169,199,155,140,121,113,99,82,53,40,50,55,60,40,50
120,98,172,206,175,147,126,115,90,101,115,134,101,115,90,87,81,90,90,87,73,96,107,98,96,87,78,78,81,54,65,52,67,67,37,65,70,99,65,57,81,65,78,88,96,107,78,65,65,76,65,54,54,41,39,41,39,41,78,107,104,118,147,149,118,141,147,78,54,54,68,65,68,65,68,112,149,170,161,134,110,112,115,101,101,136,126,112,129,139,156,152,166,147,104,115,115,137,150,112,121,121,134,177,219,200,168,170,154,150,121,99,121,139,156,205,202,161,166,161,172,123,181,193,210,200,195,172,177,213,170,212,196,196,161,185,126,123,177,195,179,188,193,156,142,142,113,91,93,101,156,147,132,144,173,126,115,88,65,52,52,55,93,121,118,134,132,107,139,101,68,50,55,71,65,71,74,60,57,65,76,85,113,137,135,118,118,121,115,93,79,82,68,50,37,35,39,39,37,45,96,118,129,132,101,82,57,43,45,50,30,30,68,99,118,135,115,115,85,88,55,62,68,62,91,99,113,104,110,113,79,110,101,76,68,41,48,55,79,96,118,93,79,76,76,96,91,99,108,124,113,145,183,215,113,157,171,150,168,162,162,171,145,110,115,99,132,145,127,99,99,85,91,68,74,88,88,93,91,101,101,116,129,145,188,173,179,204,207,191,162,132,101,116,118,132,164,99,79,108,88,82,101,110,96,88,110,127,129,113,88,118,132,116,147,168,166,162,137,137,175,168,118,124,121,79,76,96,118,113,150,166,137,142,119,171,182,164,171,155,157,130,76,53,60,48,57,76,68,53,30
87,98,181,187,147,112,87,87,98,120,149,73,129,90,98,78,98,67,98,85,87,90,107,118,104,96,78,62,54,41,50,65,70,85,62,68,78,76,57,62,78,70,88,88,101,104,81,96,78,101,85,90,70,54,43,45,50,47,85,118,112,141,172,144,126,88,121,50,62,50,65,54,47,37,43,96,147,144,141,136,118,99,107,118,88,96,115,121,129,112,131,175,156,129,104,115,115,126,121,121,126,118,121,172,221,208,189,172,161,170,150,113,137,175,177,196,183,175,170,203,195,166,170,172,175,161,129,118,147,189,181,154,161,107,113,134,139,126,152,132,129,121,121,147,134,99,68,65,107,99,147,110,175,159,170,147,137,121,82,57,50,74,65,101,65,99,104,107,99,76,68,62,62,71,88,62,76,74,62,65,65,65,96,132,129,135,118,113,101,57,62,99,93,60,45,41,39,31,39,62,96,132,137,150,144,91,62,62,52,39,33,35,79,132,147,129,107,118,79,57,68,99,62,79,68,88,115,110,99,82,91,104,88,79,57,48,46,46,46,74,129,110,96,104,104,79,108,129,85,110,135,127,157,213,215,140,159,150,164,164,155,150,135,127,127,150,104,147,118,113,96,124,115,76,79,116,129,124,116,85,82,113,99,118,182,188,179,193,197,208,152,121,113,113,147,124,127,113,110,118,121,101,110,116,93,113,129,102,110,113,105,76,96,127,145,121,147,142,96,113,142,132,110,113,113,102,88,102,91,102,137,150,140,140,155,192,197,200,219,202,160,124,71,53,74,79,74,82,93,79,53
87,118,147,151,141,101,78,98,131,104,81,81,101,87,101,75,115,112,120,90,85,87,96,101,98,85,73,52,50,54,81,85,109,118,96,62,47,50,65,62,81,90,81,73,96,68,110,68,104,129,99,110,78,57,41,45,54,52,70,85,96,126,159,141,81,107,110,78,54,41,65,47,50,62,54,73,96,96,112,129,101,73,101,99,81,101,131,101,99,99,147,172,121,99,82,85,113,129,96,101,132,132,156,170,206,206,187,164,159,187,191,150,168,234,200,172,144,144,172,189,187,161,134,129,132,126,101,99,96,93,107,88,88,65,79,107,96,142,144,118,101,104,121,129,96,68,73,79,123,129,126,170,150,156,196,214,166,144,132,85,43,50,82,82,65,57,68,85,62,107,85,88,79,82,96,101,85,82,71,91,55,62,99,110,137,121,135,88,85,91,96,74,88,99,79,65,45,43,41,62,85,147,147,159,137,82,50,55,52,45,60,74,118,142,129,104,88,79,55,68,96,107,99,91,82,88,113,110,104,115,107,91,76,79,62,65,52,33,30,57,93,115,110,88,93,115,115,115,127,127,121,157,159,195,213,159,145,140,145,127,115,129,135,132,118,191,82,115,135,113,96,104,88,82,108,116,110,105,65,57,74,79,135,116,171,197,142,160,186,184,164,110,113,121,145,118,96,124,155,168,132,137,132,132,110,116,118,108,155,184,157,74,99,132,147,150,137,110,71,96,96,99,110,113,129,145,116,118,99,68,127,137,124,157,140,169,186,179,230,239,171,113,63,53,82,108,124,105,105,99,50
98,107,126,149,126,87,81,87,107,70,65,87,101,101,93,129,129,120,104,107,78,60,62,73,93,98,62,43,52,70,101,120,115,115,107,99,81,73,88,85,88,101,76,73,62,68,50,76,121,104,107,73,52,41,54,50,52,50,52,65,85,90,104,129,131,115,118,70,45,39,41,62,81,70,52,47,65,81,112,96,88,78,118,101,88,121,126,112,99,129,164,152,112,99,68,99,147,147,99,115,150,126,150,179,205,198,170,150,156,164,161,170,226,251,179,172,99,104,147,164,150,126,104,115,91,68,82,71,62,45,54,62,54,62,73,85,93,137,144,99,79,118,132,118,101,101,110,113,150,156,134,170,147,161,195,212,181,173,142,107,74,65,50,65,57,65,76,91,93,99,113,134,82,104,96,107,126,115,85,65,82,107,144,118,150,177,107,104,101,99,65,76,104,129,104,88,50,50,52,79,104,147,161,147,99,82,57,57,52,50,65,99,104,104,91,82,91,57,55,71,99,104,101,113,101,88,101,127,118,142,129,99,79,85,79,79,88,71,39,41,82,99,88,82,85,104,142,135,135,135,129,159,140,175,168,173,124,118,135,145,129,137,147,124,129,147,127,110,88,85,110,99,142,96,71,82,68,55,46,46,53,76,127,152,200,175,129,135,190,162,121,88,93,145,124,105,135,155,162,184,129,177,140,147,145,113,127,140,168,195,164,121,129,140,132,147,105,110,76,96,71,85,91,96,132,155,132,105,96,79,91,108,110,129,124,142,199,206,193,192,152,142,102,74,91,116,132,124,116,91,71
70,90,107,126,126,85,70,65,98,90,87,73,90,107,85,98,101,73,85,126,78,52,67,67,62,54,43,54,81,101,118,141,115,126,141,118,90,90,78,104,131,118,96,70,52,41,50,78,118,96,99,57,45,39,52,50,41,62,62,65,65,57,78,147,159,121,96,70,54,37,52,73,76,57,50,54,70,88,96,76,85,90,115,131,104,144,175,156,134,159,164,154,129,101,96,123,164,126,141,181,129,99,104,195,187,159,139,156,170,159,134,161,221,228,172,195,99,85,115,132,88,82,96,99,82,65,79,65,39,39,60,85,76,71,93,126,132,144,85,39,31,43,79,99,126,147,144,142,115,137,166,156,159,159,183,204,206,168,142,134,93,60,52,65,88,99,147,107,147,181,144,137,96,107,99,126,129,121,129,79,96,88,150,152,193,137,132,137,96,41,31,68,137,159,157,96,79,52,45,65,104,96,107,126,99,74,60,74,50,48,71,74,74,50,74,55,96,91,62,71,115,113,101,113,96,79,101,145,140,147,157,150,93,99,127,110,113,96,57,60,101,88,79,76,68,99,142,132,140,173,175,157,142,171,159,142,88,93,115,124,110,142,159,150,135,118,93,101,104,99,113,113,96,79,74,82,57,53,55,55,76,79,145,137,191,171,157,147,142,135,88,85,113,129,91,76,124,135,164,173,186,140,177,129,113,116,137,147,152,157,160,173,168,155,96,132,105,129,96,99,91,85,91,93,113,127,118,116,82,76,91,110,113,127,137,110,160,148,137,137,142,148,116,79,99,113,116,137,127,88,76
67,57,81,104,98,85,75,85,78,96,70,70,81,60,57,85,112,88,85,129,107,67,65,78,65,47,54,78,107,118,118,149,166,149,104,96,118,101,107,134,154,134,121,85,65,65,65,76,118,101,81,68,62,50,54,65,60,68,85,78,73,70,99,144,139,115,81,90,62,43,50,52,54,54,73,85,70,68,68,70,68,73,112,149,154,154,166,161,161,177,172,159,141,126,129,121,113,126,170,166,132,99,65,156,164,110,132,175,181,170,161,132,161,159,185,200,152,126,134,99,96,96,113,88,96,101,82,65,50,41,85,96,62,82,126,154,188,161,45,25,16,21,76,132,154,198,177,147,113,170,179,175,161,134,161,168,166,157,150,137,99,65,57,65,91,113,147,147,147,177,185,126,104,126,126,118,113,132,132,88,79,96,104,129,150,150,147,79,33,37,41,60,129,159,161,135,68,68,50,62,85,68,85,71,65,60,74,57,55,43,65,55,55,55,60,62,88,99,85,99,135,110,93,91,91,79,99,142,157,166,155,157,121,140,157,137,110,99,85,96,96,82,82,82,65,91,152,150,157,164,157,147,164,159,171,147,99,104,127,121,145,142,142,142,129,124,132,118,115,93,99,115,99,71,57,74,79,62,71,74,79,82,88,137,193,217,152,147,140,127,102,88,99,129,88,60,96,132,166,182,160,124,93,82,71,102,127,127,145,168,179,160,145,137,91,105,105,145,108,121,96,71,88,93,88,102,110,129,91,102,113,147,96,129,164,140,169,173,164,142,127,116,99,119,130,113,116,145,130,145,60
65,93,85,78,93,98,96,104,70,90,90,67,67,52,62,57,93,126,98,96,112,85,85,90,65,70,67,73,112,126,161,107,163,172,101,112,152,149,115,118,136,129,110,88,65,90,90,65,78,99,68,54,62,73,65,81,70,68,107,118,99,104,115,136,149,136,118,96,57,37,33,33,57,88,104,99,68,52,52,70,70,85,123,147,134,129,99,99,141,175,205,185,147,141,96,79,113,161,172,172,139,96,65,99,118,115,152,161,150,147,147,126,126,175,170,164,175,156,147,101,88,107,113,101,121,132,82,85,85,96,85,85,68,96,181,216,196,150,50,24,18,22,96,161,189,232,198,159,129,132,164,195,144,104,137,152,142,144,137,118,91,71,68,52,79,121,161,183,175,147,154,159,113,115,142,166,173,142,101,76,65,93,115,96,104,107,71,43,55,60,55,62,115,144,142,144,85,57,52,62,62,65,79,79,55,50,62,48,57,45,28,52,57,82,88,110,99,88,99,115,99,127,88,82,96,104,101,127,147,129,127,147,162,164,155,132,118,107,110,113,99,93,96,99,68,82,147,155,147,115,104,124,135,164,171,155,157,157,129,127,157,155,135,142,150,140,121,124,115,93,93,93,62,50,55,62,68,79,79,102,96,88,105,168,193,207,208,199,193,160,157,127,113,124,91,76,110,127,157,137,113,108,71,68,60,91,116,132,173,192,168,140,127,124,110,85,99,99,105,108,71,63,96,108,85,96,93,118,145,129,166,155,124,121,140,150,142,155,148,130,110,96,93,113,132,157,142,169,178,130,116
98,104,95,112,112,107,93,96,115,129,104,62,67,88,33,88,78,104,70,75,96,98,90,81,60,88,85,73,109,101,104,112,136,149,129,152,141,118,115,112,126,131,115,134,96,96,70,70,70,93,78,76,65,88,81,81,107,134,134,115,104,115,144,147,170,172,144,90,50,23,25,41,62,78,76,81,65,41,52,70,90,112,112,104,99,99,70,78,129,172,215,196,149,134,82,68,144,150,150,144,121,82,82,90,88,129,144,126,115,123,132,137,144,185,141,104,156,150,137,115,62,88,104,129,126,126,134,126,118,126,45,79,88,118,164,222,147,101,57,26,18,37,104,166,195,220,213,156,129,113,188,172,150,134,150,132,126,121,91,71,82,65,52,65,79,104,175,152,152,188,166,159,124,101,110,142,161,129,96,104,96,101,129,142,132,91,79,48,45,79,85,71,101,126,129,115,93,65,65,82,65,57,79,65,55,41,55,65,45,45,45,50,71,96,118,132,118,127,79,99,101,113,107,82,88,99,101,110,132,96,113,162,159,159,137,127,113,127,147,147,115,107,107,113,93,88,127,127,145,113,96,85,113,150,157,145,177,159,127,140,171,162,140,147,150,145,118,99,113,85,76,74,71,82,74,68,71,79,96,110,113,93,121,147,179,182,173,162,177,145,135,113,82,96,108,102,93,110,137,113,113,110,65,65,82,108,113,127,175,168,150,132,102,99,85,79,65,82,108,88,68,74,96,116,79,79,82,124,152,129,171,150,160,132,142,119,121,113,110,99,85,82,93,99,130,152,182,190,164,145,99
120,144,129,134,129,118,104,112,115,107,123,96,81,65,88,62,65,70,65,67,57,67,88,98,104,107,129,96,96,78,45,65,75,101,147,141,129,121,134,129,126,126,115,110,147,126,88,90,112,81,90,121,104,112,115,126,126,110,139,144,126,141,170,156,168,159,149,78,50,26,30,45,50,50,52,78,65,50,52,52,65,93,70,62,70,96,99,99,156,203,198,156,118,115,82,82,129,121,115,126,101,73,88,99,101,132,115,93,101,115,126,159,185,147,104,96,121,134,154,152,99,90,85,115,118,115,159,156,132,113,41,85,96,91,107,142,104,88,79,37,16,33,132,170,195,215,183,164,159,159,175,150,177,161,157,96,101,104,65,65,79,65,68,85,82,121,170,150,164,170,150,142,126,113,91,71,93,134,126,126,132,93,101,129,91,96,88,74,71,68,65,71,82,88,126,118,104,96,96,85,79,57,82,88,82,71,71,79,68,62,60,71,91,101,147,157,129,93,88,88,107,107,115,104,96,127,124,110,121,124,140,164,132,162,145,115,104,140,159,171,135,132,137,129,124,115,93,93,145,99,108,65,101,115,159,132,162,164,173,159,173,183,142,127,142,145,115,82,68,62,85,74,96,124,127,110,91,71,79,96,93,108,127,145,191,147,140,118,88,113,88,88,82,82,68,79,82,91,93,99,118,99,79,79,113,124,102,105,132,145,127,99,79,65,82,68,79,88,102,96,82,74,91,96,91,76,91,116,140,129,116,137,150,162,145,127,148,91,91,108,105,85,99,108,119,140,169,188,152,145,96
131,131,120,123,123,129,126,120,101,88,118,101,88,85,81,70,85,67,70,57,37,70,134,123,149,177,149,129,115,85,78,41,93,115,115,112,147,185,134,136,141,131,115,152,149,131,115,107,144,85,123,126,85,104,164,144,96,76,126,183,141,144,154,164,115,112,112,68,52,41,52,54,45,43,70,78,68,70,43,62,47,76,65,70,73,99,107,101,168,205,164,112,99,68,90,93,85,82,82,104,96,85,71,104,118,118,88,90,101,113,132,152,175,134,101,96,82,126,175,181,132,96,88,101,115,118,161,195,175,129,71,73,71,73,68,57,91,121,126,52,19,30,104,150,195,208,185,156,159,175,154,159,185,147,134,113,113,113,99,82,79,82,71,126,126,152,157,183,150,164,104,157,134,91,60,76,107,134,118,104,132,126,101,121,113,104,85,110,104,118,82,68,79,74,85,91,96,96,96,101,99,79,99,93,93,115,99,85,96,68,68,88,99,121,142,115,104,96,55,85,129,118,104,129,121,107,115,93,99,118,157,155,113,135,132,127,127,104,99,155,159,150,159,145,121,113,88,104,121,79,96,62,88,104,142,115,113,179,190,159,182,199,142,121,142,147,110,71,79,99,88,88,127,140,135,132,96,85,99,113,116,93,105,121,142,129,160,121,102,118,99,82,76,79,82,85,79,82,60,68,85,85,76,76,102,113,93,79,116,110,96,79,57,55,55,79,85,102,102,82,91,96,99,96,91,88,93,129,166,145,116,127,142,157,160,175,135,99,116,121,105,99,96,105,137,140,135,145,145,140,85
129,141,131,120,118,126,118,104,118,112,118,115,101,109,112,96,88,73,67,65,67,88,129,144,144,166,156,129,118,101,90,81,115,115,115,177,154,134,118,131,166,149,141,101,129,156,126,115,126,208,144,121,126,126,123,144,131,90,88,126,107,101,99,129,126,60,47,65,57,57,54,62,62,52,39,50,73,65,68,41,65,88,123,78,73,65,99,115,110,136,144,112,78,54,96,79,65,71,71,82,88,88,73,99,113,113,99,101,126,118,142,144,179,166,118,104,71,126,164,159,132,126,104,82,99,159,198,226,181,179,134,60,71,79,50,43,71,115,121,79,33,28,41,107,188,198,185,156,147,144,172,177,183,144,113,104,115,157,154,110,57,74,126,159,157,154,150,170,161,150,139,175,154,126,74,79,118,107,107,129,132,126,129,150,113,115,110,104,150,115,96,91,79,68,79,52,85,68,104,62,91,85,91,121,132,88,104,121,91,99,88,101,118,113,93,104,85,79,71,88,113,113,135,137,129,93,85,82,96,118,127,99,135,137,104,135,142,124,118,127,168,166,177,177,118,93,101,93,101,74,82,82,88,82,121,115,110,155,175,155,166,185,145,115,113,183,159,101,118,132,113,118,142,150,137,132,113,96,127,132,113,74,99,145,140,142,140,132,124,85,108,99,96,99,82,96,85,85,62,99,53,57,71,82,85,102,102,99,65,63,65,53,44,57,93,91,116,105,93,99,76,102,142,127,102,91,93,127,127,99,105,132,145,121,121,164,164,124,102,88,68,88,108,124,150,162,124,110,102,85,88
136,147,129,131,115,104,123,131,147,98,109,118,129,115,118,129,101,57,57,67,70,78,98,104,120,147,134,101,81,90,104,88,93,112,129,194,191,107,99,131,149,136,131,144,126,107,131,112,156,144,156,170,131,96,99,144,181,152,152,147,96,85,78,131,35,57,65,70,65,68,62,101,68,62,88,65,81,68,33,99,96,115,161,68,73,54,62,73,88,88,101,96,81,52,71,118,88,54,57,88,76,79,73,104,115,113,107,110,137,150,150,159,181,205,144,121,85,134,115,107,118,132,107,73,99,164,161,188,152,175,132,73,91,54,71,85,96,104,129,101,52,43,50,96,166,193,161,144,181,159,166,179,170,134,85,60,101,152,159,126,85,82,134,161,157,173,164,137,161,188,188,175,147,142,85,74,113,101,104,150,134,115,137,121,101,132,121,129,140,144,124,96,71,76,85,85,74,129,82,35,82,93,96,88,121,104,101,129,101,91,99,68,91,60,71,74,91,85,65,71,99,104,152,140,96,85,79,79,82,82,104,107,101,99,113,118,115,127,113,121,171,179,173,182,140,104,93,76,85,76,82,96,79,79,113,127,135,132,142,132,140,159,145,101,124,195,191,140,113,127,145,110,127,150,150,137,118,116,127,127,93,99,127,157,108,118,132,129,102,102,116,129,124,102,93,88,82,85,62,76,68,60,62,65,102,121,99,85,63,46,50,46,63,63,82,108,124,124,124,113,102,116,116,124,93,82,85,110,99,142,150,116,93,129,121,105,135,88,113,65,53,65,102,121,124,137,110,82,55,53,79
118,107,87,95,98,93,115,109,93,73,70,118,134,120,129,147,96,70,65,67,67,98,104,85,126,115,96,73,88,65,52,90,76,78,129,185,212,121,93,131,121,115,134,152,164,144,147,147,159,175,177,187,134,73,96,118,134,136,134,126,104,112,81,47,52,39,57,52,70,104,99,70,112,115,96,81,43,47,62,68,164,164,161,121,68,62,68,68,85,85,85,107,88,85,101,132,79,39,88,90,90,90,85,104,113,90,101,113,118,166,152,185,181,211,196,137,85,99,85,88,104,121,121,96,96,126,137,121,115,115,71,82,88,62,101,118,126,115,137,121,99,101,96,132,161,175,161,161,226,177,152,150,134,113,65,52,88,132,161,147,96,91,144,166,175,177,157,159,173,175,185,144,132,129,88,68,74,96,124,144,126,150,137,144,124,113,115,140,161,152,113,99,96,79,88,93,99,129,101,52,41,88,110,101,99,126,110,101,115,74,71,115,91,82,68,79,79,85,82,52,82,118,121,118,96,71,55,50,52,62,68,79,96,110,115,104,93,68,82,99,137,162,159,157,150,135,88,68,82,79,101,88,96,99,93,93,101,104,110,118,101,115,140,127,142,147,150,127,113,152,157,115,129,157,140,124,102,105,124,129,105,93,82,79,88,105,132,135,118,129,116,129,110,88,88,82,71,85,68,68,99,82,44,79,127,110,105,63,44,46,50,53,46,53,79,113,142,140,140,96,96,85,96,105,96,93,85,88,137,135,124,108,85,121,108,91,150,121,91,85,74,85,88,105,119,102,91,88,76,34,57
104,81,75,81,88,85,81,81,81,81,47,123,123,156,134,131,109,101,76,115,118,81,85,96,88,65,98,88,73,67,62,85,76,70,126,126,175,179,131,134,134,136,136,141,131,147,161,159,149,172,205,203,121,68,65,85,104,99,88,99,136,126,126,88,54,65,52,65,78,96,107,115,112,115,99,90,68,47,65,90,139,149,136,110,52,68,88,99,88,90,101,88,65,101,107,76,65,85,126,129,113,132,126,101,85,68,73,107,121,142,156,198,185,195,210,144,79,68,110,115,113,144,144,99,79,96,115,79,82,85,45,99,79,104,82,96,121,113,126,132,115,115,118,152,147,144,189,215,198,183,144,132,126,99,55,45,82,126,173,170,115,107,173,173,173,175,161,170,175,175,154,142,139,107,104,96,52,79,142,147,132,124,150,126,115,113,118,132,144,129,124,118,101,85,71,88,150,144,118,85,48,85,88,91,113,96,101,96,88,101,91,96,104,107,71,88,52,65,46,65,68,82,110,88,60,52,50,41,41,55,82,71,88,71,85,101,65,79,62,85,96,135,145,129,135,137,104,68,60,79,124,93,104,82,79,76,71,79,85,79,71,85,129,159,159,135,115,115,127,124,132,129,137,135,99,108,96,96,132,135,105,76,48,57,96,110,110,124,110,96,110,113,105,99,99,99,88,82,76,68,96,85,60,88,110,116,105,79,42,44,57,50,50,53,71,99,145,145,142,121,124,110,99,113,99,71,50,65,99,116,135,118,110,96,116,124,130,124,108,135,105,71,119,110,96,108,145,130,42,71,40
120,98,101,95,73,67,85,96,115,78,70,96,136,154,126,112,112,93,131,175,141,73,62,70,70,57,88,70,67,76,65,54,52,62,85,118,141,126,129,154,144,126,81,96,112,104,104,147,131,181,203,170,129,73,50,96,112,78,121,164,187,139,99,81,30,37,54,85,76,81,104,123,129,118,144,118,57,47,88,99,123,118,76,73,90,104,126,68,62,96,99,78,81,99,96,88,93,96,144,134,129,150,142,99,71,52,54,82,101,126,172,198,185,170,185,161,104,93,150,166,166,159,115,73,68,82,73,54,54,85,57,101,88,101,73,88,123,123,107,115,123,139,154,137,142,132,168,181,183,193,144,154,134,88,41,37,68,137,198,210,157,132,173,170,170,175,150,159,208,183,168,150,129,96,115,126,62,74,147,139,137,132,115,96,99,107,85,71,104,129,135,113,113,115,104,107,147,129,110,107,99,99,88,79,71,68,82,91,68,76,118,115,121,110,62,52,65,52,60,68,50,52,60,65,62,71,65,52,52,57,82,96,82,88,82,68,68,65,55,52,65,96,132,118,145,96,68,55,62,101,82,135,74,68,65,85,62,53,68,76,48,53,118,162,205,173,108,168,129,110,96,127,91,93,105,105,96,96,145,121,79,79,62,82,118,105,99,110,99,99,140,142,129,152,129,124,110,91,96,82,88,118,85,82,105,124,113,85,65,65,57,63,53,44,65,102,145,164,140,135,135,110,85,82,68,46,68,91,99,102,113,116,124,88,79,82,110,110,116,91,88,99,119,127,110,127,150,99,105,82,110
163,134,109,78,65,78,104,98,98,93,76,81,115,134,126,96,88,101,147,149,98,73,62,62,78,67,62,54,54,60,52,37,60,73,76,121,107,104,118,131,126,96,70,54,85,76,81,161,144,170,96,107,123,76,62,104,139,144,206,222,177,131,78,57,52,43,65,90,70,73,99,126,141,144,134,101,60,62,101,90,99,118,96,73,54,81,99,68,73,110,104,65,81,90,115,129,99,85,110,129,113,115,134,96,68,73,62,62,104,144,168,177,183,198,202,183,144,147,147,144,134,115,71,54,82,82,54,54,85,104,101,68,104,88,96,104,118,137,118,118,139,164,161,129,137,96,134,152,181,161,159,154,129,73,55,57,68,118,204,211,179,157,175,159,170,170,157,183,177,166,173,150,129,126,121,118,82,88,126,134,126,129,91,101,96,88,62,71,113,110,121,142,142,147,121,99,132,107,91,96,88,104,107,71,50,62,71,82,82,88,104,126,159,132,65,62,62,50,43,55,43,41,52,62,74,82,74,79,85,68,71,82,99,55,71,55,68,65,55,60,76,79,115,115,65,96,46,50,65,79,71,85,62,96,60,71,82,85,96,62,43,48,115,129,159,159,185,147,132,147,91,110,96,96,93,88,108,110,140,129,82,110,76,99,108,99,127,102,116,137,160,171,147,157,155,145,132,96,113,110,116,116,96,93,91,99,108,96,79,63,60,68,50,53,65,108,150,155,140,142,127,99,99,96,91,91,110,110,108,132,129,157,142,79,79,76,68,74,74,74,71,82,135,119,93,130,135,110,121,116,96
172,181,136,81,52,78,112,88,101,107,50,78,112,126,115,88,85,104,90,81,67,65,85,73,70,73,57,45,39,50,43,37,88,85,99,93,118,104,78,70,85,73,78,62,88,99,126,131,131,101,62,101,115,96,81,93,141,193,203,159,131,121,78,43,31,65,81,115,52,85,101,96,110,99,93,107,96,76,81,115,104,159,104,73,65,68,88,81,96,81,57,90,134,134,144,123,113,99,90,101,115,104,123,115,65,65,68,68,104,129,170,181,177,206,198,187,183,164,126,71,96,96,50,52,88,82,79,132,142,121,118,79,118,142,115,132,115,118,113,113,154,164,150,132,129,101,107,150,139,115,147,137,101,104,71,71,68,96,177,193,181,175,168,150,173,164,181,159,147,147,144,157,159,152,144,115,107,113,126,144,118,166,99,107,104,101,96,96,113,115,121,147,161,135,127,96,91,71,82,71,79,104,88,65,60,65,68,71,71,91,129,157,173,144,96,62,41,50,62,48,50,48,55,82,82,99,107,124,129,113,115,101,68,62,71,71,88,82,104,62,55,60,76,93,79,65,68,68,85,79,68,85,101,96,91,96,110,93,88,62,43,68,71,101,121,162,129,142,162,129,132,96,147,108,110,105,96,135,142,147,145,127,113,127,110,132,102,105,129,147,147,171,162,157,191,179,129,137,132,135,142,124,118,99,71,71,88,82,55,55,68,68,60,76,76,108,142,135,147,135,110,93,96,129,150,142,132,145,129,113,137,160,142,127,113,74,42,55,60,55,55,74,116,116,76,99,135,130,96,140,96
192,174,131,70,43,52,73,90,88,78,62,76,131,134,112,85,85,90,78,70,70,85,81,65,60,60,57,52,54,41,37,45,88,88,123,110,115,96,68,52,54,70,65,81,85,134,144,99,136,90,126,101,99,99,81,78,112,149,141,118,129,96,68,28,33,107,126,107,85,107,118,70,60,65,101,147,115,104,129,101,99,141,99,57,81,73,73,85,76,81,85,101,131,129,164,159,144,96,96,99,132,137,123,115,121,121,110,99,90,126,147,166,189,172,191,181,152,118,113,99,85,82,52,52,68,85,126,144,147,107,115,126,121,137,168,147,115,85,79,88,113,142,142,121,101,115,132,147,96,99,132,134,99,99,107,85,62,85,144,168,166,175,164,175,183,157,170,177,142,157,147,166,177,150,170,170,132,134,150,159,157,173,150,104,144,135,147,118,96,135,129,115,161,147,135,96,68,71,79,88,74,99,85,71,74,79,85,88,79,85,127,144,142,152,88,55,62,60,55,41,43,65,82,99,99,104,129,135,147,135,96,93,88,68,74,93,96,96,96,76,50,52,71,71,65,65,76,74,82,101,93,71,115,85,93,96,62,65,71,62,62,60,68,115,164,132,110,124,132,115,118,108,99,110,145,135,113,140,132,145,140,157,135,132,118,145,116,110,132,129,121,147,182,184,179,182,150,177,155,157,168,132,142,96,65,65,71,74,53,57,76,74,74,82,71,99,99,121,140,129,102,96,113,157,179,160,145,162,121,116,140,145,142,132,132,91,55,55,82,74,71,88,99,88,85,108,145,140,127,150,124
183,151,107,70,52,41,39,54,88,70,96,78,120,147,101,118,96,88,78,67,88,85,65,47,37,37,57,70,57,41,43,70,88,101,144,149,129,112,68,41,52,65,52,90,118,131,152,147,134,112,99,78,76,70,52,52,90,118,118,131,126,65,52,26,68,107,112,68,107,131,112,68,52,54,68,110,110,115,81,129,112,112,99,73,110,81,70,76,85,85,107,90,104,166,144,161,159,161,134,107,134,104,147,166,164,132,123,104,57,96,115,170,154,193,213,164,113,115,121,107,68,126,104,62,82,62,62,121,113,126,129,137,156,164,142,142,123,91,65,71,82,115,134,113,82,113,147,88,79,110,139,142,91,96,129,88,68,79,118,134,157,175,177,188,177,161,198,173,144,137,144,164,159,154,195,204,152,150,159,173,161,159,173,115,157,177,150,137,115,135,129,113,132,132,140,129,104,93,82,96,65,85,82,88,96,96,113,115,93,85,91,82,115,135,82,107,74,88,65,57,52,71,91,85,93,101,129,157,132,127,113,88,76,68,71,76,88,82,88,68,50,43,57,65,74,71,93,88,71,101,96,74,68,50,53,53,53,53,88,79,60,71,96,113,99,129,155,121,115,101,79,110,135,115,93,110,127,116,99,116,113,127,116,105,85,124,116,132,96,102,129,152,164,157,157,179,175,150,173,182,162,132,132,102,60,42,65,91,74,57,85,102,76,85,55,76,79,118,85,108,96,102,124,155,157,171,179,152,145,142,147,145,152,173,145,127,79,71,110,116,82,99,152,130,116,150,148,132,119,130,110
185,131,67,67,65,47,54,39,73,120,67,43,90,115,134,85,76,88,81,67,73,67,57,39,33,30,50,73,62,43,47,67,88,88,131,170,131,73,43,35,52,68,65,118,147,134,183,164,129,101,52,62,65,81,81,70,81,126,131,104,99,54,57,62,76,99,115,112,99,85,81,85,62,45,43,79,112,101,112,123,99,104,54,57,99,62,65,88,110,112,99,101,90,90,132,126,132,121,101,126,104,101,123,175,164,126,134,90,43,101,144,183,175,205,244,185,132,126,96,76,90,107,90,73,85,85,65,156,147,121,139,154,164,154,144,150,110,82,68,52,73,121,134,132,88,93,121,85,68,118,147,126,99,88,82,82,71,57,79,121,152,175,195,170,159,159,175,157,132,132,134,137,129,166,185,173,166,150,147,164,166,150,126,96,127,140,115,127,129,110,124,115,107,132,161,152,150,110,65,79,55,65,68,82,104,101,115,135,99,79,68,71,88,104,115,99,93,71,60,62,50,55,88,76,93,132,127,145,115,132,79,91,85,79,74,60,76,85,82,88,60,52,65,76,85,93,91,93,93,82,79,55,50,43,43,53,55,71,82,99,93,101,101,110,129,147,145,115,121,121,127,135,118,85,79,85,99,85,55,65,99,116,96,82,93,82,85,105,93,116,147,152,173,193,162,157,152,127,179,137,166,124,129,96,63,50,99,124,88,68,76,96,79,91,76,71,85,110,85,85,108,102,118,110,137,184,175,155,160,135,145,168,160,142,173,135,110,93,105,121,132,121,153,160,145,166,142,99,119,91,96
81,52,101,109,85,78,57,62,70,70,65,50,67,85,104,115,67,67,81,62,37,45,70,37,41,43,70,65,90,67,52,54,65,57,81,126,115,52,28,37,68,85,101,129,164,164,193,170,118,78,52,52,81,115,134,112,99,118,121,70,65,70,81,81,90,110,149,159,110,81,73,68,50,45,62,85,118,107,101,118,88,81,47,90,134,93,101,131,104,96,104,85,43,50,88,115,110,129,142,99,170,123,101,129,137,113,110,99,88,147,193,166,196,195,183,166,123,118,68,41,50,71,68,62,65,68,113,134,147,144,142,126,161,188,132,121,118,62,50,54,99,134,134,99,85,85,68,115,79,113,107,99,65,54,68,62,65,62,62,96,150,168,183,157,159,134,134,134,129,134,99,88,118,142,170,164,161,154,164,175,161,142,129,113,113,96,104,115,115,101,121,127,121,144,159,164,147,140,104,65,52,57,62,71,127,124,129,150,110,68,57,62,57,74,104,79,82,50,62,43,41,62,99,99,91,118,96,99,85,76,82,71,91,79,74,82,62,82,104,93,76,71,93,101,132,132,110,85,88,68,71,82,74,76,60,76,88,93,110,110,127,104,88,93,121,118,104,99,127,135,124,127,132,88,60,88,99,65,41,65,108,118,127,127,137,135,132,140,140,132,140,162,162,162,157,129,140,147,135,129,116,129,127,96,96,116,147,147,127,113,82,88,110,96,96,82,88,116,91,88,102,102,91,113,140,142,157,162,155,142,145,155,150,113,150,127,116,110,121,124,137,130,121,162,140,135,137,105,145,132,102
65,67,78,96,98,81,45,50,33,67,65,41,50,85,62,50,62,62,62,52,54,65,67,96,67,73,62,73,81,43,45,67,70,52,60,93,99,57,37,54,68,68,101,115,147,156,185,170,96,70,54,88,107,129,166,161,126,134,147,107,85,78,81,85,121,101,107,134,112,104,81,47,47,54,90,101,107,118,88,85,70,54,76,85,107,121,134,131,123,126,101,65,37,50,115,132,115,142,129,152,150,126,107,99,88,96,132,159,156,137,144,166,164,172,152,144,137,113,68,88,68,39,54,50,30,50,96,85,126,104,91,91,126,101,96,65,82,52,57,82,88,129,107,68,85,76,85,88,71,99,79,85,54,43,55,65,71,65,52,85,137,181,147,152,150,129,132,150,118,118,91,74,91,124,173,175,173,142,150,181,181,137,142,166,147,104,99,118,96,96,127,135,101,107,140,150,142,144,113,68,71,68,74,79,115,129,144,147,127,76,48,45,52,52,79,85,71,79,65,55,57,101,137,127,96,96,85,79,55,43,65,55,74,96,85,93,60,68,118,121,99,99,93,124,140,132,113,85,108,76,93,85,110,96,79,82,101,71,57,96,142,110,96,104,91,76,74,124,76,99,104,104,115,115,88,105,96,71,50,76,71,129,147,127,113,132,150,116,118,140,137,135,140,147,132,147,129,142,113,124,142,116,110,105,124,147,140,110,135,140,85,85,127,110,93,96,102,113,99,93,82,85,79,124,127,113,127,147,152,162,164,147,132,102,102,119,110,130,127,137,110,113,124,124,130,99,132,124,179,175,108
54,62,96,87,81,67,67,54,54,85,57,31,57,81,90,65,52,43,39,41,50,70,118,98,88,90,43,67,90,90,67,96,88,70,68,52,81,99,65,62,70,50,78,88,96,154,147,134,70,65,90,144,185,168,191,181,149,196,185,181,96,76,78,96,118,85,70,112,90,101,88,54,70,70,101,126,101,118,85,73,96,101,107,101,90,88,88,101,149,161,107,79,57,76,147,150,118,134,152,144,132,107,104,88,85,104,113,166,203,161,159,172,175,156,147,166,129,101,90,99,71,65,60,43,30,50,115,126,96,62,47,52,107,57,41,45,41,65,82,88,71,82,118,68,71,65,88,39,101,79,85,54,41,52,65,68,55,55,62,107,124,147,118,134,88,126,129,115,121,88,79,65,82,126,157,164,150,107,115,177,173,126,173,183,161,121,96,99,99,96,137,132,79,82,118,135,152,124,88,88,96,101,96,96,113,107,137,150,124,82,57,57,50,43,68,76,99,99,96,88,115,159,168,147,132,118,101,79,52,62,65,65,76,110,99,101,79,96,127,140,132,132,104,107,159,140,96,88,104,62,93,96,124,113,127,118,129,135,88,82,121,99,68,79,55,76,79,53,53,74,82,135,108,79,110,124,113,76,50,55,93,82,116,116,124,179,132,142,124,157,155,108,96,113,132,118,79,102,121,108,85,105,99,121,142,129,147,142,121,124,96,79,124,137,113,105,127,118,102,82,68,76,74,82,116,113,102,118,142,152,171,150,110,99,96,113,130,140,113,130,110,99,121,99,99,102,124,127,127,135,113
87,70,87,96,88,88,78,81,81,81,67,54,78,67,101,96,62,52,65,78,62,54,85,98,88,96,81,104,149,131,101,101,96,98,73,60,68,101,78,76,96,85,101,90,96,104,131,99,50,60,126,166,172,194,203,185,189,208,211,193,78,70,70,88,101,93,96,101,88,93,88,85,112,85,129,152,123,90,118,88,115,121,121,118,68,79,96,131,164,156,139,112,129,104,132,134,126,154,134,137,118,101,99,113,71,65,134,164,181,172,193,164,150,193,179,159,93,115,88,71,99,90,82,79,52,45,71,121,123,68,62,104,65,57,62,54,37,43,82,71,79,99,96,79,68,65,65,113,110,99,68,52,50,71,43,50,62,65,82,96,152,147,113,101,62,96,91,79,88,60,68,99,99,129,147,118,113,107,104,161,132,132,152,154,129,99,71,79,88,96,101,107,91,99,110,140,152,101,91,82,127,99,101,101,110,104,135,150,127,96,85,71,71,65,85,107,115,113,121,135,137,162,177,155,118,124,99,74,65,85,68,91,113,124,118,135,101,113,135,135,145,142,132,132,147,140,101,96,85,74,113,113,132,142,155,147,140,113,101,96,76,76,74,99,74,82,88,62,85,62,91,110,127,113,96,116,113,96,68,79,55,37,127,96,124,147,171,155,157,142,140,96,93,118,142,85,79,102,76,82,57,71,82,129,147,155,179,197,157,108,79,82,140,127,145,124,132,113,116,105,76,76,79,82,110,116,102,93,116,142,162,160,105,96,110,124,130,137,132,121,110,110,113,85,79,108,93,85,82,105,121
87,85,62,78,112,98,81,81,88,120,88,88,90,96,109,112,88,85,109,129,107,101,96,112,141,131,152,147,134,147,96,98,115,120,85,70,78,88,96,96,107,104,85,101,96,78,90,62,81,73,115,136,144,175,208,205,194,205,191,144,99,65,68,101,96,90,93,85,93,93,115,126,129,121,144,131,134,99,121,81,99,96,121,96,85,101,141,144,159,156,161,193,141,118,142,139,150,132,115,99,82,88,88,115,101,82,129,132,132,185,195,118,121,147,205,198,123,118,113,107,107,99,101,88,33,31,41,62,91,96,104,129,57,31,35,54,68,71,101,99,104,88,79,104,123,96,71,62,82,85,73,60,62,62,96,71,68,104,132,118,118,129,115,74,65,65,79,96,52,82,96,104,126,126,118,99,79,132,132,144,132,99,161,99,99,79,62,55,52,65,76,99,113,113,99,101,113,85,99,79,135,85,107,107,127,137,129,142,124,104,110,99,132,129,145,145,152,142,152,157,157,162,159,129,99,85,71,71,71,85,91,96,113,85,82,113,93,93,127,127,152,166,162,171,173,159,155,129,93,96,132,142,137,145,129,115,110,96,85,76,55,62,65,71,115,60,88,88,91,93,71,85,113,93,93,105,110,99,71,44,55,55,113,129,118,140,191,147,179,142,124,116,99,118,110,102,93,71,116,79,46,65,88,113,157,192,188,171,171,124,79,93,137,113,142,127,142,124,129,99,88,85,85,85,91,82,82,88,127,157,140,157,116,85,102,135,145,137,140,110,99,105,91,71,63,74,82,60,71,116,121
96,81,57,67,112,112,144,107,107,118,96,96,88,101,112,98,81,88,131,136,120,98,104,144,177,170,152,149,163,136,107,129,115,90,88,68,73,96,99,99,96,90,85,68,101,68,47,70,60,85,99,126,115,104,147,193,206,221,181,175,99,57,65,93,79,88,60,65,99,85,99,136,129,131,129,104,112,112,90,81,81,85,99,104,131,129,144,129,131,152,136,152,88,107,152,147,156,164,79,96,65,68,90,115,126,113,110,88,96,154,170,101,161,168,221,226,175,142,132,107,104,96,96,65,30,37,41,43,57,93,96,126,62,39,31,54,137,137,115,99,73,73,96,118,99,91,82,79,82,88,96,71,68,101,132,82,52,104,159,157,170,150,82,60,82,79,104,113,79,76,104,113,101,126,115,85,82,118,134,104,118,104,115,99,96,76,68,55,45,50,76,96,96,85,76,50,82,91,93,99,104,113,99,132,142,137,115,104,121,113,107,104,150,157,118,157,147,173,145,175,171,150,142,118,99,104,79,85,88,113,99,91,65,52,43,52,62,79,115,135,150,168,159,179,168,157,193,171,121,115,140,142,142,142,127,110,96,93,68,48,50,55,55,71,115,65,91,82,99,96,93,88,101,101,91,108,127,110,76,53,62,85,65,102,105,99,173,168,140,152,113,113,116,132,147,113,88,102,105,96,53,62,74,127,155,168,177,200,179,142,102,85,152,164,129,171,132,150,127,124,105,93,105,99,85,71,55,79,113,142,164,150,110,108,113,127,127,148,140,105,93,99,79,57,44,57,96,76,68,113,127
98,81,87,98,107,141,183,170,126,136,112,104,131,112,141,112,88,112,152,136,96,115,134,120,175,156,149,149,177,126,134,139,98,62,50,65,70,85,101,88,76,81,81,65,70,70,65,57,47,62,68,70,107,104,112,149,156,175,177,136,81,65,50,68,88,45,31,43,81,73,79,115,131,126,118,90,65,85,81,85,81,85,81,112,152,149,149,134,121,139,99,70,85,99,152,164,198,191,115,159,88,71,99,121,118,113,104,88,82,101,99,166,172,181,187,208,142,101,139,132,126,134,129,96,52,60,52,79,41,113,113,113,41,50,96,118,172,183,132,101,96,85,104,126,79,62,118,99,96,99,96,96,96,91,118,113,57,71,144,173,159,168,118,82,93,99,144,132,96,113,147,152,118,99,71,55,55,79,126,113,118,71,99,113,79,91,96,85,57,43,52,60,55,55,52,68,52,104,132,132,91,140,135,104,110,99,104,99,113,107,101,113,121,121,96,135,147,183,132,173,132,124,121,107,113,135,115,118,137,140,140,96,52,65,39,30,52,71,113,129,121,135,164,155,137,135,168,171,140,129,145,155,121,121,96,82,76,60,41,43,43,53,71,74,101,96,104,99,96,118,104,82,110,129,102,105,129,105,82,68,79,71,53,102,127,68,132,173,150,140,127,116,108,99,135,132,102,110,127,79,93,48,79,129,113,166,175,160,142,116,105,105,113,142,116,142,135,129,132,116,129,113,121,116,85,82,74,82,127,140,145,160,113,96,105,99,116,127,108,85,74,68,71,48,44,82,99,110,99,105,119
101,90,101,126,141,156,144,181,141,134,115,88,161,96,104,136,118,131,159,126,65,54,67,120,141,154,144,161,131,161,147,134,62,54,52,54,68,78,101,88,81,73,68,62,57,88,73,47,52,54,62,65,85,134,121,101,123,161,141,115,85,73,54,62,88,50,47,73,90,96,81,99,115,115,118,93,68,68,96,104,101,85,96,131,159,126,141,159,156,147,99,81,101,136,168,193,193,183,177,144,115,99,93,115,123,121,110,107,88,99,132,150,115,164,189,193,159,129,154,177,170,181,161,107,82,107,99,76,50,134,152,123,62,85,115,166,172,159,152,144,147,96,96,107,115,88,121,123,79,93,107,101,126,129,126,96,55,71,110,124,144,144,144,150,121,134,183,164,124,142,168,159,107,55,55,50,43,71,101,99,101,101,126,161,137,127,142,127,68,48,50,50,39,43,48,74,82,85,135,127,127,115,150,96,91,101,104,115,104,107,113,127,104,127,115,121,147,150,157,127,113,115,107,101,118,132,147,121,142,129,137,93,82,71,55,55,62,71,96,124,124,129,159,157,129,101,93,135,140,127,164,152,99,79,76,68,43,39,39,39,41,55,68,82,104,99,135,124,129,135,110,99,115,127,124,105,116,129,91,62,85,85,85,82,85,79,113,155,152,132,142,124,113,124,140,132,102,102,132,135,82,53,71,85,121,113,147,177,160,150,116,105,99,102,147,140,121,99,110,118,85,105,113,99,82,65,68,96,110,162,152,182,76,121,79,110,99,96,79,63,63,79,71,48,71,96,108,121,99,108,88
90,87,93,129,161,131,131,187,163,131,118,112,129,98,101,131,118,123,136,98,39,30,81,134,98,156,156,205,163,147,112,101,62,50,54,52,73,85,88,93,81,93,81,78,76,76,81,57,54,45,52,62,73,112,149,121,159,183,177,126,99,101,99,70,81,90,115,147,156,159,131,99,112,118,131,134,121,118,88,85,118,88,107,152,136,129,152,170,161,159,144,112,129,156,150,164,185,183,147,113,99,118,110,147,175,150,104,118,104,118,159,123,144,183,220,195,212,166,195,198,172,172,142,85,88,93,118,93,54,88,132,137,110,113,93,166,175,150,183,196,150,121,107,88,107,88,126,99,50,91,121,115,115,161,118,91,82,74,104,88,104,134,159,189,147,154,181,195,147,142,147,144,118,79,45,52,50,52,68,76,85,121,152,152,173,175,179,150,96,74,50,57,55,62,74,79,113,129,129,129,144,118,127,107,99,79,85,91,110,121,115,129,152,166,132,113,79,107,113,71,96,85,65,74,91,113,132,121,127,118,142,101,96,71,88,82,74,104,99,115,140,147,150,157,124,82,79,118,150,142,173,142,127,71,71,53,41,48,43,30,43,68,68,115,137,124,118,145,129,113,101,96,68,93,150,116,85,129,108,60,88,99,79,65,85,99,118,124,129,129,129,121,102,116,118,116,99,102,124,118,85,57,79,88,85,113,145,162,145,113,88,68,82,96,124,108,113,110,96,82,88,99,110,102,96,99,93,116,137,127,155,152,124,65,85,102,85,99,82,68,68,68,82,85,93,93,93,102,85,63,93
85,96,96,112,144,118,141,216,196,134,139,147,98,85,104,98,101,90,88,65,30,26,65,104,115,149,209,183,131,156,118,126,85,65,52,52,62,73,70,90,78,99,134,68,96,78,88,81,96,68,104,88,78,104,118,101,112,166,134,172,164,126,129,134,134,126,161,205,185,136,147,131,101,118,126,126,126,118,107,126,107,104,107,131,149,136,136,144,139,144,164,149,121,121,123,144,175,156,129,90,71,107,129,161,193,164,96,96,107,104,137,150,196,208,219,213,210,198,200,193,172,134,85,50,54,85,88,91,62,68,85,126,150,126,101,139,166,159,172,170,137,142,150,113,82,79,104,60,76,99,107,118,101,126,118,99,132,104,79,104,79,126,150,183,142,126,150,142,132,159,170,159,85,57,52,37,45,52,65,85,134,104,159,168,193,171,164,144,132,110,82,76,79,85,99,99,101,147,161,115,132,144,129,124,85,74,74,99,101,113,115,142,150,157,145,96,82,88,74,57,71,65,41,52,93,113,118,96,118,145,110,115,88,91,96,88,85,147,118,91,118,142,132,115,113,82,85,101,155,147,164,168,145,85,68,43,43,48,34,35,43,71,82,147,173,140,104,110,91,104,79,55,41,68,160,150,96,108,99,74,79,93,68,76,68,99,93,118,118,99,110,110,135,132,129,121,105,96,110,93,96,79,79,93,96,118,137,129,116,102,96,79,96,96,108,116,127,108,91,96,96,118,124,110,118,127,99,79,93,118,157,157,129,99,113,116,93,113,85,68,68,91,124,91,85,110,113,79,93,96,85
75,70,93,149,136,101,147,227,212,156,170,172,112,70,73,78,88,85,70,67,50,33,45,81,126,159,149,144,104,81,131,104,62,65,54,54,78,90,81,85,90,88,107,62,81,57,65,104,115,175,126,134,129,126,118,85,78,52,62,134,126,181,134,166,126,144,181,183,159,170,189,134,96,129,93,126,152,104,118,123,79,93,121,115,161,156,126,112,101,141,147,134,141,118,107,107,99,129,82,71,71,96,129,129,161,170,101,85,96,88,123,156,195,211,218,241,235,193,185,203,161,73,30,26,45,62,62,68,88,113,129,142,134,129,137,134,142,132,110,113,129,142,147,118,85,88,54,54,82,96,104,101,129,101,126,121,129,144,96,134,132,170,183,177,144,88,62,118,134,175,189,168,107,60,57,39,48,52,68,124,170,166,164,157,182,144,173,135,115,132,110,85,85,96,62,74,107,129,157,157,142,164,166,157,99,85,113,132,107,96,96,88,118,166,164,115,71,74,82,65,62,71,60,71,118,129,118,110,147,124,99,121,101,113,96,85,101,171,129,82,96,110,93,93,91,91,76,96,152,140,159,177,155,115,68,53,46,39,30,34,48,65,91,147,155,124,110,91,65,71,50,46,62,79,132,157,124,99,116,79,85,71,71,71,53,62,105,93,91,91,124,150,142,142,124,105,110,79,102,79,96,65,76,88,113,82,82,99,124,135,85,96,79,108,105,102,116,105,121,85,96,96,76,74,76,105,102,99,129,129,155,160,124,93,99,116,113,116,93,79,68,57,102,121,88,110,113,93,93,82,68
101,112,126,141,134,126,123,175,219,194,156,212,172,88,98,129,118,85,81,88,65,31,43,68,98,126,110,93,68,45,73,70,62,60,62,62,68,78,85,81,90,62,81,81,85,57,78,126,152,118,161,144,136,115,88,65,43,35,33,73,118,144,144,161,156,149,166,149,144,134,136,126,99,118,112,144,73,118,121,85,70,68,104,118,90,152,147,96,99,149,183,131,139,147,104,113,104,118,101,96,90,99,132,129,126,142,132,113,99,113,134,144,161,177,215,249,244,196,177,164,99,50,31,37,62,71,82,88,96,137,166,150,118,142,142,113,107,101,88,104,129,121,144,156,118,101,85,79,91,101,93,88,113,129,121,110,104,134,113,134,181,124,164,175,132,82,76,79,161,159,173,193,132,88,68,50,45,52,85,118,144,164,144,154,147,140,161,166,137,129,104,85,96,99,79,91,155,104,164,175,132,164,177,142,115,104,142,137,110,82,107,71,113,150,147,127,79,113,127,91,85,93,110,113,115,118,127,127,113,104,91,88,99,113,115,101,99,135,127,101,82,71,71,79,85,93,88,96,142,129,147,168,155,110,79,60,53,35,32,50,60,71,101,108,121,118,115,99,62,55,53,60,76,85,105,116,116,116,121,65,93,68,74,76,53,48,79,82,82,93,124,160,140,129,110,129,127,82,124,85,99,65,79,93,110,110,105,127,140,124,96,108,88,96,116,91,105,116,113,113,85,85,79,71,85,116,160,108,82,152,162,155,129,108,108,121,148,108,85,71,58,85,116,140,102,113,96,91,88,65,63
104,112,141,161,131,121,131,152,200,183,129,218,219,156,163,189,149,93,98,107,65,41,43,54,62,81,101,65,39,41,60,78,68,50,43,54,73,81,90,96,88,90,78,54,68,88,96,93,129,159,156,152,136,139,90,50,39,39,45,41,73,96,134,183,175,136,141,123,115,129,118,118,115,112,110,126,126,126,112,126,65,50,39,43,99,129,107,79,131,161,159,170,208,147,170,150,101,85,118,76,90,99,118,147,144,142,113,134,139,156,132,113,113,132,179,215,224,196,126,113,85,88,85,62,121,118,147,121,99,104,91,91,113,126,134,118,99,104,137,154,144,142,183,188,147,132,113,107,113,101,107,126,132,137,132,142,137,137,134,126,129,124,150,161,107,55,41,68,101,137,175,179,124,76,82,55,37,52,82,93,107,126,137,107,135,135,144,127,79,71,101,85,99,99,118,127,135,147,171,182,175,129,161,183,161,150,159,155,142,85,107,96,113,91,79,82,93,118,147,115,110,110,110,150,147,140,127,101,79,74,46,55,93,135,145,115,82,107,104,79,48,50,50,71,85,82,79,85,127,115,118,155,145,113,85,57,46,37,37,60,74,101,108,82,113,127,113,101,65,55,68,76,85,82,82,85,102,102,76,82,116,88,82,68,68,55,62,71,88,96,116,142,145,145,147,147,110,116,110,113,68,85,96,116,137,162,145,135,155,129,96,96,124,102,127,124,102,160,82,55,93,85,82,85,96,116,118,108,127,145,152,116,135,85,85,93,108,82,65,88,88,93,148,175,113,121,110,93,96,74,68
96,129,147,149,104,85,115,131,152,194,156,181,220,187,181,147,134,104,101,96,62,41,37,33,37,65,112,50,37,81,78,98,88,54,52,78,85,90,112,131,129,115,78,60,81,129,136,126,136,156,172,161,141,115,62,41,50,54,65,37,62,96,129,112,115,123,118,96,96,112,70,81,126,118,115,96,154,126,126,139,118,50,37,35,68,88,99,112,147,170,168,203,159,172,168,142,126,121,85,50,85,99,107,134,147,147,134,132,175,150,113,79,96,82,144,175,195,191,121,115,152,152,137,115,156,188,159,123,115,91,62,60,99,110,147,159,129,126,168,168,161,195,195,183,166,134,93,126,118,115,129,144,115,110,137,147,144,126,113,107,118,144,139,142,88,62,52,62,85,101,159,150,139,124,76,79,79,65,65,91,99,99,107,101,159,164,129,82,79,57,68,79,91,144,127,157,150,177,150,188,144,140,161,168,177,173,164,159,135,127,96,96,62,68,88,60,129,91,118,118,85,101,129,145,145,142,142,99,68,43,55,52,93,145,150,132,99,85,74,55,43,50,52,71,82,62,65,76,88,104,142,118,140,147,101,60,43,50,50,60,85,113,113,113,110,118,118,96,85,96,99,99,96,99,85,82,93,79,76,96,113,121,91,68,88,85,71,71,105,99,113,137,152,168,171,150,140,113,91,124,85,93,116,129,169,177,155,160,169,129,88,88,113,132,127,145,129,129,76,57,76,93,91,79,74,99,132,129,102,135,135,116,137,105,82,79,74,82,82,71,82,119,137,119,110,91,130,135,102,85,71
87,118,134,123,115,112,134,187,170,175,198,156,170,175,191,163,170,121,98,68,45,39,45,52,45,93,129,101,57,126,112,101,85,85,88,96,88,104,126,141,126,76,62,70,112,134,149,152,149,147,136,139,131,107,65,52,62,62,88,101,126,115,129,101,81,107,107,112,112,123,107,88,134,147,121,85,136,159,126,159,159,90,62,65,68,65,79,136,170,175,203,203,194,193,181,198,175,150,71,68,76,79,107,129,129,152,166,156,166,107,96,82,101,79,115,175,198,161,118,156,187,170,161,170,152,181,142,164,113,85,101,121,118,121,113,150,156,134,134,147,161,185,172,195,159,132,118,129,121,115,132,126,96,88,85,91,113,118,115,113,124,132,132,129,110,91,65,65,82,85,118,157,137,118,134,154,129,88,65,82,99,101,118,132,190,179,161,124,74,52,50,82,101,107,132,161,164,161,144,144,99,121,127,147,157,159,155,164,157,104,71,55,65,91,71,79,76,71,65,82,76,93,142,113,96,142,132,82,74,37,71,79,129,129,164,127,88,62,85,79,55,55,68,62,60,57,48,65,60,115,132,127,140,142,104,79,57,60,65,74,82,96,113,118,85,115,96,127,150,147,142,127,108,108,96,88,93,102,93,99,118,118,110,85,110,93,79,93,116,110,113,132,142,166,157,152,145,116,108,127,110,96,113,155,182,169,182,179,148,116,93,110,102,118,152,164,140,121,88,99,82,93,99,102,116,121,132,152,113,124,140,113,96,113,82,85,85,82,96,85,88,119,127,116,132,108,88,135,135,74,79
81,96,118,126,136,156,156,170,191,163,181,191,177,161,185,205,175,104,70,47,31,39,52,52,57,88,126,129,54,126,118,98,65,104,85,88,99,78,118,134,85,50,50,65,129,101,107,112,126,118,101,115,110,78,62,54,78,65,99,134,161,139,118,131,88,68,60,73,104,118,104,101,149,166,121,107,161,170,152,152,149,131,88,73,85,81,79,115,193,189,181,183,183,164,196,187,147,159,110,71,76,68,96,126,118,104,147,183,159,137,101,79,85,107,126,152,177,161,150,159,172,166,172,164,164,91,129,113,126,76,104,134,91,85,85,123,164,144,126,147,161,137,170,170,150,142,126,132,113,123,134,104,88,65,55,74,104,99,115,101,118,118,142,118,126,88,93,85,71,55,82,147,181,181,208,179,124,118,82,74,55,85,121,147,175,173,173,150,99,55,55,71,96,113,150,159,164,157,142,127,91,91,88,99,144,159,171,171,159,113,79,68,99,99,99,76,65,96,96,79,85,101,121,132,99,88,96,68,88,79,99,129,150,155,137,129,76,71,82,88,65,65,76,76,62,53,55,76,60,53,124,124,121,115,85,79,71,65,74,82,76,93,76,96,96,104,104,137,150,142,129,129,85,82,99,96,85,127,76,105,127,85,105,74,93,110,99,85,108,116,110,113,137,164,145,160,137,135,127,124,116,110,140,175,193,184,202,195,162,140,124,113,79,96,157,155,127,118,116,91,102,93,99,110,129,124,105,108,132,116,129,113,110,110,96,127,113,113,110,113,113,105,171,169,140,99,82,110,79,76,74
87,62,87,118,156,156,141,141,134,131,156,206,175,152,161,175,163,70,54,47,52,41,45,68,54,73,118,76,70,131,101,88,62,65,85,88,96,99,104,104,52,57,54,68,70,70,57,54,73,81,85,68,65,54,65,78,101,81,85,110,152,141,121,131,85,57,41,43,107,149,126,129,164,154,134,126,154,159,168,196,193,131,99,96,71,71,96,134,193,187,181,170,156,170,156,137,134,101,113,85,45,65,71,82,115,134,164,170,137,126,113,115,129,164,156,142,156,134,101,129,121,113,159,147,118,115,91,91,159,91,96,85,101,85,96,93,115,129,123,142,150,137,147,164,154,134,115,126,113,156,137,113,88,68,52,85,113,104,147,142,150,150,132,104,88,91,82,88,52,37,55,132,189,200,175,164,159,126,88,55,52,88,129,152,164,150,155,142,88,79,82,62,79,96,115,159,161,135,115,88,62,65,88,129,150,177,197,188,175,142,85,68,82,93,99,121,124,113,127,104,104,104,124,118,124,110,93,79,68,132,164,164,150,173,118,129,88,99,76,65,65,65,91,79,44,62,62,76,46,88,79,85,76,82,71,68,71,71,82,79,88,79,71,104,85,93,132,135,155,155,147,129,96,82,96,93,74,105,62,127,116,71,76,60,93,124,102,99,110,124,129,132,137,155,140,152,142,155,145,121,132,132,164,177,197,206,204,206,195,166,140,91,74,96,118,132,132,135,110,105,124,102,108,99,116,135,124,110,129,135,113,113,129,132,142,135,102,113,99,91,82,99,166,166,119,76,96,96,99,79,74
96,78,81,101,126,131,115,104,101,112,129,149,168,172,154,134,115,68,57,68,65,50,54,57,43,73,144,88,68,134,81,81,98,60,65,78,99,101,96,90,81,52,54,52,57,54,50,54,73,73,57,45,45,65,85,101,121,110,81,121,121,141,121,129,96,73,52,65,96,118,112,112,126,115,144,112,152,161,149,183,185,118,104,129,71,65,141,187,215,206,115,134,152,161,161,164,110,99,96,73,52,71,113,104,132,185,164,123,121,118,104,134,164,144,152,161,161,170,154,115,101,96,132,129,91,68,54,79,110,93,96,115,150,99,71,88,88,99,115,132,150,164,142,156,137,132,142,115,144,144,147,147,126,88,68,85,121,134,175,164,173,161,99,88,76,104,88,71,57,37,52,110,144,144,161,189,166,110,99,96,76,85,124,150,166,155,115,118,132,88,62,68,68,71,104,132,135,115,96,71,60,71,110,115,144,175,198,159,179,152,68,71,91,104,118,118,135,132,129,129,110,101,93,104,127,127,93,71,85,127,162,175,142,157,147,124,110,82,79,62,52,65,88,71,65,88,88,85,62,91,74,65,68,60,74,76,88,99,68,91,101,93,110,104,99,135,129,140,150,157,140,110,110,96,71,60,76,96,93,102,96,79,79,85,110,105,116,113,127,145,135,127,127,132,152,118,145,152,129,113,127,155,166,171,202,199,193,211,208,179,148,105,93,96,124,135,145,135,132,110,105,102,108,113,124,137,140,118,124,127,116,113,129,162,157,127,124,127,88,68,79,105,124,132,113,96,108,96,105,88,102
96,98,115,118,101,96,115,126,98,112,112,112,104,118,112,112,121,104,78,90,96,62,54,57,54,76,104,85,68,101,101,73,62,88,118,90,70,81,112,107,78,47,41,52,54,39,52,62,121,68,68,62,62,78,93,96,123,118,104,115,118,161,134,152,115,104,65,68,79,88,101,104,129,126,161,144,168,118,104,101,141,126,118,104,81,96,154,198,222,170,85,118,76,129,134,175,132,82,68,91,101,104,118,129,166,196,159,118,144,134,126,150,161,208,210,196,195,183,150,132,104,99,85,45,41,57,55,65,68,74,85,88,88,91,82,115,121,118,132,101,99,147,156,115,88,115,118,132,118,115,142,156,150,129,99,85,99,129,147,164,142,150,88,88,99,104,107,65,65,52,62,91,115,129,144,185,134,137,107,104,96,113,99,126,129,107,99,107,107,79,46,85,82,101,74,157,107,118,82,68,96,88,118,129,147,182,173,168,118,91,65,99,76,85,118,93,124,135,137,142,101,74,85,96,132,150,104,71,91,145,142,140,137,147,152,118,96,85,79,76,55,62,99,113,96,82,113,115,88,76,57,55,71,53,55,79,68,68,85,96,108,118,129,145,135,124,118,115,101,93,115,110,99,85,79,82,82,102,82,79,110,93,91,127,99,110,124,113,140,140,116,93,99,155,160,99,135,113,116,102,99,135,166,175,186,195,199,206,202,182,155,140,93,108,127,124,142,137,137,102,91,82,96,99,118,140,129,135,116,129,102,91,124,145,127,148,148,124,96,79,68,85,116,127,135,121,110,93,93,110,110
98,123,141,112,88,112,144,131,118,101,96,90,101,112,70,112,121,101,78,88,98,68,54,70,62,54,78,68,70,85,70,70,81,104,126,104,90,110,112,88,65,54,41,41,57,68,81,99,121,131,90,107,126,96,101,101,104,123,104,107,134,193,161,152,147,96,88,81,71,79,99,131,152,134,154,159,121,85,85,85,118,141,131,104,90,115,149,161,161,118,93,71,62,90,115,121,101,82,104,132,137,113,104,126,154,172,175,134,152,177,183,132,177,225,202,193,196,183,152,150,121,88,85,52,55,68,74,65,47,62,79,79,91,101,132,150,147,152,134,101,82,96,129,101,65,91,91,82,113,113,126,142,132,126,104,99,99,93,113,170,129,129,104,96,88,113,96,85,82,85,88,101,115,118,110,144,150,142,101,93,101,118,88,104,79,71,79,99,104,91,79,79,91,85,71,110,104,101,82,76,79,113,150,144,135,159,118,88,113,65,79,65,46,96,79,85,113,140,104,124,96,71,88,127,162,168,101,124,99,99,135,118,147,142,124,113,91,88,85,91,82,96,96,82,85,129,135,118,71,74,71,53,50,48,41,48,71,76,85,99,108,127,140,110,115,132,137,113,101,93,118,108,88,96,99,99,76,96,91,76,124,102,93,99,82,110,105,118,110,105,102,85,96,177,140,96,113,113,127,110,93,99,157,177,177,190,208,200,192,184,157,142,110,105,124,113,129,124,137,127,79,85,88,96,124,142,137,121,105,127,68,79,118,124,113,140,142,130,102,79,53,74,96,119,121,110,102,96,93,116,108
112,131,107,85,93,131,136,126,129,118,93,104,65,78,65,70,101,115,85,81,85,54,50,54,45,45,73,57,45,52,57,93,112,90,112,129,104,78,81,78,76,65,52,43,62,99,123,166,181,156,149,193,193,131,93,134,131,118,121,118,136,172,164,193,136,131,88,85,54,52,68,96,115,107,96,104,60,68,81,79,101,147,134,88,76,115,136,112,118,126,101,68,110,79,99,96,96,110,115,152,142,126,115,129,181,185,189,172,170,198,142,142,179,222,189,181,225,213,181,150,121,113,142,118,113,107,104,43,47,71,62,91,147,147,152,172,161,144,91,68,99,137,115,99,96,113,99,65,88,107,118,134,104,96,132,144,107,85,82,104,113,104,104,85,99,134,93,96,82,104,150,147,129,118,85,68,121,118,93,96,115,132,121,118,74,82,85,104,127,118,82,71,88,71,52,41,88,68,96,82,115,113,152,173,132,118,85,46,55,55,71,43,57,62,62,71,82,115,91,110,101,85,93,127,157,162,104,132,142,104,127,155,150,142,171,145,137,132,118,99,101,107,107,88,65,132,108,96,68,76,65,48,48,46,41,55,79,85,68,99,104,162,171,152,147,124,132,129,115,124,121,124,132,132,102,105,113,105,121,127,113,118,102,79,88,85,74,85,93,105,102,79,85,96,79,74,93,85,105,102,99,116,145,168,166,184,204,204,186,169,150,116,96,93,108,102,116,132,155,108,68,79,93,105,124,124,142,105,105,102,60,82,116,124,121,116,105,116,76,55,60,65,85,96,110,91,96,88,99,110,110
98,118,81,67,96,118,115,126,134,156,112,126,37,43,62,54,112,149,112,81,70,50,39,50,54,50,54,57,41,52,57,54,60,65,96,101,62,43,68,70,57,88,68,90,99,131,147,202,193,164,177,205,172,134,115,99,104,131,115,118,123,126,112,147,141,118,60,39,54,85,81,90,85,73,71,65,71,71,47,79,99,126,115,76,96,129,134,126,156,144,112,104,115,101,126,118,144,118,129,113,101,144,161,152,172,177,185,179,137,159,132,170,198,208,203,196,170,213,208,152,96,91,115,152,175,101,91,52,50,65,71,96,152,175,152,161,154,96,68,91,132,107,126,88,113,79,110,79,110,134,118,132,126,107,157,159,93,91,101,52,85,91,65,91,99,124,93,60,71,113,144,129,124,115,62,43,88,99,71,99,132,142,129,115,91,91,96,96,104,118,99,85,99,65,39,37,48,62,82,96,107,101,144,173,140,101,85,50,39,96,101,82,96,65,35,50,71,96,99,96,91,82,85,115,164,150,142,118,147,164,159,145,177,157,155,171,183,157,145,137,110,99,65,82,82,96,91,124,65,55,65,65,55,53,50,57,82,93,99,96,127,162,168,142,152,159,127,118,132,108,129,132,124,115,99,102,129,96,132,145,108,121,124,82,93,85,65,74,82,105,99,76,57,55,60,71,88,68,99,113,99,110,137,166,164,152,160,179,164,145,150,129,108,105,93,99,127,145,145,85,65,65,68,96,124,116,116,127,96,93,68,79,116,129,116,105,96,108,91,71,102,91,96,88,99,108,93,79,96,102,130
123,112,78,70,88,88,107,156,161,161,166,118,78,43,52,98,123,126,115,96,70,52,52,65,85,50,62,54,52,62,50,37,43,60,70,96,60,43,62,68,47,73,90,134,147,181,189,231,213,194,185,175,177,161,144,129,99,81,88,96,93,70,85,85,93,73,65,54,79,90,68,62,79,68,76,71,43,71,76,71,96,96,107,141,129,152,181,177,172,156,149,131,112,123,152,179,154,147,144,93,91,147,164,137,132,123,132,132,115,99,147,183,185,196,196,205,187,187,200,164,88,54,71,93,129,79,74,88,47,82,52,115,129,123,147,164,123,79,55,62,134,150,107,50,91,74,93,50,115,147,118,113,139,134,144,164,113,101,50,57,37,52,82,91,88,96,68,45,60,68,93,107,96,85,76,62,68,96,65,104,101,71,96,96,68,57,62,76,104,144,127,96,113,71,35,41,57,65,82,107,101,113,144,164,142,88,74,82,101,127,144,121,104,62,30,43,68,82,68,65,74,82,74,99,145,150,140,140,195,171,214,173,193,195,168,147,171,173,168,150,104,88,82,52,65,79,68,99,55,76,62,82,55,57,55,53,82,79,99,104,132,104,132,91,129,145,164,137,142,127,140,175,155,132,88,85,135,145,124,102,113,88,82,82,88,88,76,76,82,88,85,102,93,82,93,93,108,93,96,135,93,93,124,140,129,110,121,142,137,118,129,145,129,113,91,88,121,116,96,82,76,57,50,88,118,102,99,108,85,93,63,85,105,129,113,121,108,119,116,93,121,132,108,91,96,105,82,91,108,124,137
136,151,109,65,81,112,126,136,164,156,129,107,101,37,52,134,123,93,141,136,88,68,70,62,68,60,54,54,54,65,52,50,62,54,78,81,81,70,54,50,54,62,99,115,141,183,194,206,213,196,152,183,175,147,96,104,112,81,85,81,90,99,76,65,52,68,88,99,90,79,85,99,115,99,81,71,81,57,73,62,107,144,123,107,147,161,181,166,139,144,134,134,144,161,164,147,132,154,147,118,104,115,129,126,101,99,107,104,93,99,142,166,172,181,170,172,219,210,175,159,104,71,68,52,76,118,65,60,99,96,91,99,134,137,150,150,101,71,99,91,115,129,65,79,55,55,39,60,96,132,137,142,123,91,132,181,132,85,104,57,62,57,91,99,82,65,60,68,65,65,88,134,107,126,91,57,71,68,71,76,74,82,101,91,71,62,57,88,144,147,127,96,99,74,33,62,99,82,93,144,132,124,157,164,137,88,68,96,121,118,135,107,118,74,52,76,68,65,57,68,71,82,85,99,127,157,147,145,171,188,185,188,175,171,162,150,157,183,168,135,104,76,48,48,53,65,55,71,53,62,53,60,60,55,55,60,82,88,88,99,113,110,68,68,115,137,173,159,140,147,132,132,147,142,105,96,96,145,113,110,88,71,76,99,85,108,93,82,96,93,91,113,96,93,93,118,105,102,116,135,105,96,102,102,110,108,121,124,110,91,116,102,76,91,105,82,88,85,85,93,85,68,68,116,140,116,105,105,105,91,76,82,108,127,127,145,145,127,124,119,130,121,102,96,85,88,79,93,132,135,130
120,161,120,65,73,107,126,112,134,129,118,126,85,37,47,104,149,118,164,175,115,85,70,50,50,62,52,57,62,52,78,65,81,62,70,73,90,70,43,43,62,81,99,104,129,156,187,196,191,187,134,156,129,121,101,99,99,65,70,104,126,149,90,81,54,81,52,99,104,121,147,144,147,134,85,96,50,68,85,88,118,115,141,121,144,187,168,149,129,115,144,164,152,181,134,96,126,150,96,115,129,126,137,115,93,104,71,73,96,99,104,129,144,152,147,142,175,159,115,142,121,88,96,82,76,82,74,50,74,82,96,104,132,144,134,101,99,110,115,142,144,132,101,93,57,71,37,37,126,134,115,74,74,107,129,157,161,113,79,85,74,101,129,104,68,65,82,88,104,82,79,126,144,82,96,57,68,41,68,68,50,79,121,121,104,107,121,142,175,161,101,93,65,52,57,68,144,93,115,166,159,129,164,150,118,99,74,65,110,127,129,104,113,110,96,99,82,71,68,85,113,127,113,104,113,162,162,135,152,135,132,137,104,110,118,140,173,188,162,132,93,62,50,57,65,62,53,62,55,55,53,65,68,57,57,71,88,91,71,85,93,85,104,88,147,124,132,140,127,129,118,101,118,142,116,102,96,135,135,105,96,96,124,132,147,118,127,121,96,99,113,118,166,96,108,129,150,110,113,150,102,96,82,79,99,88,79,99,71,55,79,85,99,102,127,93,82,99,85,82,79,88,102,137,150,142,137,142,113,93,76,65,91,121,142,153,155,140,137,142,127,110,96,91,85,82,71,91,102,82,91
131,129,101,81,73,68,115,115,134,129,156,121,78,50,54,76,134,156,159,170,121,88,78,68,62,60,54,52,52,54,70,57,76,70,60,60,65,62,52,57,68,81,90,99,115,170,187,194,129,131,126,129,112,93,88,76,62,65,76,93,129,101,101,68,115,71,73,90,147,139,136,161,185,159,118,126,85,79,85,101,126,126,131,126,107,154,164,156,154,118,68,121,149,156,150,161,113,96,113,115,115,137,129,123,91,68,71,82,96,93,99,85,96,142,129,121,129,126,118,152,156,126,101,96,76,65,71,50,52,107,118,113,115,121,99,91,101,126,134,152,152,129,115,113,88,65,71,79,132,129,88,96,62,65,124,157,173,132,74,118,142,118,118,118,79,65,88,144,137,74,62,107,134,96,71,57,68,60,55,52,43,93,91,134,127,118,135,161,175,159,150,127,76,79,41,71,132,96,132,147,135,118,161,155,115,115,74,79,99,137,96,96,104,144,99,91,96,93,85,93,115,118,96,115,96,127,145,145,137,113,93,79,60,82,99,137,182,183,155,110,88,71,68,85,79,57,55,65,82,76,74,82,79,65,65,79,85,91,88,82,88,76,93,101,93,110,127,135,127,96,96,135,145,135,124,132,142,118,116,88,82,116,147,110,127,127,105,102,110,110,147,162,140,135,116,121,132,152,132,155,102,110,76,76,88,91,82,76,53,55,108,124,140,142,152,155,121,110,79,85,99,88,99,127,137,162,155,155,105,88,63,55,74,105,132,142,150,150,155,137,110,108,105,110,96,68,93,108,71,53,63
96,118,81,81,101,112,172,115,118,123,112,78,78,73,52,104,177,164,144,164,139,90,78,68,68,54,50,41,50,52,39,43,52,52,47,41,52,54,68,62,70,68,65,85,70,101,115,104,70,65,88,104,78,65,52,65,81,78,70,70,68,90,141,112,104,73,112,115,136,147,134,181,215,203,177,172,147,99,96,99,152,121,161,152,131,129,141,134,112,107,115,134,159,183,185,172,88,96,93,99,88,101,79,79,104,85,71,88,96,101,132,50,99,134,99,113,107,137,166,195,179,132,123,91,65,33,50,52,65,99,132,118,99,110,88,65,85,113,118,96,79,79,96,104,96,104,126,142,150,134,93,71,62,74,115,132,134,118,126,129,132,150,137,142,126,104,115,124,115,91,93,113,107,82,48,37,50,62,62,55,50,55,65,96,132,137,135,144,161,168,200,171,147,74,65,79,104,79,101,127,96,96,144,147,107,113,85,71,79,82,52,60,82,135,127,82,99,104,93,82,82,88,113,140,52,57,96,124,132,91,55,62,79,85,99,132,132,135,124,76,96,85,110,104,79,57,55,55,74,79,82,93,85,79,85,93,88,93,104,91,85,65,53,79,101,115,150,157,152,135,115,147,190,147,124,121,155,162,105,102,99,124,116,127,124,99,127,96,113,137,147,171,162,160,132,105,135,116,137,140,145,127,93,74,88,82,48,63,74,76,113,129,132,142,129,152,140,124,121,96,96,108,102,118,157,177,142,140,113,105,57,53,65,82,116,164,166,160,166,140,108,108,119,121,110,79,132,155,68,53,60
104,101,70,73,126,126,152,134,112,112,112,88,41,81,81,131,166,101,101,159,141,96,81,65,62,65,41,45,33,50,33,33,31,37,52,54,45,52,62,62,78,70,62,57,45,52,62,62,52,45,50,65,62,60,62,65,85,85,52,52,65,101,161,115,96,112,129,118,139,181,170,175,208,219,216,177,131,99,131,104,121,107,129,101,161,126,93,71,62,99,131,156,141,189,177,144,137,107,118,88,99,104,85,101,101,96,104,85,68,101,107,115,101,88,73,99,118,159,200,195,161,150,144,107,65,21,47,39,71,88,107,88,107,137,107,74,85,82,71,57,55,50,74,113,152,115,132,175,161,132,96,107,104,71,79,85,88,118,104,118,121,132,137,121,134,113,104,115,110,113,104,101,101,71,68,45,50,79,57,65,43,55,76,99,127,129,121,150,179,173,190,190,135,107,71,55,85,85,101,107,88,96,113,113,110,96,68,68,79,60,43,41,65,129,132,85,107,101,88,85,85,96,142,124,65,50,82,132,142,96,62,74,82,88,110,129,101,91,99,76,96,93,127,88,115,79,71,79,71,85,88,99,101,99,96,99,118,96,101,82,85,62,41,55,93,118,135,147,121,118,140,135,140,121,96,135,135,110,82,88,110,118,113,99,127,127,110,110,93,137,142,137,168,150,121,88,113,110,124,121,152,127,121,121,99,85,71,60,71,79,113,102,108,135,99,121,137,116,99,88,91,108,113,137,160,162,137,137,121,93,55,65,63,93,127,153,178,162,171,164,127,116,121,99,124,102,137,145,99,60,55
65,96,98,96,126,131,144,136,115,90,115,98,98,98,81,101,98,70,96,136,107,70,52,45,57,57,65,62,37,54,47,45,41,65,62,57,52,50,65,60,50,70,60,60,54,52,70,57,57,65,45,52,68,78,76,65,60,68,45,45,62,96,134,126,149,154,149,147,161,193,203,185,202,219,208,189,136,126,134,99,107,99,112,93,104,112,65,62,79,101,156,172,149,149,147,144,118,144,115,115,121,115,101,99,154,147,142,126,79,104,96,54,91,88,96,96,142,198,187,200,206,189,170,159,99,45,52,65,79,52,85,62,142,161,129,99,96,74,52,57,50,55,76,96,126,142,159,179,159,134,113,96,115,96,55,68,57,71,55,82,115,101,101,107,137,137,115,126,134,121,107,96,101,79,57,62,50,55,65,60,60,55,65,82,93,96,85,113,142,144,177,173,161,152,79,65,79,99,85,88,76,52,71,76,91,76,68,91,85,71,41,65,85,79,118,124,99,99,99,93,91,91,88,85,124,96,137,159,166,132,88,88,68,99,127,110,113,115,113,88,79,124,127,101,164,129,99,132,76,88,85,96,115,104,110,127,137,132,101,99,88,68,57,44,96,121,118,127,91,68,93,101,108,115,105,124,129,82,85,85,102,110,99,127,113,105,110,108,102,127,147,147,171,168,110,102,102,82,113,137,150,157,160,162,137,96,68,53,57,79,108,102,127,124,96,108,116,121,82,110,124,108,105,118,127,121,127,129,124,65,65,71,102,118,130,166,166,164,145,145,102,85,99,85,99,130,119,96,108,60,55
96,98,107,115,131,112,107,88,85,78,129,147,112,50,134,88,88,93,88,81,78,62,65,50,54,78,54,70,62,54,85,70,85,78,65,52,50,60,62,45,37,43,70,65,45,47,65,52,68,68,50,54,70,62,52,54,57,52,45,41,65,99,131,139,156,147,156,170,166,183,181,161,170,185,175,156,121,104,123,129,129,126,136,129,112,107,71,73,123,134,134,152,150,136,126,104,115,113,129,152,147,144,113,118,183,187,150,152,99,57,79,43,62,123,82,85,142,187,161,215,231,195,168,166,115,68,62,60,47,37,65,99,164,164,129,115,99,79,62,55,52,76,101,93,88,137,183,189,175,156,142,110,99,99,91,118,126,113,82,88,110,104,115,118,129,118,129,115,118,144,144,126,96,74,65,68,62,65,79,82,88,52,28,43,82,85,85,99,104,110,145,175,140,121,110,74,76,99,96,82,79,79,62,60,79,79,60,65,93,82,74,96,88,85,107,104,121,127,96,88,91,82,55,85,142,150,157,159,183,162,88,62,74,85,118,104,121,142,101,71,79,115,129,155,157,157,135,101,93,91,96,96,101,115,127,142,155,137,99,110,79,62,65,57,113,121,113,118,76,55,62,82,115,115,118,105,79,76,105,74,93,102,96,108,99,110,91,93,99,102,142,152,155,129,118,110,96,99,105,102,140,162,145,140,140,127,68,50,79,91,113,132,127,127,108,121,127,108,102,124,148,113,93,113,132,105,102,110,124,102,79,85,93,150,137,135,142,148,130,93,82,82,85,82,102,119,76,110,88,85,53
101,107,98,112,121,104,101,81,45,81,152,98,107,136,112,126,85,81,73,57,70,70,65,73,68,70,73,70,96,78,96,107,98,112,70,62,60,60,57,39,37,52,85,52,62,54,81,54,70,62,52,52,54,52,52,50,45,37,45,54,85,121,131,144,134,156,170,185,172,132,104,101,81,88,104,96,85,68,115,115,121,134,177,156,104,107,101,104,118,136,141,152,161,134,93,99,88,101,147,166,166,170,156,152,161,193,168,126,99,73,68,82,99,104,88,96,144,156,177,203,208,195,179,144,93,68,45,43,31,50,50,99,129,161,132,107,91,79,57,65,65,60,104,104,71,115,200,203,183,189,142,118,115,126,157,161,159,134,121,107,99,129,129,96,121,107,118,157,144,132,161,134,82,62,115,115,96,96,104,118,74,28,26,41,68,62,71,91,52,65,104,115,96,88,107,79,71,79,96,99,118,85,68,79,65,52,68,85,88,96,88,99,88,99,99,96,99,115,91,91,82,82,88,135,150,140,162,152,182,157,91,68,60,76,110,118,132,118,79,71,96,93,129,159,140,150,147,101,118,104,99,79,88,127,140,145,168,147,127,118,82,74,44,79,96,104,99,157,110,88,82,60,104,124,124,102,48,65,71,71,79,96,68,102,110,127,116,102,96,93,110,140,121,142,157,127,124,82,82,102,129,150,140,118,121,93,68,71,79,108,113,142,145,127,127,108,96,93,110,129,124,105,105,124,116,105,108,96,99,121,96,96,105,99,119,116,110,108,102,85,71,82,79,82,82,65,93,85,110,99,68
70,67,104,115,98,60,43,54,62,85,118,144,126,104,121,112,81,62,76,85,78,90,88,88,78,68,88,73,68,118,115,126,96,98,96,85,73,65,60,52,50,43,57,73,70,68,65,52,50,62,57,43,50,54,65,45,30,43,50,78,70,101,104,136,110,144,179,181,144,118,107,101,68,54,79,73,73,50,96,101,101,123,168,141,93,88,88,115,139,132,139,161,159,136,88,68,68,76,115,170,185,187,170,156,179,195,161,101,99,85,88,85,88,107,118,96,152,164,175,187,183,170,191,150,74,85,65,41,50,47,82,96,118,88,132,107,76,79,68,52,52,52,96,129,76,110,196,172,177,175,161,132,144,156,144,126,152,124,121,91,96,118,93,101,115,104,134,159,139,99,115,142,76,99,121,142,137,134,101,115,74,50,28,39,62,55,55,68,52,57,101,99,91,79,65,82,48,82,96,96,96,99,82,79,65,57,65,52,52,85,91,85,76,88,85,99,101,85,82,82,71,99,132,121,135,110,162,162,132,129,96,68,57,79,104,140,150,118,107,101,101,99,115,155,145,132,150,142,113,110,76,76,110,145,171,168,179,171,135,113,82,55,50,76,96,99,99,152,127,113,96,55,76,118,96,99,62,65,39,65,93,96,55,93,116,113,129,99,82,88,99,129,132,142,152,171,91,105,91,85,124,129,116,102,110,118,88,68,76,108,110,142,173,132,140,96,74,108,121,99,85,76,91,96,110,124,79,88,108,102,108,105,116,121,108,93,91,82,85,91,79,91,93,85,71,88,74,68,91,124,102
104,98,131,131,65,47,52,81,78,85,104,123,96,88,98,118,90,81,118,121,98,78,90,81,54,68,93,101,121,149,134,134,159,141,70,78,85,78,65,65,62,43,54,54,57,62,65,60,43,50,54,62,54,54,50,39,41,54,60,81,70,85,78,112,85,110,126,141,132,166,164,156,126,65,68,62,60,43,73,104,115,123,141,144,115,71,79,118,136,121,126,129,141,136,101,62,62,79,99,142,189,187,177,168,142,129,107,88,101,85,88,91,110,99,121,142,170,170,156,164,147,126,150,139,96,76,68,50,68,71,104,96,71,74,110,101,65,52,52,57,45,62,104,129,82,85,195,195,175,170,193,137,172,137,118,118,113,104,118,101,96,101,79,107,113,115,134,132,118,104,88,91,82,91,104,132,154,124,99,110,62,57,55,71,82,71,50,41,43,74,96,127,71,101,62,76,55,96,74,115,137,107,91,74,60,65,41,60,71,79,113,82,82,76,101,99,88,82,55,68,79,82,110,85,113,76,71,115,113,110,91,60,57,85,113,107,142,147,135,129,129,110,107,145,147,140,135,129,104,93,88,96,127,184,208,186,157,155,124,88,65,50,53,88,129,99,96,129,132,93,79,60,50,65,68,71,85,76,50,62,93,76,79,96,105,102,110,93,74,96,96,85,93,121,152,177,124,142,127,91,96,85,82,85,102,113,79,79,79,71,85,129,129,129,102,85,85,79,79,74,88,88,79,76,102,93,96,96,110,91,102,127,121,132,113,85,71,71,91,99,96,82,110,102,88,88,63,53,99,110,99
144,144,129,118,88,62,65,57,98,110,98,112,57,126,104,96,98,88,107,115,90,88,68,47,33,52,115,98,144,159,131,156,141,93,93,88,78,73,85,96,96,90,57,39,54,65,54,50,62,62,65,62,54,54,65,62,52,52,70,70,68,73,60,54,71,60,68,126,115,147,181,170,144,88,62,57,50,52,62,118,112,132,154,156,129,99,96,96,112,129,96,110,134,132,134,82,73,79,104,126,170,175,185,159,110,93,76,71,96,101,99,91,118,107,150,156,166,166,156,156,150,137,126,104,68,74,85,85,88,85,96,76,82,99,115,93,76,68,52,52,43,47,101,110,88,99,175,195,198,172,129,150,164,126,104,110,88,88,129,142,101,113,93,104,118,121,126,115,142,142,99,68,76,91,96,129,137,129,104,115,96,91,121,113,85,79,62,43,50,79,101,121,82,82,82,65,82,82,99,129,147,127,85,68,55,55,52,68,88,99,115,88,96,88,79,91,96,96,57,48,96,110,82,110,71,57,113,110,104,88,93,85,68,85,113,115,110,113,110,142,171,132,104,93,115,137,132,121,93,79,93,104,127,177,207,171,150,155,127,96,71,53,74,110,127,99,96,101,85,57,53,60,46,53,74,76,82,96,74,53,62,88,99,71,85,102,88,65,68,76,76,96,93,121,124,110,132,147,116,113,93,68,62,113,124,85,113,127,82,71,105,82,129,96,74,76,82,53,53,88,96,85,82,91,82,82,63,85,82,137,113,127,169,129,108,93,76,82,99,93,82,79,91,96,85,65,55,79,91,88,93
151,136,136,115,90,96,65,70,81,90,68,57,78,70,96,90,90,81,81,98,104,73,70,47,41,41,96,181,147,159,189,144,115,101,96,88,81,88,121,149,126,131,115,78,62,62,68,50,50,54,68,65,47,50,54,54,57,57,60,70,68,50,41,62,43,45,54,90,150,136,159,185,156,139,93,65,52,62,90,112,123,144,150,132,115,121,115,85,115,136,85,115,144,152,156,121,65,68,107,126,144,166,172,144,107,104,101,76,73,96,121,101,121,144,193,175,142,159,181,170,142,104,91,101,82,88,62,93,71,71,93,79,126,150,181,159,65,43,71,74,39,39,47,74,121,152,150,161,188,175,144,115,113,107,96,96,91,88,101,159,150,115,99,121,129,101,124,134,137,139,113,82,82,82,88,129,121,118,101,142,147,159,144,113,96,104,96,68,65,85,113,127,65,82,79,99,101,85,96,115,113,96,71,68,62,37,52,43,107,99,115,88,91,113,118,82,93,110,96,79,85,85,96,118,65,82,129,155,68,99,76,93,85,115,115,104,96,91,113,135,142,140,118,93,115,129,129,121,93,85,91,96,99,127,150,164,162,147,168,121,85,85,91,101,108,99,82,62,37,32,35,48,65,82,113,105,88,113,79,60,65,93,116,82,68,91,76,53,91,110,102,105,91,118,137,108,140,145,132,102,74,65,79,116,137,113,124,124,102,79,88,108,91,99,91,79,88,63,65,82,82,88,91,79,65,79,82,71,96,137,96,110,142,173,119,121,124,130,102,76,79,105,74,105,82,76,65,65,55,85,102
98,98,118,96,62,88,52,54,62,57,39,54,88,98,81,90,81,68,88,88,81,90,90,57,50,65,129,126,147,181,187,144,107,131,96,81,112,110,147,159,198,152,147,139,101,88,88,68,45,41,54,68,52,43,39,65,60,52,57,65,50,50,52,52,39,43,52,73,104,121,137,159,147,129,99,73,79,90,123,126,132,129,115,121,134,118,99,88,107,118,90,112,161,156,156,147,88,82,96,96,121,134,142,115,104,126,126,65,68,85,101,101,115,132,144,187,134,147,170,164,113,76,79,88,88,43,50,55,65,85,93,99,137,198,183,164,76,55,88,91,62,71,37,47,183,156,152,99,144,150,132,96,76,76,62,71,99,113,137,126,142,144,101,124,150,113,159,177,129,115,132,129,96,71,79,101,115,110,113,147,164,188,129,99,129,137,107,85,79,74,91,118,76,65,82,99,85,74,88,107,99,96,79,62,55,37,39,79,71,96,132,129,85,101,82,115,82,85,93,85,104,132,113,99,96,113,142,76,101,91,88,71,93,79,99,115,88,79,91,88,85,113,88,110,140,127,96,85,79,99,104,96,85,93,118,150,147,127,191,113,96,79,101,99,88,88,62,35,28,28,35,39,57,99,137,121,82,116,116,93,79,96,121,96,82,85,88,88,142,160,121,88,82,113,147,155,129,145,127,79,71,76,88,124,132,124,124,113,113,110,121,129,93,99,102,96,91,74,76,91,85,91,99,91,85,68,46,53,96,102,113,116,116,124,110,124,140,124,88,65,116,96,68,85,116,50,40,44,42,76,116
93,101,104,81,88,85,52,65,62,41,43,78,101,96,65,60,76,96,85,88,96,118,123,104,96,81,98,88,112,136,123,126,93,88,101,93,101,131,159,196,172,212,189,170,131,110,78,65,43,47,52,54,54,54,47,43,50,45,50,60,62,54,52,37,50,54,50,54,101,126,112,107,115,126,68,54,96,88,101,129,112,104,110,132,126,115,112,118,99,112,126,107,156,166,164,150,104,91,71,76,101,113,96,71,79,96,85,57,68,65,65,73,121,113,132,181,123,147,126,132,91,57,54,54,43,39,50,65,62,74,85,115,99,164,129,115,65,57,96,113,129,134,76,126,164,134,101,91,96,115,99,96,57,43,37,43,71,48,113,115,129,142,107,137,154,124,132,150,154,147,144,115,88,96,96,85,96,144,113,134,175,185,147,115,150,142,115,110,65,55,82,76,62,65,65,71,65,62,88,99,101,88,85,74,60,60,55,68,113,101,132,142,71,79,99,115,96,76,88,99,115,140,159,127,88,88,99,110,82,113,79,76,82,107,107,91,71,65,65,65,113,96,96,127,147,93,82,68,88,85,113,113,124,145,159,124,96,157,129,127,82,93,124,62,96,74,50,21,21,30,30,35,32,85,99,99,65,93,116,96,99,88,96,121,99,93,124,150,171,173,132,105,99,110,140,162,127,116,82,68,88,88,82,102,132,124,116,116,113,110,110,124,113,96,127,124,102,102,118,108,93,93,93,76,74,82,50,53,93,108,93,99,105,116,113,116,135,127,142,148,93,74,74,74,71,79,37,37,55,55,68
123,123,98,87,96,88,62,57,62,68,81,90,96,101,81,68,96,107,96,93,121,115,129,118,118,85,98,98,90,81,73,81,101,96,88,73,85,144,181,187,193,215,177,166,131,121,70,73,52,54,57,57,57,50,73,60,68,43,62,39,57,60,57,60,57,50,54,54,62,62,81,99,107,101,68,57,68,88,99,112,126,88,126,134,126,132,150,147,129,104,88,90,115,147,154,132,104,96,93,96,104,104,76,76,82,65,54,65,50,41,52,60,115,118,142,156,115,126,126,115,101,62,41,37,52,50,62,65,50,68,71,88,96,104,126,101,57,41,85,129,175,172,118,126,147,156,82,76,62,79,99,71,43,26,30,37,48,71,88,88,96,121,118,134,85,113,126,159,161,161,147,110,82,85,99,88,96,126,161,104,200,181,154,150,145,150,137,85,62,79,82,50,60,57,48,55,74,71,79,113,115,91,85,96,85,79,57,71,115,115,135,110,68,96,96,82,118,101,82,76,129,168,162,137,93,121,132,101,101,96,65,93,85,82,99,101,68,68,82,99,129,113,96,121,113,99,76,108,101,79,118,132,127,147,157,159,132,132,155,121,104,79,71,108,76,53,53,27,18,28,32,39,32,57,53,99,74,62,85,79,102,65,65,110,110,88,124,160,166,157,121,121,113,99,132,152,113,93,65,55,79,99,88,85,113,124,99,127,124,113,99,99,124,124,137,137,142,137,116,113,105,96,99,108,82,79,96,71,79,82,93,96,110,108,110,116,145,162,130,119,132,102,68,60,82,58,34,40,48,44,65
134,115,96,107,96,96,54,54,70,107,129,101,88,90,104,107,121,115,107,90,81,96,107,93,93,76,81,65,68,68,78,121,98,81,65,62,76,121,131,149,187,185,175,144,126,107,70,70,47,65,60,45,50,65,52,45,70,41,57,41,68,52,39,50,57,39,54,47,45,50,54,81,68,68,90,81,132,126,132,132,132,96,101,126,150,166,170,168,129,88,65,54,85,88,99,115,126,110,115,93,101,93,101,134,118,79,47,54,50,41,50,50,71,82,82,96,82,91,126,115,99,68,62,50,50,52,52,50,39,30,31,57,74,82,96,99,65,62,91,152,208,198,144,150,126,91,71,55,68,74,65,68,33,30,33,39,48,74,68,82,93,96,88,62,99,104,142,107,129,132,104,85,82,91,96,96,91,74,91,189,104,173,150,164,159,124,115,127,91,85,74,62,62,48,43,41,68,62,68,107,129,101,82,79,82,96,82,82,96,124,155,115,85,104,115,82,93,96,65,88,129,150,132,113,142,147,129,104,82,91,79,82,93,96,113,91,79,79,101,115,113,82,76,129,96,96,104,101,113,127,118,124,129,152,159,121,113,118,145,113,60,82,127,99,68,55,53,39,25,25,28,25,30,37,39,85,60,65,79,116,102,65,65,96,91,99,116,129,152,129,96,88,108,85,137,135,99,96,60,46,82,102,96,96,96,93,82,135,110,93,116,118,129,152,124,173,152,116,135,127,91,91,99,93,102,79,79,88,68,71,99,124,124,113,105,124,153,148,135,135,135,113,74,71,76,55,34,37,68,93,88
120,101,109,129,96,70,52,65,70,104,126,101,81,88,126,115,118,118,96,88,98,96,98,90,78,76,57,52,65,88,90,104,115,101,52,52,81,96,112,134,175,170,177,123,101,99,65,60,96,78,62,57,54,45,57,68,70,52,47,52,41,54,30,54,39,39,52,50,41,37,43,47,47,52,57,121,147,150,132,170,104,118,65,79,129,154,141,129,118,76,65,52,54,68,104,129,132,121,129,115,110,115,85,101,132,104,52,47,54,54,37,43,41,45,71,88,79,82,107,118,88,62,71,54,50,55,47,55,41,26,26,41,60,57,60,96,85,60,82,137,181,183,154,115,113,88,74,71,68,62,60,45,33,28,30,39,50,65,79,68,76,74,82,99,107,115,101,104,115,104,68,57,88,101,88,104,85,88,79,85,142,142,142,142,129,171,137,113,110,88,79,82,82,76,41,43,55,60,60,82,115,99,74,60,91,127,99,96,104,118,142,118,99,124,110,88,88,93,88,113,135,129,101,104,101,124,127,129,96,85,88,99,107,85,93,101,96,88,79,99,88,107,55,79,101,79,85,135,159,142,155,132,142,162,155,121,101,93,104,96,55,113,91,65,82,55,37,50,55,34,25,25,30,41,65,93,62,96,93,137,127,96,71,79,88,99,99,99,129,102,85,71,71,85,129,127,108,93,50,60,85,102,99,96,85,85,118,124,99,113,127,121,127,140,118,179,137,105,129,137,110,96,102,96,93,99,105,91,88,74,99,116,113,88,82,110,142,119,108,160,150,113,105,85,65,48,37,40,76,99,79
112,115,126,120,96,73,65,70,68,90,126,85,88,112,149,123,126,144,126,121,112,85,101,70,57,70,62,68,73,85,98,104,107,85,68,81,96,99,126,126,131,144,129,96,52,47,81,88,107,118,90,57,65,73,57,45,54,54,54,50,45,39,52,54,52,50,50,43,62,62,45,39,43,54,65,81,139,152,121,121,96,85,65,54,73,104,123,104,99,96,81,60,71,71,88,104,96,129,142,137,152,147,88,110,144,79,68,52,68,43,45,39,39,60,96,115,101,91,115,129,91,79,65,52,62,60,79,43,39,33,31,50,71,62,71,101,88,57,60,79,85,110,132,126,91,91,96,91,85,91,82,62,41,26,25,48,62,52,68,82,91,82,85,88,88,76,74,91,96,101,82,60,68,96,107,99,68,76,85,82,126,118,150,115,159,147,135,132,140,107,85,96,118,50,41,41,48,62,62,101,110,85,65,88,124,124,88,127,147,93,101,113,88,110,82,96,104,118,129,140,140,121,101,88,68,88,88,132,96,79,96,104,88,79,99,115,88,74,79,88,79,93,88,88,93,105,129,168,147,127,147,145,127,129,150,140,99,105,127,99,85,88,88,65,50,57,53,44,65,68,30,35,50,55,82,127,93,96,116,132,110,88,74,71,88,82,76,85,102,105,71,62,62,105,99,121,110,79,68,68,88,88,85,82,93,113,121,91,113,140,121,116,137,116,127,155,145,121,110,118,129,124,108,132,116,102,129,85,113,79,85,85,88,68,55,82,127,127,116,130,157,140,121,88,82,48,48,42,55,58,65
115,123,123,129,121,96,85,78,81,101,99,99,90,115,144,129,139,170,147,115,99,88,73,68,62,81,90,73,68,81,115,112,112,99,90,99,104,115,107,112,134,115,104,104,62,45,88,107,118,123,85,62,65,50,39,47,50,57,54,50,45,52,50,43,57,52,43,43,43,65,65,43,43,43,65,62,161,126,104,81,71,65,57,43,41,79,104,93,88,93,93,107,96,73,76,73,101,101,129,134,161,161,139,132,134,79,54,57,65,50,41,57,88,73,101,115,134,113,147,137,79,88,79,52,57,57,96,28,31,26,52,55,79,79,88,107,82,62,68,71,43,71,71,93,85,96,113,126,126,134,104,68,43,31,37,57,52,50,62,85,104,99,99,85,71,65,76,88,82,68,79,79,79,62,88,99,57,71,115,85,99,118,129,99,121,132,118,129,140,115,85,121,107,65,32,41,41,52,65,115,96,71,85,113,127,110,96,96,135,101,88,79,82,65,85,79,121,129,132,142,135,127,104,79,88,96,60,104,101,65,79,91,79,76,99,99,82,85,88,82,127,93,113,115,129,137,179,129,85,85,101,110,121,129,137,137,105,132,142,132,85,76,79,76,39,50,79,71,71,71,65,82,85,88,91,105,113,124,116,102,71,48,50,68,82,65,62,76,82,62,76,82,74,99,85,93,113,93,85,79,85,88,82,85,79,85,108,99,116,137,121,150,150,127,140,169,140,121,121,124,129,137,142,140,129,102,127,85,88,76,65,79,74,60,50,74,121,130,108,140,155,153,105,130,96,76,50,42,44,36,44
81,87,118,136,112,112,81,88,96,107,96,112,81,88,107,118,131,161,121,78,104,96,70,90,93,93,101,81,90,90,110,121,115,112,118,121,115,129,129,126,161,126,107,104,85,81,96,90,104,99,78,70,54,68,47,45,54,52,43,45,54,41,39,47,57,57,41,41,52,52,57,52,47,47,60,93,81,96,88,99,79,62,45,50,41,57,85,88,99,99,85,93,96,101,88,85,76,118,129,115,129,134,166,132,104,115,62,62,43,52,62,88,96,96,99,132,159,132,137,142,101,96,101,71,55,62,45,31,30,35,60,41,65,76,96,126,96,65,104,104,71,91,35,48,79,99,142,164,189,175,104,74,50,37,52,62,55,60,60,71,129,126,137,99,85,60,68,79,62,57,82,96,88,91,113,104,85,85,134,107,91,107,99,91,85,88,118,113,104,115,115,107,113,68,37,32,37,55,65,71,62,65,82,93,93,96,85,104,99,85,71,60,79,48,74,82,68,88,113,115,124,124,107,115,129,113,74,71,68,53,68,88,107,104,99,85,79,85,99,96,91,104,96,113,145,147,193,142,85,101,124,124,115,129,132,132,127,121,159,150,82,88,82,55,62,53,62,60,88,127,110,88,115,118,99,93,105,76,127,93,76,60,57,85,85,68,71,62,68,88,96,108,99,85,79,79,85,82,93,96,88,110,96,68,57,88,113,110,113,127,135,155,142,116,135,169,142,118,155,160,135,129,137,118,99,79,118,79,60,82,105,85,82,76,74,91,113,113,121,169,164,160,121,145,113,68,50,46,30,27,40
52,67,101,120,121,104,90,107,88,96,101,78,76,88,88,115,131,129,107,96,101,99,88,78,101,104,101,126,107,81,104,123,118,123,131,136,141,152,164,147,175,136,112,107,99,90,70,81,85,88,96,88,65,76,57,52,54,43,43,45,57,54,43,50,52,50,50,45,54,54,50,52,47,54,62,52,62,79,79,71,62,68,54,45,41,50,54,79,118,115,126,132,115,126,126,113,79,88,96,96,121,132,164,129,91,101,68,45,41,39,68,96,88,107,62,73,150,110,129,159,144,113,71,50,39,71,39,39,25,39,52,43,57,82,110,137,101,82,85,118,137,118,65,55,74,134,164,156,185,170,121,82,60,50,62,62,55,71,65,62,126,147,129,101,99,52,45,57,57,74,96,101,113,142,121,101,110,99,104,91,82,85,85,79,85,93,82,74,99,104,74,65,79,65,41,41,43,52,68,52,62,74,74,88,88,88,99,104,104,68,71,88,71,74,57,88,62,82,99,129,113,99,113,124,135,118,124,48,39,53,60,85,118,101,79,85,65,62,96,93,71,96,91,82,113,147,162,129,96,99,132,173,137,127,145,132,155,162,164,127,96,110,115,85,108,76,60,76,88,129,124,85,108,132,102,65,127,129,129,99,96,68,79,85,76,55,63,65,71,60,71,96,99,102,82,88,71,105,142,129,96,88,99,91,76,108,110,91,99,135,132,129,110,110,140,169,160,132,152,157,127,121,108,99,93,91,121,93,76,93,116,96,85,79,79,93,116,108,119,150,160,171,148,160,110,74,63,40,28,28,48
41,62,85,96,123,121,110,104,88,85,90,90,52,73,112,131,112,99,131,136,93,88,110,90,107,121,126,136,96,68,73,96,141,136,136,149,152,149,141,159,144,172,136,101,88,70,70,68,70,70,90,110,85,62,78,65,65,54,45,52,43,65,50,43,41,50,54,54,50,45,41,52,54,68,68,31,37,62,71,71,54,85,99,50,37,39,45,68,81,126,134,139,144,132,88,85,71,65,82,88,126,121,93,99,104,96,71,50,41,52,50,82,88,71,39,68,113,113,134,152,99,65,57,50,52,52,52,31,25,26,37,45,55,71,121,142,139,113,96,110,123,132,142,150,121,168,159,172,152,144,129,96,68,55,62,76,79,79,65,71,121,157,124,115,99,50,35,50,79,101,118,121,147,173,124,132,99,93,62,85,82,74,60,62,74,74,65,62,65,55,50,52,65,55,57,62,52,37,43,74,62,71,82,91,115,91,62,79,99,104,85,96,104,85,79,96,101,91,88,79,65,62,96,118,107,99,85,62,43,55,65,82,96,62,74,85,88,53,71,85,76,93,85,65,82,115,162,99,99,121,159,182,145,99,132,155,159,135,142,105,171,85,124,118,105,85,53,62,99,101,142,129,118,142,99,99,116,110,124,121,93,113,160,91,68,68,60,82,71,102,82,68,105,102,71,99,55,93,135,132,102,99,118,127,79,74,127,99,121,127,99,96,121,124,137,166,166,148,148,129,108,113,110,85,116,137,124,135,99,82,96,96,79,65,74,79,93,119,119,130,150,142,148,157,99,82,48,40,36,40,44
43,52,65,67,99,121,104,99,88,101,90,73,52,65,126,123,101,107,134,134,99,78,96,115,107,107,96,101,88,68,57,90,147,126,118,136,139,129,121,131,134,175,131,112,88,70,70,78,68,60,73,101,88,60,68,70,62,50,47,50,45,50,43,52,45,47,57,50,47,50,52,52,52,57,62,52,37,50,68,57,71,79,71,71,50,37,39,41,68,104,112,134,164,166,76,65,85,71,71,79,96,129,85,88,147,104,62,52,43,41,65,60,54,52,33,54,126,132,129,123,82,52,62,57,48,55,71,43,37,35,37,62,52,65,101,137,159,159,88,82,104,129,156,175,152,137,161,181,132,115,126,123,68,62,79,82,88,62,65,79,118,129,150,118,74,45,41,52,85,107,121,129,161,164,132,115,85,88,79,96,79,91,68,71,79,99,71,57,55,43,41,55,55,55,82,79,55,50,41,74,115,65,60,88,101,91,52,68,137,137,118,115,113,88,93,99,96,82,91,76,57,65,68,71,96,93,91,65,43,46,62,85,99,65,71,99,82,53,50,76,99,91,88,104,79,79,108,85,105,150,162,150,127,115,127,132,129,115,113,129,115,53,85,115,85,96,88,76,121,147,124,118,129,113,102,96,116,155,132,129,150,127,105,147,113,79,85,105,88,76,76,82,55,82,65,140,140,121,140,105,108,118,108,108,132,82,102,121,127,129,99,118,124,116,140,177,175,152,124,113,121,127,116,102,105,121,132,118,79,91,82,71,68,55,53,63,79,119,153,153,127,102,105,121,96,76,55,42,40,34,34
43,45,45,39,54,90,107,90,90,118,78,62,52,62,85,99,118,134,134,141,121,88,88,93,99,88,96,99,85,78,70,99,139,115,88,107,121,126,112,115,129,131,147,121,90,70,65,70,57,68,54,78,88,62,52,68,60,52,39,41,50,39,54,52,50,41,54,68,54,54,57,47,57,52,50,57,41,54,54,65,68,68,62,57,54,37,35,41,52,79,79,90,137,118,113,82,79,60,88,99,93,99,113,96,118,113,82,71,41,41,62,57,41,47,41,71,132,118,113,118,104,68,54,52,43,43,65,65,55,62,71,55,52,68,85,126,147,150,123,88,121,126,121,142,147,118,137,150,126,118,121,134,115,96,76,57,62,55,57,50,96,118,121,99,50,45,48,74,113,113,121,129,137,144,126,113,88,99,74,85,76,107,79,85,113,104,99,76,65,55,41,65,62,82,82,79,68,52,55,68,107,71,62,115,107,65,50,88,115,121,135,147,96,85,88,85,85,96,88,85,55,55,65,62,96,85,91,68,71,82,88,110,145,132,132,159,115,65,43,55,82,93,110,96,85,62,62,93,101,85,124,145,135,115,105,113,129,105,91,82,68,60,79,118,96,132,142,113,152,142,91,113,105,88,113,145,113,162,166,168,157,142,137,147,124,121,145,116,110,82,63,57,60,63,74,147,93,102,110,110,93,96,102,102,79,82,102,145,116,145,140,127,108,132,160,179,155,162,152,132,148,132,102,88,105,88,102,88,93,65,68,65,53,53,53,71,88,105,153,140,121,93,68,88,102,91,68,46,40,34,28
54,52,85,87,62,96,110,88,78,88,85,62,57,62,68,96,141,144,141,134,134,115,88,118,112,107,85,81,104,88,101,141,141,126,110,110,115,126,129,123,131,141,131,112,90,68,57,47,57,57,54,62,68,54,45,50,70,76,62,57,60,52,50,54,50,50,60,65,52,50,52,57,62,41,28,50,52,54,43,68,50,54,50,45,47,50,50,65,60,54,65,90,85,123,88,85,65,68,88,71,79,110,121,115,99,132,88,65,54,52,52,52,54,45,52,85,96,107,115,107,88,68,57,71,33,43,71,79,68,79,60,65,68,79,88,126,193,185,137,99,113,118,107,104,99,121,144,115,99,104,104,121,142,126,82,57,55,57,55,62,88,91,74,93,62,62,65,82,129,115,110,113,126,132,107,115,99,82,71,79,96,115,91,115,142,101,96,96,62,65,48,50,96,99,43,93,79,74,62,85,71,88,110,115,96,65,65,76,96,113,135,137,127,150,88,129,135,115,115,93,71,62,68,79,55,85,142,62,88,85,110,93,113,147,155,129,99,68,48,41,62,85,65,79,74,68,68,79,96,113,99,118,140,127,115,142,124,96,74,57,76,79,96,113,115,129,115,110,132,129,88,85,85,71,124,166,147,140,171,173,137,142,113,121,142,129,127,99,93,99,68,55,53,50,85,102,116,99,82,88,88,96,121,88,82,118,116,142,124,132,96,148,85,129,162,137,127,148,160,135,132,116,88,65,85,102,79,85,82,53,65,65,63,82,79,85,93,99,99,132,142,108,96,88,130,91,68,55,37,32,34
70,115,191,183,129,96,85,50,43,57,81,85,88,73,81,123,147,129,131,104,147,134,104,112,112,110,52,68,129,112,149,205,175,118,96,93,104,136,161,172,149,131,110,76,78,68,54,68,60,57,65,62,50,45,39,37,99,134,115,110,73,45,43,50,45,54,54,52,54,54,54,52,57,52,22,52,65,52,50,50,68,62,54,54,57,62,65,62,52,41,96,81,73,118,113,104,99,104,88,88,85,93,101,82,68,96,71,62,60,45,26,43,68,41,50,65,104,88,96,101,85,85,60,60,65,71,48,71,43,71,68,65,85,99,88,107,156,188,142,96,79,82,91,65,132,88,96,99,71,71,93,96,99,110,96,107,99,71,82,113,96,82,74,74,65,74,96,88,107,99,85,88,96,99,96,99,71,88,104,93,113,113,107,126,129,115,91,88,71,65,76,88,135,99,68,129,99,93,85,101,62,74,101,85,74,79,88,85,115,129,99,118,147,152,150,173,124,88,124,159,142,110,96,91,50,65,68,79,99,88,88,88,145,82,60,79,71,53,50,55,68,76,68,110,50,96,105,85,82,76,93,127,175,184,150,132,115,115,93,91,74,105,79,105,145,115,68,82,118,118,55,44,55,76,132,145,124,132,157,152,137,132,127,118,135,116,113,147,137,132,105,60,50,65,63,71,76,60,88,85,88,96,96,96,88,110,118,130,127,121,132,121,108,108,127,121,108,110,113,118,116,110,85,63,65,65,55,55,55,60,44,85,68,79,99,76,82,99,116,145,137,140,132,132,127,108,63,60,48,34,28
57,112,191,174,131,99,57,43,35,70,96,134,149,96,81,129,156,118,101,115,152,123,115,90,126,78,43,62,101,129,161,206,168,101,81,85,101,147,181,175,164,152,101,78,68,81,85,78,68,70,68,60,41,37,31,73,149,156,141,149,96,60,52,43,43,45,45,52,54,54,57,60,57,43,37,52,68,62,52,54,65,68,52,57,73,73,54,43,41,65,73,62,85,121,126,121,115,96,85,85,85,73,62,65,68,62,57,60,50,71,41,31,57,37,52,47,88,82,96,115,88,71,62,85,41,43,39,52,57,55,71,88,82,99,96,85,152,189,154,74,48,68,74,88,76,62,74,85,62,68,93,88,79,91,85,118,132,121,115,107,96,101,71,60,68,62,68,82,96,91,79,79,88,91,88,85,71,99,107,101,121,113,110,104,124,121,74,82,79,71,99,113,115,110,132,147,135,118,88,82,60,55,85,85,74,93,104,113,99,115,65,85,127,145,129,129,74,96,135,145,164,147,93,65,55,62,101,113,76,85,107,135,107,71,65,57,57,55,53,41,46,82,96,71,71,157,68,79,57,99,118,147,175,191,193,150,110,135,105,147,135,88,68,127,145,127,68,79,129,85,41,30,41,88,150,110,116,145,157,157,129,121,110,116,145,147,164,191,140,116,132,96,71,65,82,82,68,71,82,110,113,85,85,85,99,127,116,110,116,127,130,140,105,108,113,118,118,110,118,110,116,108,85,65,79,76,60,65,71,63,68,57,65,74,102,108,74,96,124,124,160,142,116,148,130,119,71,55,50,36,25
50,93,149,134,104,104,57,35,52,99,154,166,164,118,99,129,175,129,99,147,166,141,96,96,144,85,39,39,88,141,172,156,141,104,73,81,90,131,183,172,168,161,99,85,43,73,93,99,85,65,52,37,33,39,62,129,181,205,193,175,156,96,54,52,47,43,39,45,57,60,57,62,52,43,57,54,79,68,57,54,50,62,54,54,71,62,52,50,45,47,52,79,88,99,99,88,68,62,73,68,79,62,45,47,52,50,54,54,43,52,54,37,45,60,37,30,68,76,68,88,79,71,62,50,52,50,39,68,55,79,52,62,62,96,126,121,134,144,101,121,52,39,68,79,91,55,88,74,62,71,82,96,79,74,91,107,115,132,104,88,101,104,62,85,85,91,101,101,96,88,96,96,104,96,82,115,91,91,101,107,101,101,99,99,121,99,62,74,65,48,57,74,85,107,142,147,137,118,82,71,57,65,101,93,88,101,91,68,82,82,65,85,118,155,127,101,76,118,132,118,150,173,101,65,60,57,96,85,110,124,145,129,162,104,85,68,55,53,41,37,43,85,85,55,99,82,108,96,79,60,115,140,157,182,186,171,159,150,147,168,147,88,101,96,118,155,93,53,82,99,44,39,68,115,147,116,124,147,173,118,93,96,99,129,140,173,197,166,135,110,152,121,99,99,132,99,68,76,85,102,113,79,74,105,108,113,99,88,79,108,110,99,108,116,110,105,118,108,108,108,102,102,102,121,108,118,110,88,76,63,68,68,65,68,71,93,96,113,105,119,140,121,130,121,145,137,55,58,44,37,34
57,85,87,87,107,73,50,50,65,88,141,170,141,99,118,129,159,134,99,118,161,144,96,118,144,129,37,37,85,156,161,149,144,112,52,57,60,90,144,175,141,129,81,68,41,68,99,99,73,50,37,41,54,57,88,147,185,229,193,172,170,107,68,62,54,45,50,52,60,54,52,54,65,54,65,65,71,57,52,47,50,54,54,62,57,62,62,71,39,41,52,65,65,79,68,41,47,54,57,52,54,57,52,39,39,54,50,45,52,52,45,41,41,41,43,41,54,62,73,82,76,54,50,57,62,62,55,60,68,68,74,88,74,85,101,121,115,104,126,126,96,50,96,79,52,82,82,88,52,41,57,55,65,71,79,91,71,110,82,107,79,91,71,79,79,79,115,121,96,104,96,115,118,68,79,134,96,71,93,101,118,118,104,113,107,82,65,62,60,43,50,82,74,91,85,132,115,101,96,82,68,62,85,99,104,91,79,57,62,55,82,113,127,127,132,135,118,129,124,99,113,124,96,76,79,74,85,101,115,140,157,132,127,159,124,96,62,48,43,43,53,65,53,65,82,105,110,124,115,91,101,132,137,118,135,157,142,145,171,118,115,127,101,96,93,118,60,82,96,65,53,60,88,127,124,155,116,135,110,71,82,88,142,116,118,152,155,135,150,129,129,110,140,85,132,96,88,99,110,102,110,99,82,110,102,116,108,105,121,150,113,110,99,85,91,105,99,96,113,102,99,113,99,93,118,96,99,91,82,76,74,57,40,48,68,88,116,130,124,108,127,132,140,135,140,96,63,60,48,48,34
52,62,70,85,81,70,65,45,57,88,104,107,129,126,110,129,139,99,93,134,147,152,144,136,144,136,60,41,70,88,112,144,134,88,45,45,62,76,101,104,88,93,73,62,62,52,70,65,45,41,50,76,101,85,93,136,170,187,206,159,170,101,88,54,60,43,52,54,54,52,43,52,50,54,43,73,60,85,57,57,54,52,68,71,65,79,68,65,43,50,50,43,45,52,52,41,50,39,41,41,37,43,41,47,52,57,50,50,50,41,39,41,39,37,41,45,54,54,68,73,71,54,43,57,55,65,65,62,74,71,68,71,79,71,76,76,85,113,121,118,121,88,113,99,96,62,101,88,55,55,52,50,50,68,82,85,41,68,85,82,55,82,96,50,82,96,99,104,96,91,88,68,82,107,107,126,91,96,99,96,132,126,107,118,104,99,96,71,85,79,68,88,68,57,57,96,91,101,88,85,55,43,60,85,88,71,71,65,41,55,79,101,93,121,135,142,132,113,82,65,55,62,65,79,104,99,118,96,113,140,157,129,107,142,140,96,82,82,60,55,62,53,68,71,82,105,105,118,110,108,113,93,68,65,85,101,91,113,162,135,85,96,157,137,132,96,96,113,127,91,68,99,96,110,132,105,135,127,63,39,96,116,118,157,105,108,132,157,173,135,85,118,85,91,135,108,140,127,150,137,113,137,129,135,160,148,135,152,157,145,137,99,110,82,85,108,96,85,93,108,96,91,102,93,121,140,135,142,124,124,108,82,63,65,85,93,119,124,130,145,127,116,140,116,85,82,58,46,36,42,34
65,101,96,112,88,104,43,28,60,99,65,76,85,88,96,123,123,110,81,141,164,136,134,131,144,115,78,65,78,73,96,104,115,81,50,78,101,90,85,62,68,85,70,73,65,39,54,54,41,47,78,90,96,107,81,107,136,129,203,164,154,104,101,65,62,41,39,50,62,52,43,39,54,57,50,65,52,99,71,57,43,62,71,62,54,71,68,45,54,52,50,39,50,31,57,52,35,33,41,43,41,39,35,57,62,50,41,54,57,47,43,43,41,43,54,43,52,54,65,71,73,62,57,65,57,65,62,50,50,82,82,68,79,71,55,55,60,79,113,126,99,88,79,68,85,82,126,107,79,62,62,50,45,57,88,76,71,99,71,68,68,68,62,52,62,62,79,71,76,65,55,71,76,91,132,101,118,126,107,126,93,121,121,96,115,96,79,79,85,91,85,74,65,52,65,46,74,101,79,68,43,39,50,68,79,55,68,50,52,37,55,57,79,99,99,107,104,71,65,71,53,48,57,79,118,142,127,104,101,129,132,99,96,140,137,99,85,82,68,39,57,71,101,99,101,108,105,127,135,140,121,88,55,55,82,93,115,162,168,137,159,147,124,147,159,142,127,124,113,113,99,85,93,113,135,113,127,124,60,42,132,147,160,132,99,118,157,160,179,140,82,96,88,118,127,129,140,162,157,147,147,155,166,162,188,162,155,177,145,130,127,118,121,99,93,110,121,91,110,140,96,110,93,88,155,155,160,152,137,118,108,110,99,96,91,85,110,124,119,130,142,135,135,162,113,65,37,32,37,37,27
107,152,181,144,183,101,43,30,47,78,62,54,43,54,96,115,121,115,121,134,131,149,129,144,134,112,78,70,96,104,81,88,90,85,76,101,121,118,126,101,101,81,78,68,52,47,54,54,50,60,78,81,73,81,57,62,90,112,181,168,149,112,101,68,50,45,43,54,54,43,39,45,65,52,37,71,52,85,79,54,43,73,73,43,41,54,54,52,62,85,41,65,41,33,50,41,41,52,62,52,43,45,39,52,73,41,47,57,45,47,43,43,50,41,52,65,57,50,71,93,65,65,52,50,57,52,50,37,41,55,65,65,74,65,62,55,55,60,82,88,91,71,74,82,74,96,110,104,99,88,52,39,45,52,71,79,71,85,82,88,65,62,50,50,82,57,50,48,43,41,43,55,65,85,91,82,96,82,96,115,104,99,118,85,79,79,71,65,79,104,96,82,96,88,68,41,37,68,57,50,41,43,39,41,62,57,68,46,52,28,41,50,65,48,60,85,62,41,50,88,82,62,71,88,110,140,115,145,91,132,110,127,124,159,147,91,79,76,48,39,74,104,127,132,99,132,127,127,127,115,105,88,62,57,71,82,110,132,147,124,132,118,82,150,157,142,132,127,132,124,96,85,99,124,127,140,160,132,79,99,127,113,93,129,116,127,155,150,147,137,88,74,113,91,145,124,155,173,166,145,171,152,175,186,166,173,155,157,155,148,132,166,127,130,116,99,130,135,140,162,140,135,96,99,113,132,118,108,118,132,113,118,113,102,96,96,119,116,96,153,164,153,105,142,105,55,42,40,42,42,25
134,136,141,200,149,96,62,37,37,52,115,81,81,73,104,126,112,99,93,126,96,123,129,107,101,110,110,107,107,129,112,101,81,70,88,96,115,112,126,101,99,85,70,65,50,52,62,52,57,68,70,85,68,52,47,50,70,110,156,185,183,144,104,73,57,60,68,52,52,43,50,57,62,52,41,73,62,82,88,50,65,79,62,39,45,60,60,54,57,68,50,68,37,54,43,41,54,68,52,54,52,50,45,50,68,52,45,45,39,33,45,52,39,45,39,47,62,50,57,85,62,57,62,50,52,41,52,37,43,50,62,60,60,57,55,68,50,65,93,68,85,57,65,71,93,115,88,91,104,76,50,43,41,48,52,82,82,65,65,74,68,55,50,39,41,65,52,41,45,50,50,68,68,65,62,71,91,91,74,71,85,71,104,113,101,65,71,82,85,96,91,79,104,99,91,50,23,39,57,50,50,62,39,28,50,60,50,48,57,41,43,52,48,43,60,57,50,39,41,62,99,79,65,93,91,135,101,118,99,124,127,127,135,129,115,85,71,76,55,48,101,99,135,132,137,113,105,96,113,96,108,96,82,85,82,79,88,108,142,113,113,121,101,171,105,105,132,105,85,91,96,91,85,88,110,113,118,124,88,88,113,105,88,102,127,96,118,116,127,129,88,76,88,79,91,129,129,155,150,160,164,164,171,179,173,171,155,162,182,177,142,152,166,121,124,105,110,124,118,142,135,118,130,113,121,105,116,124,142,152,118,110,127,118,116,137,130,116,145,142,175,178,110,130,99,48,48,48,37,48,34
85,104,141,172,201,156,96,39,37,104,131,144,110,129,126,129,121,131,104,96,70,107,85,60,104,121,90,96,104,134,107,90,90,73,93,96,112,99,85,81,81,54,57,65,50,54,70,62,62,62,65,78,60,52,47,37,41,88,156,196,215,183,118,85,68,65,65,50,50,54,43,50,60,57,57,65,68,85,71,54,82,90,65,62,50,50,57,57,54,60,54,52,54,54,43,50,52,50,43,47,57,65,54,50,65,57,41,43,50,37,54,41,41,43,37,39,62,57,50,68,85,60,54,50,48,45,43,50,45,41,71,52,45,65,71,62,60,50,68,79,62,57,45,62,68,91,88,60,62,71,65,50,45,43,48,65,57,62,55,74,55,50,37,52,50,55,55,43,43,55,55,48,60,71,43,50,52,43,60,62,52,50,50,62,60,52,62,68,62,55,57,52,79,101,82,43,35,55,62,48,50,62,52,37,46,55,57,55,62,55,50,48,57,62,68,60,60,50,39,53,62,55,55,79,85,101,62,65,79,91,82,93,71,62,85,96,79,85,85,88,121,127,140,142,166,121,132,132,105,99,118,115,110,82,82,101,105,124,121,155,164,200,157,159,115,124,118,71,65,71,96,124,91,76,116,99,93,79,82,63,99,116,99,82,93,99,65,79,102,79,76,76,68,74,79,116,147,171,168,150,152,166,171,152,177,177,155,166,132,166,157,175,166,130,127,102,74,91,113,113,124,127,148,150,140,108,145,132,140,130,127,145,137,142,150,155,169,162,169,178,179,166,119,145,93,50,60,50,40,37,34
65,62,115,161,193,161,78,45,68,76,70,73,101,101,115,99,126,104,81,93,73,88,70,112,62,121,112,96,104,115,131,96,68,96,131,90,112,96,118,28,68,65,85,70,76,78,81,70,62,50,52,62,62,41,35,47,33,68,147,152,183,181,126,99,79,71,71,50,52,52,39,39,68,65,62,52,54,88,68,43,65,90,79,62,50,45,52,54,54,54,50,50,65,52,41,50,52,50,41,45,60,60,50,41,39,43,68,52,52,65,52,30,54,41,50,50,62,65,52,71,88,65,50,41,65,41,43,45,41,60,50,60,43,57,71,52,45,39,50,79,43,55,45,43,68,68,79,43,43,82,82,50,39,37,37,41,52,55,52,65,41,52,43,55,41,37,39,41,52,48,32,45,50,37,37,41,33,48,43,60,43,30,26,39,68,65,52,52,37,35,35,41,37,28,41,37,39,68,65,65,62,50,52,55,41,43,55,85,68,57,46,39,50,52,55,53,62,65,55,41,48,53,60,71,62,39,41,46,53,53,53,65,37,50,85,101,110,104,113,115,115,147,142,132,152,129,121,129,129,99,108,105,115,118,113,127,101,124,129,177,182,166,157,145,137,142,132,115,88,99,137,168,118,82,91,102,65,74,76,65,116,129,93,93,88,79,55,65,60,44,68,91,85,99,127,142,160,157,135,162,177,164,152,152,179,177,130,130,155,142,140,127,142,157,130,127,118,96,132,145,113,121,150,162,132,121,113,105,110,130,140,130,132,145,153,137,153,171,166,201,175,153,130,116,99,60,48,40,44,53,44
70,50,67,96,131,118,62,54,81,65,47,60,54,65,104,101,101,118,81,57,50,52,81,90,90,78,144,99,85,85,78,96,88,85,115,81,99,96,78,81,52,73,101,88,134,88,57,50,54,43,50,54,41,45,45,52,37,50,118,126,141,134,107,96,62,54,73,79,65,52,41,43,52,68,41,50,68,79,71,39,41,73,71,45,52,47,45,41,47,50,50,52,52,45,50,52,50,50,43,50,62,54,52,39,35,47,60,50,50,68,41,39,62,50,50,54,68,71,62,68,79,71,47,39,52,39,50,43,43,50,35,48,37,41,50,45,41,37,39,50,41,39,52,57,60,52,68,62,57,62,65,52,41,39,39,39,39,39,52,35,41,37,43,39,41,32,48,55,45,50,52,45,45,39,41,39,32,57,50,50,48,45,52,52,46,50,43,35,33,30,28,26,24,26,41,35,50,71,65,46,41,48,55,43,35,52,68,79,57,55,41,37,39,30,28,37,53,74,65,43,53,57,53,62,37,32,41,39,35,35,43,48,53,60,68,85,104,118,124,129,96,121,145,101,113,96,96,68,105,88,79,68,79,110,140,132,105,135,152,159,93,121,115,124,135,142,132,127,142,132,127,137,132,88,85,57,68,68,74,63,113,76,99,88,85,60,63,53,37,55,76,85,99,157,127,168,140,135,132,155,160,140,108,110,121,116,110,91,99,105,121,145,132,135,155,124,93,105,118,110,79,82,130,137,135,108,79,88,110,124,88,82,121,124,124,124,124,132,140,179,166,137,124,93,74,58,50,46,50,40,40
81,54,41,52,81,96,41,65,81,78,70,62,52,65,126,129,104,112,93,76,68,68,70,96,88,99,112,118,85,81,78,68,85,76,78,88,96,78,90,57,62,65,118,131,129,73,62,60,68,54,41,54,47,62,50,52,33,33,73,144,81,115,101,54,47,60,88,62,57,52,47,43,68,65,43,47,68,85,68,31,43,73,68,50,52,52,50,39,35,45,45,52,43,50,50,52,52,52,52,54,65,57,54,50,39,37,45,43,60,54,50,43,43,37,43,52,57,54,54,71,79,43,39,50,43,48,55,50,39,37,37,33,41,41,45,50,41,37,30,41,65,57,57,62,62,50,55,62,50,45,62,62,55,48,39,48,33,45,39,28,39,41,37,39,45,37,35,55,50,57,62,39,35,52,43,35,41,35,65,62,65,52,41,45,50,55,50,35,39,39,43,50,62,41,68,55,52,55,46,74,76,57,55,46,46,65,60,65,55,41,50,35,35,37,35,50,53,60,60,41,43,65,50,50,41,37,41,41,46,48,43,50,62,68,65,65,71,85,96,104,107,101,115,88,82,79,85,79,88,82,60,62,82,108,142,145,110,142,155,91,57,55,79,93,96,121,115,132,88,85,96,110,142,127,60,74,68,68,68,60,93,74,91,110,96,79,60,60,42,42,76,113,105,137,105,173,132,145,124,124,124,137,127,121,96,85,96,74,91,124,108,99,124,130,132,102,110,110,96,96,82,93,135,157,105,88,99,85,121,102,110,121,130,140,137,124,132,119,113,132,145,127,113,93,65,53,50,50,40,36,44
96,52,43,47,134,118,65,99,96,78,81,78,81,99,134,118,112,115,139,110,81,81,81,115,144,99,88,118,118,85,96,93,62,65,85,81,88,88,101,81,73,70,107,115,154,101,78,65,57,52,52,65,60,70,65,39,37,26,62,88,99,93,68,52,54,52,45,54,45,43,43,52,96,101,33,65,54,73,62,39,45,71,57,43,45,52,50,65,30,65,39,50,62,57,54,57,50,45,43,45,52,52,45,52,41,39,41,47,54,45,43,41,31,28,45,43,50,52,52,68,71,52,43,45,50,52,50,50,52,50,52,43,55,71,62,55,45,39,26,41,79,52,43,50,62,50,43,50,55,48,57,55,52,57,55,48,41,41,41,37,37,46,32,41,41,30,32,39,50,55,74,41,32,41,52,41,39,68,48,65,55,39,35,50,71,52,41,52,50,39,39,50,50,68,113,79,48,85,91,50,46,57,50,65,55,46,43,46,41,39,46,41,46,48,43,48,43,43,43,50,53,50,50,48,60,35,50,48,62,53,43,48,55,82,62,50,46,48,62,82,107,82,96,85,124,71,88,124,93,76,68,85,124,140,152,157,110,127,140,82,42,23,35,57,68,91,93,110,93,74,105,129,155,129,79,74,79,63,60,63,99,68,79,102,116,118,96,74,63,53,68,99,105,157,160,140,132,145,118,142,129,127,155,132,96,96,105,65,113,82,135,99,113,96,85,121,121,152,132,105,96,124,130,105,96,79,99,82,110,121,124,113,88,105,130,135,119,113,91,119,132,105,102,85,58,44,44,48,40,42,48
85,43,37,87,131,131,115,115,81,70,85,85,85,96,115,118,121,112,147,99,96,90,126,110,118,96,107,129,121,88,70,73,70,65,68,62,85,99,90,99,78,70,96,112,126,118,85,54,54,50,65,62,70,78,65,45,33,43,37,85,85,52,43,68,54,62,50,39,57,54,43,54,41,101,50,57,68,54,54,54,50,54,52,50,52,54,54,31,45,43,35,50,65,39,68,47,37,33,43,43,37,39,39,33,41,43,54,43,43,39,37,39,31,31,41,43,50,65,57,71,79,71,41,37,41,31,39,43,55,65,71,52,52,76,65,52,50,39,35,39,65,43,33,39,50,55,52,57,52,45,48,50,57,55,57,57,50,46,52,46,37,46,37,37,35,39,39,43,39,50,62,46,37,33,43,55,41,52,46,48,50,50,37,43,55,50,57,65,52,37,50,52,30,85,68,76,48,79,43,74,71,39,50,50,50,33,55,52,33,41,46,55,35,37,37,41,43,43,32,26,34,30,53,43,43,43,71,50,53,50,30,62,68,79,68,41,39,41,65,85,65,79,79,96,124,79,79,74,85,85,88,96,110,145,173,145,118,121,147,85,50,32,34,53,71,79,79,110,127,108,116,129,127,118,105,63,63,76,63,63,76,65,93,82,110,124,96,74,65,63,68,91,113,137,168,150,177,142,135,137,118,110,135,152,110,88,99,71,68,124,96,79,82,79,85,99,155,148,130,105,96,99,116,88,82,60,65,85,113,130,127,113,85,91,113,127,116,110,113,119,102,88,82,55,37,36,36,40,46,40,46
52,50,54,101,141,136,161,149,85,70,65,70,68,68,96,131,131,118,90,118,126,104,149,85,112,129,147,126,96,73,70,73,65,62,43,54,78,99,88,70,54,60,81,88,129,112,93,78,65,65,62,65,50,57,68,65,57,68,81,101,68,57,54,65,50,43,45,47,71,71,50,39,47,41,82,82,65,54,82,52,57,54,54,60,65,54,50,35,31,31,43,41,39,37,31,35,37,37,37,33,30,35,31,31,50,37,50,39,39,33,43,41,35,43,33,45,57,54,68,91,91,65,37,26,37,31,35,28,35,74,55,41,45,57,55,41,50,50,43,37,68,48,30,37,45,68,71,50,39,35,39,52,55,52,55,65,62,43,55,55,39,52,50,46,41,43,41,46,50,43,41,50,46,37,46,52,46,43,39,41,55,71,50,32,37,46,62,50,43,37,35,52,50,52,50,65,55,43,57,50,55,52,43,35,28,79,52,30,37,37,43,68,46,55,30,43,55,43,34,43,48,37,48,39,30,50,41,37,39,39,37,53,60,53,50,37,39,57,48,50,43,60,55,50,53,74,60,62,55,65,79,96,88,88,150,129,124,116,105,96,76,82,68,74,82,85,93,96,113,105,91,110,96,91,116,79,71,79,71,65,53,91,99,74,88,96,85,79,74,65,60,85,116,113,147,145,142,152,152,142,137,124,110,116,121,110,99,82,93,82,96,99,88,88,85,124,157,150,132,105,63,79,71,82,50,60,48,79,108,105,113,99,96,105,108,113,140,137,124,91,113,82,48,48,28,37,37,40,40,36,40
54,62,73,81,131,134,147,141,88,62,57,65,43,50,101,126,131,121,78,129,129,126,129,101,115,141,99,112,81,78,78,70,85,81,62,68,78,78,99,88,78,62,73,93,131,121,96,93,73,70,76,65,54,52,88,104,110,88,93,90,96,90,70,57,41,52,54,62,71,73,65,62,62,71,65,57,62,60,65,50,43,52,62,62,54,68,50,43,45,39,30,31,39,41,43,50,39,39,41,45,39,31,39,39,41,37,39,41,37,31,50,41,43,43,35,41,50,43,73,88,82,52,35,31,37,45,37,26,28,52,41,37,55,57,50,57,55,43,55,50,62,50,41,43,55,68,65,43,37,39,39,45,50,50,57,43,57,65,62,50,43,55,50,48,48,50,39,41,57,55,52,55,55,46,48,39,48,33,30,50,68,65,41,28,39,52,55,55,52,43,41,39,39,55,46,43,57,52,39,52,60,52,37,37,50,46,30,37,39,50,76,68,48,39,37,41,48,50,39,37,41,34,46,43,46,35,30,30,34,48,43,30,43,43,39,46,55,60,43,41,53,41,41,34,30,48,39,76,50,62,71,91,93,65,91,116,96,99,76,88,93,91,99,88,71,79,82,82,82,82,85,93,82,105,88,99,93,85,65,68,68,93,82,65,93,99,76,76,57,60,60,60,76,82,121,108,110,145,135,135,137,145,140,127,108,121,121,96,82,102,105,108,119,96,116,113,150,152,119,99,79,71,79,88,85,50,48,74,88,155,135,93,91,116,91,142,153,108,132,153,132,85,42,34,46,44,42,36,34,36,32
65,52,70,78,81,101,90,101,88,73,62,50,39,65,101,104,115,123,118,88,131,131,112,112,136,131,104,104,65,41,52,85,115,85,88,85,85,90,118,147,70,81,85,134,126,131,112,90,88,81,99,85,121,85,110,170,185,144,99,78,81,70,65,62,45,52,47,52,99,101,112,134,68,68,71,73,62,54,39,57,57,43,52,50,54,68,65,62,52,28,37,41,33,47,57,43,43,45,54,65,43,30,41,52,52,50,43,45,43,41,50,54,52,45,41,43,37,43,71,65,79,71,45,50,41,82,65,41,33,50,57,45,62,68,57,79,55,57,55,43,50,71,65,62,55,57,52,41,45,50,41,41,41,50,68,28,62,79,48,50,62,39,43,43,55,50,39,43,57,65,62,55,55,48,48,43,50,32,30,43,71,52,52,48,37,39,50,62,55,46,35,50,37,41,55,46,41,35,41,50,50,43,41,52,52,48,55,39,39,62,50,48,57,43,39,50,48,48,50,39,44,53,57,50,44,39,27,30,37,46,53,32,41,48,32,53,82,50,41,62,57,50,50,50,27,48,50,55,42,48,71,76,76,79,60,55,62,65,65,62,82,68,79,76,55,55,68,65,65,91,91,71,71,116,55,79,76,71,50,74,65,76,76,63,79,82,71,79,57,46,53,40,53,40,71,65,63,91,110,113,135,137,124,140,150,137,135,116,121,121,116,108,108,113,148,121,119,142,130,105,99,85,91,102,85,60,53,53,63,85,105,105,96,91,79,96,150,157,148,132,121,85,71,71,40,48,44,48,48,37,34
65,57,70,73,62,65,78,96,112,96,76,52,45,62,81,99,115,110,90,90,144,131,112,126,147,104,118,96,57,45,62,85,101,99,81,99,104,112,112,131,104,96,115,118,136,118,90,101,99,93,81,88,104,96,156,181,181,149,126,88,52,62,50,41,50,57,50,79,110,137,147,154,126,76,73,52,41,68,52,37,47,65,68,50,54,57,50,37,52,43,41,37,50,57,52,45,50,50,47,54,57,45,50,65,57,47,50,54,54,39,45,60,54,50,41,39,37,50,65,62,79,71,57,50,62,91,82,65,71,62,60,68,74,62,55,55,50,57,43,35,45,79,62,68,52,43,57,50,50,52,43,43,50,50,52,37,43,62,55,55,55,43,50,39,46,50,43,43,41,55,65,57,41,50,41,46,48,28,35,43,60,57,52,50,39,46,41,52,46,50,41,41,48,43,55,43,39,46,43,52,48,39,37,43,65,76,46,55,52,48,43,43,48,43,39,48,48,34,35,60,53,39,50,57,60,46,21,24,53,48,53,53,44,35,53,50,53,41,50,41,46,37,48,48,53,53,44,46,55,50,50,71,76,65,50,42,53,44,44,60,48,50,79,71,53,68,65,53,60,91,88,71,68,99,53,79,44,63,60,55,53,68,79,63,50,65,79,68,53,40,55,60,57,40,40,42,40,53,93,110,110,102,105,135,130,152,155,140,132,113,85,96,105,124,142,132,132,150,130,102,99,99,113,110,88,85,63,57,88,105,96,108,119,113,113,127,153,142,153,132,108,91,93,71,55,40,46,48,40,28,28
96,54,70,67,47,45,68,88,112,104,85,62,41,39,62,90,118,81,57,99,149,129,115,136,104,93,93,101,93,112,126,115,126,118,90,112,129,96,129,144,131,121,118,112,81,96,110,90,96,99,101,70,45,68,115,131,131,107,107,68,68,43,41,37,39,47,71,101,96,101,170,203,115,73,50,50,71,62,68,54,41,54,68,50,50,50,37,50,50,35,37,52,71,65,35,39,57,54,43,50,54,52,52,65,54,62,62,50,50,45,52,52,45,43,37,28,39,54,62,52,73,65,43,54,52,65,79,68,79,50,43,65,55,52,45,43,43,50,43,39,52,68,57,50,43,41,55,55,41,43,50,55,55,41,37,37,50,50,55,52,43,52,37,43,48,48,48,41,39,46,60,55,33,48,35,43,41,33,50,43,52,65,55,41,37,41,43,52,62,39,46,39,43,43,39,48,50,43,41,43,37,43,52,41,41,52,55,82,52,46,43,35,39,41,39,48,44,41,41,50,55,53,74,62,65,53,35,25,48,57,55,50,50,53,46,39,35,50,62,41,39,53,48,53,50,48,65,62,60,44,39,60,68,62,44,44,55,37,39,42,53,48,85,55,76,82,68,57,62,60,65,71,62,91,74,63,55,71,82,42,50,65,68,55,55,65,74,50,40,53,57,60,71,48,50,37,63,44,93,102,93,63,68,121,119,157,152,130,124,110,85,105,116,121,150,150,121,116,127,124,145,132,102,93,110,91,74,93,110,96,105,132,145,140,130,132,148,140,132,121,102,91,76,68,71,63,36,40,40,32,32
107,67,65,54,50,41,54,50,85,85,68,54,54,57,57,78,99,88,57,96,144,112,99,112,99,112,101,112,149,129,141,149,144,129,126,134,131,115,110,131,115,104,96,85,57,70,107,99,81,101,79,52,54,57,85,104,118,121,88,99,76,47,35,37,37,52,57,79,79,99,179,144,159,54,57,57,88,79,62,39,43,54,52,54,50,30,43,52,39,31,35,45,47,50,62,50,54,65,50,52,71,52,52,68,62,50,39,52,50,65,52,41,47,62,52,41,41,47,54,52,76,68,39,31,50,52,52,45,43,43,41,41,43,39,41,41,50,45,41,48,57,60,52,45,39,43,48,50,45,50,48,55,52,37,39,41,50,41,41,55,50,39,28,46,55,62,52,43,39,39,48,57,50,46,48,41,32,57,52,50,62,68,62,50,39,43,43,52,52,37,52,33,50,41,37,52,55,41,37,41,43,52,55,26,39,68,57,62,55,52,35,55,37,35,44,55,44,37,34,41,41,48,55,44,50,53,27,44,39,50,48,53,48,50,46,41,50,55,50,55,68,44,48,57,50,50,53,57,53,44,53,65,46,37,53,60,62,50,46,50,57,50,65,62,50,62,60,53,50,50,55,57,68,76,57,65,57,93,96,63,74,63,48,50,53,53,48,46,44,53,71,68,68,65,57,48,76,53,82,88,85,71,74,129,145,155,160,119,105,116,99,110,130,130,142,148,116,96,127,148,157,155,113,113,124,82,79,88,102,119,130,124,130,142,148,148,113,116,102,102,113,88,82,85,68,63,44,46,46,36,34
118,96,65,54,43,52,39,54,57,70,88,68,62,73,62,88,88,78,107,121,129,101,70,93,121,115,99,112,156,134,141,144,134,129,136,131,112,104,115,115,81,68,68,62,45,54,79,81,68,68,73,68,68,85,90,99,101,93,90,112,99,52,30,28,43,50,57,54,62,99,112,126,134,96,60,62,85,71,43,52,41,41,54,62,68,45,37,39,50,41,39,50,62,43,54,68,45,54,65,54,54,82,60,54,43,41,52,37,43,43,52,39,47,45,50,60,45,50,62,62,76,54,50,31,62,41,37,43,37,37,37,41,41,39,48,43,39,41,39,55,62,55,52,50,39,33,39,52,55,50,43,45,55,48,43,50,46,43,39,50,48,33,30,46,65,71,52,50,48,52,41,41,55,52,79,65,39,55,57,52,52,52,46,52,68,48,37,39,37,35,52,37,48,39,43,46,39,52,37,32,46,50,52,62,46,52,57,60,43,68,60,39,39,30,44,50,48,39,37,37,32,53,37,55,48,46,41,50,48,37,53,62,57,41,50,44,60,50,48,79,50,62,35,46,46,50,65,57,60,65,62,55,55,53,48,68,85,65,53,65,93,46,50,62,48,68,65,50,48,39,39,57,85,96,63,48,57,82,121,147,105,68,50,40,37,46,44,40,46,68,91,76,91,85,57,63,50,65,88,88,113,132,105,135,169,162,140,105,105,88,99,124,148,150,142,155,121,102,130,140,132,140,145,124,108,82,99,74,105,93,121,137,132,150,173,140,121,113,105,110,102,102,93,119,82,63,63,65,55,36,32
112,78,85,54,50,50,50,81,85,88,107,96,50,50,68,88,99,85,81,104,129,76,99,96,118,78,81,115,144,152,156,144,107,121,99,107,96,96,134,96,70,60,62,60,47,50,65,85,68,76,79,73,60,68,96,110,99,88,96,93,90,47,41,39,41,37,43,62,62,71,82,96,112,115,79,68,65,45,35,43,33,28,43,54,62,71,50,50,43,39,39,52,79,65,54,54,52,39,54,50,54,76,52,54,47,52,28,82,33,41,50,73,68,62,39,57,60,57,68,71,71,68,57,39,52,39,41,50,50,41,39,41,50,43,43,52,43,50,39,55,57,62,37,55,55,37,41,48,50,43,43,43,55,55,41,50,43,55,55,50,52,50,43,62,68,55,50,50,55,57,41,33,41,52,91,82,46,50,68,52,43,41,37,41,52,41,37,37,33,30,43,41,41,41,46,43,43,48,33,28,43,52,50,46,28,33,50,65,37,79,50,39,41,41,48,48,60,50,35,50,46,48,48,50,48,60,60,55,53,53,68,76,53,53,53,48,50,46,68,53,41,53,44,34,42,42,62,91,71,60,57,44,55,55,74,74,62,53,53,68,50,82,113,76,88,74,60,53,44,53,53,53,55,71,82,50,63,65,118,145,113,79,55,50,42,40,44,40,55,79,93,91,96,96,65,50,53,82,93,99,150,155,137,152,175,162,150,116,102,88,124,145,157,152,140,127,124,145,142,132,145,140,148,119,116,113,113,85,85,108,105,119,140,127,162,132,105,132,130,108,116,121,121,130,108,76,71,71,68,63,36
78,78,88,107,70,31,68,90,144,134,156,107,39,37,54,62,65,54,73,90,96,85,115,115,78,99,85,110,136,144,164,131,101,112,65,90,96,88,96,88,79,88,99,81,79,79,70,81,88,81,76,70,65,54,70,85,68,62,81,96,81,57,52,52,43,31,37,57,54,47,68,96,121,118,104,88,57,45,39,41,43,30,39,65,65,45,45,62,39,39,50,43,50,71,65,41,41,39,39,55,50,79,93,96,57,41,82,43,55,115,91,88,85,99,65,55,76,73,88,52,71,62,55,28,52,48,65,48,62,55,52,45,52,50,43,50,62,41,39,41,57,41,55,62,74,55,43,39,43,48,39,43,50,52,37,50,50,43,60,55,46,57,62,50,50,52,55,55,52,52,48,37,41,52,57,65,55,55,60,48,39,41,37,32,37,32,35,37,37,39,46,39,39,39,41,48,39,37,37,35,43,39,32,28,28,30,39,55,39,52,52,52,46,52,50,60,62,53,50,65,68,53,50,50,53,37,65,76,60,62,50,46,55,55,53,46,48,50,48,53,74,37,71,39,34,30,48,55,53,46,55,62,50,48,60,79,55,35,39,34,53,93,99,85,96,82,53,88,71,35,46,35,39,68,68,82,48,46,105,105,85,53,57,65,53,37,34,55,82,68,88,96,63,76,85,91,76,76,99,118,166,179,184,193,188,173,169,119,105,121,130,121,137,145,121,121,140,155,152,160,166,155,142,124,108,127,110,93,91,76,85,79,108,119,119,119,124,169,135,121,140,140,142,110,99,96,82,74,65,68,58
88,78,96,96,81,68,101,126,131,147,156,118,68,41,54,65,62,43,78,65,65,129,99,115,121,90,90,118,154,164,139,126,144,115,104,73,101,107,90,88,79,115,129,90,96,115,79,65,81,79,76,85,73,54,45,52,54,43,57,88,76,70,62,65,65,45,54,57,52,54,65,101,126,134,107,90,57,52,57,47,41,47,50,54,52,37,39,41,43,52,65,52,45,50,71,55,43,43,45,79,99,68,118,156,101,55,65,71,76,85,101,91,118,113,68,65,79,76,93,71,73,79,50,52,62,68,65,82,68,62,50,52,57,48,33,43,41,71,43,45,41,55,50,82,52,50,41,50,39,32,43,48,48,43,37,41,48,43,52,39,37,37,43,41,46,46,50,65,60,57,50,43,52,55,43,46,50,57,57,43,41,46,39,30,28,34,41,43,60,46,48,39,41,37,41,43,43,52,55,46,32,28,37,39,39,34,39,48,52,50,52,52,39,41,53,46,48,60,50,37,50,76,50,32,46,37,48,65,53,50,37,37,53,55,50,65,53,46,37,48,55,65,50,41,37,50,50,44,37,48,50,53,48,48,71,62,53,42,62,39,57,85,53,65,76,79,82,76,88,48,32,30,44,60,68,60,65,53,110,93,65,71,60,63,65,53,55,63,63,65,79,65,48,79,121,96,79,82,102,121,127,157,208,207,171,155,142,140,121,124,113,116,135,127,119,119,121,127,145,140,157,155,157,142,102,121,96,91,82,60,79,65,91,99,85,108,140,137,119,140,119,155,153,130,93,105,88,76,65,79,76
134,96,98,129,134,118,107,99,115,139,134,141,101,62,78,101,88,115,85,54,78,99,99,78,101,93,85,126,175,164,134,126,156,164,134,85,134,101,112,99,101,121,123,134,107,104,90,68,68,85,96,104,70,65,37,65,50,45,52,68,73,81,88,85,68,65,79,62,79,76,65,82,115,82,90,90,52,43,52,50,54,60,52,43,41,39,39,37,39,54,62,54,39,37,50,71,71,71,85,142,150,118,166,183,150,88,79,68,57,76,104,121,129,129,76,79,101,76,88,91,82,62,88,76,91,91,79,82,82,52,65,52,55,50,37,41,52,68,52,41,28,55,88,37,37,52,37,39,50,43,37,50,37,37,57,28,50,55,39,41,37,33,46,55,55,46,37,48,62,57,50,39,37,52,50,39,33,52,62,43,60,60,46,33,28,50,71,55,91,50,55,43,52,39,62,62,74,71,85,76,52,52,57,62,50,46,39,43,62,68,50,39,30,34,44,37,32,37,32,32,41,68,60,35,50,60,30,39,44,37,37,48,46,39,53,85,60,46,48,50,57,48,44,55,68,53,62,60,53,42,48,62,65,60,60,55,57,65,44,57,60,35,42,46,71,74,68,71,65,48,39,48,53,32,30,88,93,76,79,55,44,37,57,65,79,60,57,63,48,57,68,53,76,82,53,74,82,85,88,99,102,124,155,152,137,150,132,130,142,132,113,96,113,96,96,105,116,130,105,105,132,137,150,162,124,102,96,85,82,76,65,68,65,50,50,85,102,82,93,119,137,164,148,145,116,116,119,110,116,96,79
141,134,144,131,149,159,123,107,134,144,156,149,126,126,129,149,136,101,115,90,62,50,78,88,101,121,118,112,152,161,144,156,170,187,168,149,129,90,88,96,110,126,139,123,112,107,101,68,62,104,115,107,96,68,73,76,37,41,62,60,81,96,96,90,71,62,65,54,88,68,82,71,68,57,90,90,47,39,45,52,54,54,45,37,37,39,39,39,45,57,50,43,45,52,55,79,99,132,156,172,161,175,188,203,161,104,85,93,71,79,121,129,99,129,129,76,96,107,91,73,79,65,71,115,96,82,68,43,48,45,55,68,52,41,41,55,57,65,57,35,55,85,52,41,52,62,52,52,37,32,39,43,48,48,79,55,41,50,32,60,50,41,43,68,82,82,71,62,85,79,68,48,30,48,39,33,37,65,71,55,71,79,52,57,52,52,91,71,76,79,57,50,55,57,71,96,82,82,115,115,88,85,68,68,52,37,52,52,85,93,60,55,39,26,39,41,28,28,37,62,39,46,65,55,50,41,30,39,39,41,41,44,41,35,50,82,96,60,55,50,48,53,55,62,62,60,62,57,48,39,44,60,55,44,53,62,62,53,55,39,53,55,53,57,42,32,48,65,65,62,62,82,65,65,63,65,65,65,63,48,44,34,40,68,68,53,46,57,63,63,50,74,68,82,93,82,82,88,85,79,74,79,132,124,127,113,93,99,140,127,99,74,82,82,88,116,116,105,96,96,121,145,130,145,132,108,79,68,85,79,65,68,50,44,46,60,91,93,108,132,140,124,135,171,153,137,153,153,153,124,88
131,191,163,120,147,161,159,115,152,181,170,164,149,154,159,159,181,164,136,104,81,57,57,81,134,159,159,134,144,194,177,149,164,172,185,149,96,99,123,96,96,112,134,126,126,101,101,99,93,126,104,107,88,81,79,60,37,41,50,81,104,90,90,96,85,71,57,62,54,79,88,65,54,57,71,82,50,45,50,43,52,45,37,41,43,31,28,73,54,54,54,50,43,54,71,107,137,164,198,170,115,172,212,218,172,159,126,79,68,62,82,76,76,99,142,147,166,156,96,50,35,99,88,99,99,82,62,52,43,41,55,62,50,52,55,55,71,52,37,39,57,68,71,91,68,62,65,48,55,52,45,52,88,99,65,55,52,50,65,71,60,71,82,88,134,147,134,121,129,126,62,55,41,33,41,37,52,68,85,79,82,91,82,85,82,71,93,79,82,113,55,68,52,82,68,85,91,113,142,147,127,99,71,52,41,57,71,65,101,74,65,62,37,35,41,44,44,39,39,53,44,39,53,55,41,27,35,37,46,39,37,28,39,48,44,60,79,74,85,76,74,55,53,60,50,65,57,50,53,44,37,48,65,55,55,55,65,42,37,42,50,53,62,50,42,44,48,53,65,65,60,76,76,76,68,34,28,53,63,55,40,27,32,42,40,42,50,40,68,71,65,55,60,93,50,65,74,82,85,74,79,91,102,124,110,76,91,116,124,76,76,82,55,74,91,79,79,82,88,108,108,116,113,99,121,124,57,63,71,88,96,82,63,57,53,71,110,93,113,132,127,142,160,186,182,162,175,171,166,157,116
149,109,101,96,139,134,134,152,147,144,147,166,177,175,183,187,194,172,161,149,99,50,39,65,129,156,156,166,183,203,172,126,172,175,144,110,99,115,118,90,85,104,141,131,118,126,104,112,118,112,81,96,101,68,73,62,47,41,60,107,88,81,81,110,118,101,88,104,65,79,71,62,47,47,71,71,45,50,50,47,54,45,37,43,37,39,54,52,45,50,45,43,45,52,82,115,150,185,193,159,126,170,219,206,164,175,156,96,62,37,43,65,101,115,164,195,166,168,118,60,50,96,99,91,132,85,65,82,71,45,50,62,68,62,55,45,62,35,37,52,65,85,88,74,65,68,57,45,55,74,57,60,104,115,62,52,37,52,96,68,46,76,96,101,118,139,150,147,134,85,65,71,50,33,50,46,52,85,101,93,65,79,85,85,85,71,88,71,74,62,62,71,52,74,71,71,99,121,127,147,145,85,62,50,52,85,68,74,85,68,65,52,52,52,48,53,53,39,41,50,50,37,39,48,48,35,28,41,55,32,32,37,39,53,44,39,39,65,55,91,74,62,48,55,48,44,46,50,39,46,42,42,65,65,60,42,50,30,32,55,53,48,65,62,62,60,53,44,44,55,48,53,62,60,63,50,48,57,50,55,53,35,27,32,28,28,35,42,44,50,50,53,68,50,79,57,76,113,96,85,88,85,93,110,113,88,74,96,76,82,53,58,53,55,79,76,85,74,65,93,85,85,105,96,110,91,63,60,74,88,110,93,65,53,65,85,91,91,108,140,164,175,186,182,184,162,171,178,190,164,108
126,78,78,62,101,99,107,126,134,139,177,200,205,189,194,206,213,166,168,141,73,45,45,68,129,161,156,164,172,172,161,131,156,147,126,101,134,121,90,85,88,96,101,107,131,149,112,93,99,93,101,88,88,79,73,52,52,60,79,81,76,85,99,134,132,115,132,112,73,60,82,65,43,52,50,43,50,45,43,50,62,50,33,41,43,71,60,50,43,43,30,50,41,54,82,107,139,177,185,159,159,161,213,183,137,134,152,104,65,28,41,71,107,147,188,195,181,205,161,101,99,113,96,93,115,107,96,79,62,68,68,71,74,55,65,43,48,60,55,62,65,43,52,41,74,65,50,55,88,88,85,71,68,82,65,52,39,50,71,85,60,85,132,129,134,132,142,139,121,104,88,50,55,52,55,55,65,79,104,88,62,68,71,71,79,74,71,62,62,50,43,48,65,57,71,76,88,91,104,121,107,68,52,65,68,60,55,76,65,74,60,65,85,68,68,62,44,44,50,50,65,55,50,41,53,35,57,55,46,27,34,41,41,44,28,23,24,39,39,62,57,53,55,50,44,44,60,60,30,37,68,60,76,79,55,39,32,28,34,48,60,62,76,79,74,57,46,46,32,42,35,37,53,50,65,60,35,53,50,48,50,42,44,40,34,25,28,35,32,28,32,44,53,53,65,50,60,116,108,82,68,85,129,127,110,105,68,68,96,63,44,46,53,46,68,76,60,63,63,79,79,93,65,119,71,91,93,79,71,85,91,127,82,55,65,88,74,91,137,157,192,182,206,175,153,137,160,180,155,124,85
88,98,115,78,85,90,99,115,170,177,141,164,203,193,170,193,194,185,147,131,78,50,45,88,93,126,118,126,136,134,129,112,147,170,131,107,161,107,90,90,52,73,101,110,90,99,101,73,85,90,101,65,101,121,85,47,35,41,57,79,101,96,115,134,104,79,73,79,79,68,76,71,52,39,35,41,60,57,52,52,52,47,41,45,65,62,45,62,47,50,41,54,50,65,71,96,132,142,144,156,144,142,177,150,144,132,129,96,71,43,68,88,104,144,179,193,196,188,147,142,115,144,91,101,96,85,99,99,104,91,65,57,71,62,71,52,52,45,62,74,57,48,43,52,68,50,65,71,74,88,88,91,45,45,55,55,37,50,85,107,126,126,132,144,126,113,124,150,101,88,96,50,62,76,65,52,65,88,96,65,65,82,79,60,79,65,50,62,55,43,48,62,48,46,68,88,88,82,93,99,85,68,65,60,62,55,57,79,76,88,71,99,121,104,85,76,55,55,68,60,65,71,60,50,60,41,74,60,50,37,35,46,37,27,21,21,21,28,35,53,44,41,44,53,44,55,62,53,44,39,62,91,82,79,53,37,27,32,42,57,57,62,65,79,62,65,57,46,37,37,46,42,46,53,44,35,24,35,32,40,68,76,60,53,42,27,24,28,37,27,30,32,40,50,63,74,76,91,88,74,65,88,118,102,105,137,127,85,63,85,71,68,53,46,55,79,93,102,105,93,113,119,99,82,102,88,82,102,76,60,93,116,93,58,50,74,76,113,175,135,192,201,208,173,153,127,155,137,110,93,58
115,115,115,93,78,81,112,129,141,144,136,149,183,185,164,181,185,147,156,121,81,65,50,54,52,43,65,68,99,96,93,129,126,134,121,96,79,81,134,96,81,70,96,79,99,101,81,76,90,96,68,88,68,85,62,50,43,50,70,85,96,81,68,73,65,62,79,82,79,68,76,71,47,45,41,43,65,71,65,62,57,43,43,52,57,52,33,37,57,62,73,71,60,57,47,62,101,107,85,101,115,123,144,132,144,152,123,91,71,79,126,132,129,134,156,166,170,154,134,126,123,113,85,82,101,115,96,113,126,113,68,55,79,82,93,82,48,41,62,37,48,65,30,57,55,50,65,79,99,115,91,52,39,50,43,50,65,88,85,137,126,144,147,88,65,79,99,96,107,65,41,62,82,85,62,71,76,79,74,60,74,85,62,52,50,55,50,65,43,62,62,68,55,55,74,71,82,85,79,79,76,65,50,65,71,65,46,50,68,85,93,127,145,115,101,101,88,65,57,62,60,53,60,57,65,65,65,65,62,62,53,39,28,27,30,23,20,28,35,46,37,35,30,41,46,48,50,46,60,50,57,93,65,62,55,53,25,28,65,57,60,55,65,71,55,55,60,50,57,42,42,42,44,62,30,42,28,35,28,53,74,65,55,50,53,46,42,46,74,57,50,34,27,40,50,60,74,74,63,57,65,74,82,85,121,162,152,142,132,113,102,82,50,50,63,82,105,116,127,124,110,88,85,91,108,88,105,105,93,79,88,113,96,65,53,76,105,110,150,135,173,201,202,157,173,130,88,74,74,53,32
101,90,90,93,76,90,134,141,134,126,126,139,161,170,161,129,156,172,149,115,85,62,47,31,28,26,33,50,70,104,121,131,121,88,107,93,68,104,99,121,99,50,85,62,68,93,81,85,96,73,70,68,54,43,52,52,65,65,57,54,99,68,57,57,68,90,99,88,85,62,76,68,54,41,50,52,65,73,68,68,54,39,41,52,43,33,25,31,82,99,104,88,50,39,43,60,99,118,79,71,115,144,134,99,99,150,142,91,68,104,144,144,137,152,161,156,150,150,144,144,115,99,79,73,118,132,121,118,129,104,65,62,85,110,88,91,68,60,50,62,85,60,62,82,82,74,82,82,96,85,65,50,50,52,50,74,82,96,118,134,134,126,101,134,76,55,68,74,79,74,101,68,88,71,118,52,99,118,99,62,85,76,55,52,41,65,43,52,65,68,62,65,52,55,52,68,91,71,50,74,82,62,43,65,85,52,18,25,55,88,124,127,101,88,99,110,85,60,62,65,65,65,62,50,65,71,55,60,79,96,82,50,32,48,50,28,25,37,37,48,35,34,41,41,42,37,48,55,60,62,60,60,62,55,53,50,28,39,74,60,60,55,62,60,57,48,46,62,68,39,37,53,53,53,63,57,40,50,42,63,60,53,65,57,53,60,48,60,68,63,57,40,30,65,60,55,48,60,65,63,44,46,68,85,105,145,164,162,142,140,127,85,65,65,76,96,116,127,108,91,93,116,127,96,88,110,119,116,105,99,105,110,105,79,71,88,82,79,116,142,155,171,186,204,173,162,82,58,50,37,27
88,70,85,96,93,78,131,156,144,134,118,121,131,152,144,115,126,134,101,101,88,57,50,37,31,41,39,54,85,104,112,96,93,104,85,88,121,141,156,118,104,81,85,79,62,70,70,88,79,54,85,60,50,54,62,52,45,43,70,68,60,62,68,96,82,96,93,82,79,90,62,71,37,54,50,62,57,62,71,62,43,39,45,43,28,26,21,54,115,126,112,88,60,41,71,99,118,147,126,82,118,121,101,85,74,113,104,79,82,104,129,115,115,134,137,126,126,156,159,132,99,104,107,99,113,150,156,134,104,113,96,91,91,99,115,113,104,82,99,110,85,82,99,118,124,126,99,82,82,85,79,62,50,62,55,74,74,99,144,121,177,164,142,139,118,85,82,68,85,91,76,50,68,88,71,96,101,121,96,85,91,82,52,39,48,62,57,50,65,48,68,41,43,52,46,57,65,71,62,68,71,50,52,50,41,52,23,35,85,107,115,85,79,85,91,101,79,60,88,50,74,82,60,60,53,62,55,55,74,79,74,62,53,60,65,37,35,41,41,41,35,39,46,39,32,30,50,62,62,65,46,44,44,50,60,55,42,42,68,82,62,55,53,53,57,46,42,53,57,50,48,53,62,68,99,60,50,53,53,40,46,50,63,55,42,50,37,35,40,63,50,50,65,79,63,40,40,40,46,44,35,46,65,60,108,124,148,164,142,130,91,85,71,60,68,63,82,108,124,96,110,116,121,137,85,108,116,85,124,137,127,108,96,85,58,50,48,63,88,140,153,137,164,182,182,171,121,71,36,30,30
96,98,115,81,70,96,104,156,134,172,156,88,131,139,126,118,101,76,57,110,78,57,54,37,43,52,45,57,78,85,85,88,110,126,104,134,161,172,149,118,115,99,52,71,79,57,81,118,93,57,85,85,73,68,90,65,57,60,85,68,54,54,57,62,101,96,85,79,71,71,68,37,41,43,52,62,62,45,60,65,54,57,45,52,43,37,43,104,96,132,90,85,65,65,99,132,118,134,142,101,71,101,129,101,79,85,79,74,85,104,93,96,101,91,79,99,126,150,150,96,91,107,137,113,113,161,175,132,113,132,132,115,104,124,132,113,82,91,129,104,68,79,93,124,150,144,118,88,79,88,79,55,43,55,55,79,85,126,132,134,126,154,159,134,107,99,71,60,48,55,60,52,52,74,71,88,113,88,88,118,126,96,71,62,50,50,79,52,55,48,62,79,55,76,68,71,91,85,65,68,71,50,52,55,55,46,76,76,124,113,127,96,118,124,101,101,82,55,65,53,60,71,46,65,60,53,55,71,62,65,68,62,65,57,48,27,30,44,46,39,48,41,48,41,32,27,48,68,68,62,50,37,37,42,62,68,55,48,65,76,62,60,60,55,50,50,53,53,57,60,44,39,68,76,82,57,48,46,60,42,40,48,50,53,40,46,40,21,37,63,55,50,55,79,60,53,44,37,34,46,48,60,76,68,102,130,130,116,127,105,91,91,91,65,74,79,76,85,110,124,99,137,145,121,102,79,105,108,79,85,91,85,63,53,46,42,48,42,76,113,127,132,164,162,137,132,113,74,37,32,30
98,129,73,88,78,70,93,129,129,121,129,144,144,131,99,112,99,76,54,65,68,81,45,43,62,50,52,54,62,85,96,126,159,164,166,161,179,161,129,118,99,85,65,71,112,118,115,147,121,62,65,76,129,101,115,90,79,88,81,81,79,65,54,62,57,65,62,50,57,50,68,68,39,41,41,68,60,45,37,45,54,54,54,57,50,62,71,110,79,107,132,129,99,101,150,161,142,129,137,91,134,121,166,118,101,121,118,71,88,85,79,88,82,71,68,85,115,132,150,85,99,101,159,118,124,156,185,154,144,144,134,113,99,118,129,115,79,126,118,50,55,118,137,144,152,129,110,113,88,99,101,71,50,71,85,101,88,107,137,129,134,152,132,129,104,79,60,52,48,43,52,68,79,60,79,99,113,85,96,132,134,126,99,65,57,60,57,65,68,82,68,79,96,82,121,129,91,82,68,74,104,71,79,52,79,82,113,104,113,121,150,99,127,150,129,96,99,96,53,53,48,48,44,71,79,53,76,101,82,65,71,60,50,44,37,27,27,41,50,35,57,39,44,48,48,44,50,62,60,57,53,48,39,60,60,60,62,60,55,50,53,65,68,55,53,62,76,68,62,57,42,39,50,60,57,50,50,50,63,46,40,42,53,50,50,48,37,28,37,57,55,60,55,55,57,50,53,57,57,48,42,60,91,88,88,127,135,108,142,110,96,91,85,74,79,82,65,65,68,93,88,96,142,79,85,88,48,71,68,82,96,65,44,60,65,32,20,37,71,96,145,113,102,102,85,85,65,68,55,36,36
101,118,90,43,70,54,107,118,134,156,129,118,159,149,126,112,90,68,50,41,78,65,50,57,52,52,57,65,70,85,118,161,183,179,159,139,141,126,121,112,81,71,68,71,115,134,115,121,126,85,107,131,121,96,85,104,99,93,81,68,65,65,57,47,52,50,50,47,45,50,60,73,57,50,57,60,43,30,45,47,39,50,54,41,52,43,96,104,88,88,152,121,121,129,132,139,152,147,132,132,129,129,147,150,164,156,118,132,126,79,88,88,55,65,82,52,126,118,132,107,91,110,175,166,137,156,183,150,124,142,132,99,74,118,144,159,134,188,118,55,91,150,164,152,134,144,132,129,118,91,107,104,79,104,85,101,118,129,150,132,101,121,107,82,85,79,82,62,43,50,55,85,118,118,96,99,76,74,104,124,134,142,104,71,55,43,62,88,99,104,88,150,164,121,155,157,88,65,88,82,99,99,68,110,99,76,96,79,82,147,155,99,96,132,127,104,104,88,65,55,60,62,55,76,88,62,93,113,85,53,53,60,53,44,44,34,32,53,41,28,44,46,44,46,46,57,53,46,44,48,48,46,65,60,57,62,65,48,50,50,37,65,65,46,57,65,76,76,57,46,42,35,50,44,50,50,57,55,55,48,37,42,50,53,50,48,44,40,48,53,53,60,57,42,42,65,71,71,60,53,53,48,53,65,79,88,119,124,105,105,85,76,68,65,58,65,55,55,60,63,88,79,116,102,74,63,34,40,76,113,88,65,46,48,46,36,27,25,53,68,96,96,105,102,58,53,42,42,50,44,36
115,96,78,68,54,52,101,126,121,96,136,123,147,164,104,144,159,76,68,39,57,60,73,54,78,62,81,101,81,65,129,183,147,126,129,126,104,93,96,81,54,54,54,71,101,101,71,90,141,134,141,134,96,96,68,88,115,99,88,71,54,57,62,50,54,76,79,47,43,52,60,82,60,43,73,68,43,28,35,50,37,39,45,47,79,104,101,90,82,88,129,141,104,129,150,159,156,144,147,142,115,132,152,177,202,152,189,172,134,132,101,88,74,60,82,91,99,115,129,132,104,115,181,172,137,142,137,101,85,118,115,85,82,137,166,198,216,195,147,88,85,110,137,126,134,166,183,150,104,82,129,126,115,101,118,99,175,152,126,107,91,91,62,43,65,82,82,57,65,71,91,121,142,144,132,137,110,96,99,113,142,147,88,48,65,41,50,93,85,71,127,157,164,162,152,152,93,74,71,88,79,96,118,96,115,129,68,74,101,127,124,101,62,91,99,99,96,68,65,71,71,74,65,96,91,96,53,93,79,48,48,50,62,53,41,41,57,41,48,37,35,53,39,28,30,48,62,44,32,39,50,39,82,50,60,57,60,50,65,76,50,55,68,44,48,68,71,68,46,53,34,42,44,48,53,46,46,48,53,42,37,46,57,53,50,46,50,48,50,57,60,48,46,37,48,71,71,68,65,60,55,46,40,50,65,60,58,60,63,58,37,36,55,55,37,42,60,58,53,55,55,46,60,65,53,37,34,34,53,58,79,63,40,36,48,34,37,40,42,50,63,53,44,68,63,53,37,32,37,42,36
85,115,101,73,73,88,118,126,181,126,123,121,147,161,156,121,144,118,43,54,41,76,35,57,52,68,96,76,85,96,88,88,115,112,131,141,118,79,57,68,60,43,52,65,65,50,52,115,156,121,110,112,90,99,88,107,115,88,79,68,62,65,62,62,73,50,65,62,60,54,41,54,43,50,71,65,33,28,41,41,52,47,50,47,113,150,99,85,101,93,104,113,123,156,175,144,126,123,118,93,65,52,118,183,195,137,156,150,137,129,96,82,88,62,62,101,101,115,121,121,123,137,159,164,156,99,96,85,79,82,88,82,85,132,170,193,208,161,161,96,104,107,137,129,154,183,164,129,101,99,134,101,137,118,126,134,147,126,113,85,76,62,43,50,68,76,74,76,68,107,91,150,173,159,142,113,99,118,104,101,126,104,88,79,74,57,55,82,85,110,88,101,113,121,145,145,115,104,118,115,110,127,135,173,88,96,99,82,91,82,93,99,82,71,82,76,79,71,55,82,79,60,71,74,88,99,76,76,85,65,44,37,50,65,48,41,44,37,48,30,39,53,41,35,46,53,57,39,30,37,60,60,53,53,55,50,60,62,82,71,82,55,68,65,50,60,65,53,55,53,42,37,46,62,48,40,44,53,50,44,42,53,50,48,50,53,53,50,50,50,53,53,46,46,48,44,46,55,55,46,50,50,55,63,60,46,30,37,48,36,23,25,48,58,46,53,68,53,42,37,44,42,37,48,37,34,34,36,34,44,53,48,34,34,46,48,32,32,42,46,48,48,36,50,53,46,40,25,34,37,36
65,81,101,96,118,136,129,156,147,104,129,149,185,161,131,134,115,101,57,52,28,76,62,57,41,62,57,68,90,65,78,90,104,126,118,99,123,96,62,52,65,50,50,62,43,68,99,134,123,85,93,112,115,115,121,144,99,79,57,73,65,50,62,62,54,62,79,79,68,30,20,14,24,50,50,43,43,54,65,57,50,43,52,82,203,175,175,144,137,129,141,137,166,172,142,113,79,104,126,104,55,79,150,156,150,147,110,101,82,74,88,101,82,57,55,85,99,71,113,147,134,152,129,144,159,101,65,71,57,50,76,79,62,99,152,159,164,168,152,150,147,142,156,150,152,159,129,129,129,115,121,107,147,134,113,132,107,99,115,85,79,74,85,88,79,65,68,85,60,107,118,183,181,193,93,91,96,104,107,99,91,79,88,57,96,85,82,85,127,96,96,132,135,96,104,99,121,147,145,135,129,175,152,88,99,60,85,71,76,132,104,93,104,68,65,79,82,71,113,110,96,60,76,101,74,88,104,91,85,79,71,50,44,55,55,35,30,34,34,44,48,53,53,55,65,53,42,35,35,42,53,53,28,37,48,44,60,62,79,68,79,76,68,71,65,65,50,44,50,53,53,39,48,50,48,40,40,50,48,48,48,53,57,50,48,55,57,48,42,44,53,57,50,55,44,37,44,37,37,55,65,48,48,53,58,50,37,44,36,37,34,27,34,71,85,74,63,44,30,34,46,46,46,42,37,34,34,36,34,40,48,44,46,44,60,58,40,32,37,46,46,37,50,34,42,42,37,25,30,46,44
65,54,81,101,131,149,147,144,170,144,112,159,222,196,107,115,131,90,52,47,65,54,62,47,41,50,65,68,50,52,76,101,115,99,88,76,88,99,96,71,54,50,37,68,104,126,131,126,96,107,134,149,170,185,118,118,79,62,43,73,45,39,54,65,65,60,71,62,54,20,10,14,21,39,50,54,50,50,65,65,45,52,65,115,183,215,191,189,152,175,172,144,150,144,115,96,62,55,101,99,115,104,142,159,159,142,113,104,82,62,71,85,96,79,96,110,85,96,118,161,177,156,170,139,118,118,71,48,55,68,88,68,50,71,113,144,142,159,181,183,129,144,175,150,101,121,129,118,113,113,124,129,137,137,107,115,115,113,132,88,96,107,107,93,71,52,46,68,85,85,150,175,166,164,113,132,101,99,142,113,96,96,74,85,79,96,124,101,132,152,147,159,129,96,96,137,150,140,135,115,118,190,137,132,52,74,93,124,104,135,124,96,79,65,44,53,74,96,115,99,115,91,71,85,91,82,88,104,101,85,62,60,55,55,62,79,71,53,41,44,50,41,37,50,44,42,42,28,35,44,50,37,37,46,53,48,46,53,65,76,62,65,65,57,60,62,46,42,50,50,50,39,48,37,57,40,35,48,60,57,50,48,60,53,42,55,60,50,50,46,50,46,55,55,65,50,50,42,46,60,60,40,30,35,50,53,44,42,36,46,42,46,48,68,88,68,48,34,28,42,46,40,44,46,55,55,53,37,32,37,46,48,46,58,63,48,36,44,40,46,42,42,37,34,44,48,37,32,37,42,44
70,85,96,115,136,149,161,177,172,134,118,181,226,185,112,118,90,70,62,52,68,60,68,85,54,45,70,88,62,65,85,90,96,81,65,71,73,90,96,99,71,52,54,81,112,104,141,115,115,136,156,166,181,156,90,76,71,41,52,47,37,41,54,68,65,54,65,62,68,22,14,20,30,50,50,50,41,50,52,50,47,73,96,156,219,177,216,156,177,198,156,132,175,164,134,144,113,82,96,129,104,104,101,147,96,91,88,91,57,39,62,85,76,99,126,115,126,150,152,168,134,185,205,170,132,154,88,41,62,88,91,85,71,55,71,88,113,156,156,134,115,121,164,147,107,129,118,65,74,115,107,115,147,144,101,107,137,132,129,129,104,101,107,99,71,50,48,68,88,91,104,144,118,101,101,99,118,132,142,118,96,113,88,68,96,113,118,121,145,124,127,137,85,99,110,132,132,135,150,129,135,183,104,101,99,115,113,155,118,115,129,68,65,57,37,32,71,145,142,127,110,127,104,101,65,65,96,85,91,82,76,68,53,55,96,150,152,137,124,62,50,37,41,48,50,44,44,37,37,44,48,44,48,53,53,50,39,57,62,62,53,57,65,60,48,44,44,39,46,48,42,50,53,46,50,42,40,48,50,42,44,53,50,48,48,40,48,46,48,53,46,42,63,50,60,57,48,48,50,48,35,34,27,34,48,48,42,42,40,40,46,48,65,60,65,55,37,34,34,42,40,32,46,63,82,76,63,46,28,28,46,44,40,46,53,50,34,42,40,40,44,32,34,36,44,44,42,48,42,40,48
70,96,98,129,126,179,156,166,177,134,161,185,212,193,136,93,99,85,73,39,70,70,81,73,45,45,70,88,78,54,54,88,101,81,54,54,65,71,99,88,62,43,52,81,118,104,115,131,134,152,139,141,126,101,96,96,73,57,33,33,52,50,62,52,52,65,62,54,60,41,22,37,57,60,26,41,52,41,47,54,47,82,132,170,187,175,193,170,187,147,144,161,164,170,170,159,132,85,91,104,107,91,82,104,68,57,62,68,47,52,65,96,113,101,107,110,142,137,172,152,161,181,212,208,189,183,134,91,96,93,93,134,144,96,62,79,99,118,115,126,164,175,159,150,144,147,118,65,71,91,99,118,132,142,104,107,129,126,134,152,115,71,91,101,88,74,88,104,104,85,85,115,79,62,71,82,101,118,101,96,121,113,91,104,142,104,107,137,115,74,85,74,99,99,113,135,162,147,155,159,135,132,135,91,99,132,140,115,88,96,101,85,79,85,60,48,62,104,155,104,118,121,115,93,65,82,91,57,85,101,85,62,44,74,113,140,127,188,85,91,55,41,37,79,68,62,55,50,42,39,55,39,44,42,48,48,53,55,48,48,53,62,53,55,53,46,62,53,42,37,50,60,57,60,57,53,50,48,42,34,46,50,48,46,44,34,34,37,42,50,37,48,63,57,37,46,48,48,48,40,40,37,35,40,44,40,50,40,37,36,42,37,50,53,48,44,36,36,40,37,37,46,37,55,55,74,48,46,34,27,37,40,37,58,53,55,42,42,42,28,46,40,36,32,32,36,46,53,53,50,50
62,54,78,131,139,183,131,152,183,136,156,170,196,189,131,118,112,81,81,68,78,68,73,62,62,65,70,65,60,78,73,81,88,65,68,62,65,71,62,54,54,43,54,96,115,121,134,147,129,115,96,65,50,52,81,112,68,45,54,50,50,50,52,60,68,52,52,60,65,57,50,52,47,52,41,39,43,41,50,54,50,82,132,129,150,144,150,159,161,132,118,137,144,166,144,101,79,85,82,99,88,104,91,101,74,55,79,113,126,126,107,104,126,144,147,96,99,144,181,137,196,208,175,224,195,208,188,113,85,118,129,150,157,144,121,99,118,88,113,152,205,150,142,134,144,166,134,85,76,101,88,110,91,88,101,71,88,118,129,113,115,101,85,88,96,85,107,144,91,71,79,82,65,46,65,91,99,88,96,121,121,99,104,142,135,93,118,166,91,71,99,71,101,107,113,142,166,150,162,150,121,147,132,113,137,173,145,135,99,101,101,118,99,115,91,65,99,88,110,85,124,99,93,113,88,115,96,65,62,82,68,46,46,85,113,129,104,132,118,74,39,46,76,99,129,99,85,68,57,50,68,50,55,50,55,53,53,50,68,55,50,50,46,48,57,53,53,55,48,60,91,74,71,82,57,60,46,35,40,44,44,46,53,42,40,40,37,50,50,48,46,50,50,57,46,37,50,55,48,40,48,50,37,44,42,48,60,37,42,37,40,37,37,37,32,36,44,36,40,36,36,46,36,46,34,53,37,44,44,42,36,36,42,50,46,46,48,50,30,40,36,32,37,36,40,48,48,37,42,58,50
60,68,109,141,149,164,159,164,185,141,131,166,161,159,136,126,134,85,85,96,68,50,68,65,76,62,62,68,68,70,62,70,85,68,81,65,43,60,41,54,54,62,79,90,126,152,139,129,115,96,54,45,52,43,68,54,79,50,37,37,50,54,65,50,50,37,41,57,52,45,68,85,79,79,73,45,50,52,37,41,60,82,96,96,115,110,101,115,126,101,118,161,161,132,101,82,71,82,93,101,118,137,93,101,71,118,150,150,147,134,132,129,137,104,101,118,129,168,156,198,243,161,170,229,196,168,129,150,150,113,118,107,144,142,170,147,129,113,96,104,132,150,132,152,157,170,142,124,129,115,96,82,88,71,79,68,55,104,121,82,85,132,104,71,85,99,93,85,88,62,62,52,57,52,41,85,107,79,104,134,126,118,113,132,135,99,118,162,129,113,121,107,99,101,101,135,162,164,164,142,132,127,127,150,140,118,157,177,140,101,93,127,113,107,82,62,96,121,93,82,93,96,99,79,132,137,76,71,60,55,68,68,65,96,101,93,137,132,71,60,44,62,82,113,102,132,76,74,71,71,65,50,76,50,79,55,62,57,65,62,62,48,42,50,55,60,44,60,82,82,79,88,50,74,48,60,46,42,46,60,60,48,37,42,40,42,46,48,50,48,50,50,53,55,50,42,55,65,60,46,53,50,48,50,48,50,50,48,48,48,46,40,28,25,28,37,48,42,36,37,44,44,48,34,44,44,48,44,48,48,34,37,34,34,44,50,48,46,40,37,36,34,37,30,44,42,40,44,58,53,46
81,123,134,134,144,159,161,144,156,139,139,147,149,141,126,129,131,104,101,99,78,43,81,76,68,60,68,52,78,60,81,99,93,78,79,45,57,43,54,81,81,112,62,96,96,107,115,90,68,68,73,62,54,39,65,62,45,50,31,39,52,60,54,50,41,30,35,41,37,43,90,96,113,113,85,88,90,88,79,68,65,62,68,68,73,79,71,85,99,82,110,177,144,101,91,82,62,74,115,134,118,113,107,104,82,115,142,129,132,134,150,159,175,147,118,126,121,156,198,189,224,203,198,179,189,147,161,144,132,115,101,118,134,175,142,132,91,107,91,85,91,132,118,121,144,124,129,134,96,41,62,55,88,57,74,52,74,85,118,68,96,115,79,79,96,99,91,88,88,71,48,50,68,55,28,50,96,82,101,126,126,132,126,115,142,115,93,179,164,118,142,162,129,113,135,147,145,157,164,159,164,150,118,127,135,104,155,162,132,118,104,99,96,79,79,115,115,99,121,79,76,110,115,115,113,88,68,74,68,62,65,71,76,85,91,113,124,82,55,57,39,65,65,82,118,113,88,85,85,65,76,96,85,82,85,55,79,55,55,46,62,60,53,55,44,42,53,60,93,76,53,60,53,25,40,48,48,48,34,35,50,50,46,42,48,48,50,50,48,40,57,53,63,53,50,55,55,60,63,55,50,63,68,48,48,55,55,48,53,53,40,34,25,24,32,37,44,44,42,42,46,53,60,46,48,48,46,40,42,44,34,36,30,30,42,48,55,42,37,37,40,34,46,36,50,37,42,55,48,46,48
98,131,109,129,129,118,139,129,115,154,149,144,152,149,126,126,134,118,129,101,90,62,70,76,96,78,73,88,101,96,101,101,88,90,79,65,50,79,73,73,81,73,85,104,79,71,68,52,57,65,50,52,62,39,60,50,52,68,43,39,43,39,39,41,37,37,50,50,30,62,50,121,99,126,113,101,147,115,99,88,76,62,50,50,60,82,137,115,93,76,88,107,101,79,82,71,71,85,115,129,82,99,101,96,91,88,110,121,134,150,170,172,191,175,132,118,88,115,185,188,206,219,212,181,170,139,99,129,132,124,115,139,175,159,147,101,71,85,79,79,104,99,113,126,159,134,124,132,76,52,41,65,74,113,62,91,57,88,96,96,115,126,82,68,91,82,91,91,101,65,55,60,65,50,37,50,76,85,82,99,101,124,115,96,115,157,96,198,159,107,142,162,135,150,166,135,121,147,168,185,171,142,115,93,129,140,118,118,127,96,101,99,99,93,113,135,115,110,113,96,82,101,93,113,127,82,62,68,65,74,71,82,74,68,88,82,68,74,55,60,44,57,71,71,65,96,105,102,96,93,88,93,93,93,96,68,85,79,65,53,48,42,53,42,39,44,62,65,60,57,48,48,27,74,37,42,46,46,37,46,50,55,53,42,40,46,63,48,55,35,57,50,50,60,55,60,55,50,57,57,63,60,53,44,50,60,48,48,44,40,34,32,34,32,34,36,44,46,46,37,48,55,53,55,48,48,53,42,40,36,36,32,36,36,42,50,50,34,37,44,44,34,42,32,40,37,37,40,46,40,44
104,141,115,115,134,115,144,101,115,144,131,159,168,149,121,134,136,126,131,121,85,54,54,73,121,104,104,134,134,131,121,93,88,88,71,88,73,96,112,90,96,99,85,85,85,54,43,41,47,57,52,33,37,39,54,52,73,65,52,41,41,45,41,43,52,54,45,39,41,71,113,115,123,110,118,104,113,152,147,104,79,65,41,47,96,121,161,161,88,82,62,73,99,60,76,79,76,88,85,85,88,115,99,96,79,65,115,121,132,150,161,144,156,166,107,82,99,88,147,161,206,222,216,206,177,129,79,82,88,79,85,85,104,96,85,115,99,65,50,39,57,104,110,101,144,134,88,91,60,39,62,76,88,85,82,76,101,82,71,88,96,74,71,68,79,71,43,74,50,68,39,55,55,62,74,88,85,68,71,68,91,110,101,82,110,164,115,162,135,99,104,152,127,127,118,118,129,132,159,182,150,157,129,79,104,155,88,93,129,91,99,127,110,118,118,113,113,115,110,113,85,85,108,99,121,99,85,93,88,71,68,76,96,82,76,76,55,65,55,55,60,62,60,96,110,96,99,116,127,135,105,96,99,88,105,85,74,68,50,53,53,44,48,50,57,76,71,50,39,48,76,76,96,50,53,46,44,48,46,53,57,57,57,53,48,57,44,48,53,37,46,63,42,46,74,42,53,42,53,65,48,46,42,53,50,50,42,34,37,36,36,36,37,34,28,30,53,48,37,44,36,53,42,55,48,44,42,40,40,40,42,34,32,36,37,46,44,34,40,53,48,40,34,34,42,40,36,40,44,37,37
104,131,134,96,99,131,104,90,129,115,99,129,156,136,118,118,118,136,136,121,93,70,65,78,115,123,121,134,131,107,101,107,90,96,96,107,112,134,159,179,141,123,104,71,57,52,50,54,45,45,62,41,28,41,39,47,71,68,45,45,43,52,54,54,45,47,50,43,88,90,126,126,113,147,115,90,123,137,121,123,113,79,68,82,101,85,99,134,79,68,65,68,60,96,96,110,76,74,115,137,96,82,113,88,82,93,115,118,118,115,104,96,134,144,88,82,126,110,147,150,213,226,219,195,164,134,96,79,79,68,57,55,55,68,96,74,79,65,37,39,57,62,65,96,126,118,82,57,32,32,55,91,99,68,82,65,60,85,71,65,71,62,82,76,52,52,32,39,55,46,46,55,88,85,65,99,79,71,71,71,88,118,99,88,127,132,137,115,113,104,118,135,115,93,91,115,118,115,150,162,152,157,110,85,96,104,85,99,124,101,93,99,85,93,110,93,99,115,129,101,93,79,135,104,140,118,113,124,113,74,71,113,99,60,68,55,82,65,65,65,68,74,76,91,108,113,108,113,127,137,113,88,85,108,91,79,62,62,62,50,35,39,53,62,65,62,62,44,32,35,50,79,79,91,63,53,48,50,60,50,40,60,60,53,63,42,48,46,48,42,50,50,53,35,40,53,53,53,46,60,46,44,40,48,44,58,46,32,37,37,37,37,36,34,34,36,53,37,34,46,42,44,46,46,48,32,34,40,42,44,42,32,28,28,36,40,34,37,48,48,48,44,36,42,48,58,48,42,36,36,44
126,101,93,85,93,115,88,112,118,88,88,90,107,107,78,70,78,104,99,115,110,90,88,101,134,144,112,118,85,62,96,129,101,115,107,134,175,185,198,215,200,141,93,65,73,68,52,52,43,37,43,39,30,35,41,52,65,65,68,50,50,65,81,65,47,50,54,65,68,82,96,147,147,137,88,73,57,71,76,101,134,126,110,134,113,96,76,82,79,71,52,79,96,96,126,134,115,82,96,121,126,101,129,88,99,55,71,142,96,88,85,104,115,99,126,134,129,147,147,134,208,222,226,183,164,147,104,107,104,82,57,50,74,62,62,39,50,55,55,50,71,57,85,129,118,82,55,55,39,37,55,76,71,62,79,91,71,74,60,65,71,79,79,60,41,39,41,30,41,71,76,71,104,126,118,91,88,107,91,82,85,88,110,104,96,113,115,99,101,107,110,96,101,104,101,96,82,79,96,107,101,85,85,88,113,88,118,99,101,113,91,65,88,93,104,108,82,85,113,71,79,96,118,127,132,118,132,155,127,108,93,91,85,82,82,79,99,85,82,79,53,71,93,99,91,93,82,85,96,88,105,108,62,129,96,96,65,62,55,48,46,53,79,93,85,57,60,46,35,30,32,34,35,46,63,50,55,55,44,42,53,60,50,42,42,46,60,46,48,63,53,46,60,48,48,50,53,57,50,44,50,46,46,42,36,55,37,42,28,36,34,46,44,50,46,46,50,34,48,40,71,40,55,36,42,36,32,30,44,40,34,30,28,30,34,34,36,48,46,55,42,46,46,48,55,63,65,55,46,42,53
85,62,85,101,88,62,118,93,134,88,62,65,70,73,57,43,62,101,88,129,112,134,118,90,121,141,126,115,88,81,126,161,144,144,147,161,194,205,187,177,179,123,79,76,85,81,60,52,39,39,43,57,60,43,43,57,62,81,88,52,52,54,60,60,54,57,57,62,60,60,107,129,156,134,99,65,37,54,85,113,137,134,121,123,134,115,101,82,85,71,88,90,71,93,96,96,79,96,101,104,129,161,118,99,62,68,88,101,104,134,144,99,107,147,150,129,126,154,126,132,175,216,206,198,164,126,118,126,101,65,76,101,85,60,50,50,52,52,71,79,99,85,104,142,99,79,99,68,74,50,74,88,65,57,107,101,85,62,65,82,88,79,52,57,60,68,55,68,55,62,107,134,134,132,124,129,110,115,115,96,96,101,91,88,101,110,101,88,99,101,91,101,113,101,88,82,76,62,53,71,71,71,96,115,124,124,113,93,99,99,82,76,93,96,127,142,85,79,71,71,65,85,88,121,118,127,157,157,118,127,115,93,113,135,113,113,96,93,110,79,57,68,85,85,96,76,50,60,68,71,88,116,110,91,129,124,99,105,68,68,57,65,91,96,121,93,53,71,46,27,35,28,28,42,74,60,53,40,35,40,48,48,44,34,32,48,57,48,65,74,53,57,60,46,44,53,44,55,55,55,48,50,48,44,37,46,46,50,28,32,37,50,68,53,44,55,58,46,68,44,48,42,32,28,42,44,27,32,42,37,32,34,40,44,34,46,40,37,48,65,42,42,58,48,53,60,55,48,37,36,37
68,76,93,78,85,65,115,107,96,85,47,45,65,68,65,65,52,85,88,126,134,134,93,88,78,107,126,118,134,139,149,194,198,185,202,170,213,187,166,189,156,118,85,57,68,71,57,54,50,50,65,88,85,60,50,65,52,65,68,50,52,62,68,65,54,65,79,65,57,54,79,115,156,159,113,85,62,65,68,88,96,85,99,183,161,132,150,126,104,96,101,85,85,99,99,71,41,60,99,121,147,118,85,93,74,62,57,118,164,183,172,144,134,113,118,115,137,142,121,126,195,185,189,203,144,129,132,118,65,79,110,107,85,79,71,91,65,68,101,118,129,104,134,152,150,144,121,110,88,71,79,118,74,115,65,99,85,65,65,88,85,74,52,50,76,82,82,85,82,107,113,157,164,126,134,121,126,115,137,161,142,118,99,82,96,96,82,85,79,74,101,113,93,79,79,91,76,76,68,55,74,118,150,159,142,127,93,79,82,55,55,85,104,115,147,162,101,82,68,60,57,71,76,115,115,113,152,142,101,129,142,127,142,157,140,129,110,88,118,65,79,68,71,74,82,65,50,53,53,68,68,110,135,68,145,147,102,82,91,91,82,96,93,79,96,113,99,88,55,37,28,30,60,74,76,57,35,27,30,37,42,44,40,50,55,63,55,71,74,53,57,48,48,57,57,55,53,55,57,40,53,55,40,35,42,44,55,60,28,36,46,50,60,46,32,46,68,74,50,40,28,40,30,28,44,27,30,44,37,37,46,42,53,50,55,60,53,34,42,55,36,36,55,48,55,53,40,36,30,34,37
98,88,88,88,90,78,70,73,96,96,54,54,70,62,52,65,73,78,70,101,156,129,101,101,85,88,104,131,185,203,185,201,211,193,179,210,170,185,161,183,141,121,68,43,47,52,62,81,79,81,101,107,99,79,57,60,52,50,52,45,54,57,57,54,50,73,96,79,52,52,90,113,129,115,134,152,101,57,79,88,71,79,126,170,126,93,104,101,88,93,79,62,107,115,101,79,52,50,65,74,96,82,65,74,68,88,71,68,129,132,107,139,156,129,113,126,150,164,172,170,181,202,159,200,172,118,121,113,99,88,88,74,82,93,96,99,99,91,96,129,139,126,161,181,195,175,101,93,85,99,96,129,104,101,71,65,99,79,85,129,104,68,43,41,88,96,71,71,91,76,96,113,140,134,132,144,132,132,147,161,147,126,82,96,76,88,85,79,82,71,88,99,88,82,85,82,85,85,85,65,107,129,147,168,157,124,88,68,71,68,65,79,115,124,135,132,115,101,79,65,71,85,91,108,121,121,129,124,101,124,135,127,140,132,127,137,147,113,85,91,88,79,68,62,65,55,53,48,53,55,79,99,137,96,102,116,88,96,93,110,105,124,99,88,129,108,79,82,76,50,53,37,62,99,65,68,44,32,37,42,28,27,50,68,63,68,50,46,40,55,32,44,57,57,53,55,60,53,71,55,37,40,42,40,46,42,50,53,40,30,37,44,44,37,37,46,60,60,55,55,36,50,37,40,48,32,42,37,50,53,53,42,42,42,42,68,48,37,30,44,36,36,42,50,60,53,36,36,42,55,40
88,98,88,88,78,62,52,85,115,65,50,65,81,70,78,54,52,52,68,85,90,149,85,121,99,110,136,172,185,205,191,175,185,159,159,152,134,141,126,90,104,54,39,31,22,39,90,96,101,118,121,164,134,136,71,62,54,47,45,45,47,52,52,52,54,85,107,90,54,85,79,88,96,88,164,164,118,99,82,73,73,88,118,141,62,82,85,101,88,99,101,88,85,82,76,85,85,68,52,50,96,99,82,85,96,62,93,113,104,113,142,166,126,82,96,129,118,152,175,175,185,206,170,164,82,65,126,113,74,62,55,88,113,79,85,82,91,85,88,113,150,170,175,188,193,152,104,107,104,126,124,115,113,96,82,71,104,85,88,99,96,68,57,55,79,68,74,88,55,107,101,118,126,159,147,166,173,159,152,161,177,150,101,132,107,82,85,68,60,53,88,115,104,96,88,96,79,93,115,115,115,135,127,173,168,135,85,68,65,85,76,65,113,137,110,132,127,99,85,113,101,99,101,121,164,152,132,129,118,118,124,118,118,113,135,173,159,115,99,99,79,79,68,65,62,42,37,44,48,57,71,96,137,99,79,91,102,116,116,99,102,127,116,113,145,116,71,99,96,71,50,48,65,53,74,48,55,48,50,32,25,32,53,71,74,60,46,57,35,40,37,50,40,55,60,65,60,46,42,55,32,42,37,44,48,37,46,40,27,27,42,53,55,36,37,48,55,55,63,68,46,42,48,53,55,63,58,42,34,34,37,42,40,36,30,34,23,27,32,40,53,44,46,55,50,48,42,42,58,60,42
81,76,76,76,73,68,73,90,99,73,54,68,96,73,50,43,43,50,52,57,85,134,131,141,129,136,129,147,187,201,177,161,161,136,149,112,126,81,68,52,45,26,22,24,30,52,104,93,115,152,131,147,149,147,85,68,62,62,47,50,45,52,52,62,79,85,96,93,76,82,68,96,88,104,139,121,123,96,73,82,88,88,118,132,129,137,71,101,79,147,107,101,96,73,104,110,99,68,41,57,99,101,99,99,68,113,82,118,134,150,134,152,161,129,107,113,129,159,179,168,181,183,164,179,134,55,96,147,74,45,62,104,144,79,68,113,88,71,88,99,154,175,154,164,150,137,147,170,157,129,124,113,121,104,99,107,96,137,118,85,79,71,82,91,79,68,62,74,118,101,132,129,171,159,157,168,157,161,159,164,205,177,164,159,147,104,118,85,55,71,79,124,127,127,113,99,96,85,115,132,124,127,183,150,127,121,115,79,110,104,101,85,104,142,132,145,104,121,132,124,110,104,147,152,166,182,164,159,140,118,113,115,135,129,142,183,127,118,91,91,88,96,88,65,50,44,39,42,57,55,55,82,127,91,79,93,85,129,124,108,113,113,116,135,150,116,96,124,127,76,74,55,68,62,63,53,65,50,42,40,35,40,46,71,71,63,46,48,48,40,55,50,46,68,57,53,50,44,46,27,42,42,46,37,32,65,42,44,36,42,58,76,63,58,74,79,71,68,46,60,37,23,34,50,48,63,60,27,17,21,25,37,46,36,27,24,23,30,46,53,44,42,48,40,42,63,68,65,63,53,40
78,96,88,98,57,90,96,81,93,104,85,88,81,62,52,39,39,28,41,62,54,118,168,141,156,136,123,149,177,161,147,131,136,131,96,54,57,62,47,41,30,31,31,30,50,73,104,134,172,206,152,118,131,115,85,79,65,60,41,39,39,52,62,76,90,99,115,96,76,68,113,90,99,96,115,113,99,85,88,96,107,104,104,126,150,134,113,96,88,137,93,79,71,85,137,132,88,60,57,74,82,82,96,115,93,101,121,107,166,134,166,159,142,161,166,150,150,123,156,126,166,202,196,210,208,118,170,166,82,45,91,137,142,121,88,57,82,55,74,104,126,132,115,137,142,152,181,183,191,134,96,129,144,134,137,157,115,118,101,82,79,79,85,99,82,68,79,85,101,129,132,129,181,173,152,129,121,142,154,157,183,173,126,147,135,118,79,57,96,71,99,93,104,93,99,113,110,101,118,137,142,150,115,171,110,142,142,118,99,96,127,142,113,115,127,127,140,118,145,129,113,110,132,129,132,197,168,140,115,88,108,99,88,127,121,145,140,99,108,85,91,108,91,65,62,71,68,65,68,62,53,62,102,79,85,96,91,127,132,105,113,102,96,121,145,121,110,142,135,82,82,62,85,79,63,63,68,65,55,50,42,42,48,57,60,53,35,37,55,76,48,57,46,44,50,53,57,55,53,55,46,48,53,35,91,28,44,24,65,58,65,63,53,53,65,55,48,36,27,25,17,15,24,28,30,27,27,23,20,20,28,32,30,24,17,21,32,37,65,50,44,50,40,36,46,68,76,79,71,50,48
96,65,101,78,78,65,52,85,88,93,93,90,88,62,45,47,39,37,65,65,88,62,144,149,149,159,164,156,147,104,62,85,112,93,60,45,41,43,37,41,43,41,62,73,71,79,129,181,219,219,181,149,99,96,79,81,71,57,45,41,57,60,71,76,88,107,115,88,85,71,141,73,90,82,107,101,85,90,96,88,88,57,47,82,113,115,113,71,88,96,65,71,82,101,132,132,96,88,79,76,65,88,132,110,74,96,96,126,188,152,129,156,179,181,208,181,101,150,161,152,164,226,210,212,196,183,157,181,134,93,121,150,132,99,65,52,85,79,101,101,164,166,161,172,181,185,215,216,185,150,115,150,150,188,171,159,132,113,101,91,99,79,68,96,93,85,99,82,99,132,129,147,150,157,137,118,121,118,126,142,157,154,99,93,132,118,82,57,71,71,88,99,96,115,118,115,113,110,145,140,113,145,145,85,142,157,124,135,132,113,96,113,101,71,88,115,113,132,145,147,113,132,124,150,152,168,142,115,115,101,68,74,85,85,121,85,127,93,99,82,82,82,88,96,93,116,129,99,85,93,57,53,79,105,85,93,108,124,124,105,118,116,99,118,145,116,113,140,150,93,68,74,62,71,68,60,63,79,68,63,53,46,48,40,50,48,50,57,48,55,53,50,57,60,42,46,55,74,91,74,46,46,53,50,55,48,37,48,50,55,58,48,34,30,40,44,46,32,34,46,36,24,30,44,23,32,28,25,30,36,32,36,34,34,20,32,48,42,63,65,68,76,76,88,71,58,71,68,71,76,55
73,126,104,78,88,45,54,76,99,96,104,96,88,85,62,54,68,88,101,81,70,65,60,112,170,191,175,131,90,62,35,47,73,68,52,52,43,41,30,37,57,60,43,71,126,147,159,159,177,185,147,115,101,96,85,68,85,62,41,54,71,73,65,71,73,79,90,90,88,90,121,101,85,82,90,68,76,85,101,73,54,43,45,82,101,73,47,37,45,43,82,82,71,99,99,104,101,96,99,91,82,101,107,79,71,62,79,156,166,156,132,134,164,183,195,147,85,193,195,170,152,179,181,183,172,132,144,206,205,161,150,168,150,99,93,104,96,126,132,183,185,200,205,196,205,213,225,228,226,175,132,134,164,152,183,150,113,124,88,79,76,99,91,82,107,110,93,99,79,99,129,135,135,154,161,142,135,113,129,157,144,135,113,101,121,124,79,55,65,65,65,101,115,104,147,164,137,127,145,129,96,118,132,113,93,135,113,101,145,145,147,129,82,55,62,91,135,142,132,110,115,132,179,127,182,171,159,147,101,104,127,113,110,110,124,115,96,96,65,118,82,82,93,115,118,118,142,137,127,105,71,62,85,99,76,96,124,118,99,99,116,132,121,116,137,142,93,132,132,91,79,68,42,50,63,57,55,65,68,53,50,48,50,46,37,48,50,46,46,37,50,46,44,60,55,46,63,88,82,53,55,57,55,35,36,58,58,50,46,48,55,58,60,36,32,53,48,42,63,65,58,55,65,65,44,46,48,60,46,37,37,30,44,48,53,40,71,63,88,130,113,119,121,110,76,53,85,113,108,96,88
126,120,68,107,76,70,57,107,96,115,131,115,96,101,121,123,129,134,129,96,104,68,62,99,170,196,141,136,104,54,41,33,52,57,73,30,52,33,30,45,65,79,96,99,170,203,149,126,164,115,134,99,112,93,85,85,79,68,45,57,68,76,79,81,85,73,73,93,126,101,132,147,110,91,76,79,88,91,96,99,88,91,85,82,68,50,31,30,30,33,82,73,71,85,71,79,85,88,76,85,82,82,85,62,62,85,93,115,132,132,156,185,181,188,172,123,129,170,175,156,144,142,134,161,115,205,195,215,206,195,183,173,129,91,121,147,115,147,144,164,173,188,183,185,188,195,183,206,240,198,139,144,144,157,118,142,96,88,74,85,107,129,150,96,88,118,113,62,101,132,144,142,150,177,171,135,121,126,135,161,152,142,157,121,91,132,99,60,74,85,82,101,127,137,164,171,168,182,140,96,85,99,82,85,93,110,118,115,132,145,142,121,68,55,68,57,88,121,118,99,108,93,129,168,197,191,171,145,115,127,147,127,118,127,93,85,55,62,88,88,85,96,124,99,99,116,113,129,127,105,93,57,82,79,85,88,127,145,99,91,127,129,124,121,124,150,71,118,137,137,85,91,50,50,46,48,50,48,42,40,53,57,57,48,40,42,50,42,44,42,44,42,32,48,60,57,63,55,50,57,76,63,35,34,53,60,50,58,60,76,96,71,50,40,40,63,55,50,71,58,71,60,63,74,96,96,58,79,76,50,36,46,50,53,76,60,82,60,102,76,113,105,119,99,102,99,108,132,91,105,91
126,118,107,118,99,85,81,107,156,131,123,131,101,115,170,147,177,196,193,156,81,65,65,118,181,183,134,88,96,70,52,50,50,85,50,50,25,26,52,68,73,99,88,118,159,189,147,99,131,147,112,134,110,96,68,71,73,54,62,54,81,88,81,99,93,62,65,115,126,147,142,181,161,93,96,110,126,101,91,118,129,115,107,73,54,68,60,47,52,45,54,62,68,54,62,76,71,60,68,85,82,82,65,71,88,93,85,62,96,134,142,144,188,195,166,147,172,164,193,210,154,170,156,144,175,213,196,170,173,181,157,104,79,65,152,183,154,142,144,166,204,196,205,204,195,185,196,215,227,213,188,183,189,200,188,159,115,96,76,101,71,96,142,124,101,137,132,99,113,164,168,150,157,181,132,164,135,129,135,161,183,173,159,104,104,142,82,65,82,104,96,115,118,129,150,150,150,179,137,93,79,79,55,76,93,99,132,110,76,85,99,85,68,79,93,96,96,113,113,115,110,96,147,182,200,197,166,147,124,129,145,132,127,113,71,68,46,65,85,79,76,88,99,101,85,99,116,110,110,127,102,62,55,76,71,82,168,113,116,108,142,137,116,127,157,132,118,127,142,142,96,132,76,55,35,32,42,40,40,48,68,68,63,44,50,48,57,48,50,50,50,50,50,46,60,74,50,46,42,44,60,60,50,53,55,63,68,53,55,85,96,71,55,55,50,44,50,63,74,65,71,46,55,85,124,137,132,116,93,71,58,50,76,71,68,53,63,46,71,60,102,79,88,124,116,113,137,140,99,91,99
152,147,126,112,131,112,78,112,131,123,96,112,101,104,144,166,191,194,172,141,70,65,62,112,177,177,161,99,52,54,50,39,50,50,52,39,37,43,57,71,62,85,96,112,149,156,159,136,115,136,156,121,118,93,60,85,35,79,81,85,88,115,115,96,91,76,104,129,132,147,147,152,150,132,93,113,129,126,101,113,132,118,88,79,71,99,96,96,96,68,68,52,41,52,55,62,65,65,82,107,96,71,57,88,96,88,82,82,99,126,104,121,185,195,188,188,196,198,220,231,210,221,177,126,150,144,154,144,134,126,124,124,99,121,195,196,183,159,150,126,175,188,205,220,206,193,196,212,228,243,222,204,232,198,185,157,99,118,91,68,101,101,115,126,132,110,96,129,126,144,168,159,142,147,164,118,104,132,147,164,185,189,152,135,132,132,88,62,71,93,74,99,113,121,137,127,107,142,155,121,96,82,71,76,82,82,88,85,82,82,82,76,76,85,104,118,124,110,152,132,124,142,142,159,175,185,182,182,157,113,113,147,135,113,68,65,68,60,79,71,71,82,74,76,129,137,110,113,124,108,85,68,68,88,65,127,164,127,127,157,129,118,116,129,179,150,124,116,129,108,118,118,102,53,37,37,42,63,50,50,76,60,55,48,53,46,57,57,55,60,65,79,53,46,57,71,48,44,44,48,53,82,88,60,74,74,68,53,53,79,108,88,58,58,65,53,65,76,82,85,46,48,68,99,124,142,140,119,88,68,60,63,65,85,91,63,53,65,71,82,74,88,116,132,121,110,116,127,140,99,96
166,154,134,112,136,115,88,101,121,99,70,73,65,81,99,115,131,129,101,101,85,65,62,81,85,96,76,62,52,47,31,30,50,43,37,50,62,62,71,68,85,88,115,147,154,126,115,147,112,68,144,88,141,107,126,57,134,96,118,126,118,99,126,129,88,104,96,118,113,99,137,159,154,164,110,147,129,113,118,129,132,118,79,71,43,65,96,110,115,113,96,85,47,47,48,52,74,74,82,101,76,68,82,85,93,115,88,123,118,85,82,129,170,200,233,222,231,233,231,216,229,216,144,99,132,101,115,113,99,99,132,164,179,202,229,226,196,170,157,150,157,193,208,211,219,196,166,205,236,241,206,152,198,185,157,113,101,107,93,96,85,99,91,104,132,150,118,99,129,144,171,150,159,142,144,150,113,126,161,161,195,193,150,147,127,142,127,65,93,79,104,88,110,113,118,115,101,132,142,115,124,85,96,71,79,68,76,76,82,79,99,93,68,65,79,99,91,118,155,110,110,140,150,147,195,179,162,155,150,145,121,104,142,127,71,62,53,60,71,74,93,74,65,76,82,85,85,71,68,62,68,65,60,82,82,124,157,145,118,162,129,96,132,147,140,147,105,85,127,118,132,113,71,50,68,82,63,55,57,53,65,63,44,37,50,42,65,55,60,42,57,60,48,42,48,60,55,42,48,55,60,105,93,60,76,65,76,58,58,82,105,71,55,79,68,65,79,76,71,82,74,85,91,96,130,130,132,127,91,74,58,55,60,58,63,71,68,91,96,110,116,110,135,137,132,135,150,157,140,110,93
163,131,121,107,96,101,81,90,88,70,65,68,65,68,70,65,90,99,81,99,85,85,81,52,30,33,50,57,37,31,37,37,39,30,50,65,47,65,71,65,76,104,144,131,131,118,112,131,118,54,79,134,156,139,134,90,68,112,107,134,134,115,129,144,121,99,96,93,88,93,126,159,150,159,126,113,142,150,96,96,126,123,107,47,18,60,107,107,118,126,115,88,88,62,74,85,85,99,96,76,82,79,107,96,118,152,134,118,118,82,93,134,156,203,245,240,203,198,185,183,156,134,126,91,129,85,82,91,82,104,147,208,222,230,232,227,204,181,144,144,152,185,198,196,183,195,205,226,235,208,164,137,168,168,159,142,132,144,118,104,115,127,107,118,135,142,154,121,121,137,159,173,147,137,118,144,147,150,188,177,129,159,181,147,113,113,113,99,113,88,91,113,99,104,96,99,129,137,132,118,113,71,93,68,110,101,99,68,93,101,115,99,57,55,88,96,96,121,113,113,115,142,140,108,162,150,96,129,145,110,99,99,124,96,55,50,79,79,82,85,96,91,71,88,105,85,65,63,50,57,65,76,96,96,82,121,168,168,150,142,113,96,113,145,150,162,108,82,127,124,140,124,65,76,79,91,65,48,63,63,57,50,37,40,48,50,53,53,50,37,40,53,53,35,30,46,60,57,44,74,82,96,79,71,68,76,71,58,71,79,82,88,68,55,79,82,96,58,63,91,116,99,82,102,164,130,110,127,93,60,44,42,48,53,63,60,88,113,96,105,121,116,116,132,145,124,116,132,124,110,105
104,112,88,81,65,62,65,45,54,65,70,73,81,78,50,65,70,68,70,76,78,70,62,41,30,41,54,41,37,41,52,50,54,43,39,81,68,54,62,52,50,73,99,115,134,126,112,129,144,118,112,136,131,164,166,107,104,81,107,156,164,112,126,147,99,65,65,52,82,96,82,101,142,126,93,129,137,107,71,68,126,134,93,52,50,88,161,126,126,115,85,118,101,104,132,118,113,134,126,79,104,121,129,99,181,183,206,126,129,132,126,144,183,227,241,233,156,129,71,99,82,85,137,88,91,76,76,91,91,101,147,179,211,225,213,212,205,183,126,164,137,161,175,204,188,173,208,236,239,159,113,150,175,164,161,171,140,140,142,113,124,144,127,135,132,121,142,152,135,140,168,154,121,161,189,188,198,200,175,181,147,144,181,159,121,118,135,104,68,101,110,99,99,104,99,88,118,129,142,140,99,88,113,110,121,132,101,79,127,127,129,96,60,55,85,108,127,101,115,127,140,168,147,132,124,135,118,121,132,104,79,101,88,55,79,74,85,113,108,104,93,104,99,88,96,91,85,127,85,102,88,91,82,102,116,140,152,137,142,142,132,116,121,127,147,145,118,116,127,108,129,113,102,124,82,53,50,40,44,53,34,34,44,50,42,57,44,46,48,53,48,57,46,30,30,53,65,57,60,68,93,79,108,65,63,74,71,71,79,68,74,82,88,79,79,96,99,65,71,82,142,102,82,127,157,130,105,116,91,60,50,48,60,68,71,93,93,99,96,110,102,110,108,113,121,110,102,108,113,110,137
65,126,88,65,50,68,62,47,54,65,70,73,90,96,70,60,60,41,54,50,54,52,68,39,41,65,65,54,54,52,62,65,54,62,41,43,65,62,54,43,41,54,115,121,126,126,141,175,149,134,131,99,115,147,164,149,96,88,101,149,175,112,101,144,91,50,52,41,50,54,50,113,142,71,85,101,152,144,118,113,121,142,126,121,99,126,185,156,99,54,60,99,150,147,152,144,164,166,129,113,129,137,170,168,188,226,198,177,134,152,132,147,205,221,220,206,144,96,41,62,91,99,132,71,71,76,93,79,85,68,115,170,181,210,191,208,219,147,113,137,115,157,159,189,175,159,205,243,235,157,132,132,177,170,161,164,159,135,157,150,166,164,135,144,144,129,127,175,161,173,177,168,121,152,171,185,193,197,202,200,173,171,175,168,166,150,147,113,99,96,99,79,79,71,88,115,162,159,132,124,124,99,85,121,113,99,82,76,99,104,91,76,62,68,79,127,124,108,132,127,150,175,159,171,129,142,175,162,132,104,104,113,93,79,99,82,85,147,121,132,93,93,76,82,118,118,116,168,127,142,79,76,129,129,159,159,166,145,124,132,135,127,137,152,145,116,102,93,118,147,152,157,142,108,65,42,46,42,30,40,42,42,55,37,44,55,48,46,37,48,48,46,40,60,55,60,57,53,71,68,85,121,85,63,53,74,88,82,74,68,55,68,93,108,82,85,121,79,68,99,132,102,85,145,160,127,105,96,91,74,60,60,99,79,76,93,93,108,105,99,99,96,96,93,99,85,91,113,135,127,140
78,101,81,57,57,70,65,70,68,52,65,70,78,88,85,54,54,31,45,41,50,50,54,50,52,47,52,70,85,78,70,88,50,81,54,37,54,52,43,39,41,57,96,136,147,144,112,147,164,129,115,129,129,147,152,101,81,99,104,136,172,129,126,161,101,50,50,54,43,65,82,96,71,52,85,126,115,132,126,101,88,107,123,101,152,208,181,132,88,79,126,156,161,142,150,181,172,164,159,134,126,147,181,200,195,188,202,203,144,161,161,144,164,183,175,147,85,88,115,85,82,126,126,68,68,79,82,62,62,62,88,134,147,188,161,215,168,147,113,118,129,164,134,193,195,170,198,227,235,210,166,150,195,196,188,189,188,140,188,164,154,147,129,157,152,99,144,150,161,193,164,159,157,118,168,198,185,195,210,181,177,191,193,198,202,145,185,140,65,91,101,65,62,85,135,147,142,137,129,135,118,129,110,71,93,82,65,79,85,91,82,79,68,82,101,93,104,113,121,121,142,155,145,155,145,129,171,168,140,147,145,121,127,115,93,127,137,124,140,155,108,96,104,99,93,113,145,155,160,57,96,91,152,108,147,145,102,137,132,113,145,150,157,147,147,105,68,113,135,142,184,152,173,160,53,34,65,65,55,53,57,44,42,48,60,37,42,48,34,44,42,46,55,46,60,55,63,68,71,88,85,96,74,65,53,68,88,76,76,68,60,74,96,121,121,88,116,88,79,91,116,119,102,127,150,121,99,99,93,91,71,79,102,85,96,85,91,79,82,68,79,88,76,82,96,93,113,137,132,127,135
52,62,65,60,68,60,73,57,65,52,52,57,62,65,76,85,43,33,30,37,47,39,41,52,60,52,57,57,88,104,85,90,65,73,62,39,43,54,41,43,47,96,112,118,152,147,81,79,129,101,115,96,129,93,90,60,118,131,101,99,149,144,115,156,96,43,52,62,39,45,85,91,52,68,79,79,91,82,71,76,73,88,113,142,170,159,139,115,115,118,82,101,129,132,164,195,191,161,150,172,142,161,193,219,198,164,219,236,198,152,134,129,150,181,166,113,71,118,134,99,96,121,144,65,52,65,62,65,62,62,57,88,144,166,170,188,132,118,118,142,142,159,173,215,185,185,196,223,247,243,210,200,204,196,210,195,188,154,171,115,135,135,161,171,144,121,113,132,164,157,171,171,152,159,152,181,204,204,205,210,193,193,183,197,188,162,162,110,101,82,82,71,74,93,96,113,113,110,121,107,113,91,88,60,74,65,68,71,60,76,93,79,74,71,96,118,115,104,115,137,104,99,93,99,110,121,147,155,155,175,166,132,115,99,113,155,142,113,162,168,142,113,85,91,110,113,140,147,118,88,63,96,145,85,150,147,121,118,96,96,140,155,142,162,118,88,102,129,124,195,137,164,157,179,50,25,60,91,74,50,37,40,46,60,48,40,55,44,46,40,40,44,55,57,60,60,68,85,74,65,71,76,71,53,46,74,91,74,58,53,68,88,108,121,110,79,102,108,85,82,105,108,96,102,119,116,102,99,105,91,79,82,76,102,96,79,74,85,74,74,60,79,76,96,105,122,108,124,116,132,99
39,41,52,60,54,68,70,54,57,52,45,43,52,62,78,70,39,33,30,39,39,31,37,54,78,76,70,65,81,101,85,81,81,68,71,52,45,65,52,62,85,129,96,85,126,123,68,41,65,101,71,60,60,50,54,88,79,93,99,71,99,126,118,118,115,65,68,52,43,79,110,101,43,43,99,113,82,101,93,76,79,96,99,82,96,101,115,99,62,99,101,104,96,118,156,156,137,129,144,152,118,154,195,195,132,142,229,235,195,121,132,156,96,99,159,123,91,96,118,118,107,115,118,68,43,57,74,65,55,55,57,82,115,152,191,179,118,65,115,137,144,170,211,205,175,200,229,237,244,245,238,219,208,193,205,175,183,147,104,96,127,161,175,166,157,157,107,118,195,181,150,171,183,137,147,177,205,219,221,232,208,185,204,181,188,162,171,115,85,82,79,82,68,71,93,91,104,113,96,76,115,124,82,65,55,65,55,48,50,71,104,113,68,65,88,85,118,142,142,162,121,108,115,124,127,104,124,159,157,150,140,115,82,79,135,129,124,147,129,129,124,85,62,93,102,85,99,121,116,91,68,102,127,88,116,137,108,96,82,99,132,160,150,121,110,108,124,113,142,127,124,105,135,129,46,25,48,82,82,53,42,50,44,44,50,46,57,50,44,44,34,40,46,60,65,68,82,68,68,65,74,91,65,50,55,88,74,58,44,48,76,93,88,105,116,85,102,116,88,99,108,96,99,102,116,127,119,93,96,96,85,85,99,108,93,79,93,108,82,82,71,71,85,93,122,96,113,137,119,108,99
37,37,39,50,52,65,73,68,57,50,41,50,65,65,47,47,47,54,65,50,39,39,45,68,101,96,99,96,90,96,96,88,85,78,81,73,52,96,88,88,107,110,76,76,88,76,68,68,39,41,35,43,52,50,43,54,52,60,88,81,85,101,121,134,88,99,101,68,60,91,88,82,60,57,79,104,96,82,82,88,82,99,62,150,110,118,73,104,85,99,88,96,104,115,132,121,101,118,150,177,166,177,212,144,132,113,181,193,150,107,101,129,96,65,101,156,118,107,126,121,104,71,82,96,71,65,52,57,65,52,68,68,96,124,185,170,99,82,107,132,152,183,198,189,173,195,218,213,224,239,237,213,204,196,198,175,175,144,107,99,152,159,147,166,195,164,127,157,183,188,159,191,179,159,142,147,197,219,221,228,220,208,212,193,179,175,205,82,118,101,113,88,82,91,101,91,76,96,101,101,99,74,60,99,53,60,48,55,74,93,101,104,50,35,96,135,118,145,162,159,140,155,115,115,132,113,121,152,150,135,135,99,82,79,110,127,88,124,140,99,82,79,82,88,68,68,93,99,91,88,82,99,116,116,113,129,116,96,93,99,129,150,150,129,113,102,105,124,88,82,93,91,124,129,60,37,50,48,60,60,48,42,48,46,46,48,40,46,53,48,44,46,57,68,74,74,79,79,79,68,74,74,60,57,63,65,55,68,53,65,96,91,85,99,102,96,105,110,119,124,119,121,96,96,108,121,119,99,105,102,93,88,93,105,105,105,110,116,105,91,88,91,93,105,105,102,116,135,135,99,108
39,41,37,39,45,88,68,60,57,45,52,57,57,65,37,43,65,85,78,54,60,54,85,115,123,136,131,115,101,93,88,76,88,81,96,93,101,141,115,96,110,93,79,65,50,43,62,71,45,30,26,39,57,52,43,30,30,43,68,71,71,68,90,118,104,99,85,54,88,101,54,79,88,101,96,96,107,96,79,96,79,65,134,101,152,132,88,147,101,62,65,85,93,71,88,104,91,115,170,212,231,229,222,132,156,101,142,132,142,152,113,107,82,50,74,147,107,150,123,74,55,82,113,113,96,65,55,50,62,62,57,57,79,96,172,161,113,99,110,126,129,159,185,183,168,170,177,198,227,227,210,210,183,193,208,197,161,129,88,88,150,154,164,197,173,134,144,161,157,159,161,188,189,161,134,142,189,216,220,225,212,211,219,182,173,183,168,137,129,129,107,104,88,99,127,115,101,99,99,99,85,82,113,82,91,55,65,85,107,93,108,108,71,65,85,121,110,145,132,118,113,93,99,44,96,140,132,101,110,124,82,88,79,71,39,82,101,96,124,124,102,93,108,99,71,71,96,82,65,88,99,82,82,108,82,74,82,93,118,110,99,99,108,124,113,110,113,93,71,93,88,121,129,132,76,53,35,42,63,46,34,46,55,40,46,50,42,37,60,50,48,65,76,79,65,60,71,57,93,79,82,82,71,68,71,60,79,71,88,108,116,96,96,108,88,93,93,135,130,140,127,110,76,79,88,88,85,93,108,105,93,88,105,93,102,110,99,102,113,105,96,85,96,102,99,105,130,132,130,119,99
78,73,41,43,52,73,52,57,65,37,37,52,45,62,41,47,68,73,54,65,65,60,88,104,129,144,115,104,99,88,73,85,99,104,118,161,168,144,136,121,90,79,68,62,43,33,39,57,54,45,37,30,39,47,62,41,30,50,62,57,60,68,79,96,104,68,52,57,71,82,62,85,93,107,90,85,90,101,82,82,101,96,79,71,90,115,115,76,82,71,101,85,107,96,96,132,113,137,220,222,227,237,172,115,113,99,150,154,144,156,110,85,82,55,85,164,137,156,126,118,82,115,129,113,91,79,55,55,60,62,41,50,82,96,189,172,134,137,129,132,126,159,177,172,183,195,226,223,216,204,183,177,164,195,208,161,132,107,74,79,150,181,181,193,188,152,126,126,144,139,166,179,183,164,152,168,173,197,210,214,219,215,198,175,175,185,162,118,99,85,104,110,68,65,110,132,115,107,96,88,68,96,124,93,85,85,82,110,113,91,68,96,85,65,71,99,96,96,85,60,96,68,55,113,79,127,115,129,140,129,108,82,71,55,34,68,140,79,155,129,135,127,124,60,71,74,74,74,71,74,88,79,96,76,50,46,82,85,88,121,96,76,93,121,110,108,108,102,65,71,105,127,124,118,82,57,46,57,50,34,37,48,65,63,44,46,37,46,57,60,46,63,93,99,65,53,88,121,76,91,105,96,63,71,93,96,71,88,88,113,93,113,102,74,79,68,88,105,137,102,85,85,65,79,96,93,76,93,119,137,110,88,99,99,116,85,88,102,91,85,99,105,99,102,102,110,135,113,121,119,108
131,149,70,62,62,45,65,65,47,28,30,65,45,30,31,54,65,60,52,54,62,50,65,90,107,104,81,85,76,81,104,118,129,161,164,203,172,104,159,147,73,50,54,65,52,33,50,79,81,65,39,30,39,54,79,71,65,54,57,68,68,71,82,79,93,73,50,57,50,65,99,88,107,118,79,52,79,96,85,79,101,93,62,43,50,68,85,65,85,82,91,99,129,175,142,142,170,150,177,198,183,183,150,110,132,134,172,166,159,123,129,118,79,85,118,150,115,179,198,212,101,132,96,62,85,104,104,74,71,55,43,65,96,99,185,132,189,161,147,134,124,107,159,189,195,219,231,233,205,161,159,132,150,205,142,129,134,118,82,110,173,161,177,204,206,166,113,104,132,142,159,177,197,185,164,179,171,177,200,208,212,195,177,188,150,150,150,115,104,101,99,99,65,79,99,101,124,132,110,74,60,60,108,93,71,91,96,82,76,101,85,76,74,68,71,88,101,96,65,50,50,53,124,132,82,121,140,140,142,121,79,55,68,65,55,74,74,76,142,152,121,121,79,88,60,71,82,79,68,68,71,93,96,96,57,62,60,99,101,96,96,96,85,96,99,76,79,116,85,121,135,124,113,118,74,50,60,60,48,37,37,46,50,50,35,30,30,46,82,91,110,105,119,116,93,76,105,135,142,113,99,85,68,74,65,85,82,88,105,108,116,99,121,113,88,58,85,68,99,79,88,85,74,85,110,119,85,82,116,150,132,113,110,145,88,93,99,93,93,99,113,135,121,102,113,116,116,119,105,99,113
183,198,118,93,85,62,68,73,50,37,43,65,43,21,24,65,65,65,57,54,85,54,68,96,88,88,81,81,85,104,149,129,139,181,166,170,154,96,170,156,71,50,52,54,50,41,71,112,99,62,47,37,39,50,71,88,71,47,73,99,85,68,79,68,71,90,60,50,62,52,85,96,129,118,65,71,93,101,104,99,93,74,71,48,41,57,65,79,79,65,85,107,134,170,175,132,132,161,175,159,129,129,91,123,126,144,161,152,185,161,107,99,82,93,159,156,159,189,212,200,150,132,79,101,113,129,115,113,85,88,68,79,82,129,170,144,156,147,142,144,110,115,154,181,157,164,214,218,210,152,147,137,150,175,113,134,126,124,79,121,157,147,185,211,196,164,118,121,166,147,164,185,182,190,164,175,182,173,183,188,198,183,164,182,140,137,147,145,118,132,88,96,88,99,118,96,132,145,115,62,39,48,82,82,82,82,79,79,93,96,68,68,68,79,71,93,121,88,71,48,50,71,110,127,108,99,127,142,121,76,62,44,68,76,60,79,88,127,118,137,105,99,116,85,85,74,85,79,62,68,53,71,113,93,85,71,71,116,101,88,113,124,88,68,68,93,105,124,118,127,118,137,124,108,76,63,74,55,48,40,44,32,30,44,46,27,37,65,99,124,124,119,142,140,105,82,119,164,140,102,102,105,74,76,79,99,93,102,108,105,110,127,121,116,88,63,65,71,65,85,91,79,88,102,99,76,85,91,99,132,113,130,99,119,93,102,105,96,116,102,135,130,127,121,135,127,121,132,105,85,85
208,215,156,144,123,68,68,107,78,50,52,52,52,37,33,68,68,71,68,88,68,71,62,73,79,85,96,104,131,141,152,134,149,166,149,115,141,134,156,156,104,57,47,54,62,47,73,96,99,68,52,26,30,52,68,88,71,54,71,104,93,79,88,90,71,79,88,62,85,47,68,115,129,118,71,71,101,118,107,88,71,62,57,82,60,50,57,57,74,88,96,104,121,137,156,150,144,161,147,113,96,104,107,85,96,104,134,147,147,150,126,99,101,134,164,168,132,150,206,175,126,99,96,121,126,129,161,150,121,113,104,41,65,121,137,129,96,113,150,159,118,113,137,150,179,168,175,211,214,177,132,189,226,157,118,147,142,126,99,115,144,170,198,215,205,150,183,155,159,157,185,173,185,177,185,171,182,157,150,173,190,179,140,137,147,157,132,147,137,145,115,115,91,104,127,113,115,129,121,85,50,65,110,96,85,68,71,79,82,91,82,88,68,71,65,82,121,85,68,65,62,71,91,121,124,91,129,142,105,76,53,55,65,65,68,76,82,101,124,88,88,101,110,121,82,82,76,65,65,53,65,68,85,82,110,99,91,127,142,96,118,147,93,65,99,93,91,147,110,93,129,121,113,102,63,65,65,50,46,46,42,34,24,44,46,35,68,91,91,102,88,105,155,150,96,85,142,169,130,96,110,118,102,93,82,74,91,105,93,96,105,121,135,124,91,60,46,58,82,71,68,76,96,88,74,82,71,82,96,124,108,88,91,99,99,102,76,76,96,93,85,105,108,135,132,127,124,127,108,105,82
189,149,147,183,129,104,129,134,126,96,57,54,68,50,39,52,68,62,85,107,70,73,50,54,81,90,112,134,134,131,136,126,115,141,172,112,141,159,131,131,121,62,43,65,79,60,71,99,85,85,37,18,31,41,73,68,90,65,71,82,101,99,90,101,85,65,93,101,85,71,62,115,129,96,60,79,115,118,91,76,85,68,79,68,88,39,73,60,79,99,104,104,154,156,152,175,181,129,107,118,113,101,115,129,99,82,99,118,142,166,132,101,121,137,139,139,147,134,161,177,113,82,99,115,134,150,144,132,96,65,62,91,129,118,88,62,55,52,113,124,144,121,118,150,181,164,161,205,198,177,159,215,200,177,137,144,157,107,101,134,147,159,185,198,185,152,188,129,150,171,166,159,204,183,171,193,190,147,142,171,171,161,132,115,177,164,118,145,168,152,142,142,135,118,118,129,135,142,140,113,93,93,129,129,82,79,85,93,71,82,85,79,68,71,74,88,113,93,88,96,96,110,140,127,129,113,127,140,105,79,68,68,76,57,79,108,79,82,124,101,113,157,124,108,96,79,76,65,91,85,50,55,79,127,99,110,118,182,135,105,113,116,96,85,93,113,124,129,99,118,140,127,108,88,57,60,50,63,48,30,48,53,35,40,55,50,71,58,76,76,76,121,155,129,93,96,124,140,132,116,110,118,110,108,68,71,99,91,74,88,108,110,118,116,74,58,65,85,58,68,82,85,105,108,105,119,93,76,108,121,119,88,85,93,102,79,71,58,68,76,79,93,116,132,140,137,124,122,137,132,110
136,126,101,172,181,196,236,222,159,126,81,54,65,43,50,57,50,54,79,104,90,70,54,57,90,112,126,136,115,107,99,88,73,129,161,131,161,164,141,134,101,68,52,62,79,62,65,101,90,62,31,20,31,54,71,79,62,71,79,82,88,96,68,93,112,71,85,129,99,85,50,99,115,62,57,91,129,115,88,85,99,79,96,62,115,55,88,93,101,118,134,166,195,159,129,172,150,129,134,104,99,99,85,142,118,104,82,134,142,113,99,104,110,113,115,115,124,104,129,183,126,101,152,121,82,142,150,113,68,52,71,99,134,110,55,30,39,39,88,144,113,124,115,124,154,170,188,175,189,211,205,188,181,164,144,142,137,101,88,129,142,124,150,164,161,157,145,150,157,145,157,150,182,188,183,208,205,152,140,168,159,145,142,147,159,166,147,135,157,182,147,161,171,135,132,157,177,175,140,145,135,121,145,129,127,124,113,82,62,68,65,71,85,85,101,101,93,113,129,118,135,145,166,140,110,113,115,124,99,68,74,71,62,65,82,96,115,110,124,166,140,124,118,88,82,82,68,76,60,55,46,46,79,108,82,79,110,175,160,105,93,102,82,108,116,99,110,116,140,68,110,116,91,65,63,53,57,40,34,46,57,68,50,57,50,44,46,50,42,50,99,129,145,108,105,99,118,132,116,110,96,116,118,93,65,63,93,108,79,96,108,85,121,110,68,71,76,76,93,85,88,93,108,105,105,113,105,91,99,119,113,96,110,88,76,68,74,82,71,63,76,102,130,135,145,122,116,122,110,113,105
81,90,65,147,240,247,248,237,183,141,104,65,54,73,50,52,41,65,81,68,85,99,88,76,99,131,129,85,85,90,81,79,99,115,121,149,177,164,156,159,101,54,62,57,73,68,62,118,126,62,50,22,39,57,54,76,68,79,88,88,73,71,68,88,126,96,99,132,104,96,52,101,99,79,62,82,126,115,101,129,110,85,88,96,123,71,91,129,132,144,150,170,175,144,113,115,134,134,134,65,82,85,57,96,126,115,115,147,129,88,99,93,71,88,99,115,147,118,152,175,132,121,115,123,65,65,115,118,88,43,65,147,208,118,55,28,23,21,55,132,124,101,132,150,137,142,175,188,198,214,173,157,129,121,142,134,118,144,113,85,142,164,166,168,137,101,132,121,129,104,137,147,171,173,173,166,182,157,135,150,164,161,150,168,145,157,129,150,182,182,173,166,145,157,159,175,190,159,124,164,155,145,115,113,142,107,110,85,74,62,62,96,129,121,124,115,79,124,113,110,147,159,137,113,91,110,135,127,113,93,79,55,57,57,60,99,155,115,142,184,152,96,99,115,99,79,74,82,85,71,53,53,44,91,110,91,102,204,190,105,82,110,102,88,105,99,96,127,137,102,118,108,74,65,65,63,46,50,44,48,60,57,60,42,36,71,58,44,27,58,96,118,113,99,88,91,118,121,91,88,110,96,124,85,60,68,105,132,116,93,96,96,96,93,82,63,88,88,93,79,76,96,96,105,132,124,105,93,102,113,91,79,85,91,91,82,85,91,85,71,91,99,113,132,140,135,110,105,102,94,74
57,52,88,156,230,243,246,241,170,141,123,68,57,57,65,107,57,79,118,110,90,118,129,121,115,126,126,81,45,68,88,81,99,110,112,136,175,175,161,172,121,71,54,54,82,79,65,126,159,96,47,26,37,65,57,68,96,85,79,85,68,65,88,88,101,107,107,132,115,88,82,99,129,99,62,96,129,115,107,134,118,88,82,99,113,88,129,134,126,132,134,123,144,150,134,104,129,152,147,73,71,82,55,91,118,118,107,110,99,101,104,74,62,88,79,79,101,134,96,154,115,99,99,118,52,65,126,121,96,50,32,132,170,118,57,28,20,16,65,150,124,101,104,134,113,110,175,198,173,198,164,110,134,101,144,134,129,132,144,157,152,152,155,127,107,91,71,82,101,115,107,118,150,129,135,150,168,152,142,173,197,164,150,166,173,147,147,183,198,173,173,191,173,171,157,171,171,127,101,115,137,132,110,121,110,104,113,127,96,76,82,115,152,164,157,113,71,115,104,127,113,152,85,108,108,127,135,121,127,105,65,46,60,44,50,113,159,137,164,132,118,115,124,115,99,96,79,101,121,113,74,50,60,105,116,76,116,195,152,108,124,118,91,76,93,116,105,105,129,127,110,113,102,71,60,57,40,42,46,50,53,44,37,40,34,65,91,53,48,53,76,113,110,74,82,91,108,108,91,105,118,127,137,102,65,88,110,135,118,105,110,96,88,91,79,82,93,116,105,63,82,85,85,88,124,121,116,96,96,85,88,79,99,119,140,79,93,88,76,91,79,94,96,116,116,116,108,94,85,79,68
41,78,136,149,183,221,218,206,193,147,115,79,73,81,131,104,99,107,126,115,134,147,154,149,110,70,68,79,62,52,65,54,104,126,107,112,144,172,147,136,112,73,57,54,71,82,85,115,134,96,41,39,41,62,62,65,107,99,65,71,85,71,71,76,85,126,132,147,123,101,107,144,172,96,71,126,132,104,88,101,113,96,82,91,101,85,137,126,96,113,132,126,156,183,164,129,134,183,144,88,68,88,85,126,91,91,110,107,93,76,96,79,65,76,52,57,68,62,107,126,96,101,57,88,45,55,93,96,85,55,52,126,161,99,30,26,26,30,60,104,129,96,68,96,161,150,202,215,183,150,166,159,137,173,161,126,144,181,152,115,147,168,157,132,88,118,99,93,118,115,118,147,144,135,164,168,157,147,157,175,155,155,171,150,164,157,132,168,200,195,164,197,188,140,132,142,124,99,79,79,115,121,127,99,88,113,140,132,132,118,93,93,142,168,164,127,93,115,129,96,140,166,101,145,129,115,124,132,115,88,62,68,65,62,53,121,132,152,166,124,132,164,129,115,135,113,88,113,137,91,82,68,88,82,99,132,135,197,129,96,105,105,63,60,102,99,108,96,127,113,157,137,96,91,63,53,48,46,42,48,46,42,36,48,57,71,68,55,53,55,76,105,110,99,105,110,110,116,102,116,148,145,135,127,74,74,121,140,135,116,102,91,96,91,93,91,93,88,88,76,82,76,110,76,108,113,102,96,91,105,85,85,88,116,135,88,96,79,65,88,108,99,113,108,122,110,94,68,88,79,63
85,81,156,163,149,181,205,203,172,136,112,101,93,129,99,110,110,126,115,147,144,131,118,134,126,81,65,78,81,45,50,60,118,104,78,121,115,141,126,101,88,68,65,50,62,85,85,101,121,121,62,54,39,43,85,71,99,115,71,79,88,62,65,82,96,121,134,168,150,115,142,170,181,118,88,123,118,91,91,101,104,115,104,99,91,91,118,118,104,118,126,134,161,170,150,126,147,172,134,93,85,99,126,144,76,82,134,142,118,104,88,85,71,68,52,65,50,55,99,113,107,88,57,79,39,28,50,85,126,110,88,129,147,79,18,16,30,82,101,62,85,96,118,137,159,206,223,219,205,179,157,150,183,191,152,139,164,134,137,129,124,155,166,150,147,142,200,140,140,147,155,212,215,171,185,190,147,147,164,159,173,144,132,173,159,164,142,137,190,171,140,137,162,135,96,99,91,85,85,93,91,91,96,76,82,101,147,147,137,101,96,113,147,150,142,127,101,101,93,99,152,166,166,168,127,91,121,129,113,101,91,82,62,53,68,104,110,113,157,132,145,132,101,99,127,127,113,140,121,93,85,82,74,71,113,113,113,150,118,102,82,79,88,99,113,79,74,71,135,132,118,142,132,91,63,65,37,35,42,34,48,60,32,30,46,60,65,60,46,57,60,82,135,157,160,169,160,147,132,118,124,129,124,129,88,91,140,147,121,93,91,113,108,96,85,85,55,88,88,85,76,102,119,74,71,76,74,82,82,82,88,96,102,116,121,110,105,96,130,130,119,145,132,130,130,105,85,85,85,68,68
115,121,156,185,175,205,213,198,156,131,131,115,90,121,101,107,85,118,104,118,139,112,99,104,123,115,78,68,76,76,68,62,107,126,115,93,96,99,152,96,93,73,45,41,57,79,52,85,126,107,65,54,43,47,88,68,76,121,82,62,88,71,65,76,121,112,110,198,161,113,137,147,144,134,132,126,91,85,101,132,121,132,134,101,99,110,107,134,134,118,121,137,144,126,134,132,132,147,137,96,91,107,132,132,104,104,121,115,126,118,82,79,71,71,62,41,43,43,68,115,96,82,96,65,28,22,25,74,137,101,113,166,152,85,33,39,76,104,164,96,79,99,137,157,183,205,205,183,134,142,124,115,134,147,150,175,144,110,96,104,129,150,155,171,159,150,150,188,144,161,175,188,197,224,205,181,157,164,188,175,137,150,159,173,173,147,161,145,137,104,145,150,159,113,60,93,93,79,79,82,85,85,76,74,82,93,121,137,124,118,118,132,135,121,99,79,99,101,96,127,113,164,183,166,132,96,127,145,113,104,101,82,68,62,93,96,93,99,129,129,124,88,82,96,115,135,142,140,142,102,60,57,53,79,76,102,79,116,110,118,99,74,79,91,102,71,71,99,132,129,160,121,142,91,79,48,42,36,25,24,44,60,27,44,50,50,53,53,42,46,74,76,108,135,129,147,157,145,140,99,105,118,132,166,118,110,135,121,124,116,99,110,108,96,82,71,68,93,110,102,105,132,127,99,68,68,65,55,60,85,99,93,96,108,130,119,124,119,124,150,137,137,127,142,119,130,85,85,79,82,105
129,152,161,181,198,193,198,177,181,147,110,101,118,134,107,90,96,85,101,115,118,147,112,76,96,126,110,81,101,78,52,70,107,104,99,68,99,93,156,131,82,62,37,41,57,65,54,62,82,82,54,54,50,68,96,62,82,107,79,62,99,96,65,104,123,101,82,175,144,123,132,152,115,144,150,101,73,79,93,132,147,115,121,126,126,115,101,144,144,110,107,126,113,101,144,147,107,118,118,113,99,96,129,129,104,88,91,88,85,93,85,71,65,79,62,52,43,39,60,91,82,82,76,50,39,32,20,50,101,88,99,134,150,104,113,159,177,173,173,144,68,37,99,161,179,170,144,118,74,79,62,115,139,166,183,181,147,137,132,127,104,118,144,121,113,142,157,115,127,157,171,142,208,193,175,161,159,159,142,159,195,161,157,173,181,157,179,150,157,121,127,166,162,129,85,79,96,96,68,60,85,118,74,68,79,79,85,115,164,145,115,118,99,65,62,82,101,137,147,132,127,152,166,175,140,110,142,135,91,101,96,82,85,82,99,110,101,91,91,118,91,76,82,88,99,118,132,127,118,102,79,55,55,76,85,96,79,82,102,121,113,99,110,110,105,88,85,96,113,132,157,142,147,124,85,50,46,28,32,32,34,42,48,74,55,74,50,55,46,55,53,79,63,68,99,116,129,147,145,129,102,108,137,142,160,137,132,130,105,91,102,110,91,91,76,71,68,79,99,121,132,145,137,127,91,68,71,65,53,68,121,108,105,119,119,93,96,105,122,124,122,110,127,124,145,99,96,102,108,110,116
149,170,183,185,201,181,149,154,156,134,99,115,129,90,88,88,96,99,90,99,123,144,156,112,112,126,112,118,99,88,65,62,70,78,93,96,82,85,93,82,65,50,50,50,41,52,65,68,85,90,52,54,52,62,65,76,82,112,90,85,90,96,104,79,93,121,71,126,121,159,172,181,126,137,118,71,65,65,57,101,126,88,101,134,113,118,107,101,107,104,110,101,104,126,156,126,107,104,113,118,96,65,126,129,91,76,91,96,79,96,91,62,65,65,74,55,52,57,71,96,104,88,65,57,50,35,28,50,76,99,118,129,144,159,150,159,191,185,121,107,82,52,107,185,170,150,142,101,57,50,52,104,183,175,177,188,183,181,144,101,101,121,150,147,147,157,132,110,104,147,173,161,205,218,152,127,121,132,137,113,118,171,157,190,173,150,162,191,147,88,135,145,182,113,60,91,113,93,71,79,93,93,76,88,68,76,96,162,155,157,115,101,82,50,79,101,96,135,173,135,132,135,171,171,140,113,113,113,93,108,113,93,88,82,113,132,113,82,93,101,91,108,91,65,74,91,121,116,96,96,91,65,63,85,93,102,88,88,116,113,116,113,99,102,102,96,91,88,121,113,155,152,135,137,91,53,46,34,30,32,30,37,48,48,50,60,55,50,48,46,50,55,53,63,96,96,124,129,140,145,99,85,129,135,150,127,108,119,121,108,110,105,91,79,85,82,63,119,105,88,116,132,116,91,76,65,60,68,68,71,105,108,93,119,105,79,85,102,93,85,113,105,105,130,108,108,108,105,113,122,116
183,161,181,170,179,185,161,126,88,101,65,52,93,70,62,81,96,70,110,88,99,139,159,147,112,121,136,101,104,101,65,65,68,70,115,104,85,65,76,71,52,45,43,57,50,45,52,50,54,65,54,50,52,52,62,73,101,118,104,88,112,115,112,90,118,118,101,118,132,150,161,147,132,101,76,60,73,82,68,104,121,82,93,126,126,123,101,85,85,118,115,107,139,175,161,121,99,96,113,110,85,57,104,137,126,82,85,85,96,99,85,52,62,71,65,60,68,82,96,118,115,113,85,74,37,32,50,65,65,118,170,175,173,181,129,101,126,126,43,55,159,177,161,181,181,164,154,88,48,79,85,126,185,177,175,185,177,161,135,132,144,147,135,150,161,142,157,152,115,127,168,193,215,195,144,110,93,107,127,129,110,91,150,157,150,177,182,182,171,147,118,91,121,127,62,71,115,99,91,62,101,140,65,82,65,104,121,129,159,140,113,93,93,74,88,96,110,104,124,104,147,132,182,171,155,115,96,101,79,68,99,101,85,96,129,129,115,91,104,85,113,110,82,55,53,63,85,82,88,88,82,85,71,63,76,79,93,99,110,116,108,91,91,93,82,82,85,74,91,93,124,157,116,121,108,53,25,40,44,32,23,32,46,44,37,37,57,53,44,65,88,82,63,68,79,91,88,108,137,147,93,60,108,79,135,88,108,108,135,130,116,96,102,79,71,99,140,99,93,108,91,137,121,91,63,76,65,60,68,71,76,96,108,130,113,105,91,85,102,116,122,122,108,105,93,93,93,85,102,116,113
168,144,177,170,164,159,136,118,76,54,57,28,88,104,50,68,90,88,99,107,99,126,152,159,134,104,107,107,78,96,90,126,131,54,99,115,85,65,79,99,52,37,50,50,50,43,52,62,50,52,52,33,43,65,62,68,93,126,107,107,141,149,115,129,129,115,115,96,107,107,85,113,121,71,43,55,71,96,101,115,132,110,144,134,150,115,93,101,113,132,121,118,129,144,154,137,113,79,91,104,82,104,88,156,164,144,99,88,101,93,50,48,79,79,65,57,55,110,93,99,115,118,88,99,52,48,74,74,82,104,177,219,210,195,121,113,62,76,33,88,198,231,221,204,206,188,157,76,43,62,113,126,164,171,154,144,132,129,132,144,144,129,132,142,144,135,171,154,135,147,157,159,168,183,135,113,104,107,121,85,65,79,101,147,129,129,175,171,162,147,104,96,113,121,91,62,93,101,85,88,85,107,88,71,99,107,107,101,127,166,140,124,96,85,101,121,96,104,104,124,145,145,150,150,177,152,93,62,53,68,93,99,91,93,115,147,110,99,85,91,101,99,79,63,50,57,74,71,76,82,68,96,60,55,79,85,105,116,124,132,118,108,91,79,68,65,71,65,91,93,121,147,121,121,105,40,19,34,55,42,28,28,36,36,48,46,53,71,63,79,129,96,71,79,88,108,93,79,135,140,93,74,91,82,68,88,91,116,135,148,157,135,82,79,74,99,91,116,82,91,124,130,105,96,79,58,63,68,60,91,91,88,76,88,96,96,116,102,110,99,124,130,102,102,124,122,74,74,99,108,119
85,144,172,181,183,168,156,126,68,39,54,52,96,85,68,76,88,85,88,149,172,175,206,205,164,115,81,126,104,99,104,136,99,136,112,118,134,85,112,121,99,82,54,41,54,65,79,62,39,39,45,37,43,54,50,50,60,85,104,118,107,101,118,132,126,126,126,96,88,73,55,85,99,73,55,55,65,79,82,79,96,134,152,161,144,115,104,110,150,177,152,113,113,132,152,137,118,60,68,96,104,118,126,142,175,185,132,107,99,74,48,57,71,65,79,43,45,96,99,99,123,144,118,126,91,88,118,96,88,88,142,205,221,177,164,159,41,62,71,142,216,241,238,222,208,189,134,79,39,33,115,118,142,152,121,127,115,124,127,137,150,118,132,137,115,115,127,118,129,157,135,135,164,159,124,113,113,113,129,91,55,68,79,129,132,145,142,175,171,147,157,147,175,135,85,53,68,93,96,124,110,88,68,76,93,110,132,118,140,164,157,127,113,129,147,132,121,99,113,129,155,140,121,155,137,121,74,55,55,76,93,96,99,96,113,96,79,104,82,113,88,121,85,65,74,85,85,74,74,74,85,99,76,68,93,99,105,145,137,137,137,118,99,79,91,71,74,71,96,96,118,127,118,102,74,44,32,34,44,65,55,36,36,57,68,55,68,71,102,99,124,105,76,91,110,93,88,93,99,113,96,88,76,99,99,124,110,124,145,132,135,152,102,79,85,63,82,91,68,76,102,96,76,79,76,65,82,88,82,91,79,65,108,71,93,91,130,91,116,110,122,127,113,105,85,79,79,85,99,108,113
62,118,156,196,196,161,156,136,78,62,65,60,99,85,104,104,129,78,101,164,196,206,212,205,179,156,96,81,126,121,96,81,81,68,71,131,141,112,129,154,101,68,50,52,68,81,81,45,52,33,41,50,43,31,39,33,45,76,99,101,104,104,101,110,144,152,129,113,96,62,41,52,73,71,71,71,50,37,55,65,101,96,118,132,115,118,132,137,183,205,175,132,142,168,164,129,91,71,71,99,104,104,152,118,126,104,104,96,68,65,62,52,55,65,82,55,62,101,118,126,126,161,173,142,139,137,144,134,104,88,79,181,189,139,205,137,39,65,104,142,216,229,215,211,195,161,110,68,71,43,142,104,157,132,107,135,132,121,121,127,142,135,101,107,115,88,91,82,104,129,101,101,132,129,127,129,132,127,115,104,79,82,82,118,113,110,185,185,164,142,150,145,137,142,129,82,62,88,88,99,101,62,74,71,76,104,121,135,171,177,142,118,127,145,140,145,118,104,124,142,150,115,145,113,91,74,82,82,96,104,118,110,108,127,110,57,79,93,113,118,93,129,99,85,96,93,85,71,85,88,93,102,91,74,99,85,116,124,113,110,121,121,118,124,116,85,85,88,88,105,99,79,99,96,82,85,65,44,37,53,68,50,48,57,57,63,63,76,91,102,116,113,91,88,108,121,116,110,96,121,102,116,113,121,110,113,148,155,162,169,142,130,121,96,74,82,79,68,85,58,93,74,91,74,60,82,85,91,93,68,74,105,108,96,91,88,102,119,119,130,108,127,93,116,85,82,93,88,96,110,127
73,68,112,144,110,104,118,99,76,85,81,68,73,99,134,141,134,126,172,123,144,166,193,179,175,170,134,96,110,112,81,68,65,71,79,126,141,104,104,131,121,85,65,47,88,88,96,96,31,71,39,31,52,41,37,37,54,82,101,112,110,147,115,123,137,150,82,137,88,73,47,55,73,88,85,60,57,52,68,96,115,52,62,85,88,101,129,134,126,164,156,126,142,144,134,121,88,79,91,88,99,104,115,101,96,76,82,79,68,65,52,43,57,62,71,91,68,115,126,110,134,181,205,189,152,134,134,159,121,85,79,134,129,132,168,101,60,71,101,126,159,159,126,132,142,124,88,79,144,99,137,142,161,147,110,121,144,124,142,135,129,127,96,96,99,85,62,79,82,99,115,115,107,124,121,137,144,144,142,104,96,99,101,113,101,137,171,155,164,142,129,118,132,142,101,101,115,110,142,104,113,82,62,60,76,104,118,137,155,157,137,118,113,142,155,132,113,121,118,101,118,96,108,118,85,68,96,108,99,101,127,113,118,129,108,57,85,93,121,124,101,116,105,96,96,88,91,91,102,105,96,91,85,105,99,96,116,116,142,127,110,124,127,129,116,96,99,102,88,88,71,53,76,110,102,116,99,60,48,57,57,50,50,36,60,68,63,65,71,88,127,137,110,108,127,145,152,132,127,135,140,160,157,157,169,162,162,157,135,132,124,99,82,91,85,85,88,74,85,82,79,88,85,71,60,58,65,74,71,79,93,96,96,99,74,85,93,124,93,102,105,85,108,96,82,88,99,88,82,91,110
70,73,99,88,78,78,81,76,85,88,81,76,81,121,164,156,126,149,191,129,118,144,187,196,183,172,147,134,147,131,115,85,73,54,99,134,136,85,101,134,129,96,71,57,71,96,79,68,65,60,52,35,50,41,45,37,43,81,112,147,159,121,101,137,104,144,104,104,96,79,79,96,96,73,85,82,62,62,71,126,85,65,88,129,126,115,99,79,91,107,144,144,121,74,88,118,85,82,79,91,113,101,91,96,99,93,85,91,85,68,45,50,60,65,79,88,79,96,79,79,147,185,200,196,154,129,115,139,129,104,126,101,113,159,150,115,74,62,76,99,88,76,76,91,126,118,79,99,157,121,107,152,147,142,99,96,118,127,142,144,129,107,88,96,82,107,71,107,85,101,101,107,91,107,118,137,144,127,118,115,85,101,96,99,113,135,162,155,140,135,113,115,118,121,93,101,142,107,150,135,96,96,60,60,118,127,127,96,101,129,147,164,157,121,145,147,150,113,91,118,132,99,99,127,93,68,82,104,118,127,113,121,140,137,108,57,93,101,91,116,135,108,96,118,121,105,96,99,110,102,85,91,76,118,116,88,137,168,157,157,127,121,129,116,105,99,105,99,91,65,60,63,68,108,108,91,88,82,88,63,48,44,42,42,65,53,48,48,65,88,124,140,140,135,142,147,160,162,118,135,166,160,182,164,155,160,135,119,108,108,96,91,65,63,74,74,63,63,63,60,82,85,74,96,99,68,58,63,82,96,85,96,85,74,79,93,116,116,130,93,105,108,119,99,74,85,88,91,99,85,113
90,104,129,99,101,112,112,110,112,115,107,96,115,136,170,147,129,144,170,164,159,164,194,206,193,175,172,185,193,161,141,126,104,93,99,104,134,131,136,156,149,121,90,79,68,52,76,43,65,71,60,54,52,52,54,52,68,101,118,99,88,96,121,134,118,107,159,104,115,82,73,73,82,101,113,107,50,50,118,115,134,147,134,137,150,118,118,43,85,123,154,142,96,71,82,134,132,96,76,91,99,107,65,65,82,85,85,101,104,71,55,71,68,85,74,85,93,68,68,82,132,152,137,137,134,104,68,85,101,85,104,104,115,166,181,159,82,85,101,68,62,79,113,134,142,132,132,142,137,115,113,124,124,115,91,82,96,115,124,127,118,91,79,99,101,115,107,132,110,93,74,82,79,99,115,118,99,91,107,91,62,68,96,96,127,157,155,135,121,147,127,118,110,121,101,91,124,82,85,129,159,101,93,82,150,150,82,82,107,155,188,168,164,113,99,140,82,74,68,85,99,85,82,108,110,71,55,93,124,108,127,155,157,121,101,68,85,85,108,135,140,113,116,145,137,124,108,102,129,113,85,63,74,102,127,124,127,157,132,137,142,108,121,121,102,102,110,93,105,88,48,88,85,88,127,96,93,135,124,74,46,37,46,44,44,36,42,53,76,76,105,142,127,124,145,164,147,145,105,152,150,171,142,166,130,127,102,79,85,76,55,63,63,58,58,60,50,34,74,76,91,82,74,91,99,71,79,93,99,99,85,76,76,82,88,102,113,88,124,119,91,119,116,79,74,85,82,79,99,91,96
76,99,115,96,118,159,136,134,129,118,101,112,141,129,136,123,126,131,152,175,170,181,205,215,198,187,206,194,177,172,152,126,131,115,85,88,129,136,161,175,159,147,104,88,85,81,57,50,60,79,71,82,54,45,54,73,76,96,96,85,88,113,115,132,123,110,110,104,104,90,68,90,79,68,62,101,96,54,115,107,132,129,181,113,115,118,118,82,113,147,154,152,113,76,82,137,132,115,85,101,126,74,79,50,65,85,93,121,104,99,88,85,96,85,68,82,65,60,91,93,91,93,88,99,107,99,68,52,62,43,52,99,99,137,164,164,134,166,121,68,79,134,181,159,132,129,147,150,134,121,113,132,137,115,96,82,93,113,129,132,126,96,85,115,129,107,96,110,118,91,60,68,71,85,99,93,68,82,101,76,50,53,115,113,145,171,159,129,118,157,135,104,88,104,101,93,101,62,85,127,82,118,74,99,142,145,137,118,121,182,207,145,127,127,85,88,71,76,68,48,46,57,82,113,127,110,91,96,108,147,132,175,159,121,102,105,88,71,132,132,140,127,113,132,132,132,113,99,145,121,74,79,82,124,108,88,105,129,102,99,129,121,118,175,155,110,113,105,108,91,50,74,82,76,124,137,105,127,129,105,71,44,53,34,37,44,42,55,65,68,91,108,91,113,140,145,142,116,102,130,145,162,140,135,137,124,96,79,65,65,58,53,74,88,65,65,76,42,68,85,85,79,96,88,105,110,82,113,119,102,71,76,102,93,88,79,102,102,88,121,102,91,91,85,63,63,85,102,102,99,85
78,78,88,112,131,123,147,154,112,90,73,121,131,115,112,129,104,112,131,161,172,175,203,219,212,185,208,205,175,194,147,126,126,107,88,85,126,147,152,156,149,141,107,101,96,57,54,62,60,73,68,68,88,71,52,60,71,90,118,112,118,118,126,104,112,141,115,96,132,110,90,107,82,62,79,88,76,74,110,134,99,129,93,99,88,121,150,121,121,175,187,161,161,115,68,129,150,126,118,115,82,65,62,85,68,107,113,142,150,115,115,126,96,62,107,104,68,74,82,71,74,82,71,82,99,82,79,46,43,41,35,60,88,115,129,142,183,161,110,96,129,181,193,152,134,126,126,134,99,85,96,144,137,115,107,93,96,118,137,142,142,126,115,132,144,101,57,91,137,113,60,79,79,76,82,85,76,71,74,71,62,71,129,155,183,204,161,113,99,115,99,104,113,76,91,99,88,76,79,71,93,65,50,68,118,145,152,127,142,188,179,101,110,179,142,115,93,85,79,62,62,57,110,127,129,147,162,145,110,113,145,140,110,157,116,124,82,110,124,116,147,99,82,132,132,127,118,150,110,124,99,88,76,91,99,105,129,113,99,96,124,142,150,171,145,116,137,132,105,88,50,68,99,105,124,113,116,137,132,116,110,79,53,42,55,48,48,48,68,79,60,55,74,102,116,113,116,96,88,93,142,140,137,132,135,145,99,88,63,60,68,53,82,82,85,71,85,71,74,79,85,76,96,85,110,130,88,105,105,105,88,88,91,93,93,113,93,116,108,121,108,85,88,88,68,76,105,102,97,105,97
88,81,99,131,126,134,144,134,99,73,85,104,115,96,129,110,90,73,104,118,134,156,193,208,193,172,187,203,172,164,172,149,115,126,93,81,112,149,136,121,126,115,96,99,57,57,57,62,73,65,65,90,107,88,54,43,68,96,129,121,129,129,85,90,137,187,168,141,112,96,107,96,82,55,41,65,96,121,126,104,88,123,147,79,57,129,164,113,129,175,196,187,177,150,93,82,123,118,88,96,71,60,41,101,142,126,110,137,156,129,115,104,85,76,124,115,104,107,82,55,68,52,79,71,79,76,79,71,37,43,41,50,85,101,101,121,137,144,104,88,126,152,170,166,134,134,144,115,71,65,104,118,126,107,88,104,96,113,126,137,154,152,134,121,124,113,68,115,137,115,74,74,85,82,68,79,91,71,68,85,88,85,113,159,190,193,140,101,91,79,82,107,107,74,76,85,85,79,82,74,74,53,50,65,96,118,129,145,168,179,177,152,108,147,150,115,101,104,91,71,82,99,132,137,127,150,162,129,82,96,124,127,121,116,116,127,129,140,121,116,101,91,91,142,135,105,99,113,129,88,116,105,101,91,99,113,102,82,91,110,142,140,113,132,140,137,155,132,96,85,93,99,110,105,99,121,137,127,110,99,124,113,76,48,48,53,48,58,74,71,44,46,63,88,132,124,88,96,96,96,137,145,140,145,135,150,102,96,63,58,58,58,68,74,71,76,50,74,76,82,82,79,121,108,145,127,113,99,102,102,99,93,88,108,116,137,91,130,130,116,82,99,113,111,108,119,122,119,97,91,91
96,123,136,134,129,126,141,115,81,62,73,71,54,57,73,71,65,52,71,57,65,99,159,166,149,177,172,177,170,136,189,166,139,126,93,81,101,139,134,137,129,104,82,71,37,57,62,45,43,65,68,99,112,99,85,68,68,93,115,112,101,96,112,115,129,152,166,159,126,85,93,107,104,68,39,68,99,123,118,99,121,144,132,88,52,126,172,126,115,150,198,196,161,142,139,142,123,107,79,65,68,43,43,118,161,132,110,126,142,144,132,124,96,129,144,134,164,91,99,65,62,55,74,91,85,55,74,96,41,46,60,55,96,96,85,85,96,132,85,85,126,132,134,161,132,107,129,124,76,85,115,79,134,113,71,124,132,107,134,159,164,173,147,157,101,147,113,129,82,101,88,71,99,93,79,96,115,82,71,110,96,88,88,113,127,115,115,101,88,79,79,91,101,76,74,82,99,82,82,68,65,62,55,68,82,88,113,124,142,171,185,185,145,110,132,137,110,107,96,88,121,140,162,195,173,145,118,91,74,82,96,137,110,105,121,145,152,132,121,85,74,93,115,129,121,101,152,132,118,102,108,127,68,140,127,116,99,76,85,99,99,129,129,132,105,145,140,116,88,76,88,102,91,105,118,121,127,121,124,99,110,127,71,46,36,46,42,48,60,50,44,60,91,110,140,127,116,108,127,142,160,166,140,140,142,129,118,113,79,76,74,65,74,74,55,60,44,82,82,71,74,99,137,121,130,105,119,116,119,121,96,76,108,110,113,102,121,102,116,108,91,108,119,122,108,119,127,127,108,74,88
126,147,152,129,107,110,121,101,65,85,65,50,52,52,50,54,50,52,50,52,47,65,112,136,144,164,170,166,170,156,177,175,115,121,90,81,112,141,139,149,141,115,79,52,57,47,54,37,31,43,57,93,71,88,82,71,60,73,82,90,121,112,79,104,134,134,144,144,137,110,88,115,104,82,55,71,118,101,99,126,99,134,129,129,73,107,150,101,79,126,181,177,159,161,161,129,132,129,101,55,57,62,55,79,150,144,118,156,164,166,113,96,118,144,139,123,115,142,101,88,71,65,85,74,85,76,79,104,91,88,71,74,107,52,82,57,99,126,79,99,124,99,96,126,118,79,110,129,91,85,82,132,126,118,134,152,159,127,129,171,183,183,175,159,121,157,118,104,79,99,99,79,127,115,107,113,113,96,88,115,99,99,76,88,91,65,113,129,101,88,88,88,107,74,65,85,99,79,68,65,57,71,55,57,65,85,107,101,118,150,155,173,145,137,140,145,101,96,88,99,135,140,159,191,185,135,93,93,79,79,96,121,140,124,166,162,155,140,101,74,60,76,101,110,105,105,101,68,102,99,105,113,91,105,108,96,88,82,88,93,96,118,121,102,127,160,113,96,96,93,85,93,71,93,85,71,102,108,118,121,116,124,79,50,37,36,40,44,42,50,58,65,88,113,137,140,129,118,116,137,175,140,132,135,132,110,121,121,96,91,96,91,76,60,58,68,71,74,82,71,79,110,124,110,113,108,110,113,119,96,93,85,91,99,110,88,99,105,88,113,105,96,105,110,110,113,110,132,108,74,91
126,136,121,118,107,93,79,73,70,65,65,62,54,45,43,45,52,50,43,47,52,62,81,99,112,107,96,107,131,123,118,88,70,99,73,82,107,141,147,141,136,104,68,50,68,45,30,35,43,33,54,52,62,54,47,50,45,47,65,68,115,99,43,68,152,118,132,152,156,137,82,68,79,76,104,118,129,101,82,113,129,71,134,99,79,118,129,123,96,113,177,161,161,161,195,164,104,118,123,88,43,52,57,85,99,104,82,115,132,96,88,99,107,129,104,142,164,126,126,110,65,57,65,74,96,88,93,104,126,129,150,126,82,62,65,65,68,88,99,88,82,82,82,85,85,85,113,113,96,57,88,191,157,132,159,144,135,155,135,164,188,173,157,129,142,104,115,101,121,121,118,132,132,132,104,82,74,99,96,104,118,107,85,135,104,129,132,124,99,113,96,91,99,74,76,85,65,68,62,50,48,57,57,65,68,85,99,104,115,132,142,135,150,166,145,155,101,85,68,71,110,118,118,121,113,99,88,88,121,91,101,108,101,124,137,171,173,145,124,91,71,79,88,113,129,91,46,65,121,113,127,137,113,91,74,76,93,85,82,85,85,110,102,91,124,121,88,85,85,68,76,79,46,63,74,60,74,118,116,124,96,82,63,82,32,30,28,46,44,58,68,85,93,127,173,157,127,118,142,132,162,160,142,129,135,113,130,121,108,99,110,105,74,60,63,88,85,71,79,82,71,82,102,91,88,99,105,110,99,76,99,82,74,110,108,94,94,105,113,105,79,102,119,127,108,110,135,130,105,102,119
115,129,129,126,136,115,73,68,62,57,54,65,60,52,47,41,43,52,41,45,68,85,90,81,70,62,70,78,73,68,73,71,68,88,96,85,93,134,149,131,104,85,54,45,68,65,28,39,41,41,54,57,57,45,39,41,41,47,54,68,79,68,41,50,107,99,152,144,181,123,55,55,71,85,107,126,107,107,91,121,107,121,101,93,85,134,142,107,115,132,150,152,139,170,183,147,150,88,74,96,37,65,71,99,82,79,88,82,76,107,82,79,79,132,121,118,107,101,132,113,68,55,68,71,110,113,91,118,113,113,137,104,62,55,48,55,68,88,88,82,68,62,68,71,82,99,129,121,85,76,134,135,142,118,101,101,113,142,154,135,152,150,121,113,127,104,115,113,144,157,129,118,118,135,85,62,68,96,129,132,121,113,99,142,85,147,118,132,88,85,96,88,71,76,82,85,76,71,48,44,50,39,71,55,71,82,99,101,113,129,135,129,129,157,129,101,88,65,68,68,85,99,115,85,68,71,82,110,129,82,93,104,71,129,101,157,147,135,147,110,65,85,113,116,140,88,46,55,105,116,135,132,110,88,88,96,82,76,93,85,85,99,116,105,79,91,96,74,76,68,53,55,48,63,57,82,96,85,93,113,93,57,76,63,30,23,20,40,42,60,63,91,108,121,152,150,129,147,147,145,147,169,162,130,124,110,102,105,96,99,99,102,88,74,65,88,99,82,76,79,63,82,93,93,82,102,132,113,91,93,82,74,93,122,116,96,93,113,119,99,85,113,113,108,127,130,127,155,130,130,124
161,168,156,161,144,149,104,90,70,73,45,70,52,50,60,52,50,54,65,54,96,99,99,115,73,73,68,68,82,99,121,107,96,82,79,73,88,115,115,99,88,76,60,54,73,76,50,43,65,65,62,71,52,47,43,45,43,47,52,55,88,85,50,39,55,104,134,137,150,132,85,65,73,73,88,104,104,93,123,104,150,187,118,126,107,115,129,121,85,88,126,142,144,170,215,175,123,104,79,76,65,68,115,96,88,74,79,107,88,55,96,85,93,129,88,68,115,104,124,88,82,71,62,65,71,85,96,113,124,110,132,113,50,46,68,62,62,71,99,101,96,68,62,99,96,85,104,118,96,99,104,99,104,88,79,91,101,115,121,110,127,129,115,107,93,99,85,99,157,171,124,96,113,104,88,79,88,96,129,140,121,104,88,96,118,113,129,129,88,74,79,82,71,74,91,110,121,65,53,53,46,53,55,46,85,85,104,113,115,127,113,104,104,118,91,53,65,60,99,85,101,113,124,99,71,62,62,74,79,79,68,93,104,115,96,110,115,118,127,102,55,85,145,127,108,96,50,71,96,96,124,118,124,110,79,76,76,82,88,79,110,110,108,91,76,68,71,55,48,63,48,46,57,76,65,76,79,76,74,96,93,71,79,55,46,24,24,36,44,48,60,68,79,96,105,129,142,108,142,135,152,135,130,119,74,60,60,68,105,91,91,96,105,96,105,88,110,105,74,105,79,91,108,110,93,113,135,119,113,82,71,96,108,99,124,124,110,102,110,105,85,110,108,110,110,102,127,140,124,108,124
172,177,147,147,141,126,112,85,68,54,68,52,81,43,68,65,65,57,70,93,85,121,126,112,68,52,85,70,99,134,136,115,96,79,96,85,101,101,85,68,76,82,60,65,88,90,68,79,79,62,68,68,68,65,68,62,65,65,65,71,104,113,57,41,73,101,126,132,129,137,104,62,57,57,65,82,88,82,110,118,164,161,175,194,129,118,137,99,62,79,110,118,142,170,210,168,142,104,123,99,88,74,88,110,85,71,71,93,82,71,104,99,118,79,88,107,50,82,113,104,71,65,46,37,65,96,104,115,142,144,121,126,57,62,79,79,88,68,115,118,93,96,79,82,79,79,115,129,121,82,99,104,76,55,65,88,96,93,99,115,142,127,115,115,82,85,68,88,147,157,147,115,96,96,99,101,79,85,104,118,115,82,71,91,132,129,124,91,113,88,71,65,71,85,121,132,129,96,82,62,79,79,68,76,91,118,113,121,99,88,82,82,93,88,79,48,48,68,76,104,135,129,127,124,99,60,44,44,55,74,60,91,85,85,99,93,99,88,140,85,44,71,164,142,91,93,82,102,99,91,99,145,147,99,79,79,74,82,85,85,108,127,96,91,91,68,71,60,63,53,53,55,68,68,53,48,63,88,76,76,110,93,76,76,57,37,34,37,40,42,48,68,85,118,127,110,116,142,130,137,127,110,119,88,71,53,48,82,121,105,96,110,119,124,119,102,99,105,85,127,88,91,108,102,88,93,121,145,135,79,76,124,102,85,122,110,108,116,132,102,110,113,110,93,76,88,119,119,108,119,140
152,172,172,136,121,115,81,54,62,68,70,52,43,50,50,68,78,112,104,101,107,126,161,112,85,96,96,81,101,121,121,107,71,101,81,99,112,107,81,68,45,54,79,71,112,96,96,104,68,65,68,88,93,90,101,113,101,85,91,101,101,101,88,60,85,110,96,132,142,104,96,62,39,37,41,62,82,91,144,194,164,172,226,212,150,126,132,101,76,85,91,96,118,150,188,177,113,85,132,99,71,79,65,79,74,62,65,68,62,62,99,101,144,96,71,71,55,62,79,93,62,55,52,57,65,91,113,118,168,96,157,99,137,76,115,99,88,113,104,113,113,107,99,62,65,113,129,115,115,52,82,79,71,68,52,71,91,99,121,129,142,118,118,135,96,101,132,135,159,147,115,118,121,99,91,104,85,71,91,99,99,85,71,79,110,147,118,88,127,110,65,53,74,101,132,127,118,113,88,82,118,107,118,142,129,140,140,129,91,65,79,68,65,93,55,53,46,44,53,99,99,99,96,121,124,68,50,50,44,55,57,79,76,99,121,124,113,79,121,99,85,124,166,152,127,99,99,140,140,140,108,166,137,147,68,71,65,76,93,85,79,124,145,96,68,68,57,60,60,48,48,63,71,53,48,68,60,76,93,93,116,121,91,71,65,44,34,36,32,48,63,79,121,150,150,142,127,130,157,148,124,119,121,88,71,53,65,124,127,121,113,140,160,132,113,119,102,93,93,116,96,105,99,93,93,91,105,140,148,113,105,142,124,93,91,102,116,119,121,121,119,108,110,91,65,91,116,124,116,116,121
149,179,168,129,129,131,88,70,70,57,62,41,45,54,57,68,96,99,85,112,118,121,144,147,93,96,79,88,112,101,99,104,88,110,76,112,85,110,110,65,50,62,88,73,81,60,99,79,71,65,71,76,121,76,82,104,101,96,99,88,129,107,73,82,82,96,115,118,134,113,91,65,39,37,41,55,88,104,154,177,172,196,202,188,144,115,126,118,91,82,62,88,113,115,159,159,104,88,101,88,68,55,50,62,68,55,62,62,62,76,91,99,126,85,60,62,62,52,57,91,82,55,57,50,60,79,96,101,132,154,85,88,115,91,91,93,118,107,115,126,159,126,79,96,85,101,115,121,104,79,55,144,99,110,76,65,113,142,140,101,96,115,161,144,132,129,161,171,181,150,115,126,115,104,101,107,107,91,82,101,99,96,71,71,101,113,118,96,101,113,82,62,96,135,142,113,110,93,82,88,115,137,135,152,152,159,147,124,85,68,65,57,68,62,44,57,50,39,62,62,55,71,88,99,115,93,93,76,55,60,60,82,96,105,116,155,124,91,91,132,152,157,152,155,150,102,96,152,155,145,142,177,137,137,71,74,76,82,102,88,76,85,127,71,71,57,57,60,55,50,42,68,68,53,60,74,50,44,88,113,113,108,76,63,48,50,42,32,30,37,68,68,113,148,155,152,140,145,148,150,119,110,119,105,93,110,116,132,124,110,124,150,171,142,119,121,96,96,110,96,124,110,93,108,110,93,99,130,142,116,113,121,121,93,71,96,121,121,116,132,102,113,130,99,85,102,105,130,121,153,121
121,123,112,112,129,115,88,85,93,85,65,54,47,45,50,68,107,104,112,118,90,81,115,115,101,85,88,71,131,101,93,96,54,62,85,104,104,112,115,68,73,90,76,76,65,81,62,68,65,54,79,60,85,57,37,55,79,65,76,115,134,121,93,93,88,101,147,79,104,123,99,79,65,60,57,57,71,110,85,88,137,139,166,159,121,104,113,115,99,85,85,99,101,99,115,126,110,93,82,79,55,50,57,50,62,60,55,68,82,55,55,88,99,101,82,71,55,65,62,88,88,46,46,62,68,60,57,101,118,110,101,85,91,91,85,91,113,139,134,144,144,134,134,129,82,71,88,124,104,129,101,154,150,115,134,147,159,115,68,96,91,85,147,144,129,104,161,142,168,134,113,135,137,129,127,104,93,113,91,96,113,96,82,99,91,101,68,91,79,104,101,91,127,171,182,142,113,121,127,113,108,142,147,166,183,168,137,113,79,60,68,65,57,39,42,53,50,48,53,50,42,53,71,82,96,110,113,110,104,99,79,85,79,79,91,157,121,93,85,124,152,152,135,137,145,142,127,147,142,129,157,166,129,110,68,88,96,105,96,91,65,55,63,57,68,65,63,60,65,46,71,85,76,65,85,79,36,32,76,93,82,79,79,55,57,57,36,24,46,46,37,65,116,130,142,142,127,116,121,105,85,91,124,132,119,127,142,140,110,110,132,135,155,140,110,113,116,105,116,116,132,110,105,119,108,79,76,116,137,102,93,124,108,71,82,99,93,102,140,127,113,137,119,93,108,116,102,142,116,124,142
65,70,88,101,112,93,65,73,96,101,76,81,57,68,96,88,96,126,134,110,76,81,104,88,79,99,101,126,121,99,81,68,52,41,65,101,118,85,85,85,85,101,65,50,62,68,65,45,39,68,65,65,52,50,50,65,68,52,85,141,161,150,101,79,113,118,121,101,118,132,99,76,96,96,91,68,55,82,52,73,82,101,118,118,110,113,126,123,101,113,110,79,76,79,57,99,101,101,85,79,62,62,79,57,62,74,65,57,62,41,57,74,99,104,85,57,52,62,65,79,74,65,55,57,57,57,55,82,118,134,132,82,85,101,99,99,104,88,118,110,101,121,126,101,82,82,85,134,147,115,150,121,113,110,126,129,115,85,91,121,110,85,144,91,113,101,79,118,121,118,159,115,118,145,127,115,113,101,104,127,115,110,93,113,101,118,68,76,91,93,99,113,142,168,182,155,162,171,145,124,124,121,140,164,166,155,132,99,57,50,88,65,53,48,62,74,91,79,68,65,60,48,46,55,79,96,108,124,118,110,91,60,65,74,105,142,113,71,71,113,152,150,121,102,137,142,113,129,127,116,142,142,137,102,76,85,99,110,99,82,88,65,53,74,74,74,79,55,55,60,68,68,88,82,76,71,36,30,55,76,76,79,48,65,88,55,36,32,40,42,40,48,102,113,127,130,127,116,99,79,74,68,91,108,142,152,142,140,110,105,124,124,119,119,110,102,132,132,113,110,116,121,116,105,99,88,82,96,135,113,93,99,82,82,88,74,79,105,137,137,135,137,113,99,105,108,105,110,124,96,111
70,54,78,62,73,73,52,68,88,99,96,96,70,141,134,112,126,147,147,126,101,96,99,101,96,93,126,131,99,71,85,85,43,28,43,65,71,88,123,121,107,85,39,50,62,52,43,62,47,52,54,54,39,45,71,85,79,68,99,134,156,118,104,90,101,99,99,104,126,126,115,90,126,156,110,68,47,55,50,85,68,55,74,91,85,96,134,118,129,126,85,52,39,39,43,93,104,115,76,88,76,82,104,79,62,65,62,52,57,60,57,79,76,85,62,65,48,43,55,68,74,57,68,65,55,85,76,79,101,134,115,88,88,101,115,124,147,118,101,144,124,110,96,71,62,68,96,115,85,104,113,118,126,124,101,118,104,110,134,124,93,85,88,132,99,82,88,99,132,129,142,173,157,142,129,127,124,127,96,101,104,129,101,113,121,115,55,85,96,99,99,113,124,140,159,166,179,182,157,99,142,115,129,118,113,140,129,76,55,62,82,65,62,71,93,96,142,110,79,85,74,60,35,42,57,65,82,88,85,105,76,82,113,113,113,96,85,60,71,124,142,132,110,99,132,124,88,113,102,96,121,127,129,102,82,82,96,91,113,113,96,82,88,93,82,79,82,53,63,74,53,44,79,82,74,63,40,32,57,93,82,79,60,53,82,63,40,34,42,36,36,48,65,99,119,132,102,113,91,91,63,60,116,127,175,160,130,130,140,140,127,108,124,121,132,140,108,119,102,102,113,135,130,96,76,76,79,76,91,105,99,88,82,82,79,71,74,88,116,130,140,137,132,105,110,124,119,102,124,135,124
73,43,43,62,54,62,60,54,70,90,118,104,112,126,131,134,136,144,136,144,88,90,85,79,126,126,129,96,110,81,79,81,50,43,52,50,47,99,139,131,115,90,65,73,52,31,73,71,50,50,50,62,65,60,71,88,107,65,71,134,99,101,118,104,88,88,88,99,126,129,144,161,164,164,104,71,71,52,57,68,52,39,55,68,79,74,121,101,101,91,68,55,30,28,55,68,113,110,96,85,82,99,88,79,60,55,65,88,85,71,55,76,68,60,52,65,43,39,41,62,91,85,85,104,79,82,85,93,129,121,110,113,104,118,126,118,129,144,147,173,171,110,82,71,74,68,99,115,85,113,161,152,147,137,144,164,166,142,118,99,79,71,82,129,152,104,107,71,118,127,135,115,121,127,135,132,132,113,104,101,88,127,101,82,93,93,91,71,96,118,91,82,99,135,168,155,150,159,127,96,155,142,127,113,129,113,104,65,60,68,62,65,82,65,93,82,113,108,65,82,79,62,39,37,53,57,68,57,60,85,99,127,137,108,96,85,71,85,102,162,159,121,118,127,137,116,105,110,82,55,121,110,116,110,82,85,93,82,99,116,88,88,102,93,88,96,65,57,74,68,55,48,55,55,46,63,57,46,71,82,71,91,85,55,74,63,53,36,34,42,34,40,58,79,88,105,113,96,99,88,79,85,110,130,142,150,142,140,145,119,96,105,110,130,140,140,99,119,108,124,113,121,116,121,105,76,74,82,68,96,96,74,88,71,85,91,85,88,127,135,121,130,135,121,130,121,127,127,135,169,127
50,41,52,60,88,68,50,45,57,93,101,156,136,149,104,159,79,85,101,85,96,88,68,68,101,96,88,62,96,81,88,79,62,65,47,50,79,118,131,131,129,118,129,88,76,82,79,90,43,41,52,52,71,68,79,96,115,88,57,96,104,107,129,115,57,54,65,99,129,150,147,177,183,166,123,62,50,68,60,32,57,91,68,60,68,71,85,113,104,99,93,88,41,37,41,55,99,121,99,74,76,82,88,74,55,68,91,91,82,74,74,62,110,46,68,68,50,50,37,65,79,101,124,147,134,96,115,118,129,121,129,147,134,126,129,118,132,144,134,154,144,107,91,55,60,74,96,99,101,113,129,126,129,159,157,183,177,124,144,126,101,99,101,118,129,101,99,96,88,99,104,115,145,152,132,121,127,129,113,107,96,115,107,82,68,79,71,79,68,71,74,82,91,93,108,121,121,115,101,85,124,93,101,96,110,96,82,76,53,62,68,53,71,101,93,110,93,137,82,96,88,55,46,42,50,60,55,53,55,71,121,108,145,116,96,96,76,99,137,166,164,129,116,142,155,85,82,93,55,53,118,116,102,110,91,71,57,63,71,110,96,85,96,82,91,93,50,48,63,68,68,50,46,46,65,76,88,65,76,74,96,113,105,82,74,65,44,24,28,48,36,30,58,82,102,119,119,119,119,91,96,74,110,108,145,127,124,116,91,99,96,79,108,110,142,110,105,96,132,130,130,150,135,135,110,88,88,79,79,88,79,91,82,82,85,79,88,119,142,121,96,108,121,116,127,116,116,145,135,145,137
43,41,62,70,73,73,52,54,88,118,134,149,177,134,107,126,43,39,62,41,79,71,76,76,57,57,62,54,45,85,68,65,76,54,39,47,81,107,134,152,156,134,132,118,82,85,79,68,62,82,73,57,93,112,96,96,104,104,71,71,118,88,107,123,52,43,60,88,156,172,166,172,198,185,82,52,55,48,41,55,79,76,55,52,62,71,88,93,104,129,126,101,57,39,52,50,85,104,85,96,60,96,88,74,62,82,99,79,62,79,85,71,99,65,71,76,50,48,50,60,96,115,152,161,150,132,110,107,156,134,142,177,134,71,76,150,101,113,101,113,101,79,93,62,65,68,85,79,118,137,124,164,142,142,134,124,144,152,126,118,134,132,96,68,113,137,88,85,68,91,96,85,118,129,121,113,113,127,113,96,104,124,159,113,110,147,118,88,60,57,74,79,60,62,76,93,99,101,108,85,93,93,82,76,91,115,110,65,55,76,93,46,76,79,96,110,132,145,113,79,91,93,62,53,53,65,65,65,68,62,82,91,129,135,88,105,93,101,124,142,145,132,137,150,108,50,53,71,60,65,110,124,88,74,102,76,50,55,82,124,88,76,93,60,85,99,57,35,57,68,65,63,60,63,82,91,91,65,71,91,110,102,99,91,88,63,46,30,27,44,44,36,48,65,113,130,113,108,113,93,93,108,108,105,99,113,102,93,105,99,91,96,105,121,113,76,85,105,119,127,153,153,150,137,102,82,79,85,91,96,82,76,88,71,85,85,105,113,137,119,99,113,99,116,130,119,122,150,137,140,157
50,54,60,73,70,81,65,96,118,104,149,166,170,136,123,115,79,43,54,54,43,52,54,79,73,52,50,50,45,68,54,62,68,57,54,79,85,96,115,147,156,134,104,96,88,73,76,79,110,129,118,126,132,126,85,101,132,88,85,82,68,104,110,115,54,41,54,126,172,159,159,187,170,139,118,65,65,37,28,39,60,55,52,62,93,101,96,82,110,132,104,82,57,39,43,60,71,91,118,96,71,68,57,76,82,88,113,110,74,52,65,65,57,68,62,65,55,62,65,79,99,113,147,156,152,161,113,118,154,152,139,170,137,93,91,147,118,82,88,104,118,110,132,115,85,85,62,68,79,96,104,113,99,88,129,124,99,104,107,99,129,145,91,96,41,115,96,85,85,60,91,76,68,85,96,85,101,85,140,110,115,127,173,129,129,129,118,96,76,48,39,60,65,68,71,76,99,132,155,113,96,96,96,113,93,93,93,88,93,99,99,62,48,93,88,110,140,96,115,99,85,110,88,85,79,82,85,71,53,48,53,88,101,101,82,96,105,99,110,124,124,127,129,101,50,48,68,55,55,65,99,113,74,91,108,99,76,71,99,108,65,63,85,63,63,88,57,50,44,55,65,63,65,79,91,85,91,68,55,71,91,91,96,93,108,76,34,28,36,44,42,37,42,63,88,105,108,108,116,105,93,76,82,71,93,105,79,82,85,82,65,79,96,96,99,99,91,99,105,130,145,135,121,127,99,82,82,82,82,71,65,79,76,85,91,119,108,119,85,102,111,105,97,99,130,142,135,145,162,157,184
54,50,54,85,70,54,62,99,129,101,96,149,159,166,149,126,81,79,85,65,57,37,62,79,62,65,71,62,73,71,68,41,71,99,96,101,93,88,88,88,99,104,85,82,88,68,96,107,112,134,147,137,132,115,85,88,129,88,85,85,71,101,62,62,47,65,88,96,134,129,172,198,193,156,60,71,93,96,52,52,74,52,60,60,115,104,79,85,99,85,71,76,65,52,65,48,91,101,113,96,68,55,52,71,88,96,96,88,79,52,39,50,50,48,55,55,68,76,82,107,101,118,126,134,161,170,147,142,113,126,115,147,144,161,118,144,129,96,113,144,142,139,129,115,132,99,74,65,48,57,62,65,88,85,115,104,101,104,65,88,99,113,99,65,62,99,99,107,62,53,46,46,46,55,85,99,99,101,96,113,113,107,135,121,107,96,101,99,74,65,55,76,79,71,82,91,129,166,155,135,99,108,127,140,140,99,108,127,115,99,76,85,76,71,104,96,115,101,93,99,85,79,79,79,65,65,60,55,50,65,79,99,116,76,76,76,82,110,137,124,152,135,101,76,48,62,76,55,48,63,74,99,96,132,124,110,88,76,93,88,65,50,63,74,50,71,82,65,50,46,65,85,57,63,82,82,74,82,71,85,96,85,124,99,116,74,40,36,50,44,34,34,37,46,76,105,121,116,124,110,88,74,71,76,79,79,82,63,71,71,58,65,93,105,108,108,93,99,102,135,145,140,119,121,116,76,74,82,74,63,74,55,65,85,93,93,121,91,116,91,108,99,108,105,111,124,155,142,157,148,157
65,65,52,57,68,54,62,99,129,104,85,96,131,189,115,57,65,52,81,71,52,50,73,85,68,79,107,115,96,93,68,62,60,76,79,104,85,90,115,115,71,60,73,71,71,79,90,118,137,152,185,152,137,115,129,90,96,129,96,60,85,79,47,31,52,85,104,96,126,164,187,166,91,101,123,82,118,113,104,166,107,104,57,55,107,104,62,65,88,79,60,62,71,79,45,60,82,76,99,82,62,68,88,82,68,68,62,88,88,46,41,43,46,52,41,50,55,65,99,137,147,137,126,121,147,164,154,132,110,99,104,132,139,150,129,142,126,134,124,121,107,118,126,110,132,101,88,74,60,39,71,82,71,82,88,96,104,110,96,85,82,115,101,82,76,104,107,115,50,50,55,41,41,50,85,101,88,82,129,101,115,113,110,99,88,68,85,96,76,79,91,65,65,79,82,140,155,182,166,137,135,132,113,101,113,135,132,113,101,71,57,74,60,91,76,60,79,88,57,48,53,50,57,57,57,68,62,48,53,71,121,150,162,118,68,53,57,96,135,127,140,150,121,91,76,79,88,76,60,60,65,93,116,121,118,93,88,85,76,65,63,50,57,68,65,68,82,60,55,55,57,65,48,74,82,85,82,82,93,108,129,82,129,105,118,65,36,37,58,37,24,34,42,48,76,108,127,127,132,132,105,74,71,63,68,82,76,68,65,79,68,71,113,130,127,105,82,96,116,130,132,121,121,127,96,93,91,85,91,71,63,65,85,121,113,91,88,96,113,108,116,94,79,119,137,119,127,148,132,111,124
50,65,70,65,60,71,79,93,81,90,118,90,129,131,68,33,43,43,52,52,41,54,62,68,88,112,99,99,93,110,85,73,68,62,73,79,85,96,96,82,79,71,68,65,50,57,118,118,126,191,212,194,159,164,185,141,104,137,107,73,88,82,52,37,71,93,101,99,118,164,144,99,74,76,96,88,107,85,172,159,144,139,118,101,85,71,88,91,82,88,68,41,43,57,41,46,60,76,48,50,52,52,65,50,41,48,48,43,79,55,52,50,39,62,50,43,43,62,91,113,129,129,96,76,99,124,115,113,126,118,113,104,121,121,132,142,137,129,96,79,88,110,124,113,132,118,88,101,74,50,62,79,55,57,79,65,82,118,118,96,88,127,107,93,91,85,99,104,71,53,60,57,50,55,68,88,110,104,96,104,127,82,104,82,82,79,74,99,101,71,65,68,65,82,127,137,159,173,155,188,135,124,110,150,137,96,107,110,91,57,53,68,68,57,53,48,46,44,57,48,42,50,55,79,60,48,55,71,60,65,150,166,140,124,44,37,46,71,101,115,115,110,108,99,108,99,96,82,68,68,74,93,105,85,91,102,82,68,60,55,55,53,60,55,68,74,71,55,50,55,53,50,63,79,88,71,82,79,102,108,127,102,118,110,121,53,46,40,34,42,36,37,44,48,71,96,118,121,116,140,102,74,60,60,79,91,85,79,68,65,68,76,102,121,124,99,85,93,105,105,142,160,132,127,102,102,96,76,102,96,60,76,116,110,124,113,110,110,105,102,94,99,105,108,124,127,119,135,119,108,113
76,60,68,85,60,65,52,52,70,79,85,88,99,81,60,50,45,73,54,47,47,45,45,70,107,70,82,65,79,73,88,62,82,68,82,73,85,85,68,57,62,68,54,54,68,62,68,121,131,183,210,194,179,175,179,172,159,132,134,126,123,96,55,85,134,115,118,126,99,121,99,82,85,76,68,85,126,132,156,144,198,166,132,91,55,91,101,101,96,74,71,43,28,52,62,43,43,37,28,39,39,50,52,30,21,32,43,43,52,57,45,52,43,45,55,50,32,37,65,68,79,65,52,55,62,71,104,88,107,113,99,79,85,126,144,147,132,96,79,65,79,96,113,134,185,170,135,124,62,50,52,71,68,62,82,71,79,113,127,129,132,127,96,74,68,79,104,104,79,52,71,101,96,62,55,71,74,82,65,82,99,71,110,88,113,91,88,88,96,55,62,71,65,99,142,132,168,182,166,150,137,91,85,96,104,99,101,96,96,85,68,62,71,44,34,48,39,30,39,37,57,48,50,50,62,50,53,60,55,101,140,162,137,62,35,34,40,53,88,113,91,74,88,93,108,85,96,96,96,91,96,105,91,96,102,96,65,48,48,55,42,46,55,60,76,74,65,63,53,55,50,46,60,65,68,68,79,99,102,91,135,135,99,110,105,60,48,50,34,48,60,37,37,48,68,91,91,113,91,116,99,65,68,65,93,132,110,79,65,58,58,65,63,85,76,105,76,76,99,108,127,142,102,93,108,99,105,93,102,119,102,85,119,130,150,130,110,102,88,76,88,91,96,96,127,113,99,135,105,102,96
101,73,65,76,57,52,54,52,73,101,121,85,104,85,57,88,90,62,88,52,68,54,50,43,88,96,62,50,52,62,71,121,62,90,104,90,96,71,68,52,43,57,71,57,71,88,88,68,115,161,179,150,142,156,187,202,185,159,132,142,152,110,82,175,194,137,150,144,104,101,99,71,76,71,55,88,123,129,170,144,161,159,101,68,62,79,99,101,96,68,65,62,41,45,65,41,41,28,43,50,43,50,55,35,28,41,52,52,41,45,41,50,46,50,62,46,35,52,65,57,43,35,39,43,39,43,104,93,85,104,76,52,52,88,142,134,132,104,71,62,65,88,129,147,197,193,157,129,65,43,68,71,79,82,99,107,96,113,113,129,161,107,65,57,68,71,85,101,88,74,79,88,79,57,48,74,79,62,57,68,96,101,132,88,82,88,65,48,62,57,55,62,79,107,132,168,198,166,183,168,101,74,74,140,113,91,121,124,118,110,71,91,37,53,46,46,53,48,42,57,39,42,60,50,50,65,42,39,53,104,110,132,108,65,44,37,48,63,96,113,71,63,96,74,79,93,116,105,116,96,108,116,118,105,110,85,68,53,63,48,37,57,71,79,68,63,60,74,63,50,50,37,37,55,74,91,96,121,110,105,132,147,113,91,74,68,53,53,53,48,46,32,40,46,55,88,96,91,119,116,85,68,60,88,121,140,121,116,93,76,50,50,53,82,76,91,74,85,85,99,108,91,96,82,82,96,102,91,88,116,96,68,119,160,132,113,116,105,58,68,85,85,79,85,96,105,85,93,105,88,93
81,81,62,62,57,65,57,65,88,99,126,99,78,78,70,73,71,65,81,71,99,71,62,65,54,62,47,28,45,85,96,71,52,99,118,107,88,88,57,43,45,65,81,85,85,54,57,68,107,118,115,132,129,121,159,185,177,164,175,159,137,115,132,177,198,170,161,150,99,79,73,68,52,57,55,73,91,110,147,113,104,126,85,68,55,71,82,79,79,82,74,62,62,52,62,52,43,52,52,39,55,79,57,50,55,60,55,43,57,60,57,30,39,50,41,55,39,55,50,55,50,50,52,48,41,52,85,82,62,99,43,62,55,68,99,99,118,115,71,65,79,91,124,157,157,126,139,115,115,50,65,82,88,99,104,104,104,88,50,82,126,96,88,62,60,39,55,88,96,91,65,48,46,53,55,65,68,57,62,68,88,101,96,82,62,53,53,41,44,65,62,57,82,113,140,173,166,182,155,162,93,88,82,108,65,39,65,115,127,101,85,88,99,71,32,46,57,44,53,46,55,46,68,68,50,68,68,44,55,76,82,65,113,88,57,50,65,91,116,118,91,85,79,68,102,96,113,91,85,96,85,110,132,108,121,108,96,91,85,65,79,65,74,68,40,57,82,76,68,46,53,48,44,65,85,113,118,118,129,142,127,140,129,79,63,46,42,48,48,36,30,40,40,55,53,68,93,88,108,108,71,71,55,93,116,124,157,142,91,60,55,68,82,110,93,99,79,91,85,91,88,68,63,71,91,96,91,93,88,82,127,88,127,121,121,116,93,88,93,91,91,74,96,93,88,102,99,94,113,97,99
70,70,57,43,50,54,54,68,90,88,96,93,73,85,79,52,79,79,88,107,112,115,76,68,60,43,43,41,60,71,68,88,115,93,121,107,115,112,96,62,54,71,79,85,55,55,62,71,85,85,88,159,164,134,156,191,196,194,137,156,150,141,126,101,168,121,159,104,132,65,65,65,50,37,41,71,71,85,96,96,68,107,79,74,76,62,52,55,74,79,68,55,55,55,55,55,50,50,50,65,55,52,60,65,57,52,52,65,50,39,65,32,37,57,65,55,55,57,39,55,52,50,57,50,43,55,50,68,96,88,28,71,74,43,74,85,76,79,74,71,71,96,118,113,82,96,129,118,115,60,71,76,104,118,96,62,85,91,32,52,79,99,96,62,50,39,62,65,71,91,74,46,44,71,79,68,79,88,71,79,82,85,82,107,68,44,53,53,53,62,71,62,68,104,142,162,182,152,147,162,115,93,88,91,44,34,65,118,121,96,71,85,96,68,42,57,60,68,60,62,68,76,76,71,74,71,63,57,60,53,57,91,85,102,71,65,79,116,88,93,102,96,57,63,135,127,88,102,82,74,68,71,91,116,113,108,96,96,105,105,88,85,85,82,50,82,93,85,76,79,76,76,68,60,82,118,105,82,132,137,127,110,102,82,65,44,34,42,37,32,32,53,40,42,50,58,79,91,91,91,71,71,74,85,93,105,135,137,85,68,74,88,105,105,127,96,74,99,105,88,93,65,60,91,113,105,93,91,96,96,110,121,116,105,105,113,113,99,130,113,105,102,96,105,79,71,102,122,108,71,97
60,57,62,41,37,45,70,62,50,68,68,88,115,93,85,79,68,88,139,134,141,147,131,96,68,62,65,81,73,57,71,79,96,112,126,118,136,118,99,71,71,88,96,90,68,60,82,65,71,88,82,150,134,147,187,215,179,172,208,202,185,164,132,161,99,104,112,129,129,96,96,50,37,50,32,28,39,82,62,74,71,85,74,43,68,55,43,57,55,43,50,52,41,39,43,62,52,55,35,46,62,55,48,50,46,55,55,52,50,48,62,52,50,52,52,52,39,39,39,52,55,52,50,50,46,48,60,79,76,96,79,68,46,41,52,43,79,65,74,74,57,65,79,65,82,82,115,101,88,118,88,91,118,118,65,43,48,62,62,55,60,99,71,68,68,82,76,65,88,107,82,53,57,96,115,91,96,115,96,101,88,93,85,118,99,76,53,57,85,85,60,65,91,132,159,155,202,175,135,155,129,85,79,55,39,39,62,88,99,71,53,96,99,62,44,46,74,68,68,79,74,62,68,65,62,57,65,60,65,53,62,85,85,124,93,76,110,113,74,88,110,96,62,62,91,85,93,113,101,71,63,50,85,140,157,145,142,132,142,137,99,91,127,113,79,76,102,108,91,93,85,108,93,99,113,91,91,93,118,96,93,71,53,68,50,55,40,40,37,36,32,40,42,32,60,60,74,82,85,82,74,71,58,79,110,99,102,113,99,85,91,91,102,113,108,99,102,102,121,127,96,88,93,113,127,140,137,113,102,116,121,148,110,127,105,119,96,110,96,124,108,99,97,88,65,65,124,105,105,99,65
73,68,68,52,45,45,60,68,50,57,73,88,126,112,99,81,62,99,141,149,164,144,134,144,107,85,93,101,93,54,43,65,65,85,107,136,154,181,172,104,68,82,96,85,85,71,104,90,76,85,99,82,115,150,185,189,196,172,134,150,208,161,156,129,104,65,85,99,123,99,65,65,37,21,28,28,39,62,50,52,62,79,55,35,57,60,62,55,39,35,43,48,39,28,39,65,60,62,33,46,71,55,37,41,52,55,55,43,55,55,52,52,55,46,55,55,37,37,52,52,52,46,43,52,50,46,48,68,91,104,71,43,57,50,57,62,60,65,57,57,52,43,37,52,50,68,85,65,104,99,74,115,134,101,62,46,50,71,71,50,68,65,57,65,74,82,91,99,127,118,99,79,65,91,127,113,71,101,118,91,104,99,88,88,101,74,55,57,65,62,74,96,113,155,168,140,173,177,140,137,96,62,32,35,55,53,53,71,85,79,79,101,108,60,42,53,62,82,71,62,65,76,82,71,82,85,79,68,79,68,76,101,127,110,118,118,110,88,85,99,118,93,65,71,91,108,127,116,96,76,53,48,57,85,108,142,184,168,152,140,121,127,121,132,96,82,127,108,96,102,99,110,121,124,96,85,121,108,99,96,60,50,48,58,50,55,42,40,37,40,34,36,37,42,53,55,68,74,71,74,74,74,60,88,116,110,91,99,105,85,91,102,108,108,85,96,113,102,121,140,127,105,102,96,142,157,140,102,105,124,142,142,116,110,113,110,102,116,102,116,99,82,85,65,63,76,99,97,105,94,85
93,62,62,54,50,50,60,85,65,65,85,85,110,101,99,107,73,96,123,115,129,123,121,129,118,99,101,110,96,54,45,50,39,45,85,139,177,219,226,129,45,45,65,79,93,99,112,104,101,85,99,96,99,161,161,159,177,177,141,164,181,141,129,99,104,57,101,101,129,91,55,71,32,28,41,57,48,24,28,39,88,41,60,65,62,55,41,41,32,41,60,62,50,35,37,65,57,60,52,46,52,57,39,37,55,68,62,41,50,46,52,52,91,55,57,41,39,52,55,50,46,55,57,43,41,39,50,50,76,74,50,41,55,43,43,57,55,48,50,55,52,52,68,52,52,48,65,68,74,82,88,93,113,104,85,82,68,53,65,62,62,50,50,68,55,82,118,121,135,124,127,104,71,82,113,96,79,96,104,85,99,76,82,68,79,62,74,50,48,76,96,88,113,155,135,137,157,132,137,124,55,37,35,53,71,53,39,74,96,82,65,129,99,71,46,65,62,96,79,79,85,93,105,93,96,93,88,76,96,79,113,76,110,124,105,93,93,85,79,101,127,88,62,105,113,108,121,124,85,57,35,46,55,57,76,108,137,135,124,164,147,135,135,127,85,71,102,118,102,116,79,88,68,82,102,76,99,113,82,76,58,50,55,65,55,44,34,37,40,36,40,36,36,46,42,50,44,65,65,71,68,85,68,91,93,91,85,79,76,71,76,91,74,91,88,108,132,130,145,145,140,119,99,102,140,140,135,119,135,127,127,127,108,116,116,122,124,137,130,124,119,97,68,55,48,55,88,108,116,108,113
78,50,62,50,50,71,62,62,73,73,54,68,93,104,99,115,85,90,76,85,104,118,118,126,107,79,101,129,88,65,41,43,37,60,110,147,194,210,213,156,50,39,39,54,88,115,71,57,88,82,50,85,115,132,156,129,115,126,115,118,136,129,118,99,91,68,62,74,74,85,74,57,43,39,65,71,43,26,24,50,55,41,50,55,68,45,41,45,39,39,62,68,50,50,60,50,57,43,62,43,52,65,52,52,68,60,62,48,33,50,68,62,57,41,55,37,48,60,57,52,50,50,43,32,39,39,50,62,79,74,50,39,37,37,50,57,50,46,55,52,41,39,55,55,55,52,62,62,62,68,55,60,96,104,82,57,62,55,53,62,50,62,46,32,76,85,127,115,121,127,104,107,99,99,104,85,107,115,104,93,85,60,62,79,85,82,62,53,65,82,65,71,124,124,85,113,164,124,113,113,65,46,74,76,65,50,50,85,115,93,85,110,96,101,46,62,79,96,93,79,93,99,101,108,93,93,82,62,85,88,108,110,91,121,76,85,121,99,113,127,118,91,88,99,118,110,142,118,82,68,40,44,63,60,60,71,71,88,102,135,160,124,150,140,85,91,102,118,145,124,105,110,71,71,79,91,85,99,108,79,53,50,60,63,48,40,40,37,40,42,42,44,42,48,44,44,40,53,60,63,76,76,68,79,82,85,82,60,53,65,82,63,58,82,82,130,135,157,137,162,145,124,96,96,124,132,148,148,142,148,127,113,99,94,110,130,137,148,135,124,130,116,85,63,46,60,85,130,116,116,130
60,50,57,47,54,65,65,57,68,57,43,45,99,112,93,88,93,68,50,68,73,93,134,134,101,68,96,107,71,50,54,45,54,88,131,172,185,194,185,134,60,41,33,37,54,43,30,30,68,60,45,79,118,112,115,93,91,101,73,68,91,91,88,85,71,68,65,60,60,65,68,50,48,52,55,65,50,41,43,82,43,52,41,48,71,43,30,39,32,41,57,74,52,48,52,50,65,48,65,71,71,55,57,71,52,43,39,41,52,62,57,41,28,45,39,71,43,50,57,60,55,39,39,41,41,41,55,62,62,82,52,52,41,39,50,52,52,57,57,48,41,46,62,57,55,52,52,79,39,35,50,43,68,76,57,62,46,62,55,55,65,52,55,48,52,85,93,85,121,135,129,135,150,135,104,88,88,88,99,88,85,82,62,85,99,71,46,53,60,53,50,71,101,91,79,85,142,142,113,85,101,79,96,74,57,62,60,82,132,115,82,93,99,76,53,79,79,65,68,65,76,108,101,96,82,57,68,62,91,108,101,115,93,79,124,110,132,108,113,121,127,124,108,96,105,108,150,108,85,74,68,60,91,79,60,63,53,65,116,110,74,102,142,129,102,113,135,91,99,142,132,105,71,71,88,93,65,68,79,60,60,63,60,50,44,44,42,50,58,44,48,44,50,48,50,53,48,46,58,63,68,93,58,74,93,91,85,71,55,65,85,68,76,76,85,116,127,142,155,164,142,119,74,76,121,140,157,160,145,171,130,127,93,119,140,135,130,127,124,119,127,132,93,82,71,85,99,105,108,127,124
50,45,65,60,50,52,62,68,54,52,47,54,79,99,81,71,62,54,47,62,73,79,110,112,88,71,79,79,62,50,62,57,73,79,110,175,191,164,131,90,62,50,54,35,45,33,30,31,50,65,54,60,90,121,93,82,88,99,50,37,45,50,62,60,62,62,52,43,71,57,48,50,60,43,32,55,85,62,50,43,50,41,45,55,55,45,50,39,41,65,79,65,52,39,37,39,65,48,62,60,65,50,41,48,50,43,39,43,50,43,50,37,52,30,52,55,52,46,57,48,43,43,52,65,46,41,57,57,60,65,57,82,48,43,55,57,62,65,55,50,55,50,48,52,35,57,68,79,52,32,32,43,55,60,55,43,48,50,41,50,43,57,50,52,52,79,74,91,93,104,147,150,147,144,104,57,65,91,85,88,85,93,76,85,85,60,55,37,46,50,53,55,76,91,96,110,137,137,118,91,110,96,82,62,53,57,65,85,115,101,79,99,93,57,60,85,74,85,65,65,76,118,118,65,53,60,65,76,82,101,99,101,85,88,129,116,121,110,118,147,132,127,124,124,105,135,102,91,76,99,74,93,88,85,102,76,40,53,96,105,96,71,88,63,88,129,113,121,105,116,137,121,93,121,116,85,74,53,74,76,60,63,68,55,50,50,44,50,53,48,42,34,40,46,48,63,55,44,60,58,74,93,63,74,93,93,85,76,60,60,74,82,74,71,79,85,108,116,162,145,119,99,71,58,102,137,142,140,162,153,132,124,132,132,132,116,110,116,102,99,116,132,124,108,110,113,113,96,108,116,116
50,57,52,60,60,45,43,52,54,47,52,60,60,68,60,50,33,50,50,54,65,65,62,73,71,79,73,71,52,65,68,65,65,65,76,112,126,96,79,60,79,71,54,45,41,45,41,37,50,60,41,65,96,96,57,65,85,73,62,30,48,39,55,52,71,52,39,39,52,57,60,41,43,48,43,62,73,50,52,39,33,43,41,39,43,45,43,52,65,62,55,55,48,52,37,37,50,52,71,71,45,50,43,52,55,52,43,45,55,43,37,50,55,60,62,52,41,62,52,37,37,55,43,50,71,50,39,50,50,48,50,62,65,43,37,62,57,57,52,41,50,37,32,39,30,50,62,60,55,41,39,52,50,39,41,37,41,39,34,37,32,50,50,71,71,50,71,65,74,85,76,71,99,113,65,50,65,68,71,65,65,65,96,68,55,50,44,39,57,62,60,48,71,93,96,101,110,91,91,104,99,85,71,74,48,50,82,99,96,88,74,82,82,71,76,99,88,101,82,85,88,96,101,79,60,76,82,76,74,93,121,108,96,110,113,129,124,137,155,157,152,145,140,129,96,129,116,116,88,82,68,79,105,85,102,93,53,55,74,71,55,57,63,37,82,118,135,129,140,137,164,145,121,129,142,124,82,82,58,71,55,76,65,48,36,40,36,42,55,48,36,40,37,44,65,58,58,46,55,76,82,91,82,74,82,116,116,96,71,65,82,60,50,60,40,53,88,99,119,137,91,93,58,58,96,119,116,122,130,122,124,124,127,93,119,93,105,102,82,65,105,135,130,127,137,132,124,105,99,119,135
68,65,65,65,52,41,39,45,50,45,79,62,43,45,57,43,41,52,50,52,54,52,54,52,54,62,65,62,54,88,90,65,68,62,65,62,54,52,57,54,71,62,47,57,39,50,50,41,45,50,50,85,55,50,43,55,65,45,50,65,62,50,55,39,52,52,55,48,60,68,79,68,50,52,55,65,57,52,65,52,50,43,39,50,41,52,50,41,52,65,43,50,41,32,60,43,41,79,50,35,52,55,45,55,55,50,50,55,62,43,35,41,52,65,50,65,55,57,52,35,34,35,41,52,76,55,34,39,41,55,52,52,52,30,37,48,62,41,57,43,37,34,28,32,30,28,65,82,74,39,62,48,39,37,41,35,35,30,34,41,43,35,43,55,46,48,46,46,65,71,50,62,85,55,37,44,68,82,82,82,55,53,68,62,44,48,53,39,65,68,53,71,79,74,93,82,60,85,71,88,76,79,85,99,65,60,96,110,101,91,57,79,82,74,110,127,110,88,93,99,85,71,99,108,88,82,91,74,82,104,105,99,116,118,121,140,157,155,164,175,184,159,118,132,135,140,113,93,82,65,76,74,91,71,65,76,57,50,65,55,48,55,71,68,105,99,145,93,121,164,175,168,175,186,162,137,116,110,91,50,50,46,46,53,36,63,48,46,48,44,46,53,42,44,48,55,42,44,58,68,79,88,63,60,96,140,130,105,71,76,71,48,37,42,44,58,60,82,119,110,85,82,74,91,116,105,105,113,91,105,108,105,102,82,119,99,74,76,76,68,102,124,119,135,132,124,102,105,96,113,124
68,70,62,57,62,52,54,62,68,52,45,52,57,43,54,52,43,54,50,54,54,45,54,54,39,37,41,57,71,68,82,62,62,60,57,43,37,37,50,52,45,45,52,52,50,50,41,41,39,55,62,55,41,37,41,55,57,55,62,71,60,57,48,41,50,55,52,71,91,96,113,96,85,65,55,65,60,52,43,43,50,62,41,68,50,50,50,48,50,57,45,41,65,39,68,37,48,39,55,50,48,68,52,39,50,52,55,60,57,41,23,20,37,57,55,43,48,46,46,39,37,41,41,41,50,65,46,50,57,50,65,43,37,43,52,43,62,55,55,39,28,32,37,37,30,30,55,71,55,43,52,43,39,46,50,39,32,37,28,34,41,52,43,50,39,41,34,44,55,65,62,41,55,55,39,50,41,76,140,113,55,85,82,68,62,53,46,50,55,74,48,71,79,93,91,96,96,118,91,93,108,93,96,110,93,82,110,129,121,91,68,79,93,91,108,127,93,79,93,118,108,85,118,147,104,79,93,93,91,108,93,110,129,124,140,150,162,171,168,164,168,145,102,113,129,108,93,85,91,79,65,50,46,44,44,48,57,79,79,74,68,63,76,85,85,108,96,71,108,137,129,162,184,188,197,173,162,132,93,44,57,37,46,40,50,42,48,40,50,48,60,58,60,55,58,40,60,42,44,76,105,71,76,88,113,132,121,102,68,60,85,65,32,37,46,53,53,65,110,99,79,88,88,93,102,102,96,85,88,76,110,108,96,71,116,99,79,79,74,102,108,99,127,132,135,119,108,108,82,99,108
50,60,57,62,54,41,52,65,45,73,43,52,52,37,37,43,54,71,54,47,50,47,54,54,41,37,31,60,73,50,52,62,52,57,43,35,30,41,45,50,41,52,71,65,68,60,48,45,35,43,52,41,50,41,50,55,55,65,62,57,85,76,57,62,55,52,62,88,113,132,132,144,104,79,85,65,60,74,35,35,48,71,43,57,65,48,50,57,52,48,55,52,57,55,60,60,57,41,39,60,55,68,41,37,35,52,55,50,62,46,26,21,62,41,55,65,41,41,46,37,48,50,41,46,55,74,68,41,68,71,50,43,50,52,50,43,52,68,60,43,37,32,32,43,35,28,46,46,50,39,32,52,50,52,52,41,35,39,37,41,65,50,41,43,39,44,41,50,50,53,41,32,44,62,44,41,41,53,127,101,76,99,88,82,62,44,39,55,60,53,88,93,96,71,91,137,85,93,101,113,113,88,101,104,99,113,129,129,137,127,99,85,65,82,91,104,65,88,110,155,132,91,121,159,96,82,93,116,88,74,124,124,121,124,132,152,166,162,159,140,132,155,113,96,88,93,76,76,88,96,85,44,30,30,34,37,76,85,93,105,105,88,71,88,93,99,96,93,105,116,121,157,152,155,129,157,171,132,74,76,46,46,48,48,57,53,50,46,50,50,46,48,50,63,48,42,42,36,53,76,108,96,91,79,108,127,116,88,85,71,88,71,44,40,48,63,58,63,79,108,108,93,88,79,91,105,82,65,76,88,130,108,91,96,102,99,110,96,58,74,93,91,113,130,137,132,113,94,86,76,108
50,50,68,43,35,52,62,62,70,65,45,37,31,47,28,54,43,50,50,43,41,41,43,43,47,65,54,79,65,62,47,65,37,39,39,39,37,33,39,52,62,65,85,73,96,101,71,52,33,26,41,45,43,48,55,52,41,43,55,79,134,118,79,91,65,52,57,96,144,161,144,164,134,115,96,79,85,71,82,57,68,68,62,50,52,65,43,52,55,52,62,57,48,52,52,48,39,43,50,32,50,41,52,48,39,37,52,50,65,62,39,48,55,50,43,55,57,60,52,43,43,55,41,43,52,50,68,65,52,71,74,48,52,43,35,39,71,68,55,50,41,27,34,41,30,25,46,55,39,39,32,43,62,50,52,52,37,46,62,55,65,50,52,50,50,50,46,53,53,41,46,41,39,50,50,39,37,74,99,129,107,107,124,79,57,44,37,44,60,53,44,65,96,88,110,113,104,93,82,68,71,74,108,135,135,115,121,132,140,159,113,62,37,71,99,71,91,121,132,166,121,93,137,150,91,71,102,110,60,65,110,102,110,127,110,113,116,99,99,102,116,129,108,79,68,82,74,68,79,99,85,57,34,28,30,48,88,88,105,121,105,108,93,99,132,140,105,91,110,118,142,124,150,150,127,124,137,113,68,65,53,53,65,65,68,71,55,60,58,53,50,40,36,53,53,40,32,42,53,79,65,91,93,102,105,102,113,110,79,88,65,82,58,37,37,74,68,63,65,74,79,99,96,108,132,99,74,88,93,96,96,113,102,124,113,105,99,93,60,44,58,85,91,99,116,116,99,97,102,82,108
39,47,57,54,43,43,50,62,76,62,35,50,30,45,39,54,71,57,62,65,68,65,54,65,68,62,88,76,79,45,71,45,41,31,41,54,57,65,68,81,88,62,68,73,113,85,115,62,43,26,50,60,55,52,60,55,45,52,68,79,118,141,121,115,85,55,55,99,154,150,150,181,159,134,113,96,91,68,65,82,91,68,74,62,52,68,50,55,60,50,55,60,52,45,55,33,45,41,62,50,68,43,52,52,50,52,50,62,55,50,50,62,82,52,74,52,74,65,55,55,43,39,43,52,52,52,62,60,52,71,82,50,43,48,39,41,50,50,55,52,37,39,32,30,30,28,50,57,46,41,48,43,65,52,39,55,68,55,57,68,65,62,57,57,48,53,57,48,44,48,50,50,50,41,39,44,44,53,96,118,124,107,82,65,53,53,50,50,55,60,68,57,79,85,71,85,57,53,60,46,53,79,93,99,113,99,96,140,152,113,88,71,34,55,96,82,115,145,147,137,105,105,132,116,82,85,110,91,65,82,85,74,110,96,91,79,60,55,71,74,88,108,85,74,76,71,68,65,63,99,79,60,42,36,34,44,68,88,96,105,91,118,93,113,127,129,121,93,108,129,124,132,132,135,108,96,76,74,63,57,65,79,79,82,93,76,76,65,74,58,44,36,40,46,40,40,37,44,58,76,74,74,74,93,105,96,113,108,99,82,99,110,65,71,79,76,50,68,60,71,71,85,108,113,127,108,91,74,58,88,105,110,121,121,124,102,99,96,82,48,46,71,68,63,86,99,71,71,94,97,91
50,43,37,41,33,30,43,65,62,88,68,57,52,50,54,60,45,57,54,96,131,126,107,85,79,79,104,115,73,50,52,52,50,57,60,99,121,112,123,118,96,65,79,96,129,141,147,118,101,65,99,71,82,85,88,85,68,68,73,85,90,164,141,134,90,43,45,101,129,126,144,161,132,113,113,96,96,85,71,88,79,62,76,88,82,68,62,50,50,55,65,65,60,48,65,79,65,57,82,57,71,65,32,52,55,52,48,62,76,55,71,71,76,107,60,74,68,68,62,43,39,50,41,37,52,41,52,65,55,71,62,50,41,55,71,37,34,52,57,48,30,30,28,28,39,39,65,65,65,46,46,43,57,65,57,55,71,74,55,62,68,65,48,46,53,44,50,48,41,46,48,57,71,57,39,41,39,39,57,79,82,53,46,48,57,68,68,79,74,74,68,55,55,68,48,42,53,53,60,53,46,65,85,99,108,99,99,129,124,82,60,57,42,50,101,104,113,142,118,124,116,108,108,116,124,105,96,99,76,82,71,65,60,74,68,63,48,50,76,79,88,124,88,85,93,76,60,60,53,60,79,79,53,37,42,55,60,79,76,85,71,91,88,99,124,140,137,135,135,160,177,152,118,88,65,63,40,36,53,65,65,76,85,108,113,96,82,96,79,68,37,40,48,42,42,36,36,44,71,63,60,63,76,85,93,88,105,96,88,110,119,116,108,142,113,74,50,68,63,55,71,79,79,119,121,113,93,79,74,74,102,91,88,113,132,121,150,110,88,88,68,79,91,66,60,66,60,74,74,88,82
43,43,50,50,47,41,52,65,93,110,90,88,85,110,79,68,35,54,93,118,131,129,141,123,76,68,129,147,62,68,54,71,104,131,129,164,147,131,161,149,101,101,101,129,154,175,166,141,152,96,118,101,88,99,113,110,79,65,71,90,113,141,101,132,82,45,65,101,82,96,129,137,99,76,115,113,96,88,101,74,55,65,91,79,71,68,55,45,52,71,71,74,74,68,76,115,104,91,85,88,96,74,52,57,74,71,68,71,82,99,93,93,101,88,55,68,68,96,43,52,55,62,62,50,50,50,41,62,68,39,48,50,43,41,37,50,43,41,41,35,27,19,28,35,27,43,68,52,65,43,32,37,46,55,55,65,71,62,55,43,55,62,46,41,37,50,39,57,37,39,48,55,82,65,39,34,39,37,44,50,44,27,32,37,50,68,68,76,76,71,68,79,71,60,55,50,53,55,55,68,48,60,108,157,140,96,101,110,110,96,68,48,53,53,79,91,127,150,96,85,96,102,113,124,118,108,110,124,82,65,65,74,65,57,63,74,79,79,105,127,121,129,118,96,85,76,60,63,44,71,108,88,63,48,60,79,76,60,71,76,60,74,63,93,121,147,160,168,160,168,173,142,99,82,48,46,32,36,44,46,58,68,85,96,96,88,88,105,74,71,68,58,53,53,48,46,34,53,68,63,46,55,74,99,102,105,105,88,82,88,108,119,127,132,127,91,85,74,60,58,60,74,102,108,124,137,116,46,68,58,110,74,99,102,121,137,113,142,110,99,97,68,68,76,50,55,63,60,60,79,68
39,47,70,68,70,78,76,88,93,118,85,101,134,147,79,71,62,52,81,110,115,115,96,79,76,96,99,123,88,73,52,112,208,206,208,216,194,170,139,150,147,129,132,126,168,170,118,144,90,101,129,118,144,79,88,99,73,62,60,55,62,85,65,85,90,71,96,73,68,99,129,118,88,85,150,129,79,79,99,71,52,62,85,68,55,52,52,57,65,71,88,96,113,96,79,104,121,101,91,99,85,76,76,71,82,85,65,55,113,147,115,101,96,101,107,126,107,99,62,71,85,85,74,76,71,65,62,52,68,52,74,52,39,39,43,52,50,30,35,41,46,43,23,24,27,39,57,76,55,37,30,34,43,52,68,68,55,37,41,44,39,48,62,62,44,46,41,32,39,46,41,41,55,60,39,30,32,39,32,27,34,30,30,32,46,55,62,65,71,60,68,93,74,48,53,60,68,65,60,68,62,79,129,155,164,150,150,140,142,85,82,48,37,44,60,79,99,104,85,110,121,88,102,132,121,127,113,99,88,68,93,76,55,60,85,102,132,162,173,129,116,142,127,88,57,63,68,63,74,113,135,96,85,76,85,105,76,60,76,71,60,65,60,85,108,135,164,168,171,155,132,99,85,76,55,46,32,42,53,48,44,44,48,60,60,91,91,79,88,96,110,96,65,48,40,44,58,46,55,65,44,50,108,124,145,127,116,99,102,108,85,96,113,116,121,91,88,79,60,55,55,76,99,119,130,110,82,65,53,71,88,65,76,88,96,121,132,121,130,99,108,99,71,55,74,66,71,58,58,86,79
41,43,70,85,85,112,107,112,99,131,99,144,147,141,104,79,73,62,68,107,126,115,126,147,90,79,90,96,93,60,57,115,198,212,210,203,208,189,147,123,150,141,121,113,126,115,82,68,79,99,121,137,134,90,76,96,65,65,43,50,68,76,76,68,99,88,88,71,101,134,129,101,113,134,129,115,113,68,85,62,85,55,65,71,48,65,45,55,68,68,99,113,113,107,104,85,121,93,76,85,74,79,96,82,85,82,88,104,132,150,115,101,96,88,121,129,118,121,107,121,101,96,82,91,104,107,99,76,85,57,65,62,35,37,43,37,48,39,41,52,43,43,46,30,30,48,68,46,43,43,37,43,50,62,55,57,62,41,41,50,44,46,62,50,41,62,60,37,53,32,32,41,41,53,65,53,55,53,39,28,41,62,27,46,37,35,57,60,53,57,60,62,65,48,50,53,79,71,68,53,96,93,137,164,166,171,183,171,155,145,121,60,39,65,62,96,105,91,79,91,121,88,79,147,152,91,88,96,99,85,76,93,76,82,82,110,147,150,145,132,124,129,127,88,65,48,63,93,99,113,132,105,74,85,88,85,82,71,79,74,76,88,93,79,85,129,166,175,155,132,96,76,74,76,53,37,36,55,53,60,53,40,48,50,60,76,65,71,79,82,96,113,99,65,58,68,58,50,82,58,40,53,93,132,166,157,142,153,124,93,91,99,121,99,119,88,93,108,76,68,71,53,68,116,119,88,85,79,55,63,79,65,68,79,105,127,157,142,140,132,119,130,111,94,91,86,66,71,71,71,68
39,47,62,76,96,126,131,107,99,134,101,168,136,170,104,68,81,60,62,118,118,118,147,161,164,121,79,73,99,88,57,101,164,185,170,175,172,149,134,139,144,129,112,112,88,85,82,71,85,79,121,107,76,85,71,73,68,41,74,82,68,101,99,91,55,121,113,104,129,137,101,101,150,147,99,101,113,62,85,57,104,68,82,71,55,65,52,52,65,68,99,121,129,113,88,79,123,85,107,107,121,91,110,88,88,104,126,154,152,134,142,93,113,79,88,101,96,124,147,134,113,99,91,99,126,121,134,124,85,91,76,88,55,41,57,41,39,41,46,41,35,39,79,65,46,55,43,46,41,53,50,44,48,50,53,53,50,44,44,39,39,68,46,48,44,79,62,57,30,44,37,35,41,55,74,71,62,65,50,44,55,44,62,42,37,30,44,57,42,39,42,53,62,50,39,46,74,68,88,85,107,99,118,152,150,155,175,175,177,145,129,68,76,93,76,108,99,60,82,91,91,105,96,142,157,74,79,110,79,62,85,115,110,85,93,121,152,150,145,121,110,124,140,93,63,42,79,110,108,85,96,96,71,76,79,82,74,71,74,74,93,102,99,85,85,118,179,160,135,129,108,76,63,60,50,36,46,55,50,55,65,48,50,60,71,55,65,55,60,60,82,93,93,110,76,71,58,68,68,74,50,55,68,124,162,188,182,145,116,93,99,110,110,88,119,116,135,140,88,71,65,58,55,58,76,79,68,71,68,79,71,55,68,65,96,130,164,171,162,167,148,132,119,119,99,110,91,99,63,53,63
57,52,54,85,112,101,115,104,110,147,99,131,147,149,79,88,62,110,118,115,104,126,185,177,134,101,85,99,76,115,71,85,118,126,149,144,152,164,131,129,131,126,112,104,96,96,88,71,73,82,85,93,71,73,88,57,88,91,68,113,101,96,85,76,65,91,115,96,101,110,113,99,118,129,85,65,55,71,91,99,71,99,99,79,62,52,82,65,52,65,96,118,126,101,65,101,121,110,115,121,156,101,88,118,101,99,104,126,132,139,147,134,118,121,96,91,93,110,134,124,132,115,113,118,144,144,139,129,118,115,137,99,79,57,57,48,41,34,35,43,46,55,55,55,55,43,46,57,50,53,53,46,43,41,41,41,43,50,43,43,57,39,46,37,43,57,62,50,32,30,44,48,44,50,50,50,71,42,44,48,35,50,53,62,62,42,39,48,44,37,50,50,53,50,42,44,60,79,101,93,113,99,96,132,145,145,152,142,157,137,85,76,127,88,113,101,76,68,79,91,101,115,132,121,118,68,91,108,60,79,79,113,96,76,96,110,137,152,129,135,118,121,155,74,82,28,82,105,93,65,71,102,91,71,65,68,60,63,85,76,108,102,93,96,82,116,145,137,140,127,99,55,55,60,55,34,44,60,48,46,58,55,53,68,68,58,46,44,46,63,63,79,82,99,85,79,82,110,93,74,76,82,71,113,166,164,150,124,85,91,74,108,82,116,99,116,142,121,121,74,58,48,34,36,60,68,53,58,82,63,82,76,74,82,85,122,173,188,182,160,135,116,113,130,137,110,105,108,65,74,66
81,65,54,68,88,99,104,139,134,104,96,101,115,81,79,54,99,104,136,131,136,147,161,149,121,96,118,126,134,99,85,88,68,82,144,170,166,183,164,110,123,126,131,104,107,71,71,55,55,71,52,55,65,79,82,71,71,93,82,65,115,107,73,99,113,82,85,71,65,101,107,79,99,118,91,55,41,62,79,65,65,82,68,52,62,76,99,88,62,60,99,118,110,150,115,93,104,101,79,118,132,93,99,137,113,79,71,71,93,118,147,150,113,134,99,113,132,144,124,99,142,157,144,147,147,159,126,132,115,124,172,104,99,88,82,52,39,28,34,43,55,48,41,55,60,50,41,34,48,43,41,43,32,39,52,46,43,46,43,39,46,43,34,35,52,55,55,50,65,53,44,46,44,39,44,30,25,42,37,42,37,50,42,44,68,53,44,39,46,39,48,68,57,48,34,42,42,55,62,76,93,82,85,124,127,104,127,140,110,88,71,101,127,96,129,85,68,93,76,110,110,108,113,99,93,85,71,79,71,88,118,76,79,74,74,79,105,140,145,145,132,132,142,79,57,60,71,99,99,57,79,85,76,60,60,65,65,58,85,110,102,110,108,105,99,91,99,99,108,91,50,48,63,65,48,55,46,44,44,42,53,60,50,55,65,53,50,53,55,53,63,65,60,71,88,85,105,119,119,124,82,108,88,127,140,124,108,99,79,79,108,113,99,88,63,132,121,108,110,85,53,65,50,40,55,63,55,48,76,76,93,82,71,88,93,145,173,173,169,155,150,130,127,135,140,132,124,108,79,105,74
68,68,57,57,88,101,107,136,131,99,96,90,54,62,57,54,104,99,131,144,126,131,152,136,104,112,129,149,115,147,115,88,68,71,104,139,196,196,172,134,115,118,115,115,73,37,37,85,57,65,65,52,48,52,68,85,82,62,55,93,88,147,104,118,101,82,82,71,62,82,96,96,96,96,74,57,55,71,79,101,82,62,52,48,62,68,134,147,113,82,107,134,121,132,113,91,115,101,104,126,115,88,104,118,104,82,71,79,85,93,147,104,99,115,144,137,154,150,142,137,134,144,144,150,154,152,124,113,104,147,129,142,115,110,68,55,30,32,37,50,57,52,57,55,52,41,48,48,43,50,52,37,35,39,43,46,41,41,52,68,44,34,30,34,55,62,57,57,50,41,50,55,55,46,37,50,46,39,53,55,50,30,37,50,48,65,48,35,37,48,74,76,60,39,35,34,37,42,55,57,65,76,74,113,93,88,99,113,74,62,101,110,121,132,137,108,82,85,93,104,88,85,102,88,65,60,60,57,79,96,108,105,93,65,60,65,79,129,132,105,132,129,93,99,71,42,91,82,121,74,79,88,63,57,63,65,55,60,91,91,88,129,132,147,105,96,88,68,68,65,48,50,60,55,57,68,44,36,46,48,60,63,48,37,50,50,50,60,65,55,63,74,60,74,65,93,127,124,121,124,99,105,110,121,132,124,79,85,85,88,116,91,105,79,60,88,108,119,99,91,99,63,71,65,60,46,36,60,71,74,68,82,74,91,108,127,160,171,148,127,137,135,157,135,140,142,137,124,116,97,105
73,68,62,81,96,93,96,126,126,101,96,90,71,62,45,50,73,99,104,107,107,134,156,131,126,129,139,175,183,144,164,147,88,71,88,141,210,215,181,150,110,104,104,96,73,39,65,104,82,88,57,65,55,37,52,91,62,65,113,76,85,101,85,79,79,107,82,82,99,101,104,96,85,71,65,79,76,118,101,104,115,96,52,57,71,115,134,132,132,139,115,126,123,68,55,96,113,107,132,129,96,85,79,96,118,101,96,91,79,76,115,124,101,126,181,132,107,101,144,126,121,115,129,150,150,134,113,110,115,147,134,142,101,115,71,60,35,43,55,76,85,71,65,52,48,39,39,39,32,39,46,46,43,43,43,50,62,65,62,71,65,50,46,53,57,65,53,79,50,41,46,57,55,50,39,46,50,48,44,50,50,50,30,34,55,65,41,37,28,35,60,53,46,34,37,30,46,42,53,55,34,53,62,71,88,85,79,76,71,85,108,99,99,132,150,129,82,76,88,91,91,91,105,76,37,42,65,53,60,91,99,105,88,57,57,76,88,96,127,129,118,124,121,96,65,46,60,105,135,74,85,68,42,46,60,46,42,55,79,99,142,150,184,193,135,91,102,79,48,46,48,53,48,53,63,60,50,40,53,60,58,58,40,36,48,55,63,74,74,82,88,93,82,71,71,102,127,93,91,96,105,85,110,127,132,116,74,76,74,85,96,93,88,71,65,65,74,91,119,124,121,108,85,91,68,74,91,68,63,85,88,96,105,74,110,145,113,140,127,86,99,122,113,135,132,142,135,153,153,135,113
85,70,78,85,81,85,99,99,107,85,96,96,71,57,43,50,68,96,101,115,131,149,164,147,141,115,139,175,159,147,144,149,99,79,101,141,205,205,164,144,123,101,115,88,68,85,104,104,104,99,96,73,62,43,48,99,129,121,115,107,121,57,96,99,68,79,65,68,85,101,85,88,104,74,82,137,137,115,175,166,99,113,71,79,104,142,137,96,115,152,161,132,101,85,50,88,107,85,118,126,124,99,85,93,113,107,115,107,85,74,101,129,110,132,172,107,68,71,85,88,129,134,124,159,152,113,104,104,101,134,144,124,113,91,88,74,52,55,71,79,88,82,85,68,55,52,55,39,32,32,65,50,41,55,93,99,96,99,85,104,118,79,79,82,71,71,65,62,41,50,50,53,60,39,35,37,57,50,62,76,93,50,50,48,55,53,41,41,41,37,48,50,48,35,30,37,35,46,48,35,35,44,48,50,74,96,74,60,91,88,99,101,101,104,104,91,96,99,85,76,108,91,76,79,50,55,76,57,65,76,76,63,71,65,57,79,99,116,147,137,124,140,135,121,71,46,57,124,145,91,85,82,44,32,44,40,46,60,68,137,171,171,191,171,166,99,79,71,48,42,50,53,55,60,57,55,50,55,53,50,53,44,42,50,46,58,71,68,71,93,93,110,88,82,91,88,119,110,65,65,102,88,99,124,124,113,102,82,79,82,88,71,65,74,68,60,60,93,137,119,160,113,93,99,85,76,82,93,76,79,102,113,91,119,110,96,88,96,108,94,97,105,124,127,145,130,155,127,165,119,97
99,81,90,85,76,88,78,79,99,73,101,81,71,65,43,45,79,96,134,149,161,159,147,134,110,104,121,134,126,115,104,112,99,90,101,129,156,187,185,147,123,132,123,110,73,88,118,134,88,79,88,88,79,76,65,85,107,113,118,107,107,99,101,88,85,65,76,88,62,79,113,107,88,110,161,189,177,227,164,156,156,126,132,82,121,164,129,82,115,147,118,147,57,62,99,68,118,71,101,99,85,99,104,88,82,99,101,113,104,101,82,85,132,132,126,121,85,71,68,88,126,142,124,129,132,107,99,88,113,137,96,96,74,71,79,71,55,65,85,79,101,115,99,88,79,71,60,48,30,39,65,43,62,99,132,142,137,147,142,147,155,140,150,124,127,96,96,65,60,50,71,74,65,44,41,62,53,44,68,82,71,55,53,53,60,53,57,48,62,50,32,46,46,37,20,28,27,37,35,34,37,39,50,60,55,60,85,88,91,104,129,118,129,85,127,91,93,91,79,93,96,96,82,71,74,79,85,74,68,63,48,35,60,79,55,65,113,132,135,152,147,147,150,137,88,79,71,110,162,96,60,82,57,32,37,36,37,53,68,88,142,173,155,145,118,79,55,40,48,50,42,42,46,42,48,60,65,60,50,60,48,50,48,42,40,46,53,65,96,116,105,85,96,85,79,102,110,102,50,50,93,105,79,99,105,99,102,102,93,82,79,68,68,76,55,60,79,93,132,140,132,127,130,130,93,96,85,79,82,68,93,110,121,105,116,102,79,71,71,63,68,105,135,127,137,135,116,127,113,148,102
126,129,96,90,90,88,85,85,88,88,68,76,90,71,50,50,85,112,144,170,166,152,121,126,110,112,101,115,81,96,118,93,104,96,90,123,164,181,168,134,107,137,101,99,90,85,121,112,88,88,107,96,73,85,93,101,121,90,104,99,101,126,99,99,91,96,99,85,76,65,62,85,118,134,170,181,206,181,187,164,161,118,101,134,129,147,164,164,175,181,129,113,71,68,74,62,134,126,104,96,71,88,96,96,113,99,99,96,88,93,62,115,88,88,88,129,104,85,107,126,113,113,113,93,132,124,79,91,137,101,96,82,68,79,68,55,52,62,74,74,99,113,88,96,96,76,60,65,52,46,41,55,74,101,142,150,142,142,152,159,155,159,171,161,96,88,88,76,88,79,82,71,65,88,107,85,85,79,79,101,68,85,53,74,93,71,53,53,57,74,60,42,39,35,39,34,20,25,48,37,46,37,55,46,27,42,74,85,76,82,91,113,99,101,101,110,118,82,68,110,96,85,105,79,85,99,68,71,65,48,46,48,57,76,57,60,91,108,116,152,157,129,142,135,82,102,85,82,113,91,60,71,63,42,48,50,57,44,53,82,108,121,137,121,76,48,32,30,42,44,42,48,48,50,55,60,53,58,58,46,58,60,48,46,58,65,88,91,132,124,105,88,102,96,105,124,110,108,79,82,71,76,71,82,88,88,105,105,88,93,96,68,79,88,65,71,96,110,130,153,153,150,140,130,96,82,99,88,50,82,91,94,122,130,122,113,88,68,60,55,60,88,113,132,127,142,137,99,127,135,127
141,149,104,88,101,93,110,93,85,104,73,85,101,65,68,68,79,126,147,175,156,123,126,101,88,90,88,104,68,107,129,96,88,96,99,115,144,147,126,129,99,129,101,96,88,99,112,99,104,107,96,101,115,101,104,115,121,96,96,96,110,118,144,115,123,118,96,107,118,129,113,107,137,152,150,164,175,144,175,170,129,113,101,132,159,161,175,188,170,152,121,88,110,79,71,71,93,101,82,96,65,88,113,132,104,85,104,110,99,99,85,62,55,88,91,79,101,121,137,144,150,104,93,126,137,107,62,99,79,91,124,118,93,88,68,50,55,52,52,65,71,96,88,82,85,82,79,88,79,48,44,60,74,96,124,129,88,93,127,115,101,150,175,137,79,99,79,85,118,88,79,85,85,104,121,107,53,82,118,101,107,99,99,93,88,96,53,60,60,48,62,62,46,55,57,39,34,30,44,60,55,60,55,34,34,39,55,71,76,82,93,74,60,74,68,85,101,79,105,129,101,88,99,113,113,93,74,79,74,88,55,68,50,55,62,55,82,99,127,124,110,116,135,132,85,91,102,55,57,65,55,60,68,60,85,85,82,82,71,79,71,68,93,74,48,50,48,37,42,46,44,50,50,44,40,48,50,60,42,46,53,65,60,82,105,105,132,135,150,137,127,127,110,121,102,91,121,105,96,93,71,79,85,88,91,105,85,63,85,91,102,93,124,113,108,93,132,130,140,153,153,145,140,110,76,65,58,63,63,85,68,102,135,145,122,102,97,97,68,53,60,85,88,97,108,135,122,142,132,132,137
131,115,101,88,90,99,88,99,88,134,85,68,88,68,79,68,81,131,121,134,129,101,161,85,71,96,90,99,93,118,126,82,65,71,104,115,112,126,131,112,99,107,112,85,85,88,88,85,88,101,90,99,129,96,82,96,96,91,85,82,113,107,126,99,76,118,129,115,101,126,150,132,118,132,132,129,150,172,161,152,126,139,142,152,185,181,164,144,121,129,118,101,85,88,82,71,65,62,96,85,85,121,129,123,104,85,107,99,113,99,76,88,55,115,88,88,85,96,164,144,113,118,118,134,107,60,79,104,85,104,101,126,113,107,68,57,85,88,65,65,65,82,88,71,74,85,79,104,71,68,50,62,74,85,107,96,55,60,91,99,82,132,147,132,113,101,79,88,144,142,101,99,96,96,91,85,96,121,147,124,104,113,132,93,91,101,76,55,48,48,57,65,60,82,91,60,48,39,48,57,48,55,50,42,42,50,48,55,60,76,53,48,40,48,50,82,91,62,65,99,93,88,101,124,118,79,93,93,110,132,76,68,50,68,85,74,96,85,76,91,79,102,132,113,93,113,74,57,46,55,53,48,76,88,102,88,108,88,85,74,63,65,63,44,37,50,68,55,50,46,42,44,48,48,46,50,48,46,37,42,58,71,99,108,132,140,124,135,147,155,108,132,118,99,116,99,108,93,91,142,105,105,108,99,96,74,55,60,71,74,119,113,116,132,130,124,142,140,142,132,140,148,130,110,88,76,60,55,74,60,82,110,130,155,122,110,119,119,102,88,74,65,91,96,122,142,108,99,122,137,153
118,90,96,88,85,104,96,101,115,118,68,52,96,110,85,99,85,101,85,82,121,115,123,134,88,79,101,99,129,118,99,65,57,43,88,118,123,147,141,107,101,96,104,88,71,62,50,60,68,71,85,79,91,101,91,71,71,88,60,71,79,88,71,91,96,118,132,74,88,126,104,68,65,82,88,129,121,110,126,99,126,170,172,150,168,177,147,118,115,123,110,85,96,88,82,85,68,71,76,99,101,96,96,96,85,99,88,85,101,74,104,91,88,115,101,107,62,104,154,126,101,126,144,147,134,88,99,65,74,107,101,79,118,129,91,88,142,152,99,68,50,48,71,74,71,71,65,113,74,68,44,68,62,74,71,65,68,79,107,132,85,115,127,118,113,99,85,91,161,188,129,85,88,93,99,127,107,124,135,115,129,118,118,96,79,96,76,50,50,62,62,60,79,101,124,99,79,62,60,48,40,34,55,48,40,57,50,46,50,40,60,48,40,68,65,79,85,68,79,71,71,71,85,85,99,101,113,127,145,150,121,96,82,68,76,82,82,79,68,82,93,91,113,110,91,57,88,79,48,60,68,65,76,108,113,102,79,82,57,68,50,42,42,37,37,42,60,74,55,71,44,42,44,46,44,50,44,48,34,37,63,79,105,140,150,142,124,129,129,130,121,132,127,110,108,91,85,99,119,152,110,113,91,102,93,82,82,58,53,65,99,85,105,99,102,124,127,148,121,122,137,140,140,140,137,116,63,53,60,91,96,102,127,137,127,137,140,124,96,88,88,82,93,93,88,124,60,88,113,135,165
96,85,79,85,96,99,96,93,104,99,68,54,90,118,112,104,101,90,65,71,112,112,115,131,79,71,101,104,161,129,96,65,39,33,73,107,154,170,144,115,88,82,88,76,65,57,37,39,45,39,68,68,82,126,134,99,91,96,68,79,60,57,55,88,85,93,96,65,68,82,68,60,62,71,52,82,93,104,85,113,123,134,144,170,166,144,144,132,121,118,91,96,113,113,76,62,68,110,118,104,96,82,82,88,74,74,88,74,82,71,99,101,85,124,101,104,68,121,159,154,159,134,129,166,134,62,62,48,60,96,118,76,85,134,157,126,137,147,113,68,39,34,55,76,68,68,68,107,82,68,74,79,74,79,65,62,104,129,124,115,118,115,113,107,115,104,104,99,150,159,135,91,85,104,118,110,96,135,113,113,113,137,129,107,96,113,101,65,57,65,65,60,104,135,137,115,118,93,74,48,35,37,40,44,57,65,57,35,30,34,37,55,48,55,71,82,85,62,68,82,68,60,65,82,121,140,140,140,171,179,162,118,93,88,82,93,88,82,82,71,99,113,96,108,91,93,88,88,68,71,63,65,85,96,96,85,76,63,71,50,42,37,37,36,32,37,42,71,55,53,55,42,32,42,42,37,53,46,36,44,71,85,121,147,150,160,160,145,116,108,127,108,137,130,116,93,79,119,130,140,124,108,113,108,99,65,63,68,65,71,76,91,91,79,102,99,121,122,132,127,122,122,169,178,171,157,99,46,74,88,91,102,96,127,119,130,135,116,91,93,91,91,85,85,102,85,60,86,113,150,176
65,62,76,76,68,62,68,68,85,73,73,65,71,79,99,93,96,79,54,52,79,96,88,112,101,82,88,129,187,164,134,76,37,43,88,115,154,172,144,134,99,85,79,71,65,79,39,28,24,37,71,79,85,121,132,121,107,134,113,91,65,55,73,79,79,88,93,88,76,71,99,104,85,85,57,76,82,79,82,123,118,129,126,104,115,132,104,93,85,91,88,91,93,142,101,85,74,99,121,113,113,110,85,79,93,76,82,79,79,104,113,101,96,107,93,82,79,99,113,142,137,126,118,161,129,79,76,68,82,96,115,126,113,150,164,154,132,134,107,68,37,37,62,85,71,76,96,71,126,129,132,104,91,104,88,76,121,134,121,142,144,113,104,127,115,104,93,104,127,127,140,127,88,99,121,121,162,157,142,155,113,150,162,118,113,137,113,91,85,91,79,82,135,168,185,157,145,168,108,71,48,37,48,57,65,74,55,37,46,46,53,71,55,46,50,50,48,57,79,82,62,60,57,102,168,157,147,171,188,191,164,164,116,105,116,113,132,124,85,88,99,116,91,93,102,93,110,91,65,71,85,76,68,74,79,58,48,71,44,46,32,37,30,34,32,42,44,42,48,48,44,44,53,44,44,34,58,42,44,48,71,93,135,135,142,142,160,140,124,113,91,85,113,119,108,124,102,110,105,119,121,116,121,105,93,99,68,55,44,63,91,96,91,91,76,63,82,102,127,119,132,132,184,207,199,180,113,76,96,88,113,110,85,93,85,85,91,88,79,91,105,96,111,105,124,97,122,88,130,160,180
65,68,68,68,54,70,52,62,62,54,62,62,62,50,85,96,71,71,54,45,52,68,85,129,101,68,76,112,175,168,129,96,52,54,99,110,134,161,156,141,115,99,88,68,82,71,45,35,26,52,79,79,62,88,107,101,126,129,115,91,79,79,85,82,79,101,104,107,91,71,91,121,99,88,96,74,82,79,110,113,129,113,99,104,104,76,62,68,65,62,79,93,113,126,96,68,71,126,150,150,132,115,96,82,82,110,96,82,99,118,118,110,88,113,115,118,101,99,118,134,91,85,118,96,79,62,71,68,65,99,121,142,144,115,126,150,142,126,99,60,65,71,82,110,85,82,93,88,113,126,150,134,118,99,99,96,104,132,159,173,124,99,96,121,132,118,101,124,129,127,140,118,101,115,118,135,166,171,193,188,124,140,175,121,145,135,113,93,110,110,91,110,113,179,202,179,166,193,127,85,55,42,44,55,57,57,55,53,65,60,71,50,50,48,48,44,55,82,68,65,53,63,68,82,155,137,147,175,173,186,175,150,155,129,121,132,129,113,118,110,105,102,76,96,93,79,79,71,74,85,63,48,60,58,46,55,34,42,53,42,37,32,36,40,46,37,40,46,44,32,48,37,44,48,53,50,42,48,55,58,93,102,137,132,124,119,124,124,110,108,74,68,88,85,108,124,108,119,130,108,127,119,110,113,110,91,74,48,44,68,91,85,74,79,76,76,93,105,102,108,119,145,157,175,188,157,140,113,91,105,124,132,88,82,63,63,68,85,91,85,108,113,111,127,145,140,127,119,127,130,145
99,96,78,85,73,96,76,62,54,79,35,62,45,50,54,88,81,79,68,50,45,65,126,129,96,71,65,76,131,189,131,85,65,52,62,112,156,164,147,137,126,88,68,68,73,85,65,60,71,57,57,62,71,85,85,85,115,113,107,85,85,99,99,73,76,93,107,104,91,82,96,126,121,104,88,65,65,126,110,107,101,88,74,99,74,62,65,68,57,68,93,113,132,93,65,52,99,126,159,129,115,101,88,101,91,79,129,121,71,104,76,82,101,115,150,134,88,113,96,96,107,79,74,52,32,71,50,65,68,101,124,137,126,115,115,99,91,79,82,104,115,99,104,129,93,85,88,76,65,96,137,154,154,126,129,118,107,129,145,115,115,82,99,129,152,137,140,127,118,107,93,93,113,121,91,107,124,166,175,171,118,150,132,147,147,135,118,101,93,110,101,110,101,171,185,175,182,175,142,85,74,48,30,34,55,55,57,62,53,55,53,42,55,55,74,57,62,60,65,53,50,48,53,46,99,113,110,129,179,147,179,150,147,129,108,116,155,152,124,121,132,110,116,127,63,74,79,74,79,74,46,36,46,42,37,44,46,36,53,53,42,42,44,50,37,40,50,46,44,37,30,46,55,63,55,60,60,74,85,99,124,142,137,130,88,68,110,127,91,82,76,63,71,74,79,68,127,124,150,155,127,127,127,140,140,85,68,60,50,50,91,108,68,71,102,116,105,102,102,85,88,105,102,93,137,155,140,105,91,105,127,119,105,93,82,76,71,86,88,108,130,153,162,171,162,160,130,94,76,79,111
88,88,104,107,85,90,81,79,57,52,41,73,50,57,39,85,85,79,68,54,50,57,126,118,112,73,73,71,118,193,126,54,52,57,55,88,161,159,113,126,134,90,65,79,85,82,71,65,68,55,48,71,96,85,82,85,99,132,96,85,110,104,90,82,68,88,123,96,96,101,110,118,126,107,79,62,76,132,126,82,88,85,68,76,55,65,71,71,76,68,88,110,129,79,62,52,91,107,129,159,150,104,82,101,124,121,152,126,85,118,50,50,62,147,115,132,104,129,150,88,52,74,91,85,39,55,93,76,79,104,113,126,142,134,93,85,88,71,79,115,113,121,115,101,85,93,99,82,68,91,82,115,161,142,113,129,124,115,91,82,99,129,142,159,161,124,121,145,135,99,85,101,118,107,99,127,121,129,142,118,110,132,118,145,142,135,118,124,118,129,142,124,101,162,168,140,162,129,135,79,76,57,34,35,60,74,68,62,68,55,34,57,57,76,57,55,35,55,50,60,55,37,30,44,46,57,102,110,142,116,135,129,110,99,91,93,127,142,113,96,108,93,110,68,91,124,63,85,71,57,42,42,30,34,46,42,44,37,50,36,46,46,44,44,55,44,42,44,42,36,34,60,85,79,82,93,91,108,130,127,150,171,150,127,76,93,110,102,82,58,55,74,76,65,60,82,121,175,160,110,99,132,148,148,132,110,76,65,55,53,91,85,74,105,127,105,113,102,82,85,79,74,76,63,96,102,135,105,102,127,105,121,108,97,94,91,76,79,86,111,148,180,182,178,162,137,91,66,68,88,105
71,81,115,134,90,79,76,50,37,62,81,96,85,68,68,88,81,76,71,62,62,65,96,101,110,93,88,65,101,99,88,45,35,50,68,76,129,147,121,129,159,85,73,73,71,52,79,57,41,41,60,79,96,112,132,132,99,104,88,110,118,99,91,85,85,101,118,123,118,118,129,132,118,121,85,76,101,115,93,62,88,101,60,60,65,82,79,79,82,71,99,101,99,88,62,55,85,107,152,150,139,99,88,113,132,139,147,132,79,104,60,41,79,156,115,134,159,137,126,107,82,79,99,91,99,76,107,88,129,85,99,85,129,113,99,101,115,85,85,129,79,85,124,101,96,113,99,121,88,76,71,82,137,150,132,129,129,107,76,79,155,198,182,197,171,129,115,155,173,135,115,137,142,132,132,115,115,121,135,118,113,115,121,118,108,127,142,157,155,150,150,137,104,121,142,85,118,115,124,85,62,62,62,60,62,71,82,82,60,50,42,48,50,57,40,50,40,48,50,63,60,46,35,21,28,53,71,57,57,76,60,65,60,55,65,74,88,79,88,88,55,53,48,57,76,63,50,74,42,50,36,37,36,34,50,44,44,50,40,42,36,46,44,37,48,65,37,34,42,48,63,88,113,148,124,108,124,155,184,171,171,204,179,130,116,93,99,82,68,55,53,71,74,65,65,71,119,169,124,116,93,99,140,135,113,110,79,53,68,85,88,99,79,110,91,99,116,82,79,76,55,55,60,50,46,74,113,102,121,116,111,122,124,116,119,99,68,60,71,99,137,180,180,178,148,99,79,97,86,99,99
79,88,93,99,90,71,71,79,65,96,107,126,134,115,101,96,79,65,60,65,68,65,79,76,90,79,79,39,71,71,60,55,52,71,104,99,107,161,150,104,115,82,85,52,65,43,88,45,32,37,60,79,121,164,152,126,115,82,129,104,82,99,82,85,96,99,115,129,115,104,123,121,132,118,91,104,129,79,68,57,93,93,65,65,91,101,101,82,85,101,118,107,107,101,62,52,79,129,147,142,142,126,113,118,113,137,154,129,82,104,99,65,99,185,166,134,150,150,147,144,79,68,76,85,104,93,96,132,96,85,96,104,118,107,107,101,113,126,96,99,132,118,129,134,99,85,91,115,82,82,104,93,68,88,96,88,137,132,85,91,161,182,179,183,159,135,115,118,129,157,173,150,147,145,104,96,96,115,145,142,147,127,127,101,108,140,150,145,142,135,140,135,99,82,101,96,96,110,108,91,71,82,93,79,62,65,82,62,53,60,63,46,48,50,40,46,42,46,57,65,74,63,44,32,37,53,44,37,42,28,37,42,42,37,44,48,68,68,57,71,48,30,24,34,42,46,44,46,37,32,40,42,36,40,42,42,44,50,48,44,50,57,42,40,40,44,37,37,36,68,71,110,119,124,132,145,140,152,179,184,199,202,164,137,113,79,79,76,53,53,58,65,58,63,68,71,110,124,142,102,74,71,105,119,99,119,85,63,68,79,79,88,85,68,74,102,85,74,74,58,55,55,58,55,44,60,88,116,105,124,127,124,127,124,116,116,76,48,60,116,130,165,184,153,119,119,86,79,88,91,88
85,79,65,73,68,68,68,73,96,90,118,131,118,136,152,93,52,43,52,57,62,62,43,52,55,41,50,41,68,71,85,88,107,115,129,126,118,132,112,99,88,88,71,55,68,55,71,37,41,52,71,93,136,159,134,99,82,91,113,96,82,99,99,101,113,113,118,118,104,110,132,132,101,101,126,118,110,68,55,62,88,96,82,65,99,129,91,88,115,134,129,121,107,96,71,46,74,126,134,150,156,147,126,118,115,126,134,121,113,118,134,137,137,147,170,157,157,159,132,118,101,79,68,71,99,88,88,115,132,107,74,91,147,110,93,99,82,118,129,96,99,110,118,107,96,96,135,121,144,129,113,127,107,96,118,135,124,129,82,110,121,150,129,150,107,113,104,110,137,168,173,142,121,113,88,79,121,99,147,162,152,104,104,124,132,140,124,118,127,121,145,132,107,88,85,101,82,79,96,96,91,96,93,93,65,68,88,79,76,79,71,62,53,48,37,28,34,44,57,62,53,60,65,55,42,50,53,40,46,28,34,28,42,37,42,57,57,53,55,65,65,27,20,24,37,48,48,42,36,34,50,44,48,46,42,48,65,48,36,48,53,57,46,42,44,44,28,46,65,76,113,121,145,166,121,150,142,164,166,162,164,164,142,102,82,85,91,65,55,50,50,46,60,88,76,65,65,82,102,88,79,79,63,76,93,82,88,85,65,48,82,91,63,58,53,48,50,60,55,60,42,44,53,58,53,63,96,99,124,155,135,137,140,137,130,124,88,63,79,105,145,157,153,140,113,116,105,91,91,82,76
101,93,71,52,41,52,71,88,115,101,131,118,131,144,115,96,52,39,47,50,39,37,37,43,52,39,39,60,85,93,99,101,115,104,115,132,123,90,88,96,68,68,68,52,62,82,52,50,55,68,73,88,113,142,123,62,50,88,82,113,88,121,115,121,115,96,104,91,76,96,129,121,93,121,101,82,99,55,62,68,82,101,79,71,115,134,113,104,147,144,118,132,79,107,65,50,79,121,134,142,164,159,121,121,126,118,115,113,126,110,107,144,129,121,157,164,173,157,137,126,88,82,79,85,82,107,115,115,144,101,68,118,161,159,99,88,88,126,137,93,101,85,99,79,82,68,118,152,155,135,110,99,82,99,91,71,113,99,118,118,99,132,121,93,88,96,104,115,142,159,142,129,145,145,164,155,101,115,140,159,150,104,159,142,137,121,127,115,142,118,129,121,104,101,62,71,57,79,68,85,91,93,82,93,93,79,121,101,96,79,88,68,57,57,53,37,34,40,50,46,40,44,55,62,55,65,65,42,37,40,46,37,37,42,44,48,48,46,55,60,63,37,30,42,40,37,46,48,40,30,46,48,42,37,42,55,55,40,37,48,55,48,40,37,42,36,48,68,82,76,108,147,152,152,127,124,108,129,137,160,127,127,108,99,74,76,71,63,53,46,40,44,50,48,76,40,46,88,96,96,88,71,55,65,85,85,85,74,53,48,65,82,82,65,37,40,60,50,76,76,53,55,71,58,55,50,102,85,137,140,105,135,137,145,148,140,127,105,105,122,110,140,135,137,105,108,99,108,105,99,82
118,99,79,52,50,52,57,93,99,129,177,179,149,112,96,96,71,41,43,54,62,50,37,32,52,55,65,71,85,96,126,126,110,104,96,68,82,76,71,65,50,55,55,45,60,71,52,50,57,45,52,85,107,118,96,39,48,74,85,101,85,115,88,96,79,62,62,68,52,74,101,118,118,113,82,93,65,50,52,50,68,82,85,74,96,134,132,129,159,159,132,129,96,101,88,68,79,132,129,126,161,154,132,126,129,118,104,99,113,99,99,123,115,104,115,104,113,121,124,99,65,85,96,96,82,115,142,115,104,99,82,96,118,99,74,76,107,129,139,113,107,88,101,91,79,85,121,161,127,79,88,85,57,60,68,57,88,118,132,104,104,101,113,118,96,121,113,118,113,147,132,104,145,164,164,150,193,101,162,132,173,159,127,166,135,124,113,104,110,118,65,85,79,65,48,62,48,60,48,71,93,76,53,93,150,121,121,85,76,85,93,62,68,91,74,79,60,55,46,37,37,37,40,55,60,60,57,50,50,55,48,53,50,46,50,36,37,40,55,55,71,57,53,42,55,46,50,55,50,46,37,42,32,34,42,46,37,46,46,37,44,40,32,30,28,36,71,79,79,79,93,88,121,142,102,76,88,110,105,113,96,99,76,68,65,65,68,53,44,44,55,44,36,25,36,44,60,68,74,71,76,76,71,65,60,63,74,60,50,65,63,85,88,74,55,79,96,96,116,85,79,108,82,53,46,94,94,94,122,113,94,63,124,119,150,171,164,142,105,119,119,88,108,132,122,119,108,99,122,122,76
88,85,88,101,60,39,71,79,110,129,161,161,136,99,88,45,52,54,50,57,45,39,37,52,62,73,82,104,104,123,85,107,131,129,115,82,41,43,52,39,52,50,71,71,62,62,74,62,50,48,82,96,82,93,93,41,26,62,107,96,82,68,71,76,65,45,52,62,65,79,104,132,150,134,113,93,43,52,37,52,57,71,71,68,85,126,134,126,170,172,142,126,129,107,101,65,96,96,134,107,123,137,132,121,110,115,82,96,101,82,101,113,118,88,76,71,79,74,71,71,52,68,68,88,68,134,144,129,91,96,85,82,74,65,57,74,93,110,161,129,101,127,96,76,88,118,129,127,99,76,96,101,68,41,50,65,88,127,129,118,115,118,110,113,113,99,99,110,115,101,121,110,132,142,175,159,140,115,135,145,171,152,127,145,155,142,104,88,113,96,71,79,74,76,44,53,53,55,60,76,91,76,71,110,140,121,101,68,79,76,65,88,76,101,93,85,79,74,50,32,40,32,28,37,46,57,44,60,53,46,44,74,53,40,42,50,40,40,55,65,65,63,53,44,60,46,53,68,50,44,42,36,37,42,36,36,53,42,27,42,48,42,34,24,25,42,65,76,79,79,71,76,108,116,88,63,68,82,63,63,63,60,63,42,58,65,74,65,55,58,55,46,46,28,40,46,63,53,76,65,82,85,71,55,63,68,76,82,91,68,63,113,110,119,88,105,108,102,85,116,105,91,91,71,60,53,93,82,102,93,88,88,79,119,155,167,157,157,137,105,96,102,116,122,110,86,86,113,119,122,79
112,101,85,96,85,76,65,88,71,96,85,85,62,79,85,88,62,50,54,65,50,57,85,43,41,76,62,88,99,96,85,115,121,110,88,57,45,45,54,35,52,65,73,55,76,82,99,96,71,68,68,76,79,99,104,55,33,68,107,88,62,55,62,68,73,68,65,65,99,107,107,118,132,150,150,82,60,39,41,52,79,91,74,85,101,113,113,126,164,177,152,104,126,82,74,62,96,101,118,96,101,118,113,88,88,93,96,85,62,62,107,88,124,68,79,62,57,46,52,43,37,46,55,68,68,101,126,150,93,118,93,79,57,53,55,74,99,107,115,129,135,118,68,68,124,132,140,137,129,129,135,104,85,76,68,85,110,132,96,88,110,107,129,132,107,113,107,104,132,118,115,142,127,142,135,129,115,101,118,164,104,127,155,164,145,135,132,118,107,104,96,79,68,71,74,60,46,76,79,96,113,115,110,108,113,82,79,118,108,91,79,93,68,101,99,74,82,108,71,35,34,32,25,37,40,60,34,48,35,42,55,55,42,37,44,63,60,53,57,57,60,74,55,65,42,55,57,60,44,44,48,46,46,44,40,48,44,42,37,44,40,37,36,30,25,28,53,76,88,91,60,65,82,65,65,71,55,58,40,24,25,25,28,28,37,79,88,102,105,68,60,58,65,63,46,58,65,85,76,65,68,76,65,50,50,60,91,113,91,102,102,108,164,140,127,108,91,110,127,110,110,93,74,65,68,63,63,68,88,76,88,110,85,88,132,140,135,142,137,127,116,105,119,105,91,68,99,79,91,88,66
115,110,93,88,101,88,110,68,71,68,47,54,50,73,73,68,60,57,62,54,50,65,45,35,39,65,73,115,96,126,96,88,82,82,85,71,47,52,43,43,65,50,96,55,73,82,88,96,96,79,55,48,57,82,85,71,76,115,85,82,65,82,82,96,107,104,88,104,129,121,121,115,118,126,126,99,55,39,50,65,96,101,85,96,115,96,101,129,142,144,137,121,76,62,76,79,79,91,110,99,96,118,110,85,74,96,115,62,55,85,101,118,88,88,76,62,52,50,55,43,39,68,65,65,62,71,134,132,101,121,96,76,55,62,62,79,124,104,71,104,99,82,50,50,115,129,96,115,126,144,121,79,65,99,99,82,101,115,93,127,115,121,127,113,99,129,135,99,104,147,142,132,104,115,142,121,118,121,132,127,118,110,132,140,124,127,135,129,88,96,93,65,62,76,71,57,68,96,96,108,99,93,91,85,93,82,79,140,124,113,71,76,113,108,101,82,96,121,93,46,35,30,23,34,37,46,46,46,48,60,44,48,44,46,50,48,53,60,57,57,71,76,48,60,44,57,55,44,53,50,53,58,53,50,48,46,44,37,40,37,48,34,40,30,23,32,55,79,105,85,71,60,58,68,68,74,63,60,30,14,14,17,17,32,48,82,108,137,108,88,68,58,53,60,58,71,76,71,55,85,85,76,60,55,50,65,116,119,121,140,130,121,137,135,121,127,99,93,102,105,110,110,58,50,58,76,71,68,50,93,124,102,82,121,108,113,119,108,124,137,142,119,127,111,76,66,58,76,82,68,63
73,81,101,99,79,85,115,115,112,112,79,54,62,62,52,54,54,50,43,41,57,45,39,35,50,57,104,81,101,139,99,71,73,82,82,76,73,62,50,50,73,76,50,52,90,85,96,85,88,65,43,37,41,71,79,65,96,88,104,79,65,85,121,129,118,132,113,118,134,113,139,142,147,115,101,82,55,45,71,76,96,104,101,82,88,96,99,96,88,88,91,65,50,60,91,85,65,79,101,85,85,110,101,71,55,82,104,79,82,88,126,85,88,110,85,71,82,88,88,99,107,101,96,68,50,71,118,93,129,107,65,68,62,101,104,101,134,107,46,52,52,52,34,55,85,65,85,99,129,129,115,88,118,152,132,99,91,79,82,96,115,113,121,129,127,142,147,155,175,161,113,88,96,121,161,177,150,132,137,113,99,107,99,124,121,96,74,79,93,60,60,68,71,65,62,71,57,62,74,76,76,76,74,88,113,99,99,96,88,121,85,85,140,108,113,102,108,105,79,53,40,42,32,30,44,42,53,48,55,60,44,48,53,48,50,46,37,55,65,60,63,63,50,46,55,50,63,53,50,68,57,53,60,46,36,40,44,55,55,42,50,46,37,30,28,32,50,71,91,88,63,63,60,63,91,82,65,44,21,15,17,20,19,27,55,82,124,121,113,116,68,53,65,53,65,79,91,79,93,74,68,58,63,60,55,76,132,166,179,166,148,127,99,108,99,119,50,53,68,74,68,65,55,44,74,65,65,55,82,96,108,116,91,94,82,79,91,79,105,127,130,119,127,127,111,82,68,50,48,44,42
52,47,52,60,62,79,90,136,152,118,99,81,85,81,79,57,50,43,52,60,65,71,68,73,50,68,129,118,101,132,96,71,82,107,107,82,96,93,85,68,79,50,60,62,85,85,99,79,68,50,30,41,65,71,82,118,62,79,71,68,82,82,104,110,104,99,115,118,123,126,142,168,132,110,88,93,74,50,82,88,85,88,113,71,62,93,85,65,57,74,52,39,55,55,88,82,62,82,82,68,68,82,74,65,60,68,104,99,96,96,79,74,121,115,115,107,121,115,129,134,132,126,129,96,62,71,99,104,121,85,68,71,99,157,157,126,121,96,41,41,37,48,41,68,57,68,85,91,124,93,113,107,127,166,144,101,85,85,57,82,104,113,104,137,147,157,155,197,183,118,79,93,104,124,147,150,147,147,115,113,118,91,101,113,85,68,57,57,85,85,88,93,88,71,82,76,50,44,50,60,60,65,68,76,108,99,118,129,124,159,129,85,110,115,96,85,93,79,71,68,37,34,44,40,37,48,68,48,42,55,57,40,44,57,57,60,50,57,65,53,50,60,57,50,42,46,57,60,48,48,60,55,50,42,37,50,57,63,68,50,55,55,40,36,27,37,46,55,68,88,71,58,68,71,91,93,65,58,25,20,21,20,20,27,65,105,135,155,121,105,68,68,60,91,71,68,82,82,96,76,74,71,63,63,58,82,142,175,193,173,142,130,108,88,91,96,46,53,50,48,48,53,50,65,94,99,71,82,102,76,108,97,88,76,74,58,48,63,76,105,124,116,119,135,110,130,97,58,46,40,34
47,50,39,35,57,85,71,79,123,99,115,121,96,93,93,76,73,76,88,101,90,99,101,107,71,71,115,115,104,101,93,85,110,115,93,93,115,129,104,85,68,52,50,52,79,52,50,39,35,37,55,65,99,107,85,88,96,50,50,71,88,96,113,129,104,137,137,144,129,156,161,150,121,93,107,68,71,39,96,93,74,91,96,85,60,85,82,62,50,65,55,52,68,79,82,93,65,82,88,79,57,52,55,60,57,62,85,115,104,99,82,88,110,101,118,101,104,142,134,101,101,129,154,144,101,101,85,96,79,82,93,91,129,185,185,150,121,96,57,37,44,62,74,57,71,85,79,62,71,62,85,104,96,113,104,85,101,71,79,88,79,118,115,144,154,142,152,159,137,82,50,65,110,127,127,145,147,183,121,104,99,101,101,93,71,76,76,65,68,93,99,107,104,65,96,93,55,44,57,60,53,65,60,74,110,113,137,140,127,145,108,99,101,82,68,57,71,79,82,74,50,37,53,42,50,82,68,42,55,53,53,46,40,63,63,71,55,48,48,53,46,46,48,48,46,44,53,48,40,36,55,46,36,44,55,57,55,58,68,68,55,48,27,40,37,42,40,46,53,63,65,63,88,88,85,99,93,76,34,21,27,32,25,34,65,79,113,127,88,96,91,82,93,102,79,96,91,79,71,88,99,88,71,68,63,63,124,175,192,186,166,148,127,93,96,74,58,74,74,58,50,58,68,85,116,102,96,99,88,76,79,76,85,94,58,46,50,55,74,74,71,88,135,142,153,142,113,82,76,53,50
57,60,57,45,54,68,54,50,81,88,112,123,99,104,112,112,99,82,96,96,101,101,107,101,88,88,101,112,112,107,101,93,101,115,131,156,177,141,112,96,68,50,43,62,62,55,76,68,76,96,101,118,142,150,101,96,99,91,68,76,93,134,129,144,168,152,164,150,132,104,123,107,129,101,85,74,113,71,91,99,79,99,85,96,104,91,91,79,62,82,71,88,65,110,71,99,71,74,71,99,74,55,74,85,65,57,88,115,115,115,85,79,104,101,79,82,101,118,115,115,113,142,164,164,134,134,104,71,62,74,93,104,134,173,185,173,132,127,74,39,44,65,68,55,79,76,68,39,41,44,55,74,68,62,65,71,91,65,101,101,82,101,135,140,152,129,135,132,104,71,50,82,135,168,157,173,185,219,185,121,127,115,113,79,71,76,104,121,107,82,85,82,101,76,91,108,85,53,62,65,68,74,60,76,104,118,99,179,157,115,157,68,101,76,48,57,74,68,76,68,60,40,37,53,46,74,53,57,55,53,53,46,55,50,50,53,44,44,53,44,48,42,55,50,50,37,55,48,32,42,50,42,40,50,50,44,48,53,71,63,37,42,37,40,42,40,37,37,46,58,68,71,76,82,99,102,105,99,55,37,30,42,40,36,58,82,93,105,93,88,85,108,91,102,108,102,79,82,58,79,121,130,110,85,71,74,99,150,193,199,173,160,116,88,96,85,88,96,79,53,55,65,71,79,110,116,99,91,99,68,91,79,79,82,71,42,55,63,48,60,66,102,153,140,124,140,137,113,113,102,74
73,85,93,76,50,52,54,47,50,101,71,104,110,118,99,85,85,82,96,104,88,62,90,88,112,112,126,141,115,112,129,112,101,136,168,185,205,172,126,101,65,52,37,37,65,96,137,164,164,185,156,134,164,179,156,132,152,139,91,96,88,96,96,99,118,134,134,96,60,62,60,88,99,93,99,101,150,96,96,68,85,96,134,110,91,113,123,113,115,104,113,115,79,91,62,71,65,68,43,88,99,71,104,126,96,79,99,82,115,101,62,96,156,113,79,99,129,150,137,142,172,183,164,132,147,159,118,91,62,76,96,115,185,195,171,157,115,104,74,41,43,43,50,52,52,68,52,41,39,39,41,43,50,43,46,57,82,88,101,124,99,74,96,110,129,107,107,121,99,79,88,124,164,179,173,179,198,177,195,113,132,124,99,65,62,71,104,124,129,113,91,62,93,108,88,127,88,65,57,55,71,60,50,88,115,96,99,110,93,124,91,44,101,57,55,48,60,60,57,68,68,44,44,53,57,48,48,65,44,44,50,40,50,40,44,53,42,42,55,53,44,48,37,55,42,68,44,46,36,44,46,46,50,55,53,40,48,50,63,50,32,37,46,42,37,42,42,44,60,60,71,74,74,96,116,99,93,110,82,50,44,50,74,60,65,91,99,113,102,76,82,99,113,110,96,68,65,58,63,96,135,157,142,119,108,99,96,105,178,178,164,127,105,105,135,121,105,93,85,55,48,71,71,96,108,113,119,105,113,88,99,88,96,96,76,63,66,63,55,82,79,76,113,124,108,145,124,113,150,157,130
99,85,88,112,68,65,60,52,73,101,71,104,90,101,126,118,126,115,118,110,73,62,65,99,121,126,152,156,118,90,134,147,121,129,170,198,194,185,115,113,104,82,43,55,91,123,141,189,185,172,147,150,179,194,205,194,150,144,134,132,129,132,96,82,96,96,101,96,55,55,55,48,65,79,104,91,115,99,60,60,74,104,107,113,132,107,107,126,115,99,115,104,85,71,52,65,43,68,39,62,96,96,107,115,110,115,104,96,115,82,88,110,164,121,126,124,156,156,139,156,200,195,144,118,118,137,137,107,88,88,85,96,181,215,181,152,126,104,79,62,62,37,46,65,46,65,65,43,46,37,39,46,39,44,44,55,82,93,121,135,101,62,60,79,104,110,129,132,99,85,110,142,150,147,164,173,147,137,183,150,124,101,99,68,65,82,115,118,121,129,118,99,82,71,96,129,76,74,60,60,88,99,88,85,101,93,85,115,91,79,57,60,71,85,76,53,44,55,68,68,71,63,53,63,60,50,40,63,44,65,55,55,44,42,53,63,55,53,63,63,50,53,46,50,55,60,34,40,42,53,40,42,60,57,53,40,40,53,46,40,28,46,48,40,40,46,55,57,74,74,85,110,96,102,96,99,96,110,85,63,60,65,79,65,63,85,88,85,76,71,82,91,113,108,91,79,50,60,68,102,130,157,164,153,121,127,124,113,137,150,140,113,137,116,137,135,108,85,65,58,53,60,79,91,124,132,124,124,119,88,96,113,94,91,68,68,79,79,82,71,68,82,116,79,113,97,132,155,176,171,155
99,79,101,136,90,65,62,54,68,60,88,88,104,96,115,161,164,129,118,121,60,62,43,104,81,99,150,134,132,85,112,126,121,126,147,175,161,170,152,147,118,104,82,76,99,121,129,164,164,159,168,170,175,175,196,161,144,118,172,185,212,187,159,129,107,91,118,121,68,35,35,50,65,79,101,104,93,79,55,45,57,79,113,93,82,107,121,99,113,113,104,134,85,52,52,55,50,65,57,52,96,113,115,132,126,132,134,126,99,88,107,93,113,115,142,126,104,99,115,126,142,159,113,113,88,139,96,113,107,71,79,91,144,185,175,144,115,96,113,82,62,52,52,65,52,65,74,82,62,50,44,44,55,50,48,62,99,113,127,129,96,55,65,55,88,118,159,155,115,99,115,132,147,145,142,157,118,118,162,147,96,96,121,101,82,79,127,135,132,140,132,118,93,82,82,101,91,85,82,104,104,110,96,82,91,88,79,96,127,88,76,65,85,99,99,65,57,79,82,71,68,60,57,46,63,53,40,74,79,53,46,57,60,50,50,46,57,57,60,55,71,55,42,53,53,55,37,42,40,46,48,50,50,55,46,40,32,32,36,32,34,37,44,44,32,46,82,96,88,108,124,110,110,105,99,124,105,116,108,88,74,63,55,63,82,91,82,76,85,65,65,74,105,124,105,102,58,63,76,108,127,140,153,145,173,182,164,140,99,110,88,93,121,127,142,132,110,76,65,63,68,55,65,88,127,127,122,113,102,97,105,124,82,60,71,88,102,111,113,88,79,71,74,68,60,86,135,157,197,178,130
118,115,149,149,79,54,50,54,57,62,76,81,115,115,101,115,131,126,110,115,88,60,79,104,96,96,118,104,104,73,85,88,88,118,144,147,149,129,164,172,175,129,110,88,93,107,139,149,177,179,147,147,161,159,177,166,113,132,203,193,231,206,164,139,107,99,142,150,79,33,52,76,55,82,118,82,101,99,55,48,57,79,82,91,113,115,104,91,88,85,79,88,88,65,68,82,99,113,96,96,107,113,115,152,144,129,152,144,99,101,88,113,113,99,129,110,68,65,113,110,113,115,91,101,124,104,96,113,96,82,88,118,134,121,126,121,104,104,132,91,68,88,76,79,71,85,65,82,68,88,74,55,55,50,46,79,110,121,135,93,107,88,82,65,88,101,135,142,129,127,118,132,157,150,115,171,104,110,118,118,82,93,132,124,93,85,110,150,140,127,113,118,108,93,96,110,93,93,82,82,129,115,76,55,57,82,79,88,121,116,105,121,121,101,88,79,65,65,85,82,68,55,46,57,74,48,46,82,96,60,48,44,53,48,46,44,55,71,55,50,57,50,50,36,60,50,60,48,48,48,48,40,42,48,44,36,30,44,53,37,44,40,50,48,30,46,74,105,129,108,99,108,105,96,99,118,113,121,91,91,65,63,68,74,82,79,82,65,113,68,55,40,121,140,135,113,58,68,85,102,119,121,148,148,182,192,179,157,99,65,82,82,110,132,110,113,99,82,68,71,76,63,53,99,88,105,102,102,102,116,108,97,85,74,74,99,122,122,127,91,63,68,79,34,50,58,102,171,160,130,85
147,131,144,141,68,45,54,62,65,71,57,68,90,112,90,65,85,126,115,112,112,129,166,141,144,121,104,121,104,85,107,115,104,156,170,141,149,144,170,203,211,170,101,107,118,88,93,115,126,134,121,107,126,129,144,150,139,187,132,164,200,203,134,123,113,118,156,164,101,65,79,48,93,71,123,132,147,118,104,68,85,88,79,76,99,113,96,68,68,68,76,91,96,118,115,110,150,156,147,147,115,99,99,126,142,115,126,159,104,85,104,137,144,101,118,115,71,55,101,134,126,113,93,115,110,88,118,99,68,118,101,124,134,101,85,101,126,132,139,115,93,101,99,127,76,79,82,91,115,96,79,68,53,44,62,82,88,118,115,104,113,104,85,88,104,99,113,88,113,142,129,132,135,147,159,113,96,99,79,96,93,93,93,124,110,93,121,152,135,113,101,110,101,101,115,110,93,79,68,85,104,101,76,55,60,79,76,91,105,142,124,121,127,108,68,60,65,82,99,93,65,55,71,63,55,60,60,60,68,55,46,44,44,53,55,50,48,63,63,53,40,37,42,42,48,50,50,50,60,55,57,53,46,46,36,44,71,68,74,55,44,57,53,34,34,71,71,96,124,108,93,96,96,99,79,96,96,88,91,74,74,76,68,60,60,58,76,88,74,96,60,63,110,132,121,124,91,79,85,105,108,124,135,132,166,200,179,155,113,88,65,68,99,102,88,74,76,79,82,68,79,79,71,94,88,60,82,97,97,110,82,71,85,82,71,88,113,113,116,94,58,85,63,42,71,63,97,91,99,68,68
104,110,129,121,79,57,50,62,68,57,62,65,76,73,76,71,76,101,131,115,134,193,175,144,147,134,132,126,104,112,126,132,144,159,172,154,156,172,170,212,225,202,134,144,104,76,93,126,123,115,118,99,82,99,121,115,156,172,113,101,156,134,115,93,104,147,161,159,134,96,79,74,110,52,101,118,104,118,113,96,115,115,99,82,96,121,107,82,99,65,85,88,115,144,170,159,147,183,175,137,129,121,113,118,115,156,129,150,118,85,85,113,132,101,101,118,99,68,91,126,129,132,126,115,101,82,91,101,91,121,101,113,132,104,96,147,164,121,118,127,96,88,107,118,68,74,104,127,129,62,65,88,62,55,68,71,79,113,121,99,113,79,88,96,118,104,110,132,113,101,96,96,93,115,101,113,110,104,93,104,127,93,68,96,132,132,118,121,140,99,115,113,96,101,99,96,68,68,82,108,93,74,79,76,79,93,65,68,99,110,88,105,115,93,79,85,82,110,121,99,82,63,74,71,74,68,68,68,65,57,57,57,46,46,44,48,50,46,53,53,32,28,37,46,65,48,36,48,53,53,46,44,46,46,42,63,96,93,88,74,60,65,55,46,42,76,96,93,91,108,124,102,108,79,63,58,79,93,71,88,85,82,68,68,65,48,58,85,91,105,71,102,105,99,93,108,99,102,96,99,110,121,113,121,150,182,148,148,121,102,82,82,108,124,96,63,65,82,82,91,79,85,88,74,85,105,50,102,99,79,65,82,76,82,60,71,105,110,110,102,85,85,68,71,76,88,99,71,76,88,86
129,81,115,107,101,50,41,81,52,37,60,71,76,62,52,62,68,93,131,144,179,172,131,104,139,134,139,101,90,96,107,131,161,170,168,172,144,144,177,203,210,189,177,156,96,85,88,96,123,132,115,115,91,99,126,121,113,118,88,71,93,96,79,74,110,150,150,132,142,113,99,101,79,85,76,99,104,144,132,113,118,99,123,126,107,115,126,104,110,99,118,126,142,142,147,181,193,188,168,139,137,150,115,91,115,132,118,134,126,71,113,76,82,71,79,101,82,82,134,142,129,150,150,115,71,68,104,115,121,79,82,147,154,121,164,204,166,85,62,96,85,85,88,74,62,71,113,132,142,88,79,99,62,62,99,107,93,96,88,79,88,79,88,99,96,79,96,129,135,118,85,85,118,88,82,115,127,173,150,140,142,127,93,93,121,129,110,96,91,101,115,104,79,96,108,74,74,74,115,110,82,65,82,96,108,79,55,62,88,57,79,79,108,110,96,85,88,104,121,93,68,74,71,82,93,82,88,65,57,76,63,60,42,36,44,42,44,46,37,46,57,46,44,42,44,48,40,42,42,36,36,34,40,60,82,93,105,108,108,96,82,68,68,65,50,55,88,88,79,102,110,124,118,74,63,76,108,105,91,85,88,88,85,79,91,71,65,74,85,76,71,96,105,96,91,119,99,79,96,96,91,88,108,121,127,140,105,96,108,79,71,108,155,160,122,93,60,74,93,91,82,91,93,99,108,96,96,88,82,74,71,71,53,79,79,71,79,93,108,113,105,68,71,97,127,113,122,99,94,91,116
139,144,110,149,85,37,71,45,65,88,82,88,65,50,41,45,73,110,149,134,175,164,141,121,144,126,144,112,90,82,93,129,161,159,141,129,112,126,164,172,156,161,147,156,101,65,62,71,101,121,107,126,104,104,129,113,104,88,88,60,60,85,74,79,107,137,137,113,126,126,99,91,85,88,76,144,150,132,132,110,121,101,82,88,91,99,107,110,82,150,121,96,152,150,150,177,202,142,175,161,129,124,104,107,121,126,113,121,96,101,85,79,52,55,85,113,126,129,137,139,161,132,144,121,74,62,101,107,142,88,85,121,175,181,188,185,96,50,35,62,88,88,65,60,46,65,99,132,147,107,99,104,53,62,115,129,113,79,71,74,82,68,79,96,65,53,76,99,145,150,104,101,135,107,101,118,145,171,137,155,137,147,145,118,107,129,110,93,91,96,93,93,96,104,113,104,110,74,127,110,110,82,79,101,135,85,48,53,68,62,93,71,79,124,91,79,96,85,96,96,82,99,108,96,85,88,118,96,65,79,82,63,55,44,42,48,40,34,37,40,53,40,63,37,53,55,42,37,44,36,32,48,63,82,116,116,113,102,110,91,82,76,88,71,76,74,60,79,85,88,113,110,105,110,96,88,108,113,91,82,96,108,108,71,79,82,68,68,68,76,74,74,91,105,130,105,88,68,68,79,79,82,124,105,99,105,88,74,91,91,74,110,137,160,132,96,65,68,63,48,71,105,93,76,102,102,99,91,71,71,65,68,65,71,96,93,76,76,116,108,79,71,79,119,160,142,148,124,94,86,142
136,112,115,141,93,52,79,99,99,118,90,68,71,82,82,73,82,131,164,154,179,202,168,141,115,101,104,101,79,79,104,129,121,99,88,79,79,99,126,141,126,118,115,150,88,43,50,68,91,101,101,110,118,118,93,85,91,96,68,50,48,79,88,85,107,132,123,104,74,71,82,79,65,74,101,118,96,115,113,118,93,88,79,91,88,82,104,99,115,82,113,101,118,137,152,161,181,157,137,150,137,134,134,134,113,107,107,82,82,62,65,101,65,62,96,124,161,175,139,144,164,132,129,118,62,88,88,113,115,107,107,134,126,150,161,107,50,41,48,71,85,60,62,48,39,55,85,118,110,93,137,134,65,55,82,93,121,101,68,79,85,60,62,68,68,85,115,115,99,118,115,121,175,171,162,166,147,129,135,162,155,140,152,147,110,124,115,96,99,113,115,115,129,121,118,104,96,79,96,124,110,137,142,91,85,88,53,53,79,101,76,85,110,121,104,74,76,82,88,91,91,108,91,99,88,93,116,74,79,91,96,91,82,68,57,40,40,44,40,44,42,57,36,40,53,65,53,58,55,71,65,76,108,102,113,110,99,85,91,96,105,110,124,105,96,93,85,88,82,76,108,137,160,132,105,91,135,130,88,110,113,96,96,93,79,88,76,68,58,71,50,63,74,99,110,96,88,71,68,65,82,79,82,91,79,79,82,91,110,110,91,119,108,124,110,113,76,53,55,50,71,71,76,82,124,127,102,82,74,60,71,68,91,99,105,102,91,74,71,86,68,79,86,124,176,165,153,132,88,94,145
90,96,99,126,93,79,99,90,99,88,99,88,93,99,76,85,96,131,198,129,136,203,183,110,93,73,68,76,82,96,118,123,101,62,65,88,73,71,88,137,104,115,132,126,79,45,65,82,96,104,113,118,134,113,85,65,101,68,50,57,55,68,82,104,134,144,147,118,71,85,82,55,46,65,71,71,85,104,126,115,82,85,91,91,91,85,113,104,91,115,113,96,115,132,159,144,142,124,132,152,161,124,129,142,113,113,85,68,79,88,88,68,62,85,104,147,156,144,175,172,147,126,99,110,101,82,79,85,115,121,101,115,129,104,115,93,62,68,57,79,82,68,55,41,37,53,60,85,85,91,124,115,57,65,101,88,135,127,85,82,113,74,79,82,101,127,150,142,99,88,104,132,191,183,164,173,142,115,135,166,191,150,132,142,129,121,118,99,108,118,113,108,124,118,129,108,82,93,88,79,124,185,159,68,37,65,96,88,104,101,82,96,118,121,99,68,63,79,85,79,68,82,85,93,82,76,79,85,57,91,102,102,118,82,57,46,35,46,32,40,40,40,40,42,44,63,79,71,79,93,105,99,105,116,113,113,110,82,82,96,99,110,96,91,82,93,102,85,58,76,113,140,129,142,110,132,116,137,110,105,127,85,76,110,85,82,85,79,65,82,79,85,68,88,110,96,71,85,91,68,68,85,68,93,68,74,63,108,119,99,96,108,116,110,130,105,82,50,50,74,76,65,68,105,137,110,110,82,76,60,79,79,93,93,122,108,105,99,76,79,71,74,74,108,150,162,153,140,105,94,127
101,104,99,123,112,99,85,104,93,88,88,99,99,62,65,88,118,161,203,126,110,147,118,57,68,54,43,65,82,82,118,134,118,82,55,71,99,88,82,101,82,118,126,99,85,88,107,96,96,107,129,144,144,118,93,104,88,55,50,55,68,71,76,101,129,129,132,107,96,104,88,52,41,55,62,55,62,107,113,101,104,101,88,68,62,82,101,134,91,85,93,88,76,99,113,115,132,147,134,144,156,142,142,152,99,71,52,82,60,52,68,76,99,101,150,147,159,175,189,157,115,115,115,147,115,96,85,137,104,99,132,121,104,96,74,79,82,65,88,99,101,82,37,62,88,71,43,110,68,57,57,62,79,107,113,121,150,135,115,107,118,82,110,127,132,127,129,161,135,96,96,129,175,152,142,161,132,115,132,150,168,155,101,118,135,127,101,108,110,96,104,110,115,127,118,96,71,88,82,68,101,132,127,57,46,82,118,93,85,91,85,93,113,91,79,96,71,76,82,65,63,79,79,74,60,71,96,71,57,85,105,108,102,102,74,48,48,40,35,34,42,30,37,48,53,65,88,118,118,118,129,121,93,102,93,71,71,91,118,76,108,93,85,82,85,91,82,79,85,96,93,113,142,142,127,108,173,113,96,119,127,116,108,124,130,96,93,85,85,102,99,76,82,99,102,71,63,71,74,71,71,82,96,65,63,63,60,76,91,102,105,99,91,91,96,93,88,74,71,79,96,93,96,113,113,88,85,110,68,66,111,113,88,111,113,122,102,88,82,97,94,76,66,88,132,160,135,157,119,91,79
99,99,96,104,118,101,88,88,88,85,60,79,112,126,112,99,126,168,181,129,129,136,73,31,39,41,62,45,52,82,113,132,115,126,115,104,101,123,85,96,96,85,104,99,118,129,129,101,101,123,144,156,150,113,101,99,71,52,62,62,68,71,82,85,85,96,110,107,91,85,79,71,62,46,65,52,71,91,104,121,113,96,74,52,48,76,107,132,113,99,115,76,55,88,82,88,129,154,134,115,134,144,129,110,91,68,50,62,65,57,71,85,118,147,159,150,142,175,177,134,85,113,113,85,147,150,113,118,96,126,168,144,144,126,68,55,88,101,96,99,91,107,76,113,88,88,88,65,71,68,68,85,115,145,159,157,161,168,135,157,124,115,129,142,161,150,124,150,159,113,88,115,166,145,152,142,142,118,121,121,127,115,101,115,110,96,104,93,88,88,93,101,104,150,93,101,88,88,91,65,79,104,108,101,101,121,110,96,82,91,105,96,105,113,96,82,79,76,88,91,99,82,71,63,65,74,71,76,68,79,116,118,108,105,79,63,53,44,44,42,44,48,63,57,65,57,76,113,135,127,132,142,105,79,85,55,68,85,91,85,85,85,74,91,76,76,76,76,91,113,102,127,150,152,121,130,132,113,142,116,113,119,119,124,140,96,76,82,93,99,105,105,76,110,82,58,63,55,55,82,65,93,93,74,60,68,58,76,91,113,99,91,105,74,85,88,119,96,85,88,93,99,91,93,102,102,96,116,88,105,86,94,113,119,94,116,74,88,108,99,86,71,68,88,102,116,157,182,116,88,58
81,81,68,90,96,99,99,88,85,79,68,85,118,118,104,96,129,170,191,144,104,126,71,33,31,45,55,55,62,79,104,107,113,134,141,134,144,141,126,113,99,82,73,96,132,134,132,134,129,126,147,170,137,93,104,71,71,55,71,85,62,74,91,85,79,76,88,96,68,65,62,88,50,57,62,62,71,82,88,96,91,82,76,68,55,74,124,121,142,164,104,85,85,85,82,104,154,170,132,99,126,121,113,85,101,104,82,68,76,65,71,104,113,124,147,142,134,137,129,132,88,85,118,129,110,118,154,121,104,104,144,200,161,101,68,62,82,104,107,91,99,152,142,118,150,96,65,91,99,96,99,101,132,129,145,182,164,166,152,183,159,129,173,135,150,175,145,157,171,121,82,88,177,118,135,127,145,121,108,115,124,76,76,88,79,76,91,85,85,96,82,76,88,110,104,99,121,85,91,82,91,124,135,132,147,140,91,110,99,91,93,96,102,96,99,99,76,79,118,152,135,108,68,55,60,63,71,74,79,91,124,105,96,102,74,55,68,65,68,68,74,85,82,74,68,63,71,93,102,127,132,127,99,82,50,57,74,55,65,63,50,44,65,74,76,79,85,91,96,99,85,121,175,142,116,121,132,113,82,135,121,93,91,119,121,108,91,93,93,63,71,63,79,65,60,46,44,55,60,63,65,85,105,108,71,71,71,88,93,91,96,102,108,113,127,110,127,119,82,93,93,85,65,88,85,102,91,97,105,91,94,88,99,105,82,86,86,74,86,79,79,76,88,111,108,142,132,140,108,91,36
81,79,68,79,79,68,85,85,81,79,62,88,121,118,129,129,152,175,166,126,107,112,71,41,32,50,52,37,52,79,104,110,112,141,172,159,166,156,147,126,104,88,85,88,110,126,112,99,104,118,132,150,113,88,104,79,55,65,74,79,68,82,79,82,91,96,74,79,68,65,65,76,50,50,65,52,79,88,82,82,88,82,82,55,50,82,121,137,150,150,88,134,99,104,147,129,142,170,142,113,134,129,96,118,96,124,71,74,79,57,71,71,96,126,134,134,124,121,107,91,85,101,137,124,107,142,132,113,115,150,183,161,107,96,91,88,91,104,113,107,145,142,127,129,135,145,82,57,88,93,115,107,124,157,142,159,142,127,145,127,173,150,159,157,166,157,150,121,115,91,65,68,124,104,115,115,132,118,110,93,82,48,46,82,82,71,79,101,93,82,79,71,82,68,91,96,110,110,113,113,127,164,142,116,129,124,110,129,135,93,85,118,101,85,85,85,91,101,142,150,124,113,65,42,57,48,50,65,63,96,124,110,91,93,88,82,79,76,91,105,108,102,91,85,71,65,74,65,79,108,110,108,102,79,53,57,68,68,79,71,44,36,50,63,85,85,88,108,110,91,99,113,157,148,118,121,145,113,129,124,116,102,108,116,110,102,96,108,82,58,50,50,71,60,58,50,55,55,65,74,82,102,121,119,105,91,74,82,85,93,93,116,145,132,127,116,113,113,110,108,124,91,74,94,102,88,108,97,110,94,113,91,91,79,102,76,66,50,76,97,99,116,127,135,155,140,110,102,88,60,53
104,68,68,73,79,62,52,62,62,52,65,90,129,104,81,131,131,123,134,93,107,104,57,45,52,48,41,43,62,79,93,112,137,147,144,137,172,152,137,115,71,93,88,93,126,126,147,141,101,118,129,115,101,110,101,79,60,91,74,55,55,68,82,82,88,91,71,82,68,50,57,62,68,71,82,62,88,91,96,91,88,76,62,62,71,93,137,159,144,115,124,118,144,154,147,147,154,164,144,132,134,118,99,118,93,91,91,76,71,79,46,55,85,113,118,118,132,124,96,88,101,134,185,118,121,115,101,110,104,147,150,129,126,113,99,115,132,134,110,166,177,129,113,147,147,99,55,48,82,118,96,88,96,121,137,135,118,107,127,132,115,132,132,144,144,110,91,96,82,79,79,93,101,118,121,159,159,129,76,60,44,46,68,76,88,91,108,110,79,76,82,74,79,68,71,74,74,121,137,129,159,166,140,108,96,118,132,142,147,132,105,132,76,60,68,65,88,115,132,142,127,93,79,60,53,42,48,46,65,74,82,99,96,96,93,71,88,102,140,129,93,105,118,76,71,55,63,63,60,65,71,79,93,102,74,63,60,88,88,85,65,65,58,65,74,63,93,118,93,96,118,105,137,132,99,99,113,116,127,127,132,127,118,99,79,96,110,113,93,58,60,63,65,60,60,65,68,55,71,96,130,124,127,116,99,79,58,60,91,96,99,96,121,150,140,148,132,116,105,122,113,110,105,105,110,137,108,105,97,99,94,94,71,66,97,60,55,66,94,102,119,142,167,155,148,127,113,76,55,55,58
88,71,65,73,73,79,50,45,47,52,65,88,126,62,65,85,96,85,79,71,85,88,52,45,57,43,50,43,50,73,85,99,118,121,134,149,141,147,99,118,85,55,68,91,99,115,142,134,104,129,137,93,126,129,88,71,71,79,79,50,43,57,79,82,62,82,88,71,68,62,74,79,104,126,115,101,85,88,88,85,65,71,71,96,104,121,150,164,147,132,129,99,170,172,156,156,161,161,142,137,132,118,88,71,113,88,88,57,65,65,52,62,99,101,113,126,104,99,96,110,110,124,150,139,101,115,88,107,65,129,150,115,115,129,99,135,154,168,129,183,173,124,129,164,118,93,57,57,88,121,115,101,115,99,140,173,144,135,144,129,93,115,124,99,124,113,74,79,76,79,85,96,104,110,168,147,135,157,107,76,53,55,79,85,93,110,93,74,65,79,88,79,76,68,57,60,82,121,155,142,162,175,137,85,68,91,118,157,142,166,132,108,68,44,50,65,82,101,108,121,121,85,60,79,48,55,46,44,60,63,55,71,93,96,91,71,85,121,121,99,102,124,76,74,65,57,57,60,63,74,79,57,85,108,82,71,58,76,85,118,82,93,55,48,50,74,82,79,121,108,82,116,99,105,116,91,88,110,108,93,102,116,99,82,76,76,105,85,68,76,63,65,74,74,71,58,76,76,88,79,145,137,130,116,82,50,55,68,63,74,93,116,135,140,157,157,124,110,99,94,122,110,119,116,142,130,119,113,85,108,85,79,68,74,91,79,65,71,94,113,130,130,150,150,153,127,82,74,53,60,58
88,81,65,79,68,62,88,62,57,68,79,88,48,101,93,60,71,62,65,62,57,79,62,37,48,52,48,50,62,71,90,88,110,134,115,126,118,129,104,112,96,55,50,60,45,74,134,118,88,93,104,99,132,101,118,79,71,85,68,65,52,82,65,68,88,85,104,101,96,104,113,115,147,161,139,115,82,71,85,85,65,88,101,91,101,129,134,152,156,150,132,139,164,161,147,150,139,132,123,142,126,99,85,85,115,91,55,68,60,71,65,68,91,99,91,96,101,91,82,96,99,113,107,150,104,79,96,99,82,96,107,127,118,107,115,118,135,132,152,157,185,101,132,132,118,91,96,71,96,121,135,132,115,113,118,132,147,121,135,129,68,82,79,82,85,76,55,57,79,88,115,68,88,124,164,182,166,207,171,104,71,82,113,121,113,129,96,71,74,79,101,93,68,68,76,96,127,152,162,152,185,183,132,82,57,82,129,155,142,166,137,110,93,65,48,71,88,82,65,76,91,74,68,76,68,65,48,50,46,48,48,68,82,91,88,99,118,113,93,105,118,99,88,55,55,60,68,46,57,65,65,71,74,102,85,99,63,50,113,118,60,88,60,46,46,55,85,85,93,88,85,88,102,88,124,110,93,93,68,55,65,79,85,79,63,76,71,55,48,71,65,71,82,79,65,68,65,88,85,76,121,135,113,99,93,60,63,60,50,79,105,113,113,119,140,145,116,94,85,116,132,135,148,140,169,140,137,108,102,91,96,96,96,94,96,105,102,99,110,132,160,132,122,142,140,124,74,71,71,58,53
129,115,107,99,85,62,65,88,68,65,93,88,82,115,112,71,60,71,68,68,65,60,48,37,43,48,37,55,65,90,79,96,136,126,104,107,121,131,99,96,79,55,43,48,43,71,104,132,129,118,115,132,101,129,113,93,104,85,79,62,48,55,68,79,85,88,115,126,118,121,152,139,147,142,156,134,96,65,82,96,85,85,107,107,126,134,134,147,156,150,132,150,139,132,129,137,126,104,115,132,104,91,104,115,101,82,74,79,71,71,62,74,79,82,71,88,99,79,55,76,99,101,88,113,93,79,76,85,104,68,124,115,82,91,107,96,82,88,152,118,166,101,91,132,96,96,99,79,76,110,118,101,88,85,79,85,118,85,129,115,79,85,71,79,85,71,57,60,88,91,96,115,82,71,175,179,198,205,195,152,113,99,137,113,107,127,107,60,76,88,110,104,60,82,115,129,118,127,140,142,173,198,164,127,108,124,145,110,147,142,118,124,110,91,74,79,79,74,65,71,82,85,82,79,102,85,68,68,60,40,37,63,74,74,96,116,110,102,93,108,113,102,91,48,60,57,55,55,82,91,63,60,76,85,96,68,65,93,116,105,53,63,82,53,53,60,88,96,79,85,99,76,124,113,142,147,108,74,63,58,53,79,82,88,85,96,71,58,63,63,55,82,65,79,65,63,93,74,65,91,96,142,113,127,91,68,53,44,76,93,91,108,102,113,153,127,148,91,110,113,148,164,153,135,140,137,140,113,91,82,96,105,105,113,96,99,130,132,130,135,119,116,122,130,119,113,97,74,74,53,58
161,168,144,118,85,71,99,88,76,82,107,115,79,96,104,73,52,57,62,71,82,68,55,47,41,45,52,39,50,65,82,112,126,112,104,99,90,99,96,79,65,71,57,50,71,104,126,129,147,142,126,118,129,113,96,96,85,68,88,41,71,65,71,93,96,88,121,101,88,96,107,104,129,132,132,115,101,96,79,71,82,101,132,123,126,166,142,147,134,142,101,88,126,134,115,107,104,93,96,96,96,88,85,96,91,79,96,82,71,88,93,79,74,85,82,79,85,65,55,82,101,85,79,62,68,68,41,60,99,85,110,132,93,71,76,74,65,99,101,132,154,127,88,115,107,60,71,79,71,85,85,79,96,79,74,71,113,85,142,104,140,129,135,107,93,79,65,71,82,79,101,137,79,124,124,173,185,200,182,197,132,121,129,137,124,152,110,101,68,99,96,132,101,93,118,135,104,99,147,162,157,185,204,152,164,135,137,157,140,121,93,91,93,96,71,53,62,91,96,102,105,91,74,102,127,113,99,96,68,36,28,53,74,68,79,76,71,79,71,60,76,85,60,53,60,65,65,76,91,88,74,68,85,91,71,55,58,88,102,96,63,65,88,76,65,68,88,91,71,74,102,113,99,124,140,142,108,88,93,46,60,74,82,99,99,102,110,105,58,60,82,68,76,76,79,58,85,71,74,76,108,124,142,116,96,65,58,44,74,105,105,122,105,108,96,140,110,110,93,116,137,145,140,105,124,145,122,102,93,99,122,124,127,110,91,99,124,116,105,91,79,82,105,94,113,116,91,91,86,74,60
159,118,93,118,126,93,65,90,104,101,88,79,88,90,112,88,65,57,57,62,71,73,62,54,54,65,57,43,37,54,82,82,101,104,96,82,76,79,76,73,65,71,71,62,85,85,99,104,126,134,104,104,121,91,99,88,71,68,82,71,68,82,101,101,101,88,82,88,79,88,99,85,134,134,104,132,85,74,96,74,82,104,115,142,147,195,142,161,126,118,71,99,124,115,104,101,82,71,88,99,101,99,82,74,88,65,129,85,79,96,118,88,74,96,79,71,96,76,99,99,101,91,68,55,46,48,39,48,91,113,129,129,99,68,71,82,68,88,96,142,157,115,99,101,65,57,85,101,85,91,99,85,85,79,85,71,118,155,152,171,145,150,147,104,93,57,42,74,79,82,145,132,127,129,132,171,185,177,140,140,185,152,135,155,168,113,127,101,76,121,108,115,62,99,115,124,93,135,166,168,162,175,190,159,168,135,162,157,150,88,68,55,102,110,60,50,68,91,105,105,85,99,99,142,147,121,108,118,71,42,46,57,68,65,63,60,50,53,50,46,48,60,65,60,55,63,88,82,76,93,99,68,68,82,76,53,55,93,88,85,82,65,93,99,79,76,88,68,76,96,105,93,91,116,108,113,88,79,55,68,63,71,96,116,116,105,121,132,74,53,58,76,96,82,91,79,71,71,71,76,113,108,137,142,68,68,55,58,82,99,132,153,99,82,93,121,85,116,99,108,121,132,124,121,116,137,113,116,102,116,124,135,132,99,99,79,99,79,76,74,71,82,74,82,94,105,88,86,99,86,60
126,101,85,104,101,88,112,93,93,88,79,57,54,62,107,96,81,71,62,81,81,81,68,55,65,57,52,52,39,71,85,79,88,99,93,85,82,79,65,85,85,65,68,82,73,71,85,107,118,118,101,93,85,82,82,93,101,101,91,91,110,134,113,85,79,82,82,88,71,62,85,96,113,85,126,101,82,99,99,91,79,104,142,156,144,142,129,144,79,147,93,113,110,96,82,96,93,85,115,104,93,107,110,118,96,101,129,107,96,96,101,104,91,82,76,82,107,99,118,101,88,96,68,57,50,55,48,55,76,93,96,85,74,74,85,82,76,107,96,99,107,79,82,96,71,79,101,132,127,115,113,118,85,79,110,118,145,183,188,183,173,171,129,96,93,82,65,71,68,68,135,118,88,118,166,127,166,157,135,150,162,188,162,142,155,164,127,93,93,142,135,108,71,91,91,93,121,137,129,132,155,166,183,171,162,166,137,166,96,85,76,60,118,102,82,88,68,71,93,85,93,113,157,142,145,105,91,129,88,91,88,76,71,57,57,60,50,50,55,53,53,57,71,74,53,68,113,96,79,93,88,55,71,85,85,60,63,85,93,93,71,63,79,88,85,96,110,91,93,127,96,71,82,96,85,85,82,88,82,99,82,88,127,135,119,142,152,140,79,53,60,74,99,96,63,63,71,88,85,79,88,130,132,108,93,82,58,63,96,137,132,137,93,93,79,93,99,127,113,124,137,130,119,148,130,132,130,124,142,127,127,124,135,116,76,66,71,88,63,60,71,76,71,74,86,82,82,86,111,88,86
149,144,107,96,101,121,81,96,81,62,79,52,50,65,101,104,101,71,43,65,82,43,68,65,50,52,55,55,73,73,85,112,99,129,118,96,90,73,65,68,88,104,65,68,73,91,121,121,118,99,96,85,74,68,68,115,150,121,115,134,147,113,91,79,76,101,104,99,88,96,101,115,121,110,113,115,113,121,121,99,85,91,134,142,121,118,121,118,118,88,134,121,110,79,68,79,113,88,96,113,93,129,129,129,129,118,132,118,104,113,96,88,88,85,91,101,104,113,113,101,85,96,88,68,71,96,57,65,71,82,71,57,57,74,96,82,82,82,46,65,68,82,79,85,104,121,132,150,159,129,107,115,137,99,115,144,155,159,188,204,171,142,121,101,96,82,79,76,60,96,129,118,127,132,127,113,150,182,175,171,129,124,129,140,127,99,93,88,104,124,150,121,91,82,99,101,110,113,118,145,157,166,177,177,166,157,164,124,105,88,79,60,85,124,93,71,93,93,108,101,82,129,127,135,135,129,85,140,116,124,88,82,71,55,57,60,65,63,71,60,71,44,65,74,60,76,116,124,91,82,82,65,60,96,93,65,60,76,105,91,79,85,76,88,91,113,124,121,124,121,91,79,76,88,93,93,96,96,108,99,96,105,110,121,142,164,164,135,88,55,71,93,88,88,58,65,88,105,74,85,76,108,121,91,88,88,82,82,99,137,132,130,105,108,85,105,108,110,119,132,140,145,130,116,97,135,122,130,145,137,153,140,142,113,91,76,55,58,76,46,50,58,76,68,82,60,76,94,91,105,71
147,129,73,85,99,71,115,90,90,57,82,37,57,43,93,147,112,60,39,71,104,57,55,68,41,39,65,52,62,73,85,101,115,115,126,110,71,71,85,62,82,76,93,85,85,123,104,79,99,85,85,82,68,79,82,118,147,142,150,166,132,82,85,104,93,115,129,137,150,156,150,139,137,129,121,129,129,126,129,121,107,107,115,115,123,142,118,121,126,147,129,123,99,71,96,104,142,126,101,132,118,91,126,142,118,104,126,85,82,104,85,88,110,91,88,104,132,152,137,132,137,99,101,93,99,113,79,55,55,96,82,53,71,91,96,104,68,53,34,39,68,85,91,99,147,173,168,157,157,142,124,154,159,107,132,159,175,147,177,171,152,145,107,82,88,99,82,50,88,137,132,132,115,104,99,140,179,193,183,175,147,101,127,124,93,79,71,71,88,101,135,147,118,121,113,118,88,96,142,182,202,179,159,162,173,164,152,127,108,118,113,65,91,124,129,88,88,113,105,108,110,110,147,164,129,135,105,147,140,96,63,85,79,63,71,63,68,60,68,63,53,55,68,82,76,79,105,129,93,71,82,79,65,88,85,74,63,79,93,85,88,110,79,96,116,102,118,124,105,116,96,85,79,91,85,76,85,88,79,82,79,82,99,137,150,152,137,132,74,76,65,68,85,74,60,74,68,91,82,85,105,116,91,82,96,93,91,82,113,124,148,150,130,130,110,110,116,130,124,130,130,122,140,148,140,127,96,130,155,160,127,132,142,132,105,82,68,50,48,53,71,55,68,86,79,79,88,99,76,102,97
134,112,52,47,88,101,85,129,93,54,47,62,45,71,93,107,112,85,112,96,52,62,65,50,45,62,96,73,43,60,57,82,99,96,93,104,85,93,115,96,76,85,99,113,113,132,101,99,99,88,96,107,88,88,101,126,156,161,175,134,132,115,85,104,96,118,142,170,181,161,150,144,134,129,115,113,126,115,113,118,121,115,129,142,129,126,134,156,159,137,134,142,118,88,118,121,101,107,101,96,99,91,137,159,132,118,96,82,79,68,82,79,104,96,96,113,132,170,164,156,157,101,113,124,113,124,104,41,53,71,91,99,132,134,93,99,68,53,44,41,62,68,115,104,159,164,161,168,144,137,129,142,162,132,129,171,173,190,142,152,190,168,82,55,88,118,96,74,99,147,142,127,101,129,110,150,173,142,183,190,124,99,115,93,74,71,65,60,74,88,121,137,110,118,118,110,93,96,137,164,188,190,183,179,175,173,166,171,145,166,135,116,124,121,124,113,93,113,127,99,88,113,121,164,121,110,127,150,137,99,82,76,57,57,60,65,82,57,57,74,44,65,76,76,63,68,96,96,88,65,71,82,76,71,74,85,63,76,79,99,88,91,85,91,105,108,121,121,102,99,85,74,74,71,68,65,63,60,74,79,82,79,93,102,137,160,130,113,88,63,46,48,71,91,85,82,65,85,96,102,121,105,102,99,88,105,88,91,102,102,137,145,171,135,132,119,99,116,113,108,119,113,130,130,124,108,93,113,142,157,135,130,119,124,102,76,58,60,76,55,60,71,97,116,88,68,82,116,91,97,99
126,121,54,45,85,99,107,131,99,39,39,35,57,71,88,85,118,118,131,123,62,52,52,47,79,57,54,76,39,73,55,82,79,91,79,115,139,137,134,110,79,82,76,132,147,185,141,141,147,118,99,115,123,96,118,134,183,150,168,129,144,96,96,82,74,129,161,159,170,126,101,107,107,126,104,115,113,126,96,99,118,134,175,150,126,123,142,152,152,147,118,129,121,85,91,85,65,52,50,57,101,115,82,107,124,96,85,88,107,68,85,104,79,79,104,134,159,168,150,134,129,142,139,118,99,121,88,46,48,44,82,137,157,152,115,85,82,53,50,55,65,68,113,101,129,150,161,171,132,104,118,132,195,164,173,193,152,214,159,147,135,115,62,74,91,96,88,71,96,157,150,85,96,121,113,115,110,157,191,188,124,82,68,68,68,46,53,71,85,85,93,115,135,140,91,96,96,96,110,152,179,191,183,171,113,142,142,129,135,147,147,135,124,132,132,121,110,102,108,102,91,82,82,137,129,96,113,135,132,108,85,68,53,63,68,55,50,58,58,71,68,48,85,76,74,53,82,85,74,74,71,85,85,82,79,91,76,93,74,99,79,68,71,46,60,96,102,110,93,74,85,68,63,65,58,65,48,53,65,76,82,102,105,110,135,135,142,108,85,65,48,60,82,91,91,102,99,108,105,116,142,119,124,96,82,76,74,76,76,76,121,160,188,157,164,119,145,116,102,91,113,110,113,121,105,99,96,88,108,130,94,99,94,119,111,82,86,71,50,58,74,86,91,71,105,113,102,124,116,99,108
131,129,62,57,96,90,107,123,88,57,60,79,85,68,99,99,99,112,129,129,90,60,55,62,62,76,73,88,65,43,62,88,107,115,113,113,156,172,170,101,65,68,82,113,164,187,183,126,126,129,115,115,126,115,123,152,118,132,142,147,126,104,39,74,79,104,134,113,118,104,85,107,118,110,121,118,99,104,99,93,104,142,150,124,124,132,144,150,150,124,110,104,76,65,68,57,39,39,41,50,82,88,85,85,76,85,91,99,96,96,62,60,68,79,129,185,183,152,104,99,129,142,124,132,126,144,82,55,48,43,62,104,164,159,129,99,85,68,62,68,85,85,85,91,104,147,157,145,118,96,110,147,173,193,207,197,182,188,183,121,82,74,65,79,101,96,62,68,118,137,140,121,135,135,93,101,88,127,155,152,118,82,57,68,74,79,79,68,104,91,113,127,168,129,127,93,101,110,115,127,155,147,164,173,132,142,113,129,150,164,147,147,135,118,113,102,113,118,96,96,96,105,74,96,96,96,118,118,110,96,85,63,58,63,65,60,58,63,58,60,60,44,85,105,85,68,93,82,88,110,102,82,93,88,82,74,79,85,58,88,76,60,58,46,55,74,88,91,99,82,85,82,58,65,65,60,53,65,50,55,85,96,110,108,105,132,113,113,91,79,50,58,82,105,102,113,130,130,116,130,130,124,110,74,68,55,76,79,74,99,119,162,190,184,182,157,113,110,102,88,105,113,108,105,108,102,88,97,76,88,71,91,99,113,116,86,60,71,68,66,82,79,66,82,79,105,135,140,122,99,102
144,156,101,79,90,99,79,121,85,76,79,93,118,112,126,107,96,96,107,126,132,115,71,68,82,96,112,99,71,50,104,118,110,147,156,166,175,156,132,144,79,71,96,93,147,134,150,126,134,134,126,115,93,113,134,129,129,132,126,115,99,65,55,62,79,74,85,101,91,96,115,113,132,142,107,88,118,107,107,88,79,88,104,101,126,137,134,156,142,85,104,65,52,57,48,50,65,74,52,62,85,79,55,43,65,65,55,65,52,55,43,39,48,71,118,150,152,157,129,132,132,152,134,113,124,129,96,71,52,39,50,99,157,142,113,99,79,71,79,76,88,101,79,74,82,88,88,88,96,88,101,135,168,212,205,197,204,155,137,132,88,82,79,88,101,101,88,93,140,150,166,150,171,115,101,113,85,76,113,121,108,115,101,101,121,110,108,96,113,110,99,115,150,135,137,113,124,116,105,99,121,140,157,168,142,129,137,82,110,129,164,150,135,113,124,121,108,132,108,91,82,74,88,74,129,105,129,116,93,79,71,65,57,57,65,65,55,46,79,65,57,57,71,76,88,105,108,96,102,93,96,113,99,85,68,71,74,91,76,85,74,60,74,79,79,82,85,85,96,85,85,85,60,74,74,58,50,53,48,44,55,68,99,96,102,145,124,113,91,79,58,63,88,119,119,130,132,132,116,113,85,102,88,65,55,63,79,74,68,96,137,140,175,202,186,175,130,142,122,94,105,108,91,99,110,94,79,97,66,68,82,94,113,116,102,102,91,82,74,55,66,74,53,74,66,119,113,150,145,116,76
141,147,123,93,81,104,81,85,60,79,71,90,118,147,132,141,123,112,115,101,115,126,88,85,132,112,112,99,65,57,55,90,161,175,164,175,175,161,129,123,101,82,112,129,137,159,156,156,142,150,118,101,104,104,110,107,126,118,101,88,62,60,45,50,79,65,68,76,68,101,134,113,126,129,113,126,118,107,82,88,57,68,115,118,142,126,126,132,115,82,71,57,62,71,52,65,99,79,60,79,71,50,39,48,65,46,37,46,55,43,35,37,50,79,129,137,113,115,161,173,166,150,134,144,118,142,115,113,85,55,65,93,126,127,96,96,76,68,71,104,96,127,115,53,44,50,53,65,74,79,104,150,175,191,193,198,181,104,110,137,96,79,82,96,88,113,127,118,147,155,145,147,137,137,140,110,82,104,121,127,113,108,121,132,135,108,108,121,113,99,127,121,155,118,129,127,113,113,127,101,96,135,140,135,132,110,113,57,82,135,142,127,132,152,118,110,113,101,99,82,63,79,99,74,110,85,93,108,124,76,85,93,74,55,71,85,55,57,65,65,53,50,57,96,71,79,93,93,96,91,93,96,88,65,55,55,88,74,68,71,63,63,82,85,71,91,96,108,82,74,79,82,85,79,71,60,50,53,50,37,37,63,96,96,102,132,124,99,79,79,71,65,102,113,113,145,127,124,99,96,82,74,76,82,58,76,71,74,76,79,110,113,148,176,173,162,142,153,116,102,71,79,85,63,82,99,88,82,85,94,97,88,116,110,108,94,110,88,53,55,53,74,44,46,97,94,127,148,135,124,99
141,154,129,99,85,85,68,45,52,65,57,96,131,183,149,194,164,118,88,101,126,104,126,104,141,112,121,101,82,48,41,62,112,156,181,152,156,175,159,96,104,113,129,147,179,177,147,161,147,132,132,115,88,79,132,137,101,126,104,74,45,33,55,79,71,65,55,82,88,85,107,115,118,126,107,101,104,96,88,96,82,82,93,118,142,118,113,110,74,60,71,99,82,76,99,85,82,62,79,71,50,37,39,55,57,43,55,43,52,28,34,43,71,99,142,129,88,115,121,137,121,137,134,124,164,161,144,118,104,79,82,101,96,96,96,129,79,41,85,101,101,132,132,41,23,35,34,39,74,96,115,132,159,181,185,168,152,99,121,118,79,71,85,96,96,113,127,118,124,118,124,129,113,142,142,124,127,140,137,135,110,107,118,113,121,121,110,115,115,108,127,124,140,132,124,137,118,118,108,93,88,101,115,129,118,115,101,85,60,91,91,108,113,118,108,99,99,96,96,82,118,105,96,102,60,65,96,124,132,113,99,88,85,93,74,74,88,88,63,71,63,76,79,68,76,60,85,82,74,60,65,91,93,71,79,60,68,82,50,71,74,74,93,91,65,85,79,82,60,60,68,74,74,48,50,60,68,55,44,48,48,58,85,82,85,99,91,88,91,85,88,76,88,99,96,110,93,79,82,76,65,53,74,79,71,68,63,82,74,82,85,99,113,145,150,140,135,137,110,82,65,55,60,76,76,88,91,96,113,108,108,127,102,110,124,113,105,99,68,58,79,63,66,97,91,102,160,132,157,130,82
147,170,129,118,112,90,43,39,55,41,76,88,164,179,161,152,144,104,76,82,107,99,131,134,134,149,131,131,101,65,52,71,126,152,170,144,134,164,132,161,91,126,101,132,150,144,132,134,132,129,115,101,118,137,134,123,110,132,99,71,65,79,101,88,68,65,65,52,82,107,110,134,132,110,96,96,85,99,107,88,121,93,71,99,101,91,88,88,88,82,60,93,88,76,74,65,101,96,96,71,41,48,43,46,68,57,50,43,37,32,37,37,52,93,110,88,104,104,93,99,79,88,115,132,183,177,168,159,132,132,115,82,76,82,88,101,82,57,113,88,132,99,107,55,30,44,46,41,82,142,152,113,166,171,175,157,159,164,142,79,65,82,88,91,96,107,118,115,104,101,110,118,104,115,137,147,147,142,129,115,101,113,113,115,140,145,127,124,124,118,132,127,127,121,121,124,121,108,99,104,79,91,129,132,113,127,115,79,62,68,93,88,74,82,82,85,99,105,127,108,118,137,137,113,68,76,105,105,105,99,102,85,91,108,105,93,79,108,91,110,79,65,96,85,79,60,79,85,65,68,74,88,85,63,71,68,102,88,68,65,74,68,76,71,55,50,60,60,55,50,71,58,65,48,48,79,63,60,58,65,76,74,65,71,108,105,93,102,102,91,79,79,79,82,85,93,74,71,68,55,60,53,65,68,60,50,63,71,71,65,60,85,85,105,130,127,130,127,99,74,63,46,60,79,82,76,82,91,116,108,105,150,130,111,119,124,97,105,82,86,82,88,99,94,102,127,132,132,137,122,94
139,149,139,136,134,101,50,41,50,62,82,90,159,164,164,126,121,99,65,50,79,101,118,134,136,99,126,126,134,90,82,115,156,129,144,159,144,147,101,121,91,134,99,134,115,126,88,110,115,110,82,85,107,113,113,115,147,118,147,121,115,88,99,99,85,74,82,82,55,88,126,121,88,113,126,101,93,88,129,104,113,132,82,74,76,62,65,68,71,85,88,55,85,71,71,48,57,93,88,82,60,65,52,48,57,52,50,55,48,46,39,37,48,71,65,85,93,96,82,62,39,48,115,166,181,191,202,175,157,157,129,99,68,68,79,88,129,96,110,121,150,96,82,113,99,50,55,74,91,113,129,168,164,185,173,164,147,145,85,88,88,91,85,96,118,107,88,99,82,76,99,115,121,110,132,115,150,162,152,137,150,142,118,132,162,142,137,147,145,127,127,110,101,93,85,88,96,96,108,108,96,118,129,108,121,145,121,88,101,104,108,85,65,82,96,110,110,102,124,147,142,162,147,110,102,79,82,82,82,96,99,96,93,113,110,108,105,105,127,159,85,118,68,108,71,63,74,74,79,60,58,91,76,93,65,99,102,99,88,65,60,82,76,60,58,50,27,44,65,48,65,63,53,55,53,71,71,71,79,85,91,68,76,79,116,85,119,116,108,102,88,93,82,68,91,91,85,82,55,58,65,65,53,79,50,48,58,55,60,53,53,63,63,74,110,108,130,113,108,91,82,91,85,93,91,79,82,76,82,108,113,108,130,130,130,132,108,91,99,105,108,99,94,124,97,113,108,94,86,105,76
123,112,123,147,149,107,85,88,76,88,82,104,141,156,147,141,101,79,68,65,73,88,96,112,134,104,101,118,132,115,93,104,139,126,144,170,161,129,99,93,85,147,101,141,144,134,121,113,118,85,57,68,91,88,132,107,115,132,121,107,68,121,99,99,101,96,88,88,96,88,96,91,101,113,147,104,79,85,107,113,113,93,91,91,79,62,71,82,85,82,74,68,79,79,82,62,60,79,96,96,79,79,65,43,46,46,62,79,60,41,41,55,55,50,68,74,79,71,50,46,30,41,132,188,177,195,206,189,195,185,132,85,55,62,101,96,99,126,129,113,132,88,96,110,101,60,68,101,101,99,96,113,164,129,127,150,135,82,113,101,91,79,101,101,96,96,82,74,55,71,99,96,113,101,110,137,166,190,164,171,179,145,110,118,135,115,159,132,132,124,104,82,79,79,71,65,76,93,108,99,93,121,121,104,121,121,127,108,105,129,121,96,82,79,108,127,102,102,118,135,140,142,140,132,140,74,55,93,91,102,96,110,108,96,102,102,88,91,108,113,121,105,79,71,71,82,76,76,74,91,82,79,113,127,96,76,74,85,71,82,85,76,58,76,88,65,37,48,85,79,85,74,53,76,63,74,76,82,79,93,99,71,93,93,82,93,108,140,99,93,91,91,82,85,91,79,82,68,74,68,79,82,68,85,85,63,74,74,79,55,48,55,50,85,85,116,113,113,116,110,105,108,99,93,93,79,76,79,76,91,102,105,116,119,132,132,99,99,108,105,108,119,130,119,108,74,76,63,58,82,105
147,115,107,147,149,96,118,134,112,99,104,121,141,126,112,118,88,71,76,88,85,82,65,96,132,152,147,175,154,121,123,134,159,161,164,161,147,104,82,88,115,137,115,147,144,159,132,150,137,85,52,62,107,126,118,123,113,144,99,91,129,99,129,107,110,113,99,85,68,88,118,115,154,150,147,96,52,79,85,150,156,124,91,85,88,91,99,96,85,82,68,93,71,110,71,76,110,85,85,88,71,57,43,39,39,39,55,60,65,65,52,53,60,53,57,62,50,53,41,30,25,46,132,157,175,185,188,193,205,198,113,53,48,65,96,99,107,115,107,85,88,88,127,135,113,107,113,121,104,88,91,99,137,101,115,137,85,79,85,68,101,91,104,85,65,91,88,79,62,68,85,82,101,93,99,177,135,162,190,129,135,147,113,96,93,101,140,113,132,108,74,79,74,71,85,82,68,110,142,115,108,137,124,121,102,121,116,118,93,124,127,102,74,63,96,118,102,116,137,152,118,105,124,129,116,79,65,93,96,91,85,85,91,82,82,96,102,113,129,102,113,121,74,76,74,76,82,88,76,79,102,102,121,96,108,116,93,93,93,93,127,99,88,91,88,79,55,65,99,71,91,68,58,63,82,108,102,65,53,88,93,79,82,96,96,113,102,135,99,60,63,71,88,82,79,91,91,102,85,105,119,108,110,110,135,116,119,116,82,79,63,58,71,88,76,116,105,105,99,85,88,71,76,60,55,71,53,66,88,99,88,94,91,99,111,122,116,111,102,113,116,153,160,135,119,82,60,58,71,86,97
170,159,144,129,129,118,101,101,115,104,144,164,141,118,81,81,79,65,76,88,118,99,57,68,118,166,203,215,164,154,177,159,170,170,147,126,99,88,88,118,132,126,129,141,150,144,147,150,126,118,62,79,110,104,115,134,142,147,142,139,144,79,99,115,123,85,96,96,101,99,129,134,137,134,126,88,65,43,101,144,113,129,137,96,91,88,88,88,68,93,91,82,71,76,71,115,93,88,101,107,79,60,76,55,41,62,52,71,62,55,62,57,79,68,65,57,39,30,32,28,32,65,132,150,161,152,181,185,181,175,101,65,85,93,96,99,99,79,71,71,96,110,113,101,129,157,145,124,113,96,82,88,101,96,104,101,82,76,99,85,104,113,107,99,68,68,101,93,85,82,74,137,85,74,99,118,113,137,173,157,115,157,142,99,110,115,115,124,113,91,60,71,85,91,91,101,88,116,147,110,132,137,127,127,82,127,99,105,93,96,105,74,63,63,63,93,118,135,140,145,124,105,105,124,93,99,105,91,82,85,74,68,71,74,102,129,118,140,118,132,127,116,85,79,74,79,82,82,79,85,99,105,88,93,96,99,99,116,108,113,116,121,93,74,88,82,68,53,68,93,88,65,60,63,85,96,113,88,65,76,102,76,76,99,96,113,113,102,127,93,58,60,71,85,79,79,105,119,127,130,110,116,102,145,124,142,119,121,82,76,74,63,74,68,88,88,119,102,91,79,71,63,68,53,46,68,63,74,108,91,71,68,94,88,102,127,135,130,113,111,124,167,180,165,111,91,66,53,58,82,94
161,175,129,85,126,156,104,126,181,168,198,185,159,112,82,71,62,57,85,88,132,107,82,79,121,154,205,200,170,183,161,147,149,132,96,79,93,96,99,147,166,142,126,150,170,144,129,154,159,126,57,71,118,101,79,113,147,137,144,126,118,91,85,118,132,99,101,132,101,96,118,134,115,132,126,115,62,68,79,129,104,142,99,88,85,74,96,115,96,68,88,48,65,85,82,99,68,91,88,65,79,85,88,115,115,99,62,99,79,137,88,74,126,101,60,37,32,37,37,37,68,104,157,150,121,129,166,152,126,118,137,129,157,159,115,88,76,62,62,85,99,99,93,82,132,157,144,115,93,115,91,71,82,93,107,113,101,85,107,135,132,127,113,101,96,96,76,85,115,101,88,121,62,65,68,71,101,110,118,132,124,137,147,118,132,147,113,74,74,85,65,91,99,110,82,96,113,105,118,132,145,121,132,121,105,145,96,82,82,65,74,76,60,71,65,74,105,115,110,99,96,102,116,127,145,137,105,71,88,74,68,63,74,74,99,129,124,140,157,105,105,110,88,82,71,63,74,79,76,85,85,79,88,68,71,85,79,96,96,108,108,76,91,82,79,76,71,55,63,79,88,74,76,93,127,116,116,132,105,105,96,85,85,102,96,96,110,96,93,88,82,63,91,85,82,74,79,93,116,102,113,124,145,132,119,105,108,108,76,68,74,60,68,58,63,76,91,94,79,68,79,91,91,88,68,68,88,102,97,79,66,79,85,76,91,116,130,140,124,102,116,127,188,180,130,97,71,58,68,91,140
141,159,112,79,134,149,159,131,201,215,208,166,136,159,101,57,45,55,82,115,126,107,115,90,126,147,194,152,185,175,156,164,147,115,85,85,126,115,115,168,196,156,134,142,159,154,144,164,179,115,52,65,118,96,68,132,132,113,115,126,126,99,91,118,132,101,113,144,118,88,118,134,118,129,126,107,96,99,74,115,113,121,121,88,79,85,82,91,93,88,68,55,79,48,79,62,93,50,50,62,99,96,91,99,118,101,115,82,121,104,99,101,142,126,79,55,34,46,82,85,96,124,139,142,121,132,159,115,113,96,144,157,183,173,113,99,107,85,82,74,82,101,110,74,121,154,150,110,104,113,82,55,68,104,115,104,135,104,110,101,129,96,85,88,101,104,82,85,121,132,132,127,65,53,55,79,82,113,124,113,96,104,137,152,147,135,76,57,68,88,93,105,110,93,85,96,127,118,135,155,132,113,101,105,115,124,79,79,60,79,76,108,91,99,105,91,101,96,79,65,85,88,147,127,166,155,116,88,88,74,82,82,74,96,93,110,132,145,121,110,102,99,108,63,63,74,85,74,74,74,71,82,71,71,60,55,60,79,65,60,85,113,108,105,93,76,55,63,74,93,99,85,99,110,118,147,108,91,113,96,79,93,105,96,93,91,79,82,99,76,88,85,74,82,91,55,79,88,96,99,105,137,105,105,127,119,93,88,71,71,58,66,48,53,55,74,68,88,102,79,96,102,96,124,91,94,94,88,76,91,88,99,76,88,102,119,130,142,127,105,102,105,182,150,122,119,94,74,88,99,137
107,159,131,62,96,176,147,118,218,215,222,147,156,141,101,52,39,60,90,101,136,147,129,112,118,144,181,147,161,175,152,147,131,112,104,112,149,159,170,175,206,183,139,107,152,142,179,170,177,142,62,57,104,96,71,121,123,91,113,161,115,107,113,126,134,110,126,154,115,88,113,118,142,139,142,134,101,101,91,99,134,123,107,96,85,91,74,82,99,91,85,68,60,71,71,68,62,65,57,99,134,101,107,113,115,159,121,82,118,96,134,126,147,113,68,62,62,74,99,104,85,82,126,85,93,157,129,118,85,91,121,147,129,115,113,104,137,129,118,79,93,82,88,99,104,183,118,96,101,82,68,55,62,88,99,121,144,115,96,62,99,88,99,68,96,118,118,96,104,129,142,113,65,57,62,68,82,99,101,76,71,99,145,185,159,115,65,40,53,82,91,71,115,124,85,85,118,150,142,118,105,88,60,63,79,60,60,71,63,91,108,118,150,147,142,132,96,93,91,79,96,93,118,108,129,160,108,113,105,105,99,99,93,102,96,85,96,135,132,113,124,124,108,85,105,88,71,55,50,71,71,68,76,74,42,74,79,88,48,82,127,129,99,99,88,74,88,102,60,85,99,99,110,99,91,110,102,74,102,102,102,108,88,82,76,82,74,76,74,102,108,88,93,96,96,76,71,91,85,105,102,108,82,91,105,113,88,71,63,60,42,55,58,76,60,53,79,91,127,124,116,119,113,116,127,119,116,88,91,91,102,88,96,132,140,145,148,150,145,116,99,99,137,94,105,135,124,99,79,68,97
104,129,118,73,73,161,134,131,181,216,218,141,123,88,88,71,52,65,88,121,134,134,136,144,136,134,152,154,131,134,101,93,115,90,73,118,164,185,194,193,212,185,99,93,154,113,177,185,164,142,60,55,113,99,79,104,142,82,96,144,118,150,134,147,134,110,150,154,118,113,129,137,150,144,150,156,118,104,93,126,126,99,113,115,96,88,96,91,96,93,85,65,62,88,82,74,107,115,104,118,142,144,147,144,150,161,113,91,113,118,115,134,134,110,79,65,62,71,85,107,101,79,79,93,85,127,135,118,99,82,79,82,88,88,115,115,104,127,110,96,93,53,74,101,129,144,85,82,82,68,65,44,55,82,113,150,150,132,132,96,85,91,96,74,104,124,147,99,96,145,127,93,99,85,79,55,55,85,96,96,99,107,121,147,177,155,71,40,50,68,93,113,96,127,79,68,118,135,129,129,96,79,55,50,65,60,55,74,91,108,115,145,147,155,142,124,105,110,108,91,108,91,85,99,102,118,99,96,110,108,108,110,116,105,85,82,79,96,93,102,102,118,113,102,96,88,71,50,48,55,60,82,93,76,68,110,88,74,85,135,145,113,85,102,91,63,88,71,102,74,102,108,99,91,71,88,102,93,99,121,99,96,88,74,82,88,76,93,96,91,105,96,82,82,88,65,63,74,74,82,68,76,91,76,82,105,88,63,58,53,74,63,74,74,82,96,105,127,122,119,96,108,124,99,132,132,116,108,137,116,113,96,110,145,150,155,176,157,184,148,108,91,111,108,122,119,111,113,68,60,82
76,112,118,96,131,170,131,118,164,181,126,96,79,68,79,68,62,71,104,136,152,134,161,177,141,159,144,134,85,101,115,110,118,123,110,139,172,189,196,235,172,159,96,91,104,118,139,152,132,115,74,55,88,93,88,115,126,101,88,134,142,168,118,150,170,150,156,147,104,118,137,166,170,187,164,175,150,132,129,118,123,101,107,115,115,126,132,129,76,85,93,85,79,82,71,99,118,110,118,124,139,164,191,154,132,126,113,101,88,107,124,126,132,129,76,71,101,113,85,121,104,71,126,115,60,71,99,96,113,96,68,50,48,60,96,118,96,82,104,82,53,50,68,85,144,93,65,71,62,65,71,65,62,107,142,161,173,171,175,115,85,96,82,93,113,88,142,129,96,145,140,113,137,115,101,79,40,62,82,127,127,99,115,135,132,115,104,71,71,76,93,104,99,99,71,60,104,121,121,101,82,99,79,68,82,96,93,96,108,118,135,150,150,145,121,142,135,118,110,116,96,82,76,74,85,85,99,96,88,79,76,79,93,88,79,79,55,60,63,60,55,85,88,76,85,88,71,48,60,65,65,82,88,71,79,102,105,110,79,96,93,93,82,91,74,60,71,53,91,91,99,96,116,102,102,74,119,108,99,93,99,71,82,65,74,76,85,88,85,116,102,93,93,85,88,58,50,88,79,71,60,71,79,99,85,79,99,76,50,58,82,74,71,93,65,74,76,88,79,82,102,105,116,127,130,130,113,127,155,127,122,142,142,127,127,153,182,171,153,160,113,122,124,119,119,111,105,108,97,79,71
71,126,159,104,131,151,104,112,144,99,99,65,48,37,43,65,62,76,126,156,154,159,156,154,156,154,179,115,99,99,113,134,154,147,132,134,152,183,203,193,134,132,88,76,68,85,101,123,118,104,74,52,68,99,101,113,101,150,96,123,175,144,96,164,200,170,118,129,113,107,118,107,150,170,126,179,161,139,132,113,101,104,104,107,129,159,134,104,96,96,99,118,93,126,88,88,76,88,91,96,107,132,166,156,113,107,101,88,99,85,101,104,152,144,101,113,134,99,85,129,159,118,96,115,65,55,74,93,88,85,74,57,57,62,96,104,147,150,96,74,50,46,55,124,88,79,79,82,99,91,88,71,88,115,147,147,155,168,135,107,85,127,99,99,82,104,135,135,110,152,197,168,129,124,91,93,53,57,85,99,124,108,113,135,132,127,121,101,93,50,74,82,101,85,65,60,85,124,142,135,124,135,124,96,85,63,105,105,110,124,142,166,182,171,157,145,140,108,105,99,121,88,96,79,82,88,135,135,88,65,53,58,88,108,96,79,65,58,65,53,55,65,76,91,105,110,85,82,82,88,76,65,63,44,46,79,108,102,58,58,50,68,76,71,68,74,60,76,74,91,88,96,110,91,124,88,93,93,85,85,68,93,60,82,85,65,74,85,88,102,119,130,116,85,68,74,71,68,71,63,60,68,91,76,91,68,65,91,79,50,63,60,58,71,76,65,88,105,82,108,140,113,97,132,124,111,122,132,137,157,160,132,160,140,150,145,135,176,192,162,132,148,97,91,97,102,100,97,97,79,50
88,115,141,129,149,134,96,68,96,68,41,43,37,45,43,50,55,82,123,134,161,149,147,156,126,115,136,110,79,71,88,101,107,107,112,131,126,141,168,152,142,104,76,74,52,65,99,107,96,82,57,65,79,96,115,118,99,147,126,147,206,159,132,161,185,139,101,142,164,115,96,104,142,137,154,142,154,113,96,113,115,132,142,132,132,161,156,150,156,88,142,129,110,142,85,79,101,96,68,91,85,99,129,137,126,101,126,85,71,85,99,126,142,139,159,196,191,129,85,132,164,137,121,129,65,52,79,110,147,104,115,99,71,88,82,104,132,150,135,99,57,50,76,79,82,93,85,96,85,88,104,85,93,121,127,140,121,127,101,88,110,152,129,96,101,121,127,115,127,171,198,173,135,113,99,118,82,79,93,96,110,124,132,140,147,127,124,113,79,46,76,76,88,71,57,63,60,91,145,135,96,121,124,99,91,60,99,105,105,101,121,132,155,168,145,132,124,79,57,76,88,85,91,85,102,110,124,127,82,63,60,57,82,99,124,102,102,88,74,63,63,91,110,124,135,145,132,132,118,102,96,76,58,63,68,91,91,74,63,68,79,82,85,82,79,74,71,74,82,85,113,88,91,96,99,91,65,76,82,85,76,58,74,93,60,50,68,96,110,132,119,132,110,96,76,68,74,58,60,60,76,74,85,93,102,48,50,68,85,48,40,48,55,55,79,110,82,85,108,116,113,124,124,105,127,113,122,110,135,127,160,145,162,148,148,164,201,199,182,182,157,113,71,60,48,88,97,86,91,97,60
96,112,134,123,144,159,65,57,62,79,37,25,39,57,60,43,43,73,154,177,131,161,161,159,136,115,118,85,57,52,62,65,52,82,113,118,126,104,123,104,96,104,65,65,62,65,71,65,88,71,65,68,55,82,129,142,93,107,175,172,185,213,181,142,166,156,126,147,170,134,118,152,156,139,161,118,144,96,115,123,150,154,172,144,129,161,170,142,129,101,159,126,124,142,129,113,118,104,93,121,99,85,129,137,157,126,152,110,113,85,76,129,132,144,159,183,183,159,126,134,183,175,150,121,68,65,82,96,115,121,101,99,85,91,99,99,150,132,129,115,88,62,53,71,85,82,76,76,88,93,96,88,85,127,150,152,104,96,115,110,127,118,104,115,96,104,124,115,107,152,175,129,129,118,107,121,113,96,101,113,113,127,121,129,115,104,124,113,88,82,88,101,74,65,68,71,53,85,135,115,76,88,93,88,88,99,93,96,96,108,118,108,116,116,135,132,108,79,65,55,74,96,105,99,132,124,132,116,96,85,79,68,88,96,108,137,118,96,71,79,91,110,118,140,152,160,150,145,140,113,105,99,85,99,85,88,74,68,79,76,88,96,91,76,74,82,74,76,102,96,102,82,88,88,93,93,65,71,82,85,76,74,79,74,71,50,65,108,105,130,132,121,102,102,108,91,65,65,60,60,76,93,91,85,74,46,55,53,68,55,32,60,55,58,108,140,108,88,93,105,99,124,113,119,102,130,127,116,127,145,165,124,137,148,153,167,169,173,197,171,135,99,42,58,55,66,88,111,86,99,76
99,126,136,131,129,144,81,81,62,71,48,43,65,57,71,52,34,85,121,163,161,168,181,152,139,137,79,82,50,52,65,65,50,52,79,88,132,123,115,104,45,82,79,82,57,43,85,71,60,79,79,65,79,85,118,134,88,96,172,170,142,198,205,150,159,185,150,137,139,152,137,132,137,115,110,85,101,115,154,144,159,170,172,159,147,164,161,129,113,129,134,142,137,164,132,115,124,126,159,156,142,121,129,150,150,134,156,132,137,82,82,115,147,134,134,159,195,161,115,115,142,164,118,115,101,85,79,126,104,93,101,121,115,110,113,124,137,134,137,129,101,50,85,68,88,68,82,85,129,115,79,104,115,115,161,171,68,71,113,147,147,76,107,132,118,127,132,129,124,129,147,142,147,121,91,104,118,129,108,118,124,113,104,108,104,96,121,137,129,129,124,113,93,85,99,91,76,101,96,82,76,76,79,85,96,102,85,118,116,116,113,102,96,88,88,118,113,105,79,79,88,110,116,118,140,132,150,157,132,113,91,79,74,99,105,137,121,124,99,96,99,99,113,116,132,140,140,135,124,118,88,91,68,63,63,60,68,74,74,76,76,82,96,93,85,91,88,71,79,88,88,65,63,71,85,96,76,55,68,76,82,91,91,85,99,65,63,102,93,113,119,96,99,82,85,119,96,65,76,74,71,74,91,82,63,53,65,76,60,65,58,68,88,96,119,132,108,105,88,108,105,108,97,127,116,111,124,148,142,150,145,148,130,116,124,132,142,140,160,153,102,58,55,71,99,102,79,102,68,66,68
129,147,126,129,147,136,126,85,60,45,65,48,62,50,43,41,41,79,156,193,170,161,206,156,154,156,79,60,57,52,52,55,41,41,65,79,104,90,123,88,113,82,118,65,76,55,43,39,43,71,85,68,65,113,118,96,99,104,154,132,121,134,185,154,134,164,168,147,147,132,121,101,88,99,88,68,88,113,142,147,154,170,166,168,159,156,166,147,91,107,134,134,142,150,115,110,152,156,150,159,115,96,99,118,134,121,126,132,99,104,118,115,134,115,104,147,164,150,107,99,147,164,96,93,79,99,88,99,96,121,85,134,150,173,193,132,104,132,147,132,104,79,71,71,71,85,82,91,145,121,99,110,129,107,129,161,104,62,113,161,147,82,96,110,110,140,142,135,150,145,129,145,145,137,101,113,118,115,132,121,113,113,118,110,110,121,142,145,127,121,115,110,127,113,101,110,127,102,76,79,99,108,93,88,85,88,118,137,127,118,99,113,88,76,79,91,108,88,93,68,99,113,127,113,124,157,185,184,152,118,99,76,68,85,105,113,124,140,96,118,96,74,127,118,121,142,150,137,110,99,74,74,50,53,74,58,63,79,82,82,85,71,110,119,88,79,76,65,60,76,76,71,68,74,71,91,79,76,79,82,85,85,105,108,82,74,74,91,96,88,110,96,88,105,119,121,124,93,96,82,63,76,71,76,71,55,71,71,74,91,88,88,105,102,137,142,119,105,102,111,99,86,91,86,108,116,116,124,132,140,142,162,116,88,94,99,82,82,135,142,76,44,66,63,105,130,71,66,58,71,74
147,161,156,149,120,139,120,71,82,52,82,68,52,45,39,50,71,107,141,179,172,177,194,152,139,132,85,43,62,68,48,62,62,39,55,96,99,141,161,104,115,121,88,55,41,41,41,37,46,68,71,68,82,104,99,85,101,93,137,134,101,110,175,129,107,142,161,175,164,144,104,101,82,62,71,76,85,88,115,134,147,161,172,156,142,147,144,115,74,96,129,123,118,110,129,147,175,168,137,132,91,76,104,132,142,147,118,104,118,144,124,126,134,104,65,126,157,115,110,115,132,137,91,68,74,113,76,96,82,107,118,161,179,188,164,118,74,101,140,129,104,88,104,65,65,85,79,88,93,65,85,113,96,127,121,124,74,88,101,137,129,113,85,142,147,173,171,155,152,150,132,118,152,155,145,104,82,115,110,124,110,104,115,113,135,159,118,104,110,96,96,115,115,135,115,113,101,76,74,105,129,124,88,88,85,99,115,115,115,99,93,96,76,74,79,85,124,118,74,82,121,116,118,110,162,179,208,208,175,145,102,96,93,85,102,127,127,127,132,102,110,113,121,121,108,121,140,132,113,99,76,58,55,60,71,91,79,76,82,65,91,88,93,108,74,55,53,68,74,60,88,76,79,85,74,85,82,102,99,91,76,105,102,108,88,91,91,74,93,105,116,124,110,110,130,142,124,91,88,99,74,65,76,74,65,55,58,93,91,63,108,94,132,127,108,124,122,113,108,94,79,74,108,99,99,102,76,99,116,140,132,135,105,82,76,66,53,63,111,124,68,48,58,74,86,97,71,68,53,48,46
147,170,161,139,112,129,112,88,110,118,96,55,41,43,52,62,62,99,144,147,183,166,172,161,115,126,65,45,52,85,71,45,52,62,65,82,104,161,159,142,129,110,96,96,65,55,50,52,52,57,71,71,85,74,101,96,82,101,113,96,101,99,147,147,104,156,164,144,156,144,101,96,62,91,62,110,79,91,99,137,170,172,156,121,113,118,96,99,79,74,101,91,88,93,129,152,161,147,126,147,134,104,129,152,152,175,150,164,175,139,124,147,134,93,101,129,164,129,115,132,118,101,101,88,74,91,60,88,118,118,157,181,157,171,110,82,113,101,144,129,101,82,65,82,79,76,79,76,60,96,71,68,79,99,129,96,99,76,88,124,135,129,124,164,137,115,129,157,147,132,113,140,135,157,121,99,91,76,118,93,104,115,115,135,118,101,110,99,110,99,71,108,132,118,127,108,79,93,118,99,113,118,93,105,108,82,93,99,99,108,71,91,101,93,105,116,140,137,113,116,127,105,116,142,175,210,223,208,182,168,124,105,96,85,102,129,129,116,127,102,99,88,93,110,88,96,124,110,102,91,74,74,63,79,96,71,85,68,76,85,82,85,76,74,74,63,53,68,102,79,82,74,79,108,99,91,96,96,99,119,119,119,91,121,105,91,91,76,88,119,105,113,121,113,121,135,108,93,96,99,79,65,60,60,65,60,71,82,82,79,91,96,124,110,130,124,132,127,102,88,82,68,71,63,60,71,58,96,105,142,157,137,99,76,66,46,66,86,91,94,71,60,63,71,74,74,82,76,58,58,40
136,177,134,101,93,93,104,118,156,144,104,79,39,41,55,55,65,73,121,154,175,175,147,136,118,96,71,73,76,71,85,68,50,55,50,71,115,115,82,113,121,132,115,71,88,74,79,60,71,60,65,88,74,113,88,93,99,101,68,85,118,107,113,166,115,118,161,144,123,118,113,110,129,79,159,96,115,91,62,88,104,104,113,88,62,82,79,85,79,37,55,55,99,113,85,104,124,107,104,132,134,107,126,152,164,173,183,227,196,157,134,161,134,126,144,166,177,142,101,110,104,110,88,82,71,85,91,118,157,166,175,173,142,129,140,88,79,135,150,115,79,79,99,57,76,57,68,65,62,48,53,53,62,68,82,91,50,113,85,104,96,104,113,88,44,71,91,121,142,147,142,113,135,135,113,129,79,121,129,76,93,101,108,93,118,104,85,137,99,104,93,85,63,63,115,110,155,127,132,101,99,101,96,96,99,85,91,99,82,93,101,118,121,140,150,145,157,150,150,137,129,116,132,155,166,186,195,191,171,152,116,116,91,74,93,91,82,91,82,71,71,63,68,85,82,74,85,96,96,85,85,82,65,74,85,82,76,76,93,85,99,76,82,91,99,88,74,88,108,88,96,74,82,113,108,96,91,102,113,105,121,116,99,116,105,82,79,76,88,113,108,105,102,127,130,119,113,96,110,105,99,79,65,58,71,91,68,82,91,88,79,76,102,102,113,99,85,105,93,82,60,44,53,48,40,42,50,79,102,137,155,135,99,79,74,68,50,86,94,105,86,99,82,88,76,79,74,68,71,63,48
115,154,115,81,88,88,115,131,183,165,115,88,43,35,43,45,62,71,126,139,165,192,144,101,96,85,99,101,82,79,85,71,43,48,48,71,79,76,82,85,121,132,126,129,147,150,104,99,96,88,68,79,71,76,107,107,121,96,91,76,85,88,85,104,150,132,113,104,99,101,126,115,110,134,113,132,123,79,79,65,96,99,93,68,50,62,82,62,79,41,52,68,118,118,85,85,101,79,68,71,79,96,126,150,164,172,189,211,218,195,152,159,144,124,118,159,161,93,65,96,121,99,65,88,96,124,150,150,161,171,181,185,173,159,161,132,85,115,126,99,85,60,85,82,50,44,57,50,60,55,46,44,46,50,55,82,79,88,127,121,71,68,39,48,28,42,74,104,132,137,127,107,108,129,150,124,152,121,91,104,115,99,121,142,155,185,175,155,93,104,74,65,37,48,82,129,177,164,132,121,101,99,102,121,99,96,102,118,76,68,113,132,147,152,152,159,150,132,142,140,124,129,137,113,124,150,142,171,166,145,118,99,88,82,82,68,53,65,53,48,44,48,71,68,79,99,108,118,113,121,96,65,76,105,96,82,88,99,99,102,93,96,116,121,105,102,88,79,91,102,99,65,88,88,108,102,99,105,116,93,91,116,93,102,108,96,76,79,74,96,119,108,116,164,142,121,91,85,110,96,85,88,85,102,76,91,82,55,79,71,63,74,91,102,88,96,105,119,99,79,71,82,58,44,53,50,82,50,127,108,105,111,105,102,68,74,86,76,113,108,127,122,97,82,79,76,88,74,76,68,50
118,139,107,76,81,99,136,149,198,185,134,88,55,32,34,39,50,68,110,129,147,137,99,85,71,57,101,88,82,85,76,74,52,45,41,57,65,68,91,85,137,159,170,170,170,198,156,121,123,96,85,82,91,93,115,104,104,104,65,71,93,85,79,62,113,126,91,85,99,99,88,85,88,96,142,137,99,65,57,65,62,68,71,55,48,60,60,52,41,79,74,88,118,79,96,82,79,55,39,43,71,99,88,147,164,166,210,181,230,218,139,159,139,101,110,144,126,74,85,129,113,88,82,93,137,161,170,189,215,214,219,208,196,206,183,134,82,82,88,65,62,57,53,57,42,42,62,74,65,62,71,57,50,50,62,71,53,71,121,107,68,37,32,39,46,57,99,129,159,147,127,96,88,104,129,115,99,115,171,124,104,140,155,179,183,191,177,124,127,135,108,62,37,46,101,145,104,173,127,113,105,96,99,88,105,108,85,96,48,85,108,116,150,162,177,168,152,127,142,135,137,142,108,105,85,96,124,147,166,135,129,96,113,105,79,74,71,50,55,55,30,48,88,88,93,113,102,116,118,116,102,102,118,105,108,105,102,91,76,74,91,93,93,102,110,105,113,110,105,110,102,85,82,85,99,102,105,102,113,127,93,85,82,99,96,76,76,88,63,71,96,105,142,169,160,121,74,68,65,60,48,74,93,88,96,91,93,65,74,76,71,82,91,76,93,132,135,148,137,119,88,76,97,71,82,86,55,66,105,127,130,124,111,99,74,76,91,124,111,119,150,116,102,97,127,86,111,97,66,86,76
144,131,101,68,85,134,139,159,181,181,159,90,65,28,30,50,52,65,88,121,115,93,88,65,50,62,79,62,71,73,71,71,52,39,41,50,82,99,85,96,150,175,183,193,205,205,191,144,126,96,82,107,129,99,132,134,107,115,99,104,99,82,71,68,74,85,82,96,91,76,71,74,71,85,134,115,96,88,55,39,65,99,71,57,68,79,57,62,82,91,115,126,101,115,110,101,68,55,30,39,71,88,96,126,147,150,204,183,219,212,132,150,134,121,129,118,101,96,88,101,113,121,93,147,152,157,164,206,225,234,228,205,200,196,164,115,71,76,79,71,44,42,53,55,57,60,93,79,65,71,79,68,50,48,60,57,48,48,101,96,60,42,48,50,62,93,113,132,162,166,145,101,71,85,96,104,137,124,96,124,118,132,157,173,171,140,142,155,171,145,93,124,99,93,121,132,142,152,140,91,76,99,110,99,105,76,108,68,74,68,96,93,142,159,188,155,142,150,142,132,145,135,108,113,71,71,108,129,155,132,124,121,116,102,71,88,74,65,71,46,34,82,116,118,79,76,88,91,93,76,118,118,124,113,102,105,91,71,76,96,88,74,71,93,127,127,113,132,127,108,108,110,99,99,96,85,93,110,124,132,91,79,79,79,82,79,91,99,93,82,79,105,121,140,155,119,71,63,58,53,63,68,65,65,96,91,88,105,82,74,68,63,76,91,105,142,150,162,167,135,122,111,91,86,91,79,71,58,76,91,130,113,105,94,99,86,94,105,97,122,127,171,119,91,105,88,86,97,111,113,88
93,88,88,104,115,129,129,149,139,154,132,115,79,39,55,68,73,71,71,90,101,99,88,52,45,68,55,62,57,71,68,52,45,45,55,62,79,68,88,115,104,161,189,212,222,221,208,170,113,99,71,71,85,121,91,110,142,115,144,126,99,113,99,82,79,96,88,82,85,68,82,99,129,107,96,118,101,91,68,71,88,88,71,57,85,104,107,82,99,104,118,147,118,129,115,110,132,96,52,55,68,79,88,101,129,164,154,193,173,185,147,124,118,124,99,74,101,96,57,71,129,118,118,193,170,113,175,193,220,224,212,185,161,159,157,127,65,88,99,104,44,60,68,79,82,85,88,82,65,68,79,74,50,50,71,71,53,44,65,74,101,88,57,42,53,85,99,115,137,152,101,85,93,82,82,93,91,124,115,118,142,118,121,127,155,140,137,171,198,190,183,152,110,127,116,110,137,179,127,82,76,105,118,101,140,142,118,113,108,74,108,121,157,142,185,175,142,142,145,142,137,116,110,118,88,88,91,127,118,140,105,113,99,91,91,91,71,88,74,37,50,99,116,96,76,58,99,110,99,91,118,118,93,102,74,116,76,63,65,88,71,93,91,110,137,160,166,150,132,116,127,121,102,91,93,93,102,113,116,108,105,63,50,68,102,116,140,127,119,119,105,96,108,124,124,102,53,50,58,58,71,65,60,76,82,76,82,102,68,91,85,85,99,108,122,148,180,182,173,137,108,82,63,82,79,66,68,76,71,74,91,74,71,74,53,66,68,68,113,116,122,113,132,91,111,88,79,97,119,122,91
73,96,112,115,118,118,131,131,147,165,112,85,60,68,57,68,71,73,50,62,96,96,85,55,48,65,71,55,65,68,65,55,60,60,65,85,88,62,82,101,82,154,181,181,213,215,211,198,121,99,96,65,85,99,99,113,150,115,104,104,147,107,115,88,79,82,104,132,132,113,99,107,104,129,118,107,82,79,71,65,71,79,74,96,129,113,126,134,121,134,142,142,129,118,118,150,168,157,124,82,60,62,52,62,101,134,144,161,166,177,159,121,113,113,99,76,88,79,60,88,101,101,118,150,164,127,195,181,224,198,183,166,142,157,166,113,74,101,147,132,85,99,76,99,85,93,85,104,107,79,85,115,101,79,99,62,82,48,48,53,127,135,60,48,60,79,88,101,107,104,113,107,99,93,91,79,68,107,110,121,127,110,74,96,147,152,164,168,202,214,197,183,204,188,124,115,129,110,91,71,68,82,99,129,152,147,135,152,101,79,115,115,127,155,179,173,132,127,129,140,137,129,140,129,113,137,105,113,129,124,99,82,105,91,110,99,96,108,65,55,71,96,105,85,85,88,116,116,102,124,121,116,68,91,91,121,68,60,82,99,74,105,124,147,142,162,168,162,124,124,135,105,113,108,88,110,108,93,91,82,85,74,76,85,130,130,164,173,132,137,132,96,99,99,102,85,46,44,48,65,71,79,71,79,85,76,85,82,76,96,102,113,88,99,116,150,186,182,169,145,108,82,63,63,66,60,63,71,55,63,63,55,46,46,53,68,74,82,97,99,116,94,105,111,102,116,102,97,108,102,124
126,139,156,126,101,115,118,121,123,90,68,48,57,55,50,62,50,65,60,52,79,101,101,99,73,68,71,50,71,62,71,82,82,71,82,99,99,79,79,82,79,134,126,147,175,189,194,172,118,96,96,85,115,93,101,118,101,107,115,152,137,115,104,79,82,96,121,161,159,156,113,152,115,147,104,88,88,88,55,79,68,68,99,132,161,134,121,132,172,161,142,132,121,113,79,82,142,152,137,93,62,41,32,37,60,79,82,118,113,118,144,134,144,132,124,124,118,99,104,110,85,82,91,135,188,161,175,166,159,157,147,147,124,115,118,101,113,150,197,198,137,113,129,121,115,127,127,140,127,113,129,144,152,129,107,71,104,60,55,53,96,150,99,68,60,68,99,88,96,135,124,118,110,118,107,74,99,91,79,104,71,68,71,82,108,124,150,147,177,173,171,234,237,229,175,147,113,79,76,65,60,68,108,140,140,147,121,150,127,91,115,132,152,152,150,152,135,121,142,157,132,118,152,179,186,155,102,113,108,105,113,110,96,102,105,110,96,108,108,105,96,99,102,102,96,116,105,102,127,124,121,110,127,110,108,91,99,82,91,113,108,110,140,140,102,113,140,155,142,121,121,93,96,99,93,105,108,88,60,82,88,110,91,99,152,140,166,171,140,150,145,116,91,102,55,65,37,36,53,55,65,65,85,71,76,96,85,88,91,76,82,82,63,88,122,127,153,162,160,140,108,102,71,60,71,71,58,68,68,58,48,48,58,63,60,50,79,79,82,88,99,91,122,135,97,122,99,71,71,97,119
144,147,139,99,104,131,110,93,88,57,55,50,41,52,55,57,65,48,39,43,71,118,141,112,71,65,62,65,65,65,96,79,85,82,96,101,99,96,82,65,71,104,115,150,141,161,164,132,96,88,85,99,129,113,104,115,91,113,132,142,115,115,113,79,68,88,115,142,132,144,134,142,110,144,139,104,107,101,88,74,82,99,96,113,172,181,142,129,129,150,139,132,118,82,79,93,134,124,91,85,65,55,32,39,37,39,65,71,88,96,96,137,147,126,113,124,126,118,115,99,91,85,82,132,175,161,161,144,118,101,110,132,99,79,88,115,134,179,200,200,142,147,150,144,150,166,175,145,127,157,124,93,142,132,96,91,99,107,74,68,115,135,121,76,53,79,127,101,104,164,177,159,110,124,93,82,145,88,71,76,57,62,65,74,85,108,140,145,175,159,159,147,234,241,214,185,113,62,71,76,65,62,113,121,132,142,127,132,127,93,129,159,124,127,140,124,108,127,145,137,135,127,152,199,186,147,105,88,96,108,116,124,118,91,68,79,108,127,110,96,108,102,127,113,99,110,108,110,121,121,108,124,124,121,108,99,116,108,124,129,113,113,116,108,93,135,108,130,142,110,96,93,79,93,82,74,102,68,68,68,82,91,105,99,127,150,145,179,160,155,142,108,96,63,76,55,32,42,53,58,63,63,60,74,74,82,82,91,74,60,55,65,74,65,85,88,121,137,130,113,91,93,82,82,82,66,60,66,66,66,42,42,68,74,63,63,68,68,105,91,91,105,127,119,102,94,79,58,74,88,94
156,147,131,115,131,149,99,65,62,55,57,41,55,65,55,62,68,52,41,52,82,112,113,71,43,62,104,88,71,79,91,79,65,71,96,96,88,85,55,60,65,88,159,164,107,134,121,88,88,82,88,101,126,142,129,121,115,129,88,107,79,85,99,101,85,101,113,96,99,121,107,79,191,166,156,139,115,96,118,110,93,99,99,118,164,134,164,147,156,107,118,110,91,74,79,134,147,126,129,99,48,39,50,37,34,27,34,74,161,99,150,118,93,85,88,110,129,121,115,91,88,85,96,118,152,134,134,101,104,129,126,118,110,113,107,121,147,164,198,175,134,132,132,142,150,157,177,159,132,147,115,79,93,113,96,82,96,115,88,113,127,93,113,76,62,85,124,127,110,157,191,152,127,115,115,118,140,132,101,71,76,82,79,76,85,124,159,162,157,152,129,166,212,215,223,159,110,71,74,82,76,57,93,127,121,110,124,129,121,166,162,162,142,99,99,88,88,113,124,135,127,140,147,164,182,129,121,93,113,91,102,110,96,102,82,79,113,110,91,88,79,91,118,96,88,91,108,110,96,88,93,110,118,113,116,118,129,132,140,124,118,102,99,119,102,88,116,105,108,113,91,88,68,60,71,68,68,71,96,85,88,82,110,96,113,135,157,157,166,130,119,74,74,88,74,53,44,37,48,79,71,58,60,63,71,60,74,74,55,55,58,58,71,44,58,76,79,93,96,91,88,79,71,68,71,63,68,58,58,60,46,46,60,63,42,55,76,94,102,108,108,79,105,119,116,94,88,86,74,71,91
185,172,161,156,144,149,90,55,39,43,43,55,68,65,60,48,48,62,52,52,74,101,113,88,50,71,88,85,74,68,82,62,52,65,93,93,99,88,68,68,74,101,166,129,115,121,101,82,79,101,129,113,123,147,156,152,113,99,99,96,74,71,99,96,88,96,96,82,85,104,107,110,196,189,177,142,115,144,115,82,85,113,129,124,134,139,113,139,137,65,124,71,113,96,142,144,150,150,142,101,68,52,39,41,27,30,32,99,74,142,177,121,71,96,96,96,126,118,93,99,88,113,88,96,107,96,88,134,144,142,118,107,121,142,137,132,118,154,195,173,135,113,129,145,132,145,166,164,104,107,135,99,85,110,101,82,82,96,104,88,99,96,96,88,71,88,127,132,115,137,157,135,135,113,135,166,166,168,147,115,127,121,129,129,113,140,171,171,137,171,137,171,155,162,195,166,110,93,74,71,76,68,88,127,118,124,102,135,142,221,159,150,121,118,74,93,102,102,108,118,157,137,150,147,129,179,137,140,127,102,99,121,96,82,93,110,121,118,113,116,96,108,93,82,93,110,93,85,79,93,91,91,110,85,88,102,121,118,137,142,130,110,110,121,102,76,79,93,110,121,96,93,91,91,96,74,76,102,82,93,108,88,105,108,121,130,124,145,150,119,108,96,79,85,60,63,48,42,63,82,68,53,68,55,68,68,55,44,42,44,60,58,63,42,50,58,48,55,66,88,108,88,55,60,63,71,63,55,74,55,66,79,68,74,48,44,94,116,102,102,102,99,88,105,116,124,111,99,89,76,71
215,207,200,187,141,149,99,55,39,37,48,57,65,65,52,41,43,52,62,71,96,104,129,129,96,55,71,71,57,60,65,65,57,73,107,131,131,96,65,71,93,82,118,88,144,96,137,113,82,123,172,150,132,170,193,183,118,113,137,123,99,76,82,82,71,79,76,82,104,118,134,170,202,193,172,147,129,150,134,129,134,142,147,129,121,147,113,68,60,91,150,93,82,104,215,177,150,150,126,82,71,88,39,32,37,57,46,55,71,107,91,99,101,96,88,96,96,91,85,91,96,96,137,113,115,129,132,139,147,164,161,150,126,126,132,107,115,147,140,142,152,145,147,182,150,145,145,157,132,96,93,85,68,74,65,91,88,93,101,96,113,124,110,96,82,99,132,110,121,129,121,121,124,115,150,173,185,179,168,162,164,159,164,168,140,152,182,183,159,164,152,132,88,88,150,159,129,102,93,85,79,85,99,137,145,135,108,147,152,223,168,173,135,132,113,113,113,102,127,113,135,124,164,124,155,108,171,152,160,124,113,118,105,85,82,91,110,135,118,79,150,147,82,108,76,82,63,82,71,88,96,108,108,68,110,119,127,142,155,152,132,99,96,102,74,74,102,99,105,102,99,96,99,96,102,110,96,99,88,88,79,96,96,108,93,105,119,116,132,121,99,88,79,93,93,71,46,58,99,88,85,88,96,82,65,65,65,46,48,55,55,58,50,42,37,46,37,36,58,79,94,86,53,58,55,46,46,76,124,102,91,116,111,99,68,68,88,113,122,105,113,108,86,79,122,148,127,111,97,79,86
185,205,209,181,136,131,85,57,71,52,52,52,68,57,52,48,52,43,62,90,104,126,149,156,121,62,65,39,60,48,65,76,79,93,129,152,149,126,76,82,79,68,85,71,68,101,161,115,91,91,142,177,168,175,183,196,170,126,170,172,85,62,74,55,68,62,82,126,134,139,154,159,159,170,188,164,156,164,154,144,156,147,129,121,126,134,107,71,74,104,147,132,129,144,181,181,126,101,113,113,118,110,85,62,62,62,55,44,37,57,48,62,74,55,55,68,88,96,115,79,113,126,126,132,150,152,139,139,185,164,161,152,121,110,118,93,85,82,135,115,142,157,118,188,147,150,147,142,107,104,96,65,62,68,68,99,85,76,127,147,118,118,118,121,99,82,93,99,121,132,96,93,113,124,135,108,162,179,159,164,150,150,147,152,155,155,177,173,168,166,135,116,101,85,140,157,168,147,127,116,93,88,113,116,129,137,105,124,164,177,164,159,142,129,137,105,110,132,116,105,118,150,160,121,102,71,147,157,142,121,140,135,110,88,71,82,129,129,116,127,116,127,99,108,74,85,74,96,93,88,105,96,127,121,132,124,118,140,142,121,91,110,110,96,93,99,96,82,93,99,108,91,108,102,108,110,91,96,76,76,71,96,99,105,99,79,82,93,110,110,96,85,74,96,113,82,60,63,88,105,93,108,113,96,65,65,63,68,58,53,46,53,50,53,42,37,42,50,63,74,74,68,46,50,37,34,48,91,130,135,116,145,148,119,97,97,88,99,116,119,119,91,71,82,132,135,122,102,91,79,97
99,112,141,134,126,96,82,68,112,82,73,71,68,68,41,46,50,52,65,82,115,149,149,156,112,82,57,48,62,62,82,93,115,142,152,150,159,132,99,91,82,88,104,71,65,115,181,156,101,88,129,181,170,144,168,191,193,129,168,170,93,68,65,43,62,96,147,132,132,172,166,104,101,164,189,188,175,166,113,118,139,129,115,113,113,118,113,110,132,132,144,164,159,134,137,157,124,99,124,132,132,134,126,126,82,88,65,52,50,43,52,60,71,46,37,65,96,113,101,99,137,171,115,132,159,157,154,150,150,142,127,127,113,142,164,134,88,74,144,134,157,134,110,171,185,150,145,85,85,99,79,71,79,62,96,79,93,113,150,150,79,88,147,145,107,82,74,93,121,121,93,85,96,104,113,85,152,164,145,127,132,147,152,166,175,166,162,166,150,159,142,145,155,147,147,152,191,188,152,137,115,104,127,145,162,140,108,132,147,137,140,142,145,142,135,113,105,116,102,102,127,132,124,110,127,88,140,140,135,129,132,121,96,71,53,93,137,118,108,108,116,116,96,91,76,93,93,88,121,108,102,127,135,140,132,93,108,91,99,110,110,102,105,99,121,85,96,96,96,105,105,108,116,113,108,88,91,91,91,63,76,91,116,108,99,102,76,76,85,88,93,76,74,74,116,82,76,74,74,85,102,140,121,82,68,55,79,68,50,44,46,65,63,50,48,42,60,76,74,93,79,58,50,48,32,37,46,60,124,160,162,167,173,160,127,105,68,79,91,108,88,66,58,82,116,116,105,88,86,102,102
68,96,134,107,93,93,68,65,129,129,115,104,73,68,43,41,50,55,57,79,101,126,136,112,90,82,71,65,85,96,96,121,156,149,163,163,144,129,99,101,112,112,88,85,96,123,168,183,134,99,132,164,154,134,142,168,205,121,142,156,96,79,62,85,85,129,113,139,144,164,161,118,132,144,175,181,164,172,68,113,110,85,104,104,82,93,118,113,126,134,115,126,161,152,124,121,115,101,113,134,150,147,161,156,115,85,71,55,44,32,44,57,57,62,55,68,96,121,118,101,142,157,159,142,144,137,126,134,107,121,115,132,132,144,173,107,62,88,124,142,142,155,127,127,188,175,159,127,79,121,113,79,62,82,74,91,82,121,129,127,88,99,101,127,113,82,93,135,127,99,110,82,79,62,108,91,140,162,129,129,147,159,166,185,171,168,140,152,152,152,175,152,175,173,166,159,177,199,164,129,118,93,88,118,150,129,116,113,110,118,135,145,147,147,132,105,105,108,91,105,124,102,113,105,121,113,108,124,129,113,137,105,85,63,60,82,79,91,102,116,116,108,91,88,68,91,65,116,129,121,91,105,135,124,91,105,96,93,105,105,91,102,105,99,135,102,82,88,88,93,79,93,88,150,116,108,65,99,76,105,68,88,105,116,108,102,88,82,71,65,99,68,58,74,88,79,79,85,82,82,116,119,96,79,76,68,48,76,60,55,53,63,65,60,53,53,53,58,60,74,66,55,46,48,53,36,27,44,105,162,160,153,160,155,111,79,79,63,68,82,63,82,71,71,86,108,86,55,82,111,94
115,104,112,99,81,62,52,76,147,181,126,112,96,65,52,46,41,55,60,60,55,79,99,73,79,65,65,71,104,118,115,154,156,141,144,156,123,99,79,68,99,88,52,76,110,88,152,196,183,115,115,142,134,129,139,156,193,142,142,118,101,65,71,79,121,107,99,129,161,142,161,152,139,144,159,147,193,175,113,57,71,96,71,88,65,79,107,91,99,132,85,124,156,129,118,113,118,113,118,132,144,164,173,152,107,93,85,65,53,35,39,57,53,53,57,57,74,121,147,104,115,147,121,118,124,134,113,96,113,129,147,129,110,85,96,107,82,88,121,147,132,144,118,157,166,168,155,137,88,82,107,99,79,93,71,85,53,101,93,110,108,85,88,96,115,104,108,140,115,115,99,88,91,88,104,68,115,140,142,147,150,140,135,137,135,140,150,152,147,150,162,150,173,191,175,164,185,191,152,101,76,71,50,82,113,108,96,93,79,85,129,121,116,124,110,88,88,82,76,76,99,102,108,129,124,105,88,99,121,113,116,99,79,82,74,68,76,76,91,113,124,105,76,68,76,85,108,127,129,118,96,105,108,99,93,82,82,110,116,116,99,93,91,113,96,96,79,82,79,74,74,102,108,116,88,96,74,88,99,105,105,85,79,110,116,99,110,113,74,58,79,71,93,48,99,85,88,108,71,60,76,79,65,71,65,58,53,48,46,74,46,53,50,63,82,71,58,48,48,50,50,50,58,53,58,30,28,50,105,88,113,122,116,102,97,88,58,42,66,63,74,91,66,53,94,94,66,61,79,86,99
104,101,107,96,55,43,55,79,131,203,149,112,123,73,52,48,50,46,43,50,50,50,62,68,55,52,55,73,96,129,147,142,142,129,115,126,118,82,65,52,62,62,50,68,82,62,126,172,172,113,93,134,132,144,144,129,164,144,82,99,96,79,104,101,134,132,126,139,152,142,142,156,113,121,159,159,172,156,104,68,46,37,55,71,71,52,82,101,82,101,104,134,115,96,110,115,126,113,93,101,113,139,164,144,93,107,99,85,50,48,52,68,62,62,55,50,55,93,129,134,135,104,104,104,135,137,127,118,113,127,135,118,99,82,50,44,44,79,127,137,115,129,118,121,135,127,132,107,91,88,104,124,88,85,82,60,55,88,99,96,79,85,104,121,104,93,76,85,96,96,96,104,115,104,99,68,76,121,142,155,145,113,101,115,127,135,129,142,135,145,113,140,124,202,173,162,179,171,137,101,71,65,76,79,96,88,88,105,71,88,99,88,91,108,91,76,79,85,82,96,105,93,110,121,124,110,108,96,110,88,88,85,88,99,74,60,76,88,105,105,108,93,76,63,76,85,108,118,116,127,124,127,121,99,85,76,79,113,118,88,85,79,91,93,65,55,60,65,65,63,74,82,105,105,91,102,105,110,116,116,108,108,93,99,113,99,82,82,68,46,79,85,58,79,85,85,121,113,82,60,60,50,63,63,60,46,40,40,53,53,42,42,63,60,50,58,53,55,63,60,53,36,55,53,50,36,42,48,82,113,86,102,91,76,68,66,68,66,55,71,91,63,94,105,82,68,63,68,68,74,94
88,82,104,76,43,43,43,43,187,192,163,139,99,88,62,41,41,50,52,43,50,50,50,55,37,65,60,71,99,134,144,131,144,131,104,96,93,62,57,82,88,82,82,71,68,74,79,93,129,115,85,118,134,134,123,104,118,104,85,99,129,118,147,147,137,150,150,129,123,129,132,137,147,147,134,159,110,132,96,76,39,37,55,50,55,65,101,159,121,91,104,96,85,96,68,99,107,99,62,85,62,113,132,124,129,124,132,104,52,52,52,60,52,50,50,48,44,57,82,115,104,104,91,99,127,118,129,129,113,134,142,121,113,88,37,30,50,65,104,104,93,88,115,113,104,101,115,88,62,91,124,99,71,71,79,82,74,62,88,101,82,91,118,85,60,71,71,76,93,93,96,99,107,108,108,65,68,115,137,140,132,113,115,118,93,96,91,101,104,110,96,121,118,164,145,142,145,140,127,113,93,88,93,76,96,127,91,105,91,102,79,76,79,88,96,96,110,127,127,135,121,85,129,121,173,135,116,118,102,105,91,99,79,71,79,58,68,82,99,74,76,82,85,88,79,85,88,96,102,118,135,127,102,108,79,65,74,91,93,105,76,79,88,65,53,55,63,58,63,60,63,85,93,96,116,102,110,119,121,116,93,102,85,99,110,105,96,65,63,55,60,63,71,74,105,124,148,127,135,108,50,48,48,55,44,55,28,50,65,55,50,48,44,48,46,50,36,34,48,46,55,48,53,34,50,44,37,60,82,82,86,88,88,76,97,99,102,66,55,82,76,94,102,102,71,60,71,58,68,74,79
101,76,71,62,45,68,50,71,156,170,178,101,88,71,55,32,43,65,57,48,37,55,41,50,65,129,52,79,121,110,99,166,159,129,101,101,55,68,99,126,112,96,112,82,93,82,76,91,144,129,85,96,126,134,132,115,123,129,129,134,152,142,147,156,126,147,147,129,126,101,118,129,137,159,144,139,132,88,79,82,41,32,41,46,55,85,134,147,134,115,85,88,79,68,68,79,65,68,65,62,55,79,129,147,142,118,152,104,68,55,53,50,46,53,50,50,41,41,62,71,82,82,82,88,71,68,104,99,107,126,134,126,134,115,68,53,74,71,79,101,82,76,85,101,79,76,88,88,99,96,88,85,82,76,91,71,53,65,46,91,121,99,99,104,76,62,79,85,91,71,76,82,88,113,99,93,82,113,110,110,104,104,99,96,93,57,62,68,76,101,91,137,132,121,115,127,127,118,113,105,91,88,93,96,110,147,96,93,102,82,68,71,76,93,105,110,135,135,118,105,96,118,129,142,147,135,108,124,127,142,110,85,76,65,79,71,76,93,88,113,68,110,113,113,93,85,74,85,96,110,127,105,99,88,79,60,63,82,96,76,74,108,88,58,68,79,63,55,53,48,60,71,102,88,124,102,102,96,88,121,110,82,85,119,119,99,79,53,50,65,63,65,65,85,116,124,157,155,132,113,74,53,55,60,60,53,48,55,55,50,60,55,32,32,32,34,30,21,30,32,34,48,68,44,32,28,42,37,91,108,86,68,66,68,99,111,97,68,66,63,79,66,88,99,66,55,55,71,55,53,68
107,88,93,90,71,65,50,81,81,147,123,107,88,52,55,68,57,57,62,55,50,73,73,71,129,96,73,73,112,93,110,152,147,123,115,118,144,112,163,123,118,110,113,96,104,96,88,132,142,101,93,101,104,144,161,142,161,150,172,161,185,175,164,168,139,147,150,126,104,91,129,142,115,150,142,115,113,82,82,88,65,34,37,50,74,82,88,104,126,126,82,57,68,96,107,62,39,50,65,65,71,107,134,134,107,91,107,99,85,74,62,55,57,65,39,55,50,46,55,53,65,65,60,60,55,53,55,85,101,107,118,135,150,161,135,113,118,91,82,88,68,60,88,74,79,68,91,82,85,99,71,82,82,79,76,71,65,65,62,91,101,101,85,99,96,96,113,127,110,104,113,79,91,85,91,104,124,110,99,108,99,82,85,76,60,57,74,76,65,93,147,137,124,96,93,99,88,91,88,96,102,110,127,124,121,105,96,74,91,65,57,60,91,99,116,110,129,124,99,99,99,129,110,129,110,147,110,118,121,105,76,79,76,71,71,74,96,102,113,135,150,118,110,96,82,82,85,85,79,105,110,110,145,99,68,55,76,58,108,99,108,127,91,74,79,82,63,53,60,48,74,99,96,93,116,88,93,96,79,91,96,99,99,102,96,96,71,63,63,76,85,79,82,91,119,132,137,145,124,102,91,105,108,74,68,60,42,44,55,60,68,48,28,36,32,32,48,36,37,44,42,46,55,50,23,21,27,40,53,48,58,58,60,58,76,94,76,68,66,71,46,42,74,76,66,48,46,66,74,53,74
126,123,104,96,99,82,57,65,90,71,115,99,65,68,55,50,55,50,46,65,57,71,85,85,68,134,62,55,110,99,93,118,96,126,129,134,166,144,115,147,121,147,121,118,132,107,82,88,99,82,101,129,104,150,156,161,129,175,156,181,172,172,170,194,172,159,150,110,88,113,137,134,126,99,118,91,101,79,71,96,82,41,37,50,68,96,115,101,115,82,62,62,65,82,104,85,57,57,60,82,107,118,124,99,96,96,91,93,104,96,62,82,62,35,55,62,50,53,62,57,57,46,39,55,53,37,53,79,96,113,127,150,177,181,166,164,152,88,91,82,62,68,82,68,88,68,71,96,82,76,74,60,79,79,93,79,91,79,68,68,57,88,79,71,104,121,129,113,127,137,132,115,99,85,82,113,129,101,104,118,108,101,74,60,63,74,88,71,74,96,108,99,91,96,79,57,55,82,110,101,105,118,135,118,96,85,79,82,91,85,60,60,135,132,108,91,113,142,137,137,132,116,102,108,124,135,121,105,88,79,82,91,79,82,76,85,96,88,147,135,137,91,99,71,85,71,76,79,79,96,132,147,124,110,93,65,82,74,121,132,113,85,105,91,85,79,85,74,93,88,124,121,110,85,102,93,85,99,110,102,108,108,108,91,76,105,88,88,74,76,82,79,74,91,96,113,116,127,142,99,96,132,145,119,97,71,53,28,58,55,60,44,30,36,44,46,63,66,46,48,50,30,44,40,24,17,27,34,44,46,48,58,53,53,74,82,61,58,50,42,53,44,68,74,68,53,63,86,86,79,86
129,85,90,123,101,71,50,46,55,39,62,50,48,62,60,50,60,62,52,43,41,50,60,90,129,93,88,85,85,88,85,104,144,131,131,144,206,191,166,163,129,161,149,147,99,88,85,65,85,129,101,88,118,141,141,134,104,198,132,164,139,164,181,185,185,181,147,132,110,113,139,129,113,76,76,88,79,74,71,79,74,55,50,55,68,101,129,104,91,85,82,62,55,65,85,101,65,68,71,91,115,104,99,85,82,93,91,79,88,82,68,71,60,55,50,50,44,55,85,79,55,46,42,55,50,44,65,74,99,132,121,157,193,219,215,195,144,110,79,79,62,76,88,99,101,88,85,76,50,42,53,62,76,76,79,99,82,62,62,62,79,65,40,44,68,82,65,60,93,137,127,129,96,93,68,107,118,121,96,129,150,137,79,63,71,76,88,85,79,82,68,63,65,85,82,65,55,79,96,79,93,108,115,105,93,88,101,99,118,116,110,110,147,157,121,102,129,164,162,142,147,132,110,93,99,108,124,99,96,102,91,91,93,85,71,91,99,93,118,93,108,85,105,76,79,74,65,65,85,99,129,155,129,140,116,85,71,82,121,129,85,93,99,105,93,99,127,157,157,150,142,119,119,93,91,108,88,88,124,102,130,119,108,102,91,82,74,76,96,79,76,68,53,79,63,82,110,119,116,122,130,157,130,127,116,63,66,76,74,48,55,42,48,48,58,55,55,68,71,46,58,42,34,24,18,20,30,25,28,42,36,30,48,55,76,58,63,44,44,44,46,32,60,86,88,86,88,74,68,74,74
121,88,96,85,85,65,41,48,46,28,34,52,35,37,50,52,71,65,39,41,46,55,88,144,99,101,131,96,76,48,52,71,131,134,156,181,198,212,222,179,118,147,196,134,110,110,99,82,96,129,112,88,104,131,121,85,118,181,164,139,139,172,185,172,183,175,159,156,126,104,139,152,88,93,65,79,62,76,99,68,85,79,79,71,76,79,91,88,76,96,79,71,57,85,85,88,65,71,74,91,104,96,99,85,74,65,71,76,74,85,104,71,52,52,44,37,39,57,82,62,55,53,53,62,50,42,37,76,96,135,140,137,175,223,215,159,152,132,82,91,88,104,118,107,88,107,93,57,44,46,57,82,71,76,88,91,68,53,82,71,71,74,62,60,79,62,55,62,88,104,82,96,85,71,55,79,88,82,99,140,145,108,85,65,60,110,118,110,82,71,82,60,53,76,85,71,63,65,82,85,88,99,85,108,115,118,85,113,137,157,113,110,140,179,147,105,118,147,155,152,137,124,99,60,82,108,124,124,113,116,105,96,96,79,76,105,99,85,99,91,105,85,93,85,65,68,68,68,79,99,127,147,145,142,124,99,71,93,93,91,99,124,105,113,116,132,147,166,175,150,121,145,105,127,65,91,108,96,135,116,96,105,99,102,91,91,71,79,79,96,76,58,58,74,53,65,105,116,110,130,155,132,124,132,160,113,108,91,76,60,66,60,58,60,40,40,53,60,53,55,50,30,24,28,20,27,25,32,28,36,34,27,42,88,50,50,55,44,46,32,42,42,74,79,76,88,94,88,63,44,66
104,99,62,99,71,62,60,62,48,48,55,57,37,37,52,57,50,52,50,46,52,52,79,85,104,104,110,71,41,57,112,96,110,159,198,183,189,231,222,179,144,168,179,147,101,85,79,85,93,99,121,101,104,144,123,91,110,154,150,159,129,161,164,147,170,183,170,150,139,126,126,134,85,82,65,62,68,101,110,99,115,91,82,99,88,65,60,99,101,107,82,96,96,134,85,85,60,76,79,68,85,101,124,96,41,50,88,124,88,118,113,99,74,48,44,42,42,53,71,68,44,53,82,71,48,68,57,79,88,96,104,113,134,134,113,104,118,118,99,121,132,142,145,104,99,115,85,60,57,62,68,82,79,71,82,68,60,48,65,55,57,88,79,91,113,79,68,104,93,82,60,57,68,55,50,53,63,60,79,85,79,65,63,99,76,76,164,113,124,121,99,55,71,74,88,82,82,82,71,88,76,85,105,82,137,96,79,91,113,132,127,116,135,155,124,82,108,129,124,127,118,110,96,74,91,113,132,140,129,118,137,121,99,93,79,85,85,88,105,82,82,79,65,71,74,68,63,63,74,99,108,129,137,132,132,99,85,76,76,102,108,135,132,121,99,127,155,152,184,166,132,137,108,82,113,93,116,105,108,124,110,102,99,93,79,76,71,60,79,88,60,58,68,50,71,68,96,93,119,116,99,121,124,153,184,157,121,105,93,74,116,63,74,46,34,34,42,46,46,53,30,32,37,36,28,34,23,28,27,25,36,44,44,50,53,50,50,46,32,55,63,53,82,82,66,88,82,46,40,60,42
60,85,115,88,73,76,68,37,55,65,85,52,45,45,62,71,52,43,48,46,43,46,68,79,93,99,104,52,32,55,99,134,141,181,205,203,175,198,213,175,163,163,166,183,104,55,68,79,62,65,79,85,79,121,132,118,96,113,104,132,132,101,115,129,185,147,134,144,152,118,118,142,107,65,85,68,99,101,88,99,104,82,82,88,82,82,96,129,175,147,137,139,132,132,88,85,65,65,76,99,115,134,132,88,50,68,104,121,115,139,113,113,76,74,55,50,39,44,53,53,53,55,68,79,91,60,62,55,68,71,79,104,85,65,101,134,132,121,118,129,155,127,135,127,96,96,74,68,71,53,55,79,88,85,79,55,53,48,50,40,46,68,85,93,99,82,76,101,96,76,60,57,76,53,40,60,65,65,50,55,65,85,74,76,82,79,150,127,140,118,85,93,96,96,96,113,76,68,65,82,96,102,108,118,88,46,74,55,108,127,132,124,147,118,113,102,121,129,116,99,102,91,93,82,99,110,124,140,132,124,135,132,96,91,82,58,85,79,65,76,65,65,58,65,65,65,60,55,63,79,91,129,135,118,99,105,105,85,99,121,127,140,124,119,96,91,130,157,162,152,121,119,102,82,85,82,85,88,82,105,113,108,96,76,65,55,55,58,74,93,85,71,76,85,74,68,88,91,91,116,113,110,142,142,173,178,119,108,108,99,99,82,79,53,48,42,34,48,48,42,30,37,30,53,30,27,21,23,30,36,37,50,42,37,53,53,30,42,46,48,40,46,86,82,82,53,42,44,32,30,32
60,90,129,79,73,65,35,62,45,62,82,55,46,37,52,79,65,50,41,41,55,43,99,68,90,88,88,62,39,88,139,185,208,196,194,183,181,174,208,200,126,183,170,139,88,60,65,52,50,71,76,79,96,96,99,79,57,57,60,55,82,79,96,115,134,156,144,161,181,129,121,164,137,113,91,85,104,96,99,74,85,91,79,79,85,115,129,142,170,154,177,161,115,107,118,88,62,68,101,147,161,142,113,101,101,113,101,74,142,134,113,110,107,76,65,48,46,39,53,55,46,44,50,96,85,48,41,41,62,39,65,79,57,79,121,129,132,135,110,129,150,171,142,140,96,99,65,48,50,62,76,85,91,96,79,53,62,57,55,62,44,55,76,82,79,79,74,79,91,82,71,60,62,65,62,74,65,65,55,55,91,101,93,85,79,101,108,121,129,147,132,110,102,116,110,113,96,79,68,102,135,108,121,108,79,79,60,79,113,102,129,132,137,147,121,96,124,173,85,96,99,74,68,88,76,118,121,132,160,140,118,108,96,74,58,50,71,76,79,71,74,60,65,63,65,60,65,63,60,65,63,82,119,91,99,91,88,110,127,129,105,108,102,99,68,60,105,135,129,127,113,99,91,88,71,74,71,82,102,108,127,113,82,71,65,58,46,65,96,102,110,88,105,105,91,96,93,88,108,110,108,121,124,124,142,140,113,153,142,82,105,119,74,63,55,50,46,42,32,25,36,36,34,37,28,36,25,23,40,50,53,48,48,46,42,48,36,44,46,34,30,42,63,79,76,40,32,50,34,32,40
81,115,129,99,79,62,41,52,43,65,62,50,39,41,50,52,50,39,50,52,57,71,107,93,110,93,101,112,90,90,187,206,218,198,177,206,154,172,181,177,126,139,172,129,101,68,65,57,39,55,76,65,79,90,68,79,71,28,39,43,65,85,85,99,96,107,159,185,175,161,129,150,104,115,115,96,115,118,96,91,96,101,110,101,107,110,107,101,113,124,156,175,144,134,118,101,68,79,115,139,132,113,104,118,129,126,99,96,132,115,115,113,107,96,82,55,53,50,44,46,34,35,68,82,62,50,39,35,62,39,37,44,50,79,79,113,150,129,104,164,159,132,173,129,135,85,71,62,62,91,76,85,91,74,79,85,68,62,74,74,37,62,79,91,121,108,79,74,76,79,68,57,60,79,91,76,82,79,55,62,104,118,108,96,108,132,127,142,155,135,124,110,110,127,121,140,110,105,96,88,93,82,74,82,96,74,76,88,118,118,162,191,145,145,118,82,113,116,105,99,76,71,60,60,82,91,116,121,147,142,110,102,79,71,48,63,58,88,55,60,74,48,55,55,65,68,68,74,60,53,60,55,85,76,88,71,63,108,129,116,60,74,99,93,65,50,85,99,116,118,93,74,76,79,85,91,85,110,113,105,135,119,96,76,71,63,71,60,93,99,124,119,88,91,116,113,76,91,119,113,116,119,110,96,110,116,127,116,130,116,135,145,94,76,79,55,58,50,32,24,37,37,27,32,25,32,21,30,42,58,55,46,34,44,42,36,37,34,37,44,24,30,50,44,74,44,42,50,36,25,37
118,121,147,147,104,68,50,39,30,46,62,50,35,43,52,39,43,43,52,62,65,101,79,71,93,112,115,129,118,144,181,196,191,193,164,156,129,149,172,170,136,147,136,136,104,71,101,88,52,46,62,62,68,68,85,85,88,65,32,65,85,104,82,79,62,99,170,170,159,154,154,159,150,99,88,134,115,150,85,91,118,126,137,137,104,104,144,164,126,129,161,188,181,132,150,129,68,68,101,115,99,113,110,104,129,129,101,113,99,96,134,113,113,132,110,82,53,53,46,37,39,42,68,65,50,53,50,53,60,53,27,44,62,71,71,96,127,104,124,129,115,140,85,85,88,53,91,96,85,79,65,68,82,60,71,65,53,48,71,62,65,79,124,118,135,121,93,85,79,74,60,60,62,85,110,85,79,101,93,93,110,121,93,99,113,155,166,159,159,155,135,129,145,135,132,135,113,108,99,79,71,93,105,79,55,48,65,91,110,121,140,175,155,137,116,79,71,99,116,93,79,85,68,53,60,71,85,82,76,71,71,85,74,65,76,82,102,63,88,74,58,48,44,68,55,48,71,79,71,65,60,58,53,65,88,82,74,82,91,99,63,74,93,88,68,60,68,63,76,91,46,74,63,79,91,76,91,88,91,108,137,152,145,79,79,58,99,88,96,108,140,124,102,113,119,99,79,105,140,130,116,108,99,85,76,96,99,76,116,142,140,140,119,94,119,108,82,79,60,37,27,32,27,27,23,24,24,32,42,46,44,46,32,36,48,42,37,37,48,37,32,30,40,32,48,55,48,48,37,28,36
96,118,156,159,123,60,52,41,30,41,62,43,50,46,52,41,41,50,43,50,79,96,82,82,93,118,136,175,172,156,170,201,181,144,170,206,187,123,129,129,112,115,129,85,101,99,88,115,85,68,74,76,88,93,104,91,101,85,43,50,88,79,79,57,79,113,147,156,161,189,159,134,113,101,113,139,118,147,134,104,99,99,126,147,150,132,164,168,139,170,198,213,181,115,129,115,71,79,115,121,113,113,101,101,115,118,93,110,85,99,139,134,124,127,137,104,68,68,65,50,37,44,46,50,62,53,53,65,53,44,37,82,96,62,65,74,76,96,127,107,65,82,44,44,44,71,85,88,79,65,62,62,68,74,55,62,42,55,62,79,88,79,79,96,91,104,85,91,85,82,79,63,85,91,124,96,74,137,135,104,108,121,91,79,85,152,175,164,142,140,137,164,171,127,127,124,104,91,85,104,99,88,105,99,79,76,82,65,74,102,121,135,145,137,102,71,71,91,108,121,116,116,91,55,57,57,55,63,65,53,74,99,113,91,96,105,88,105,68,65,50,48,55,50,42,53,58,71,79,82,68,65,63,76,96,79,96,88,88,96,88,91,76,79,93,74,46,42,65,48,42,60,65,85,68,68,88,91,85,108,152,179,166,121,76,79,96,102,108,132,140,116,108,145,130,108,88,108,148,157,130,124,121,121,93,82,93,93,110,135,140,121,119,99,105,127,108,108,102,55,36,34,27,28,24,25,23,23,37,53,53,42,37,40,58,44,36,48,50,40,28,23,30,34,32,42,50,34,24,27,30
93,121,134,115,96,68,68,62,52,50,43,43,57,68,65,41,32,50,55,55,82,115,110,112,141,131,163,183,200,163,187,220,172,101,156,203,141,101,118,112,71,71,107,99,82,96,90,104,99,101,101,91,104,101,132,101,88,79,60,55,71,79,85,68,76,101,113,118,129,150,144,101,129,104,137,129,118,113,104,74,132,82,99,154,175,164,147,113,144,196,212,203,156,76,82,88,85,99,126,126,101,96,96,113,82,99,68,82,71,121,147,142,134,139,137,132,101,91,104,74,39,39,42,42,46,50,48,55,48,55,62,68,93,88,71,71,79,82,91,76,44,44,35,32,42,53,82,91,46,50,62,60,71,68,42,44,53,57,46,79,71,88,44,91,124,85,82,82,82,74,82,74,79,96,121,108,159,121,96,110,82,113,82,63,68,127,171,132,142,157,140,179,164,118,113,124,93,88,99,110,93,91,91,91,91,93,105,96,68,79,93,110,124,99,88,91,74,102,124,102,116,124,102,65,57,74,88,82,85,85,79,108,135,110,99,118,108,96,76,48,50,48,55,53,58,76,85,76,82,79,82,105,124,113,110,102,124,127,140,137,127,113,82,88,102,74,46,50,68,60,58,65,74,74,55,68,82,119,116,96,140,190,190,145,96,85,102,108,121,137,140,145,130,119,119,105,85,96,127,179,113,140,127,160,140,116,96,91,124,132,142,132,110,85,93,148,148,132,119,71,48,46,42,40,36,25,24,28,53,58,46,40,53,68,50,46,50,58,53,46,42,36,42,44,27,28,40,37,29,23,30
134,104,101,76,85,68,73,85,82,55,52,52,52,68,62,48,28,37,55,65,71,115,131,152,163,149,181,198,203,201,201,209,159,101,141,159,99,90,118,101,79,68,65,82,85,118,96,85,85,88,115,131,123,104,121,115,93,65,62,76,99,82,68,71,79,71,74,88,96,101,96,68,71,136,110,134,96,91,99,110,101,99,79,139,161,142,144,156,183,154,181,198,121,159,88,79,91,101,115,96,113,126,107,96,96,132,71,71,76,107,124,150,150,118,137,137,115,104,118,93,71,44,53,50,55,50,48,60,62,65,55,53,82,99,85,96,85,62,68,65,40,44,40,40,42,46,85,82,46,44,53,62,65,76,68,65,71,74,53,68,62,60,74,79,115,85,85,108,85,74,79,76,60,71,68,79,82,93,91,99,57,63,88,74,71,96,129,115,147,164,104,171,135,93,101,121,121,116,91,85,79,76,63,74,113,116,132,108,85,82,82,110,113,99,99,85,96,102,105,93,102,132,121,102,79,85,113,96,74,93,135,121,113,116,110,127,116,82,53,53,50,53,42,37,58,60,68,85,82,93,121,121,108,137,140,135,152,140,113,140,145,116,110,110,102,91,74,68,71,76,82,71,82,71,76,79,93,105,102,93,130,182,184,137,96,85,116,119,121,119,162,135,137,127,93,99,108,110,150,142,130,102,132,173,188,148,108,91,124,135,157,148,124,121,119,132,155,137,113,108,74,55,48,60,48,36,36,40,55,46,30,32,55,60,50,55,48,60,53,44,44,60,55,48,32,23,36,34,27,29,27
104,76,57,71,101,50,85,88,68,62,60,55,50,57,62,50,41,34,50,62,57,99,163,139,170,156,172,172,198,196,198,200,163,126,118,136,88,96,96,110,91,60,68,96,118,156,131,79,65,82,126,154,131,118,88,104,76,65,88,104,96,82,88,68,79,85,74,74,88,101,107,93,68,52,88,107,99,126,104,134,101,118,134,156,172,137,152,170,164,124,126,147,110,124,101,76,65,96,118,107,132,150,126,134,88,99,91,96,85,88,110,142,159,157,129,132,132,113,99,101,79,88,76,68,88,82,79,79,50,50,55,65,68,74,82,85,79,53,65,85,62,62,53,42,53,65,76,82,71,62,53,42,50,88,101,85,82,101,93,76,74,65,62,55,88,99,96,99,85,91,108,96,96,79,99,96,135,115,113,93,65,55,57,88,76,62,93,142,135,124,140,157,113,105,105,140,145,121,91,60,57,50,37,55,93,108,99,99,113,93,116,129,110,102,88,65,99,127,121,113,155,171,132,132,145,129,137,118,102,85,96,105,102,110,76,88,76,63,44,63,46,50,48,42,42,58,63,76,96,105,129,160,171,166,164,171,162,137,113,99,124,121,113,116,110,99,82,65,74,93,110,116,124,116,88,96,108,99,108,135,132,137,140,105,93,93,88,124,116,105,135,135,135,150,119,119,132,132,145,124,137,116,142,157,173,162,137,122,130,145,157,160,142,148,127,94,130,130,124,108,82,50,66,71,63,50,44,46,74,60,36,36,44,44,40,46,42,50,61,46,55,88,61,32,28,25,25,34,30,25,24
79,68,65,82,68,55,73,57,65,65,46,50,57,62,55,48,43,41,43,39,68,96,149,141,177,149,129,149,209,183,175,193,170,144,112,131,112,79,62,104,96,62,82,85,101,118,115,82,82,99,134,156,126,132,96,93,96,101,71,118,104,96,118,115,85,82,74,68,71,79,123,123,68,55,93,85,88,110,137,142,104,121,129,142,166,144,96,113,150,144,93,101,99,96,85,88,79,88,124,147,115,113,147,150,91,99,99,121,91,126,88,142,137,142,99,124,150,124,96,121,99,85,104,88,104,88,101,71,39,35,65,65,60,55,60,65,79,65,62,101,85,65,55,55,68,76,68,85,85,62,44,44,55,79,91,96,91,121,124,104,79,65,74,74,85,88,76,96,99,79,82,121,140,145,135,132,145,137,121,96,65,65,71,82,71,68,99,110,108,121,88,118,137,104,118,137,118,118,79,63,50,37,34,46,68,85,50,65,124,118,85,93,93,85,88,79,105,132,124,135,157,173,159,164,155,162,137,129,113,105,99,99,91,79,63,71,63,71,46,48,40,55,60,60,48,53,71,91,102,105,166,168,190,129,155,150,137,113,76,85,88,96,96,96,88,105,110,91,110,137,150,121,130,132,108,99,102,105,137,137,102,108,102,119,105,88,88,93,96,91,119,135,140,145,145,142,148,153,150,142,132,132,130,140,145,166,148,166,160,140,145,137,124,140,119,79,88,91,110,82,71,82,68,55,63,48,48,68,82,74,55,46,36,30,44,42,34,46,55,46,60,50,60,40,28,25,28,37,28,27,25
110,90,73,68,62,71,52,57,65,62,30,39,52,57,62,50,48,52,32,41,68,82,136,172,159,181,104,121,205,163,163,206,166,126,118,99,76,55,79,90,104,93,96,71,82,71,79,93,101,131,136,112,141,131,141,107,91,62,79,126,129,104,112,134,131,93,71,68,74,99,118,131,96,96,99,88,115,82,96,129,110,126,104,88,121,134,129,129,137,121,99,91,101,126,101,99,96,79,91,88,93,132,129,118,107,126,129,118,177,126,96,96,150,137,101,104,150,150,99,76,96,91,99,104,104,82,129,79,50,37,53,48,55,60,68,62,55,82,57,85,88,53,50,68,55,68,68,55,65,55,44,48,62,68,96,115,104,124,147,118,99,99,93,99,85,76,85,88,74,71,88,104,113,108,118,121,115,110,99,79,79,96,93,82,91,93,82,93,115,127,104,85,93,93,105,105,150,99,96,85,74,76,55,42,76,82,40,57,99,105,42,79,82,102,85,88,102,96,91,102,121,147,177,166,182,164,152,147,121,93,91,88,76,71,60,63,63,68,34,46,44,55,71,74,60,88,110,129,121,124,150,147,147,145,135,130,110,96,53,60,88,88,85,108,102,88,96,108,140,150,173,96,91,132,119,88,85,91,99,113,102,85,105,135,108,88,96,85,79,85,121,140,155,153,166,169,169,150,160,150,132,148,140,116,137,153,153,169,142,113,105,113,124,142,127,91,71,74,79,58,58,82,63,46,60,55,42,60,94,102,99,79,58,46,42,40,36,42,44,71,53,55,76,58,27,25,36,42,46,30,21
85,104,126,88,81,55,39,62,50,68,37,30,43,60,50,50,62,48,34,41,60,90,115,154,168,191,126,104,156,144,165,212,181,118,104,76,43,52,101,85,107,112,82,85,65,52,71,99,99,118,126,104,141,131,147,129,79,62,62,115,134,88,115,156,115,88,82,79,52,76,107,110,115,99,88,101,101,126,134,121,88,88,88,68,74,107,104,132,96,85,99,99,88,96,104,85,88,71,57,101,134,104,88,99,110,124,173,161,159,144,96,85,118,104,85,115,144,142,99,96,101,115,126,132,118,85,121,110,68,32,34,55,76,55,46,60,53,65,68,79,68,50,39,76,37,62,53,53,65,68,48,53,57,71,107,127,108,127,124,115,150,121,99,93,79,68,79,76,71,65,79,96,79,99,79,88,96,68,62,65,79,85,82,76,96,96,85,93,116,110,88,74,68,82,108,93,127,124,102,113,110,63,44,85,79,50,44,68,79,82,74,68,93,82,79,99,96,88,68,76,118,121,147,171,184,164,164,145,118,108,85,74,68,60,58,58,50,60,46,55,53,50,82,99,91,91,124,124,116,102,108,145,145,129,124,140,129,108,42,53,88,108,108,119,148,132,65,105,108,121,129,116,127,129,135,82,76,102,102,119,130,113,121,116,137,148,127,82,99,85,113,132,166,197,178,155,162,140,140,157,166,182,155,140,121,124,142,127,105,94,91,108,132,137,137,97,66,53,58,58,55,60,66,58,58,48,46,44,79,111,111,108,105,116,74,53,55,53,66,68,68,71,71,68,36,32,40,44,42,42,32
65,68,101,85,71,46,55,65,57,43,41,37,43,52,52,48,57,52,39,35,55,88,118,126,189,159,136,101,107,112,144,175,159,112,90,90,76,74,99,101,104,104,71,71,60,55,90,99,88,85,90,85,104,104,99,129,65,65,50,115,115,104,121,144,126,101,85,57,55,82,82,88,74,79,88,68,93,126,88,82,74,53,74,85,74,93,91,99,91,113,96,118,104,107,65,62,68,82,85,79,85,93,71,99,161,134,150,157,166,157,99,121,113,99,99,115,135,144,88,68,115,124,137,144,104,93,101,101,65,53,42,55,62,55,57,53,50,65,93,53,71,62,44,55,42,55,46,60,74,82,48,53,57,60,85,91,121,99,96,113,140,132,101,76,62,57,68,65,65,57,62,107,79,110,96,108,82,48,50,60,82,82,68,82,79,79,79,85,96,96,88,65,53,63,96,105,132,121,121,113,85,68,68,91,68,48,48,79,102,108,85,74,79,57,74,102,96,91,79,88,85,79,113,142,175,177,152,137,124,96,74,71,55,55,55,60,58,55,55,63,68,71,102,113,105,102,116,105,74,99,116,118,93,82,105,91,88,68,60,74,85,102,108,99,110,113,79,99,65,91,110,121,119,140,132,110,96,93,127,116,102,79,93,121,140,145,137,91,99,76,96,121,152,162,167,157,130,124,127,142,160,175,148,137,85,94,108,116,99,88,105,119,140,132,110,94,68,48,46,74,55,50,79,66,55,53,37,37,61,88,111,150,150,122,113,113,99,74,74,82,68,68,82,74,42,27,34,40,48,46,37
79,82,115,104,85,60,65,79,48,32,41,46,39,39,62,79,68,55,39,23,39,85,115,131,170,161,147,129,82,99,134,107,96,101,101,115,131,88,90,129,118,101,57,62,71,71,74,82,93,79,50,55,85,82,68,99,85,65,62,99,126,126,139,141,131,110,79,62,68,71,55,74,82,99,88,88,82,82,62,57,62,44,50,82,91,113,96,88,91,115,164,161,126,88,50,55,74,91,68,57,79,88,93,132,150,126,124,159,175,132,127,137,127,104,113,96,115,115,93,101,91,88,144,150,115,118,104,115,74,68,68,62,55,57,44,39,50,65,71,65,85,96,62,50,44,55,37,48,82,71,53,50,57,53,53,71,135,118,101,88,147,135,121,91,65,55,60,60,48,65,71,82,79,124,127,110,63,74,53,68,74,104,82,91,76,65,82,82,85,79,104,68,46,60,96,99,113,140,108,101,93,96,116,110,79,60,53,82,102,110,79,82,82,68,82,110,108,113,137,142,99,105,116,118,140,147,124,116,113,108,102,79,76,88,76,71,60,53,68,79,76,88,105,113,102,102,93,85,82,71,76,91,63,60,74,63,65,65,68,65,85,82,91,102,96,105,85,65,37,53,76,160,132,175,142,116,99,76,88,79,79,79,82,99,99,108,135,102,88,85,93,96,119,113,150,160,99,99,127,124,132,145,130,110,79,79,88,82,113,99,113,108,132,130,93,93,79,63,48,63,82,82,91,74,44,58,42,30,55,74,122,124,148,165,167,145,116,99,76,97,76,88,94,74,50,24,32,53,63,55,46
115,115,141,123,90,79,73,73,50,41,43,37,39,50,62,71,68,62,41,19,30,55,68,112,149,177,156,134,104,99,99,96,112,126,152,163,131,99,79,107,101,71,68,85,82,74,71,93,123,99,41,50,85,85,91,99,88,68,62,79,101,118,139,156,118,88,76,76,62,65,60,85,85,88,82,88,82,74,48,44,52,55,55,65,74,76,65,96,85,132,147,132,118,76,62,88,101,82,68,91,93,65,115,129,150,115,129,79,150,132,159,132,96,101,96,88,96,115,93,88,74,104,129,142,115,121,115,99,79,68,68,55,65,53,44,48,50,53,65,65,65,74,68,46,44,55,48,62,71,71,55,53,50,44,55,65,107,135,115,127,175,135,137,99,71,55,55,50,50,65,79,63,82,121,108,91,91,150,79,71,79,118,93,113,108,74,93,99,91,76,132,88,48,57,65,82,105,116,118,127,135,99,113,121,74,65,60,85,88,60,55,57,65,79,88,127,157,168,162,155,129,116,121,127,129,116,108,124,124,102,91,88,99,108,105,76,60,71,88,74,76,79,96,76,76,93,91,88,76,68,74,74,71,71,58,68,63,76,71,68,79,76,93,102,91,93,99,79,44,36,91,127,135,148,145,113,76,82,79,79,68,71,91,65,79,110,145,96,76,85,88,85,113,127,116,145,113,79,93,110,137,157,121,105,85,85,74,71,93,102,99,108,116,130,85,105,79,79,60,63,105,99,79,63,46,42,50,36,40,71,111,124,132,190,155,157,140,122,105,91,79,105,71,74,48,55,40,86,53,71,50
107,101,118,134,96,81,79,62,62,48,37,37,41,62,62,62,68,62,39,34,46,39,43,85,115,161,136,115,96,112,126,118,144,166,159,152,129,90,90,96,88,104,96,76,88,96,99,104,115,110,60,50,71,96,115,99,101,88,65,79,115,126,147,159,101,71,76,79,65,55,62,85,82,88,101,88,85,71,74,76,79,85,76,76,82,85,82,85,107,113,129,164,115,65,91,110,88,93,96,88,96,99,110,107,124,115,60,79,144,137,121,154,150,126,88,79,99,88,126,152,118,126,121,124,101,154,113,96,79,53,46,55,65,62,44,46,65,65,55,62,88,34,46,68,48,55,48,50,57,50,50,42,44,44,50,57,82,104,113,157,145,124,113,85,62,68,82,68,65,68,74,82,82,110,108,108,118,152,113,79,82,96,110,113,108,104,121,110,108,102,140,96,60,53,53,93,91,113,155,142,118,93,99,110,71,65,63,76,65,79,65,50,85,91,85,99,142,166,157,145,147,142,147,127,124,140,137,102,93,96,127,82,105,124,121,99,68,105,91,76,68,85,65,76,88,99,93,96,71,53,65,71,71,71,76,85,91,76,58,63,79,82,85,91,96,102,102,88,71,68,88,127,142,135,148,116,71,82,91,76,88,93,102,99,116,127,127,105,102,76,91,105,127,121,105,127,113,96,113,121,124,121,135,113,76,68,55,71,85,105,97,122,108,99,86,97,71,60,55,71,97,94,63,42,36,37,63,55,42,91,88,102,135,132,157,169,145,111,102,94,94,94,86,66,61,74,63,63,58,53,48
104,121,123,131,118,115,99,82,52,39,30,39,55,55,62,55,55,55,48,48,71,65,79,85,129,131,123,99,96,123,115,101,99,107,136,152,118,88,115,88,101,136,82,71,74,104,107,96,115,115,79,52,88,115,99,96,141,118,88,112,136,147,156,144,85,62,76,93,91,68,65,88,99,99,99,99,88,96,121,118,101,134,132,85,96,132,104,88,118,126,126,115,150,79,88,62,65,82,99,88,101,121,113,129,144,85,74,71,132,118,85,170,170,107,115,132,132,144,110,154,188,134,126,118,126,140,48,82,88,65,50,68,55,39,62,71,68,68,96,65,62,85,48,53,50,39,50,37,44,60,53,37,37,50,44,44,68,96,108,135,104,68,104,96,76,65,76,82,88,99,101,96,110,113,113,140,127,129,118,91,79,82,110,85,93,140,140,118,116,102,127,121,82,60,68,79,110,127,145,116,93,99,96,108,74,53,42,55,76,74,76,85,108,108,121,102,118,142,152,157,142,155,152,124,135,150,121,105,99,96,105,116,142,157,121,93,82,71,76,79,74,79,65,91,88,68,63,53,48,53,71,63,68,113,105,82,76,65,50,60,79,108,105,102,88,76,85,99,82,85,91,93,137,124,129,145,105,71,79,85,88,93,102,130,119,124,113,105,102,74,93,93,102,132,127,96,99,113,140,130,164,130,121,93,65,60,44,58,82,111,119,130,119,76,86,76,68,44,44,55,86,99,48,32,37,48,63,82,58,66,79,76,91,102,148,124,108,91,91,94,119,94,76,74,58,68,63,34,46,46,40
149,174,159,110,141,149,129,110,43,39,32,37,57,55,50,50,57,52,50,50,50,79,88,79,134,149,101,118,126,96,88,76,50,65,147,149,112,129,139,99,112,126,101,71,65,79,104,104,110,101,74,65,93,101,96,96,101,149,136,132,136,144,147,115,62,65,85,96,88,91,76,99,115,101,104,118,123,126,126,115,115,149,181,132,101,118,110,115,126,144,129,126,142,99,62,44,79,74,65,71,79,96,101,107,101,79,85,74,118,132,142,150,164,101,104,161,159,132,127,142,193,152,135,161,144,115,96,82,85,88,65,55,46,55,79,91,85,79,110,50,118,55,79,42,55,42,46,62,71,65,46,42,44,46,68,71,68,88,115,82,99,85,79,85,79,74,99,124,137,137,129,127,127,113,129,105,108,115,99,101,82,74,96,105,99,142,155,115,91,99,121,121,82,85,79,85,113,113,105,96,101,99,101,99,76,46,40,53,71,82,79,116,110,127,135,108,113,137,140,150,157,152,152,162,157,147,110,124,102,96,124,129,182,184,140,102,71,82,85,99,68,65,85,68,53,55,63,42,37,68,65,65,74,91,85,65,53,60,55,50,65,99,88,91,82,82,82,76,76,85,88,96,105,99,127,150,105,71,85,102,76,88,116,140,110,91,93,91,91,88,60,71,105,127,108,91,108,105,132,110,137,150,105,74,53,58,48,50,96,108,113,127,127,105,82,58,46,42,37,46,108,91,48,40,53,53,82,108,91,74,79,76,82,94,119,122,97,79,86,113,116,102,71,105,61,71,82,48,61,63,46
131,149,149,129,144,141,129,110,71,41,34,34,41,52,46,52,52,46,46,48,50,71,62,68,101,136,99,99,118,96,90,62,52,76,118,141,144,129,166,139,112,93,99,93,82,79,96,99,79,88,88,93,82,115,91,101,123,123,136,141,99,113,104,71,71,79,74,68,68,85,82,113,131,149,107,126,136,152,136,142,161,150,175,179,113,115,115,134,142,157,150,142,124,88,60,53,71,74,65,65,65,76,82,85,99,82,79,99,115,110,132,171,159,129,124,171,175,154,127,140,198,181,171,188,142,118,104,104,107,96,68,37,44,74,79,60,96,85,91,62,71,79,74,53,53,62,76,71,82,62,53,53,62,82,82,79,53,57,96,88,99,40,44,42,50,62,99,135,118,145,157,145,137,127,121,71,82,82,118,96,82,96,99,101,104,124,145,113,93,108,121,115,88,91,99,99,101,101,108,116,113,127,108,96,74,63,65,53,68,99,91,127,145,135,127,129,132,132,132,147,166,152,159,150,105,108,99,93,118,135,118,147,191,182,140,82,60,58,58,82,63,58,68,46,58,53,63,55,42,71,71,55,63,71,55,68,37,53,60,55,46,63,53,82,79,60,71,63,91,79,82,85,60,96,119,132,116,76,79,96,79,74,121,119,110,99,79,88,85,85,48,50,102,102,96,96,113,119,113,105,130,135,91,66,50,55,53,55,88,108,116,124,99,74,68,55,36,32,48,74,108,105,79,55,58,82,119,137,140,102,66,86,94,88,130,153,88,71,76,105,116,108,94,82,55,50,66,79,50,58,53
99,126,129,134,139,112,96,96,79,48,43,46,43,52,48,41,52,48,43,52,60,50,43,57,71,82,74,79,126,104,85,82,85,85,112,118,123,126,156,141,110,96,112,101,96,82,85,88,79,85,85,101,126,126,91,129,134,126,129,121,93,79,104,99,118,104,52,57,68,99,107,123,131,142,104,104,150,152,172,161,147,144,147,159,142,139,124,144,142,150,144,132,96,79,62,65,71,74,68,68,88,76,88,88,88,76,71,85,101,110,126,161,175,152,147,179,164,139,157,147,150,161,164,183,142,104,96,101,88,88,68,53,76,68,57,68,82,101,91,68,74,88,79,62,99,88,99,55,71,68,62,71,65,124,48,55,55,60,88,104,44,48,48,34,30,53,74,118,145,157,127,108,115,145,118,68,53,74,96,85,96,113,113,104,121,140,145,132,82,113,115,113,91,91,108,96,82,116,127,127,127,132,116,85,71,76,63,60,71,88,108,145,155,116,113,135,129,108,121,129,135,142,110,105,102,79,74,110,150,145,142,152,179,171,129,88,68,48,44,58,71,53,63,63,40,48,63,71,68,76,65,53,58,53,48,63,79,53,46,63,48,48,55,68,58,63,65,74,91,74,76,58,68,93,99,121,127,99,76,82,74,76,88,108,119,88,96,91,102,82,55,71,99,96,121,108,108,108,116,108,116,127,93,58,42,44,65,79,79,116,124,99,88,86,66,46,40,40,55,99,108,113,116,86,76,102,124,153,140,113,76,79,105,127,132,145,99,76,74,88,113,108,102,86,58,48,53,71,66,55,66
88,85,73,88,129,93,96,129,88,62,52,55,50,55,55,50,60,52,50,50,41,43,46,50,55,52,55,62,107,99,112,134,126,112,118,104,99,118,126,104,101,96,107,93,99,91,88,99,82,79,96,101,115,112,99,126,134,118,136,115,129,121,131,156,136,129,82,50,68,96,132,115,139,126,144,132,156,132,149,170,149,156,166,147,156,126,141,144,154,129,113,104,65,65,55,68,79,82,76,71,85,91,96,88,79,68,60,55,82,104,144,161,166,175,170,161,159,150,144,154,159,161,159,144,107,65,68,82,79,82,62,44,65,93,88,79,68,85,104,71,62,76,96,96,110,85,107,76,79,79,65,101,79,46,68,53,65,53,62,71,68,40,40,37,30,37,65,113,182,137,115,147,132,166,96,74,82,71,79,96,135,113,110,147,150,140,118,113,91,71,88,74,74,96,88,82,71,93,105,93,82,88,91,79,105,74,82,96,82,91,135,135,113,85,88,108,121,108,88,99,96,110,74,102,110,82,93,127,157,157,171,182,166,157,140,99,85,63,60,55,63,60,76,55,32,55,60,76,88,76,63,53,44,53,50,40,68,65,58,63,53,44,60,55,63,68,58,71,91,91,93,68,85,116,121,130,130,110,102,85,82,85,93,105,102,96,105,102,110,99,96,108,119,93,110,113,91,82,119,105,113,113,102,53,40,50,85,111,122,119,130,127,99,76,68,50,60,68,55,88,108,99,105,105,105,82,94,122,99,91,82,86,116,113,122,127,119,102,79,71,100,89,94,71,68,53,55,76,86,86,68
76,65,57,68,101,107,85,134,104,82,57,50,52,60,65,60,55,60,50,41,43,43,39,57,57,55,55,39,79,131,172,154,126,115,110,104,99,99,99,85,79,74,82,99,107,99,91,88,82,91,107,101,96,104,115,134,141,118,129,134,144,159,156,134,129,126,79,48,82,88,126,147,161,141,172,152,104,129,141,164,177,183,181,161,149,134,159,147,118,121,99,104,53,46,50,60,88,85,71,65,62,85,76,76,55,53,62,53,57,96,126,166,183,196,183,144,154,173,142,157,173,179,142,96,71,55,79,93,107,101,82,68,91,127,104,79,71,91,96,65,68,91,101,113,110,104,104,99,88,71,65,85,91,65,55,74,48,42,46,53,53,48,48,35,35,40,71,99,113,132,155,152,173,124,127,68,108,74,113,115,150,147,101,99,132,124,105,102,82,68,68,53,85,124,105,93,57,68,99,88,55,57,85,93,113,91,110,85,85,96,91,82,79,99,102,99,118,118,88,110,96,79,93,93,116,116,96,118,150,173,184,175,157,137,140,127,113,85,71,58,53,55,65,63,55,55,58,74,102,74,46,40,46,55,36,40,63,65,58,58,46,50,58,53,60,65,63,82,96,96,91,76,105,116,119,132,153,108,108,110,105,93,65,88,108,96,96,110,127,142,132,121,130,96,96,110,108,85,71,116,116,132,102,53,76,99,99,124,140,122,132,124,102,76,58,71,53,53,55,74,88,91,71,91,113,102,88,60,102,86,58,71,111,108,113,113,116,122,102,86,111,86,71,66,66,63,76,86,79,94,86
82,50,52,68,85,79,88,88,82,65,39,41,62,55,50,50,55,60,57,37,55,41,46,43,90,50,46,48,90,118,147,141,104,99,82,93,96,71,55,62,50,50,62,101,104,85,85,79,82,76,76,101,129,126,129,141,134,110,96,107,113,107,99,79,76,71,62,62,79,82,110,132,121,132,134,126,139,134,121,147,170,164,149,139,144,144,150,118,74,104,115,93,55,60,68,74,79,62,55,68,74,68,60,79,50,50,62,50,46,68,85,150,181,159,159,147,147,161,132,104,88,150,113,88,55,88,101,115,147,159,127,101,107,113,115,88,101,85,96,68,96,101,121,150,142,101,108,127,85,62,79,82,62,62,68,55,44,53,50,44,44,53,53,60,48,50,53,68,93,113,93,93,150,108,115,74,91,82,96,110,155,121,115,121,124,135,101,96,82,42,68,76,91,96,110,91,74,101,101,93,76,79,101,85,105,79,99,85,96,53,68,42,88,140,132,118,132,124,118,121,99,102,129,137,105,137,93,91,110,129,147,159,152,121,118,135,105,79,58,60,60,50,44,71,99,68,60,71,74,48,34,53,58,55,55,65,74,85,85,60,44,50,58,58,68,71,76,102,85,74,91,76,74,82,99,110,140,132,102,91,88,91,96,79,102,113,105,105,121,121,132,135,127,93,110,110,108,53,71,94,130,135,108,119,108,137,145,124,130,142,137,127,88,82,74,85,60,91,71,42,71,74,63,91,97,79,108,79,108,63,50,55,76,113,113,113,135,140,137,111,102,108,53,68,50,66,48,86,63,88,94
73,62,46,65,60,52,68,60,60,39,37,39,50,52,48,43,55,60,57,50,35,43,28,60,71,65,71,68,96,85,104,121,96,82,68,52,71,71,48,52,62,74,99,96,107,82,65,52,57,57,62,115,149,126,88,101,134,104,91,96,85,85,68,60,79,74,55,62,76,82,91,110,131,147,141,149,154,149,134,134,129,107,118,137,137,132,126,110,82,76,88,65,71,71,74,74,62,71,85,85,85,65,79,88,68,55,53,44,41,79,79,99,164,142,129,144,154,168,129,85,50,118,124,76,55,113,88,115,152,175,132,110,115,104,113,110,152,107,110,113,115,113,142,162,166,110,115,115,88,62,71,79,101,62,62,68,60,82,65,55,60,62,57,60,48,60,53,40,60,62,44,57,99,110,71,85,82,82,63,118,129,118,113,115,135,129,101,79,57,74,63,79,55,76,105,82,82,96,105,101,93,79,105,85,91,65,91,99,118,76,88,58,110,135,162,147,140,129,116,127,102,155,159,179,93,129,91,85,60,79,129,157,118,85,82,82,76,68,63,71,65,42,63,71,132,79,68,58,44,48,53,74,79,76,65,88,65,74,71,68,53,60,71,74,85,105,99,96,96,85,76,76,76,71,99,113,130,132,113,93,71,68,76,93,93,105,113,110,102,110,119,110,124,108,110,96,85,66,82,88,99,108,108,102,145,164,137,113,127,155,108,105,94,94,82,82,85,66,55,50,60,61,63,71,86,91,108,94,88,66,76,61,97,127,119,135,157,145,153,142,105,108,55,61,55,44,50,50,68,76,99
50,52,57,57,71,65,55,60,43,39,46,46,43,52,43,55,52,46,43,57,55,35,41,52,65,99,74,68,90,74,57,82,74,68,65,55,55,88,65,68,115,115,147,101,96,93,50,32,46,74,96,126,129,96,99,121,144,118,134,115,85,82,82,74,88,79,57,57,65,65,85,129,164,156,139,136,164,152,142,124,113,99,104,113,113,91,82,85,82,82,53,53,65,74,88,62,82,113,96,93,96,88,101,79,85,68,50,79,68,101,74,85,150,147,118,157,177,161,142,107,74,99,142,62,68,85,113,118,144,147,171,150,127,99,134,161,175,147,132,82,115,145,147,135,173,118,127,127,85,65,65,88,101,99,79,107,88,118,96,57,53,50,62,60,57,62,62,55,42,36,32,37,40,55,71,65,82,99,101,104,135,155,127,101,108,96,50,50,68,63,46,63,71,85,99,68,85,121,118,110,116,105,93,105,93,88,88,91,113,93,116,99,110,137,162,157,135,135,113,121,152,157,155,166,127,116,93,71,37,58,93,108,58,44,50,53,76,65,85,74,88,60,85,82,79,65,65,48,50,63,76,79,71,74,65,91,85,119,68,79,110,105,91,105,127,124,124,102,121,119,96,116,91,99,108,108,102,119,116,85,65,63,74,82,124,105,79,119,108,82,102,99,105,113,145,108,82,93,79,74,96,110,93,99,130,124,93,102,110,108,102,93,108,99,88,74,71,55,50,68,76,79,82,76,71,74,88,68,82,91,71,68,88,88,132,155,173,169,155,157,140,97,76,55,66,58,40,55,50,89,113
55,71,71,90,99,71,50,43,39,32,43,50,57,52,52,50,68,57,50,52,46,30,35,41,79,71,39,74,62,62,41,55,55,52,48,52,68,50,65,115,110,139,141,123,74,96,50,37,65,104,131,129,126,118,136,152,144,131,112,144,110,82,96,91,76,76,57,44,50,71,88,113,110,113,134,110,147,115,118,99,99,137,139,126,101,88,79,82,62,79,79,60,62,96,99,76,88,104,79,68,85,101,110,99,68,65,104,121,76,62,68,96,118,121,147,170,166,144,129,113,113,115,104,82,71,82,134,134,152,168,205,188,113,113,137,164,150,137,93,79,124,145,140,118,150,155,127,142,101,79,85,88,118,132,71,88,113,115,93,60,50,44,57,63,57,63,65,60,37,28,40,28,30,57,42,36,63,101,129,145,145,110,82,104,88,55,40,48,65,50,42,60,88,99,105,108,108,124,110,102,113,113,110,132,116,99,93,79,65,118,124,96,93,129,152,150,142,127,118,132,162,150,118,135,110,96,74,71,44,46,91,102,63,46,63,85,99,91,96,91,85,91,74,63,50,55,76,71,76,68,79,68,58,74,93,96,113,113,99,99,121,132,119,137,130,102,127,116,124,135,116,105,93,113,108,85,119,99,110,96,74,50,68,99,110,93,85,105,116,82,88,93,102,102,124,142,85,74,85,93,85,91,93,88,102,108,99,74,91,82,97,102,102,102,94,68,50,66,74,76,86,91,99,97,88,63,53,102,102,91,60,63,88,108,124,135,167,173,167,160,105,79,74,74,63,63,53,40,53,97,113
52,79,99,107,96,82,62,32,39,41,46,50,68,46,48,68,62,50,48,50,52,32,30,57,68,55,32,52,52,50,43,43,52,50,46,37,32,46,82,115,112,170,131,118,82,79,65,65,91,104,126,141,126,126,115,131,126,134,74,134,134,96,118,93,93,79,53,39,53,71,85,82,88,107,159,99,139,113,101,91,91,107,129,141,115,91,82,76,68,96,132,134,113,121,129,85,68,88,104,99,85,82,101,71,71,101,104,107,50,44,62,76,96,118,129,139,132,132,147,147,181,144,88,88,65,88,113,152,173,155,164,177,137,96,99,135,129,99,85,99,99,127,113,147,140,145,132,145,132,113,121,104,121,152,99,110,142,110,96,60,30,35,40,48,62,60,55,53,48,50,50,40,35,34,42,35,53,71,113,137,142,132,99,108,104,68,55,48,82,63,46,42,71,76,79,102,121,137,132,99,82,135,137,140,132,110,116,96,88,113,116,108,108,129,168,152,142,164,166,162,155,132,110,137,113,74,71,76,48,65,145,188,147,108,93,99,102,96,105,99,85,93,76,55,71,76,91,85,85,65,63,60,79,96,99,76,65,91,102,96,121,124,110,135,108,105,119,121,129,124,116,119,113,105,96,85,110,110,85,102,79,60,71,99,96,113,119,121,108,76,76,79,74,93,110,91,85,76,79,74,82,82,82,85,79,94,79,66,76,74,94,86,74,79,71,68,66,68,68,60,63,79,105,116,76,55,74,91,79,58,86,91,63,102,130,127,155,162,135,111,79,94,91,74,74,76,53,76,86,76,100
73,85,101,99,88,71,50,48,46,30,41,55,41,39,57,71,52,50,57,52,55,52,39,48,60,46,28,50,55,39,32,43,52,48,37,32,25,50,88,99,112,131,156,91,88,79,85,85,96,96,144,156,99,110,126,82,93,101,107,141,141,129,126,96,113,96,44,35,44,65,107,96,113,118,170,132,126,126,93,85,76,88,104,118,113,104,85,79,104,126,118,142,115,134,144,96,60,74,115,115,85,82,76,82,79,93,88,99,71,62,65,65,71,107,118,93,99,129,183,179,168,137,88,85,68,74,82,137,171,127,132,183,135,99,101,113,121,91,91,76,99,129,145,183,157,121,132,132,145,147,132,129,159,177,157,159,145,150,91,65,34,42,37,53,74,48,46,62,57,62,53,37,28,20,37,32,46,53,71,108,132,157,116,85,93,65,63,65,85,71,44,53,57,60,57,71,110,145,137,96,85,99,124,129,137,105,116,105,93,79,108,116,142,177,166,150,162,179,164,147,157,177,157,116,121,82,63,71,58,93,184,226,202,145,108,93,85,93,105,116,116,105,110,88,82,76,91,99,88,65,68,76,91,79,68,60,50,68,74,99,102,88,102,108,108,116,102,102,124,124,124,130,116,93,108,96,88,76,91,99,79,91,65,85,116,140,145,150,110,108,96,76,74,99,82,82,96,110,88,85,93,76,71,76,74,68,79,71,66,76,71,63,88,86,76,102,105,102,76,66,71,76,97,111,71,97,55,74,86,86,91,91,102,111,135,137,153,142,102,108,91,113,88,86,91,76,50,63,88,71,79
71,88,110,115,99,73,48,50,50,39,39,55,34,28,46,62,52,57,60,46,37,37,57,48,41,50,60,68,55,37,34,41,50,46,35,39,50,65,85,85,126,141,126,101,96,82,93,99,99,115,134,141,99,107,134,113,74,123,166,149,144,159,144,115,101,101,55,30,50,91,118,99,85,126,144,113,101,134,79,71,68,79,79,96,149,152,104,99,129,134,65,118,159,159,132,101,85,62,104,118,104,93,85,85,96,57,71,91,104,115,91,68,65,74,74,68,99,144,179,185,161,173,88,99,65,68,91,124,135,115,118,135,118,113,104,104,113,74,60,96,101,121,147,157,150,124,113,127,140,159,162,162,171,190,185,155,145,188,110,82,57,62,50,65,62,57,55,71,74,53,53,55,34,35,25,25,36,36,57,79,113,121,137,113,88,65,65,55,93,71,55,53,44,40,37,50,101,127,124,101,91,113,118,127,145,129,118,110,116,65,91,124,152,171,140,99,113,140,121,132,147,150,157,105,110,99,68,74,79,129,199,235,229,168,99,79,88,85,96,105,142,118,121,108,82,88,91,85,65,63,79,71,60,44,46,50,55,53,79,85,63,76,108,108,110,88,79,82,113,130,124,121,93,93,130,110,91,76,91,74,74,88,79,96,137,155,166,186,150,145,110,99,91,85,82,116,85,113,122,132,97,68,53,76,88,71,58,71,76,85,66,82,99,110,122,108,137,110,88,71,71,82,113,91,130,76,113,111,82,94,102,113,108,127,130,122,122,119,66,91,124,108,97,79,82,71,76,68,76,76,91
82,65,90,99,90,50,57,43,60,50,50,52,43,41,52,55,50,41,39,55,41,46,39,52,43,48,62,43,43,48,41,41,39,37,46,39,60,52,62,57,79,99,104,82,79,85,71,101,118,115,131,126,85,68,144,185,156,147,141,132,126,152,164,141,129,101,65,46,53,85,88,91,96,118,110,96,101,129,96,76,62,65,68,115,175,150,115,121,134,132,96,137,183,161,115,121,118,79,96,110,107,104,99,99,74,53,62,62,104,85,85,88,65,53,50,76,85,147,193,216,228,208,107,85,79,88,144,115,85,118,150,144,129,79,68,121,110,65,82,127,118,93,85,104,115,124,127,145,145,152,198,185,137,155,182,150,129,150,110,96,65,65,79,74,57,60,74,82,65,48,65,68,74,53,28,37,40,40,57,74,91,96,124,99,82,108,76,63,55,82,60,55,65,50,71,71,108,132,124,108,101,121,118,118,129,140,129,116,60,116,74,93,91,79,91,93,93,99,124,124,150,164,145,93,116,113,68,60,74,113,205,210,191,162,99,102,93,102,110,102,121,121,102,91,63,85,91,79,82,74,71,58,55,55,55,48,71,79,102,88,68,85,108,105,79,68,65,88,113,124,93,82,79,108,132,124,108,91,74,60,74,91,91,99,119,145,169,190,166,140,96,102,96,71,94,108,113,132,122,113,91,74,71,85,85,60,66,91,96,102,88,102,105,94,124,130,124,116,99,99,116,119,105,122,97,145,130,108,88,122,111,119,140,137,132,127,102,97,124,102,97,102,119,79,71,76,99,58,76,91,79
41,43,68,71,55,43,43,50,52,50,39,43,62,57,55,52,52,46,46,41,46,30,50,32,62,43,43,50,48,52,39,32,48,55,52,50,43,52,46,35,55,52,68,65,65,68,88,93,93,88,113,126,91,85,154,161,104,113,126,147,126,134,131,115,115,104,82,52,57,71,71,85,96,71,99,82,50,79,96,74,50,55,71,113,152,118,126,147,164,166,132,137,147,126,113,126,144,115,74,76,88,88,96,85,71,82,68,55,82,82,79,79,71,53,57,79,99,150,157,185,212,152,126,93,76,93,129,121,104,166,206,164,161,157,110,115,96,88,115,96,99,68,74,96,99,110,177,190,150,150,175,171,118,127,191,147,96,107,110,88,57,71,96,79,63,74,79,71,48,50,63,65,82,82,50,48,53,53,60,76,82,91,96,99,79,76,55,57,63,68,71,76,88,85,68,88,108,140,152,127,116,137,147,137,132,157,116,137,93,71,88,68,65,71,82,85,74,79,110,108,157,137,88,74,93,99,79,50,55,76,116,127,142,140,110,127,127,129,113,105,76,82,60,71,65,74,71,74,63,48,58,93,82,71,68,60,74,85,93,82,91,96,99,82,71,79,58,63,96,108,65,58,68,96,119,127,124,108,68,65,82,82,76,96,110,124,135,140,150,140,113,105,99,85,88,113,116,110,130,96,82,82,105,91,85,85,93,99,105,108,116,132,173,157,142,137,127,119,116,130,148,148,116,111,99,137,127,116,102,124,127,145,153,171,157,135,116,97,108,94,119,116,116,89,122,82,71,79,91,86,77
