18693,18694,18695,18696,18697,18698,18699,18700,18701,18702,18703,18704,18705,18706,18707,18708,18709,18710,18711,18712,18713,18714,18715,18716,18717,18718,18719,18720,18721,18722,18723,18724,18725,18726,18727,18728,18729,18730,18731,18732,18733,18734,18735,18736,18737,18738,18739,18740,18741,18742,18743,18744,18745,18746,18747,18748,18749,18750,18751,18752,18753,18754,18755,18756,18757,18758,18759,18760,18761,18762,18763,18764,18765,18766,18767,18768,18769,18770,18771,18772,18773,18774,18775,18776,18777,18778,18779,18780,18781,18782,18783,18784,18785,18786,18787,18788,18789,18790,18791,18792,18793,18794,18795,18796,18797,18798,18799,18800,18801,18802,18803,18804,18805,18806,18807,18808,18809,18810,18811,18812,18813,18814,18815,18816,18817,18818,18819,18820,18821,18822,18823,18824,18825,18826,18827,18828,18829,18830,18831,18832,18833,18834,18835,18836,18837,18838,18839,18840,18841,18842,18843,18844,18845,18846,18847,18848,18849,18850,18851,18852,18853,18854,18855,18856,18857,18858,18859,18860,18861,18862,18863,18864,18865,18866,18867,18868,18869,18870,18871,18872,18873,18874,18875,18876,18877,18878,18879,18880,18881,18882,18883,18884,18885,18886,18887,18888,18889,18890,18891,18892,18893,18894,18895,18896,18897,18898,18899,18900,18901,18902,18903,18904,18905,18906,18907,18908,18909,18910,18911,18912,18913,18914,18915,18916,18917,18918,18919,18920,18921,18922,18923,18924,18925,18926,18927,18928,18929,18930,18931,18932,18933,18934,18935,18936,18937,18938,18939,18940,18941,18942,18943,18944,18945,18946,18947,18948,18949,18950,18951,18952,18953,18954,18955,18956,18957,18958,18959,18960,18961,18962,18963,18964,18965,18966,18967,18968,18969,18970,18971,18972,18973,18974,18975,18976,18977,18978,18979,18980,18981,18982,18983,18984,18985,18986,18987,18988,18989,18990,18991,18992,18993,18994,18995,18996,18997,18998,18999,19000,19001,19002,19003,19004,19005,19006,19007,19008,19009,19010,19011,19012,19013,19014,19015,19016,19017,19018,19019,19020,19021,19022,19023,19024,19025,19026,19027,19028,19029,19030,19031,19032,19033,19034,19035,19036,19037,19038,19039,19040,19041,19042,19043
40,52,48,42,42,52,31,52,33,40,44,52,52,44,36,44,52,52,52,57,52,62,52,48,57,62,68,73,57,57,62,65,57,52,52,55,57,62,65,68,57,57,50,50,40,40,46,62,52,44,52,57,52,57,55,57,57,55,52,55,62,60,68,62,57,73,62,50,68,52,68,62,68,73,52,42,57,52,44,40,42,68,131,117,62,76,36,40,82,82,68,62,82,111,87,105,154,174,76,40,71,46,35,62,40,50,93,87,82,73,55,73,76,93,120,73,55,71,114,164,87,143,186,194,169,139,143,117,128,128,82,87,99,73,128,148,93,93,93,76,62,62,62,65,52,57,82,120,111,123,73,134,123,120,117,68,57,73,82,123,120,76,62,65,99,93,123,99,93,145,161,111,73,68,68,99,96,82,68,99,93,87,111,93,117,120,108,96,87,123,166,148,87,68,55,35,31,65,105,82,76,96,96,90,105,126,111,74,50,50,62,65,93,108,108,114,111,79,99,60,46,60,76,114,126,68,50,68,57,33,57,71,123,101,90,96,82,74,48,48,52,40,42,38,38,68,62,71,87,93,93,87,74,55,50,62,90,65,76,134,114,96,126,126,137,90,48,62,60,55,48,50,57,42,42,42,38,52,96,82,65,82,68,52,76,93,93,74,68,60,52,50,62,65,62,74,35,20,29,42,29,26,19,6,2,2,3,3,2,1,2,2,2,2,2,2,5,13,23,24,18,17,18,18,19,22,33,44,44,50,52,57,46,33,33,38,44,38,24,24,27,48,62,55,68,68,96,71,74,55,62
52,55,40,44,60,50,40,48,44,46,36,52,57,57,48,40,52,60,46,52,73,48,36,73,48,50,65,62,55,68,68,57,55,50,57,73,57,62,68,68,62,57,50,48,48,52,65,60,57,52,62,62,46,44,48,55,52,48,57,62,68,68,52,65,60,55,62,68,65,55,73,73,65,60,52,52,55,48,36,52,73,111,128,82,57,76,62,73,76,60,36,36,73,96,105,93,117,117,99,68,65,42,42,65,99,82,96,93,68,57,50,36,36,62,96,117,108,87,108,93,93,82,164,161,158,154,117,99,169,145,62,82,87,105,62,123,131,117,87,62,29,29,44,29,36,60,131,134,169,143,105,174,164,96,101,99,71,93,120,129,90,68,48,48,126,137,96,117,131,105,143,101,73,73,87,126,123,114,99,143,111,105,129,105,117,117,101,99,90,96,137,151,101,55,36,48,76,108,99,50,31,57,105,57,74,126,93,68,57,46,57,74,93,114,111,101,117,99,62,50,60,74,85,96,99,68,68,68,48,44,52,87,82,71,90,96,79,42,46,42,40,57,87,79,96,90,36,65,117,105,96,117,74,62,46,76,99,111,96,117,111,85,129,123,134,90,87,82,46,40,46,52,48,57,50,44,40,52,79,60,55,74,60,46,74,131,101,71,71,57,33,30,55,57,62,55,33,22,24,25,24,23,19,13,3,2,2,3,2,3,6,9,15,14,13,9,4,4,11,25,26,21,14,14,16,18,25,46,71,46,55,33,46,31,26,30,50,55,35,23,25,42,46,38,55,57,74,96,74,82,90
57,50,46,48,57,52,52,42,52,44,44,52,62,52,52,46,52,48,34,40,60,52,46,52,44,52,62,52,62,57,52,46,48,50,68,73,52,40,62,62,57,68,52,50,48,62,73,57,57,57,68,62,44,40,48,57,62,52,52,57,68,68,57,68,68,48,68,52,62,60,73,73,62,57,57,52,44,57,57,93,131,123,73,93,76,82,108,90,68,48,35,35,76,87,99,131,139,123,99,90,60,62,60,73,93,79,68,62,44,36,29,44,52,44,93,148,123,93,73,68,73,76,82,105,108,143,131,90,117,108,73,68,93,105,68,114,164,137,82,40,40,44,29,29,57,129,158,169,145,158,137,161,174,148,99,90,90,117,126,105,111,82,50,31,129,154,82,96,129,114,129,105,82,105,99,131,164,129,158,137,101,117,126,129,87,114,123,129,129,90,108,137,93,48,44,62,111,99,79,57,36,65,108,85,99,111,82,68,55,52,57,71,90,93,101,96,114,108,65,68,71,60,71,62,52,74,65,65,60,55,60,50,57,74,74,93,101,55,26,46,82,76,90,111,126,123,65,71,99,85,82,87,82,55,76,71,101,134,134,120,117,99,123,151,105,131,129,42,46,35,52,52,46,60,65,50,36,40,60,38,46,76,52,62,79,111,90,85,60,35,25,27,57,46,42,48,27,19,16,19,31,31,19,9,3,2,2,2,2,4,14,21,26,29,27,23,19,15,9,18,23,18,11,15,16,14,17,30,57,44,48,35,38,25,23,38,46,52,42,33,35,44,35,44,60,62,96,85,90,108,108
62,57,46,48,50,52,40,48,40,40,48,36,52,52,44,46,44,44,46,48,52,52,50,52,50,60,57,57,57,62,44,52,55,57,62,65,73,46,60,57,68,48,57,48,57,55,73,55,55,65,57,52,48,42,57,50,52,62,57,46,55,68,82,73,68,55,60,52,60,65,62,52,62,73,57,46,57,79,111,134,156,128,40,73,93,87,93,79,57,44,48,60,93,76,117,158,164,137,164,123,76,87,57,52,62,57,42,35,26,20,31,65,68,73,128,169,158,123,82,73,76,57,62,68,82,87,123,129,117,117,105,82,105,82,111,174,123,123,85,50,31,30,36,44,82,134,148,131,148,96,117,111,134,156,123,99,85,87,117,129,93,93,68,57,137,148,123,76,82,123,123,79,87,96,73,93,190,186,174,131,117,123,87,108,123,145,166,158,129,79,62,74,65,55,57,42,123,93,79,71,79,74,87,120,126,96,62,62,71,60,48,60,71,93,111,111,90,131,108,68,57,48,46,46,48,52,71,68,57,46,38,57,48,42,74,87,68,40,29,44,71,68,60,90,99,90,62,35,60,55,87,87,68,90,90,105,101,114,129,99,71,108,120,111,57,111,76,65,65,62,57,42,42,71,60,40,46,38,40,31,42,50,52,85,93,74,82,85,33,20,25,40,46,26,30,31,23,14,8,15,31,44,22,9,2,2,2,2,3,4,16,29,36,38,38,33,40,38,19,15,20,19,19,15,14,14,15,18,26,29,29,30,24,22,27,40,60,46,33,36,50,50,44,62,82,60,85,90,120,105,105
68,52,57,62,48,48,50,52,44,62,48,40,50,62,44,48,50,52,52,48,57,62,55,48,68,57,68,57,44,57,62,57,57,52,55,62,84,52,62,57,68,52,52,73,68,42,68,68,60,50,50,65,60,52,52,50,57,57,48,76,62,62,84,82,62,52,60,73,57,57,57,57,65,73,44,46,71,82,123,158,158,99,31,48,57,62,84,68,62,48,40,73,93,82,139,117,164,158,148,154,101,65,48,48,62,48,35,26,21,25,57,99,99,123,156,154,164,123,76,76,79,87,101,87,68,87,158,156,99,117,129,76,55,117,126,134,114,108,101,68,31,35,48,52,73,129,148,99,85,111,114,99,108,131,126,105,76,76,117,123,85,76,55,71,105,111,73,46,87,87,105,90,76,73,65,131,201,186,143,169,96,111,90,117,139,143,131,117,93,76,44,48,74,71,48,46,93,68,71,71,74,74,60,96,123,68,48,62,76,76,52,71,62,79,101,93,120,143,93,60,48,60,40,44,65,62,50,48,46,46,36,35,40,60,71,65,42,38,42,46,55,52,50,60,52,44,40,31,33,71,96,105,93,82,96,108,71,57,76,74,76,101,99,68,82,93,71,87,111,85,68,44,33,38,50,55,50,40,31,33,52,76,55,79,87,90,99,46,19,22,36,44,31,22,30,24,26,14,5,14,33,50,27,16,4,2,2,3,4,4,8,22,23,36,38,38,38,36,23,16,19,24,22,16,14,15,16,18,18,23,30,25,24,25,33,44,68,52,42,42,52,71,76,74,79,76,79,101,111,96,85
48,55,73,57,57,52,52,57,57,62,57,57,50,55,52,44,57,60,46,57,73,62,52,52,68,52,68,76,48,38,62,62,62,52,50,68,73,55,62,68,62,62,52,60,57,48,73,65,76,62,46,79,73,55,44,60,65,65,76,62,60,82,93,76,76,68,60,68,52,48,62,65,73,57,40,36,52,65,126,166,137,62,35,40,35,68,71,68,48,57,44,62,108,90,99,76,143,117,161,123,108,73,84,62,44,48,36,29,35,46,84,129,131,143,131,137,137,114,57,93,117,73,90,123,90,73,111,99,105,108,108,85,73,87,52,60,111,108,129,87,35,40,79,76,87,101,87,90,134,145,111,93,105,108,99,99,73,99,129,99,62,62,52,73,123,57,44,65,68,87,105,74,60,57,68,99,143,139,99,87,68,111,101,111,120,85,82,108,120,105,74,42,65,87,42,40,48,38,35,31,40,65,57,74,71,65,46,52,68,76,71,62,62,62,85,105,129,114,87,71,62,62,52,62,68,62,44,30,40,40,40,36,42,57,48,50,50,57,55,52,40,38,38,33,42,30,27,31,60,96,90,90,82,87,79,87,82,62,76,79,57,76,74,71,87,108,111,82,137,131,74,36,26,36,55,48,40,40,55,62,71,68,87,48,65,85,74,48,19,24,42,33,35,40,29,23,38,19,17,24,44,44,57,22,6,2,2,3,6,6,3,8,15,22,21,24,33,30,26,26,31,40,33,25,17,14,19,22,21,25,26,33,42,38,52,60,65,52,44,48,60,65,71,55,68,65,71,105,93,96,76
57,62,62,68,62,52,40,73,52,48,57,50,44,50,55,48,46,68,62,62,62,57,50,57,52,68,68,62,52,44,62,73,76,50,52,68,57,57,62,55,55,68,62,52,62,68,73,68,57,62,65,73,73,55,52,57,71,62,73,62,71,87,96,93,73,68,57,62,50,48,44,68,62,36,40,35,44,68,101,123,76,44,40,38,48,57,68,68,62,65,73,55,82,55,44,57,90,120,139,82,96,101,105,73,46,40,44,48,73,82,93,154,131,85,99,137,99,99,76,87,117,73,68,105,82,62,82,73,93,90,129,93,87,76,42,68,85,117,131,93,44,44,82,87,79,117,111,111,134,154,93,90,101,82,99,148,99,71,93,87,62,57,79,93,79,71,62,82,93,105,90,68,60,74,82,87,123,93,57,62,74,93,65,62,79,126,148,131,129,117,55,42,68,87,48,27,38,30,22,19,44,60,57,79,82,68,55,52,76,79,74,46,60,55,76,90,108,87,82,74,71,74,82,101,96,74,60,30,29,31,36,40,46,50,31,71,52,65,52,46,50,46,42,46,36,36,33,44,85,87,93,82,76,65,101,117,93,74,71,71,46,55,60,65,82,101,123,129,154,137,71,68,52,44,68,55,52,65,79,68,65,82,65,60,52,60,65,48,25,25,26,26,57,57,24,27,25,14,16,25,35,35,40,19,5,3,2,3,11,6,3,2,5,8,8,13,19,22,27,30,24,35,57,36,15,13,17,19,24,26,30,40,44,60,60,55,50,57,65,65,79,68,57,74,60,57,55,90,79,76,85
76,57,62,52,62,57,57,44,34,68,52,68,57,55,52,57,48,57,76,62,50,73,62,57,50,68,57,46,62,62,73,71,68,68,57,62,50,55,62,52,68,71,57,52,68,65,68,62,65,73,73,60,65,62,52,52,73,60,68,76,73,76,82,73,60,68,52,48,57,48,65,50,44,48,36,50,62,99,76,82,68,50,52,48,40,40,62,52,57,87,79,52,35,29,31,44,68,73,73,65,76,82,82,71,73,44,38,82,123,129,126,174,137,55,62,111,82,111,114,101,93,87,82,82,82,87,114,82,93,101,176,123,117,68,52,68,73,111,111,82,50,36,48,62,46,129,143,143,117,123,99,101,82,99,154,134,57,44,71,82,68,65,62,85,76,74,82,82,85,87,87,74,60,82,96,105,99,105,74,87,74,87,93,60,117,179,161,99,82,76,55,62,79,82,62,48,42,38,30,29,40,36,48,85,85,68,74,76,87,79,71,68,57,57,52,62,76,68,48,60,65,93,111,108,114,90,48,27,23,27,36,35,50,46,50,62,52,74,68,65,71,52,36,38,35,33,44,65,93,108,87,79,74,68,85,99,68,55,68,74,68,55,71,68,87,79,101,111,129,120,93,90,76,65,65,55,65,87,79,79,71,76,76,68,44,44,79,79,55,25,16,21,31,22,18,16,11,4,5,6,14,8,11,13,5,2,2,2,2,4,2,1,2,2,1,2,5,16,19,16,17,30,60,36,14,11,13,19,23,25,27,33,48,68,62,50,50,68,79,74,71,65,48,65,57,55,60,76,87,76,90
62,68,52,62,73,44,57,36,57,48,62,62,62,55,57,57,65,52,68,73,50,62,55,68,48,46,62,68,62,68,57,62,68,68,57,52,60,57,68,68,82,57,57,68,57,62,68,62,62,73,68,62,60,55,62,48,62,73,73,76,73,60,46,71,71,48,40,50,68,57,44,40,40,36,36,52,52,76,82,73,65,50,44,44,44,44,44,44,55,79,73,44,40,36,35,40,52,62,60,57,68,87,76,76,82,68,68,114,148,134,139,151,105,48,40,99,90,129,114,96,117,93,82,76,85,105,93,76,111,131,174,154,99,82,52,93,117,129,87,40,38,48,44,48,57,93,148,151,99,117,96,101,85,108,129,105,82,62,71,74,65,74,82,68,87,52,99,85,79,82,93,71,68,82,87,79,105,105,76,44,76,101,108,87,105,156,105,65,93,99,87,79,90,76,48,48,30,42,38,31,27,25,48,79,85,105,96,74,62,76,87,79,52,50,48,60,57,55,50,52,62,74,105,99,90,71,30,30,29,25,38,40,44,42,62,52,71,60,76,93,79,46,30,31,38,22,42,68,96,131,82,99,85,71,68,79,46,57,74,74,82,79,85,87,111,82,74,90,114,120,93,90,65,65,71,68,74,87,71,68,74,90,85,55,36,57,79,87,87,42,18,18,18,11,6,5,2,2,3,2,2,1,4,5,4,2,1,2,3,2,2,2,1,2,2,2,2,3,4,3,17,30,36,35,18,6,9,18,23,27,25,30,48,62,76,68,42,57,90,82,62,46,35,62,55,60,57,79,93,68,74
55,57,60,48,62,60,57,52,76,50,68,68,52,52,48,48,60,73,48,57,44,73,44,68,57,46,62,76,62,62,68,55,57,68,62,62,50,68,76,73,62,68,57,73,52,62,60,60,57,68,60,55,40,44,76,62,57,76,76,73,52,48,60,68,57,44,44,62,68,68,46,44,31,25,40,44,48,93,93,87,73,57,44,44,62,50,62,62,79,73,82,52,36,50,44,48,60,60,68,68,87,90,73,62,73,82,117,164,186,154,123,93,50,35,35,99,101,111,105,123,117,76,82,99,65,71,76,93,123,134,174,164,148,108,105,105,137,111,85,73,57,82,73,48,74,117,101,148,74,117,85,68,40,62,99,111,99,90,62,60,74,65,65,99,108,71,85,123,111,105,87,62,68,74,62,52,55,52,57,40,74,123,174,108,117,131,93,62,74,68,62,71,74,68,57,76,48,52,44,25,33,36,38,55,55,90,120,79,48,68,126,87,48,48,52,55,60,46,42,60,65,79,105,117,114,96,57,46,42,35,46,46,38,38,52,71,71,52,74,82,60,36,29,33,44,22,35,50,108,82,76,111,101,93,79,87,74,60,79,74,93,96,108,145,99,82,52,60,87,90,96,68,60,71,62,85,79,68,46,60,68,46,48,50,68,87,87,99,101,50,30,21,6,4,2,3,2,2,3,2,2,2,3,3,3,4,1,2,3,2,2,2,2,3,2,2,2,2,2,4,18,31,35,22,13,6,11,17,21,35,26,31,40,50,71,62,42,55,85,90,60,33,26,44,42,46,60,90,71,65,60
68,60,68,68,60,52,44,68,68,73,76,62,44,44,52,62,68,62,42,40,44,62,50,50,68,57,60,52,62,73,62,57,62,73,73,62,50,57,76,73,52,82,48,62,68,62,57,62,68,55,55,52,40,55,68,76,73,62,68,62,44,46,68,55,57,68,42,46,68,62,62,48,36,33,48,44,62,76,73,87,93,73,62,44,48,76,111,120,76,73,52,68,57,68,68,60,68,82,82,114,128,93,68,68,68,62,131,200,206,174,105,68,44,35,55,101,101,90,101,123,99,87,90,85,62,62,111,111,105,117,148,143,131,99,93,76,117,93,68,74,82,82,93,57,62,129,117,87,74,79,101,76,82,117,129,105,87,105,68,50,85,90,71,93,111,76,99,154,145,137,131,120,93,82,79,40,40,82,82,79,65,154,158,134,126,154,129,90,62,52,62,76,55,62,57,38,42,50,33,31,52,48,31,40,33,74,176,108,55,79,126,96,68,50,52,55,44,52,60,62,74,93,108,108,134,120,105,71,52,71,62,68,57,60,62,60,57,36,44,62,36,35,40,48,55,42,35,50,79,55,50,79,93,87,93,105,96,65,76,101,82,82,131,131,76,82,62,55,82,76,65,52,52,76,82,71,68,65,57,93,52,35,55,71,68,99,145,99,48,46,46,18,4,3,2,1,1,2,2,3,2,2,2,3,2,3,3,2,3,3,3,2,2,3,3,3,2,2,4,14,22,26,29,22,14,15,22,17,15,26,24,33,36,50,55,55,60,50,55,76,55,30,20,30,31,38,62,68,48,57,60
60,62,73,68,46,68,73,68,73,62,62,46,57,48,68,73,48,52,62,57,57,40,73,55,60,57,46,62,57,52,57,55,46,52,62,62,57,48,73,68,76,52,68,50,68,52,68,68,57,52,46,46,55,57,48,105,57,52,48,62,62,60,57,44,57,62,48,57,68,52,52,57,65,57,84,55,46,48,76,99,93,87,44,31,50,76,111,114,48,52,57,71,82,87,62,68,82,82,93,123,131,87,93,82,71,40,143,172,174,139,87,57,46,73,108,120,105,105,108,111,111,99,90,93,87,90,105,96,96,68,62,76,82,76,79,87,108,87,62,57,62,62,74,52,55,117,111,68,76,111,145,129,126,129,117,76,62,74,62,55,99,74,76,71,101,85,120,114,143,134,151,154,123,74,62,68,68,120,87,85,76,143,154,108,174,137,111,105,65,55,57,82,90,57,62,55,44,40,27,42,65,79,71,42,55,99,196,161,71,76,87,46,62,68,44,50,40,44,74,74,57,68,90,105,93,79,93,82,57,74,79,101,96,79,71,42,31,26,30,40,44,57,71,60,57,55,46,50,50,48,40,44,76,79,76,79,65,74,108,137,139,123,120,79,90,71,65,68,90,82,52,44,50,62,85,79,74,90,46,65,33,46,55,87,65,99,96,40,26,29,22,5,2,1,1,2,2,2,2,3,2,2,2,2,2,2,2,4,4,3,2,2,1,3,3,2,2,4,15,27,35,30,27,25,27,25,27,18,14,26,23,30,48,60,62,71,55,42,55,65,44,30,22,25,22,35,44,46,65,60,57
62,60,62,57,62,82,57,52,52,52,68,62,48,48,50,57,62,48,76,71,55,68,62,44,46,57,52,52,57,76,62,57,48,55,76,50,50,62,57,57,62,62,73,55,57,68,62,60,62,62,44,40,57,65,68,62,52,68,48,73,68,60,42,44,44,52,52,68,65,48,40,38,57,79,73,62,36,48,62,60,62,68,40,30,48,57,84,65,40,48,62,73,87,73,57,76,93,76,68,131,169,93,123,82,82,90,126,99,129,79,68,52,57,57,76,117,129,123,101,87,105,117,93,93,105,99,90,96,105,60,35,40,52,65,117,123,96,82,68,48,62,65,48,48,79,90,79,105,108,131,164,148,111,129,120,99,74,57,55,68,62,74,99,82,90,85,105,108,93,99,93,129,101,55,52,76,82,99,93,111,93,99,105,93,108,111,82,99,68,57,82,74,82,85,71,55,42,29,48,42,60,93,62,55,60,99,181,186,65,62,62,46,44,55,44,40,50,48,52,42,52,65,55,74,76,44,60,57,46,65,79,76,96,71,50,55,26,22,29,35,55,60,60,57,42,42,44,44,55,60,46,55,96,114,82,57,60,85,137,159,179,151,96,74,65,42,71,76,85,85,65,44,50,60,74,87,68,60,46,40,42,42,44,87,74,71,65,36,25,24,14,3,2,2,2,1,2,2,2,2,3,2,1,2,2,2,4,3,3,2,1,2,2,3,1,2,2,6,29,36,36,29,23,24,27,38,24,18,22,25,33,48,68,57,62,74,60,40,42,68,55,35,35,30,30,38,40,46,76,60,55
57,60,52,50,52,65,57,68,52,48,52,68,50,52,50,44,62,57,52,87,62,40,62,62,57,62,57,46,57,73,62,57,52,60,68,52,62,73,48,48,68,68,52,57,73,76,62,62,62,62,60,57,57,62,60,48,62,48,57,62,60,52,42,46,40,57,73,62,68,57,30,21,44,73,87,82,52,68,52,46,44,40,36,38,40,44,68,50,38,60,52,46,57,82,82,105,76,50,57,73,123,126,82,93,87,44,73,76,82,42,40,48,52,52,62,93,131,82,73,117,82,82,99,73,96,117,117,131,169,111,48,44,52,60,108,117,87,87,68,52,60,74,62,57,117,111,126,137,105,114,129,126,105,137,158,137,108,87,68,57,57,90,93,74,74,82,114,154,99,76,76,108,93,57,62,108,108,76,99,131,93,74,108,74,62,87,71,74,76,76,111,87,74,111,68,62,46,50,74,38,55,71,68,60,57,96,156,134,65,65,71,42,55,44,68,50,44,36,44,55,57,68,60,55,60,40,26,60,57,74,57,60,46,35,48,40,30,29,35,35,46,55,31,38,44,40,38,68,90,62,68,82,117,131,105,79,76,93,129,134,131,126,126,90,44,36,65,87,90,79,76,50,50,52,62,65,46,35,33,38,46,46,62,60,31,33,50,48,46,24,13,8,4,3,2,2,2,2,2,1,2,2,2,2,2,2,4,5,3,2,1,1,2,2,3,1,4,13,26,40,31,30,23,22,29,40,25,19,24,29,38,68,48,60,79,71,42,44,50,50,50,52,65,42,57,44,52,40,57,52,50
62,52,40,48,48,55,62,68,68,52,52,65,84,62,44,57,55,57,57,68,50,82,62,93,62,48,48,62,62,73,76,57,57,65,62,68,52,62,68,62,68,57,57,57,68,76,62,62,65,50,57,62,62,52,62,50,44,48,42,48,57,46,52,46,44,57,76,62,57,46,26,26,44,62,105,68,44,68,68,44,36,31,35,48,48,52,68,76,52,40,57,48,57,85,114,129,68,76,57,48,85,129,62,65,57,73,48,68,40,48,42,48,38,26,36,65,111,101,65,76,105,105,68,71,105,117,111,164,176,129,74,60,68,62,55,76,85,90,87,60,62,68,82,82,108,154,169,120,108,105,105,96,111,139,158,148,143,131,90,82,62,85,57,62,82,105,123,117,93,82,123,129,99,62,82,105,99,93,120,134,93,82,105,85,85,68,44,55,99,99,90,117,131,123,117,82,50,42,38,38,48,40,38,65,65,62,101,85,52,71,50,50,50,57,74,50,44,57,68,44,52,48,71,90,38,30,36,46,76,76,62,55,48,48,42,33,30,30,22,22,27,55,42,40,55,52,87,114,101,87,99,114,90,101,101,71,74,76,99,111,96,111,143,99,52,62,62,85,90,79,65,55,40,48,60,42,33,26,27,44,48,65,65,29,17,17,29,62,62,35,25,23,14,4,2,2,3,1,1,2,3,2,3,3,3,2,4,4,2,2,1,2,2,3,1,1,3,9,23,40,35,26,22,22,30,33,23,18,26,42,52,71,48,55,65,50,52,50,48,60,68,62,62,71,87,44,50,36,50,44,60
52,50,52,62,62,62,82,82,68,52,52,65,62,68,52,48,57,52,68,62,57,76,82,60,76,44,73,48,68,62,50,68,71,73,57,68,62,62,76,68,68,79,62,60,62,62,68,62,68,57,57,73,57,50,62,44,44,50,57,48,57,57,48,48,48,62,62,55,40,33,35,36,46,57,73,44,55,73,62,36,36,44,44,57,65,57,68,105,73,33,48,57,62,87,93,111,96,79,65,79,76,68,76,73,40,87,40,35,29,36,35,27,31,20,35,85,111,87,74,82,85,87,50,111,111,137,99,134,161,101,87,68,44,50,48,57,87,93,87,76,74,74,76,87,85,148,158,145,129,76,82,93,114,131,143,158,143,117,87,74,79,87,52,68,74,99,93,87,85,99,111,111,71,55,87,117,131,131,137,123,99,68,79,108,74,62,57,74,108,143,120,131,174,154,120,76,60,44,30,30,35,33,35,50,76,120,137,85,50,82,65,50,76,60,65,65,52,36,35,52,62,68,71,57,44,35,40,57,71,65,65,71,60,38,62,62,26,24,27,31,40,48,71,65,87,108,114,129,120,137,123,117,85,52,68,65,57,71,85,85,74,90,114,90,74,85,55,74,87,85,57,48,57,68,65,30,26,27,38,48,76,62,33,19,6,15,35,79,71,42,46,55,16,3,2,2,1,2,2,2,2,2,3,3,4,3,3,2,3,2,2,2,2,3,1,1,3,14,23,36,29,24,20,24,35,27,19,20,30,33,55,52,57,55,57,55,46,50,60,101,111,71,68,111,74,48,44,40,40,71,44
48,68,55,68,68,93,62,73,52,55,42,65,68,52,57,48,52,52,57,76,65,52,62,52,76,57,48,57,73,68,55,68,65,73,68,52,48,68,76,68,62,73,60,44,62,68,62,52,44,73,57,52,68,68,62,44,50,55,57,48,60,57,48,68,65,52,36,40,40,36,48,40,44,40,48,46,57,55,38,36,48,57,52,55,65,42,38,73,60,31,36,40,48,62,65,93,96,76,79,96,48,48,76,55,48,76,36,29,26,40,40,31,21,26,44,74,76,99,99,87,90,93,82,96,134,99,111,111,111,93,85,68,35,46,44,35,60,87,82,76,93,76,123,82,105,123,123,131,96,74,82,117,131,126,134,143,111,82,74,62,93,74,90,65,87,85,85,99,76,55,62,57,62,68,93,120,143,99,129,137,93,93,96,93,71,105,156,176,169,139,129,114,139,108,93,74,55,57,29,33,40,42,46,57,85,158,179,90,71,93,57,48,57,55,55,55,38,35,40,50,71,68,74,55,40,46,50,68,60,74,50,68,60,52,60,50,35,36,38,44,48,50,74,76,71,68,96,87,111,126,129,111,85,44,31,65,71,76,71,71,60,74,76,76,93,65,65,55,68,68,60,46,85,99,87,55,30,46,44,52,101,48,27,20,18,22,46,68,57,36,50,33,11,4,3,2,2,2,3,2,3,2,3,3,3,2,1,1,3,2,1,1,3,3,1,1,11,25,31,31,26,24,25,29,36,25,22,25,31,38,71,68,65,60,42,40,52,62,62,87,117,90,76,131,74,46,42,44,50,60,52
62,62,62,68,73,73,65,62,48,52,52,57,62,57,57,57,62,62,62,62,48,60,68,57,55,73,73,55,48,60,60,62,71,82,65,62,76,57,65,65,65,52,52,52,55,48,44,62,87,62,55,68,68,57,55,52,60,68,57,57,52,52,62,52,52,44,29,31,35,26,48,40,35,27,44,38,38,48,48,62,68,55,52,48,46,30,30,35,40,26,35,36,42,52,68,73,55,73,105,90,46,65,55,44,48,48,35,26,29,52,48,29,24,44,57,57,60,93,87,90,120,101,99,99,137,148,114,111,93,137,96,46,35,30,25,35,60,74,74,87,105,123,117,93,123,123,68,57,76,79,93,117,143,131,105,105,79,76,93,87,74,74,108,105,87,87,79,93,65,36,42,40,57,93,85,74,90,62,99,117,105,129,131,108,82,120,190,190,169,129,129,131,96,120,108,96,90,79,57,50,79,117,82,62,93,126,174,123,82,90,68,36,44,52,50,40,36,44,55,60,48,48,52,55,50,42,55,65,62,55,55,46,38,44,57,50,35,46,55,57,68,68,93,68,44,74,87,87,114,111,87,71,52,30,29,55,87,68,57,48,50,46,52,71,87,68,101,52,46,71,55,60,101,123,111,93,55,74,65,71,87,62,30,36,44,42,46,68,48,40,46,18,6,3,2,2,2,2,2,2,1,2,3,3,2,2,1,2,3,1,1,2,3,3,2,11,22,33,35,29,26,30,25,22,22,23,25,31,50,52,68,76,60,55,50,57,55,48,48,60,90,85,76,101,85,52,55,57,57,62,65
48,57,68,79,82,62,62,50,48,60,57,62,57,52,57,55,57,62,65,52,62,52,60,52,55,68,68,44,73,76,57,68,82,62,68,76,62,68,57,76,52,62,38,68,52,44,68,68,62,73,62,48,44,62,62,38,57,73,57,52,48,57,62,62,46,35,26,31,31,35,31,27,31,29,35,46,38,35,60,87,57,42,52,44,31,35,52,35,62,31,48,46,48,44,57,52,44,60,93,85,76,57,36,44,40,40,30,35,44,52,48,36,35,44,48,44,44,57,93,68,82,87,105,120,131,148,158,148,166,169,99,36,35,26,26,35,48,62,99,123,137,164,99,101,148,114,74,48,48,76,123,108,99,120,105,71,85,82,111,120,68,76,114,131,82,55,71,74,76,57,48,46,65,93,68,62,74,46,65,105,114,156,137,105,99,111,169,123,101,154,145,154,99,164,99,93,143,139,111,71,101,87,99,93,90,114,139,123,79,96,71,36,44,50,42,35,40,40,60,71,38,36,71,71,48,50,52,55,71,62,65,48,40,40,52,48,52,57,74,71,71,62,71,105,123,74,108,123,134,99,87,93,57,40,42,57,87,74,44,42,40,55,74,85,101,101,68,48,50,57,46,57,114,137,154,101,76,87,90,62,52,52,38,48,52,52,55,46,38,33,27,13,5,3,3,2,3,1,2,3,3,3,2,2,3,2,1,2,3,3,2,1,3,2,8,20,31,29,29,27,26,31,27,19,19,30,27,29,44,57,65,76,76,57,57,50,44,44,50,52,62,82,87,68,76,79,68,57,65,65,85
44,62,73,76,73,65,71,68,76,76,68,57,62,62,48,40,62,76,68,62,68,52,44,62,60,52,65,57,62,60,68,73,73,57,57,62,62,57,52,52,55,44,48,62,57,52,62,65,73,68,57,46,48,57,62,44,44,73,52,55,52,50,46,48,52,36,35,40,31,33,30,40,24,31,29,44,44,57,62,52,44,50,62,36,36,52,93,46,117,79,62,40,24,33,40,50,68,76,82,68,60,35,36,74,44,40,46,52,44,57,65,62,40,40,36,31,44,57,96,48,74,55,82,114,120,99,111,174,201,161,68,30,35,55,44,29,27,57,129,179,174,161,108,117,154,129,79,57,48,87,148,99,76,137,123,74,111,108,117,117,55,62,114,76,35,35,62,82,79,71,68,68,71,68,68,71,62,42,60,101,137,176,114,74,123,108,145,105,93,158,154,139,137,164,101,87,108,126,123,108,82,82,126,126,85,82,99,90,74,85,68,35,57,46,35,46,35,35,52,57,46,48,44,52,82,68,36,40,87,62,50,35,50,38,48,62,60,48,74,96,79,50,44,71,93,87,117,99,60,57,57,60,85,57,44,62,71,68,65,50,55,57,74,120,151,101,82,68,55,50,55,62,87,164,161,137,159,164,117,36,31,60,52,38,48,50,52,42,27,20,14,8,8,11,4,2,2,2,2,3,3,3,3,3,3,2,2,3,4,2,1,2,3,5,18,30,33,25,22,26,25,27,23,22,20,27,25,30,40,35,65,76,55,50,60,48,48,71,65,71,55,71,68,87,71,87,90,65,65,71,74
57,82,76,62,71,65,76,76,84,73,76,62,48,50,46,57,73,73,55,68,55,52,52,68,68,48,48,57,57,68,87,76,73,68,50,46,62,52,68,68,68,62,50,62,73,62,52,55,62,62,52,48,57,62,48,73,48,40,44,48,50,62,62,48,36,36,48,42,26,40,27,33,24,27,24,35,38,52,62,44,52,82,62,57,57,68,46,74,123,111,60,31,26,42,48,60,87,82,62,62,52,44,44,60,48,57,68,55,46,76,62,50,44,48,48,30,52,68,74,93,76,52,74,105,99,99,123,139,148,123,52,31,40,68,60,35,21,38,108,139,200,190,156,131,156,145,65,44,60,93,111,96,74,93,105,90,111,117,111,82,62,40,52,50,31,31,76,99,93,68,62,76,71,74,76,65,52,52,74,117,145,145,108,74,99,120,143,137,114,148,154,123,117,99,105,76,55,82,93,74,74,76,169,166,76,52,79,68,87,111,57,52,71,36,44,46,40,30,52,46,40,46,62,79,76,74,50,46,85,74,52,42,44,42,44,48,35,38,68,71,62,57,38,48,52,60,71,55,38,48,68,79,71,62,50,57,82,85,131,99,62,65,74,105,131,99,82,74,71,60,60,68,71,85,139,179,224,187,60,40,38,42,48,57,50,65,52,24,18,15,6,5,14,14,7,5,3,3,2,2,3,3,3,2,3,2,3,2,3,3,2,3,4,11,26,44,33,26,22,22,25,25,23,25,29,25,26,25,26,38,48,79,52,50,79,76,99,134,85,57,50,60,74,68,71,76,90,79,62,60,79
68,76,73,68,79,71,73,73,87,76,68,76,50,62,62,68,68,57,71,62,46,62,52,60,57,55,57,68,68,62,76,87,57,52,68,48,57,57,73,68,57,68,57,68,73,68,52,52,55,57,57,68,60,57,57,48,50,62,57,44,40,40,42,33,36,52,55,44,31,26,27,31,25,31,26,26,31,40,38,52,68,76,73,68,68,42,57,129,123,93,93,40,31,36,50,65,85,85,73,68,90,62,31,35,57,46,76,73,79,76,44,36,48,57,46,40,57,87,68,117,87,76,74,85,93,111,143,131,123,117,52,29,48,48,44,35,21,26,71,105,192,216,179,123,131,129,79,76,76,87,76,87,50,46,87,76,57,68,108,82,36,40,68,65,27,30,93,93,68,60,87,96,93,117,79,57,52,65,96,131,139,111,79,68,74,105,137,120,111,117,105,82,68,65,96,85,71,82,79,85,87,99,179,196,105,62,74,99,111,117,48,42,68,36,38,35,30,33,38,38,50,55,55,62,62,40,68,82,65,101,44,33,25,29,46,50,40,35,52,65,48,42,55,40,35,36,50,38,42,55,71,74,62,52,57,68,74,71,68,76,60,74,101,99,79,82,79,71,62,55,48,57,57,85,129,154,174,117,46,36,40,42,52,62,44,35,22,11,7,6,4,4,7,11,9,6,2,3,2,2,2,2,3,4,4,4,4,2,2,2,2,3,7,20,38,38,33,25,23,23,25,25,23,27,38,26,19,18,18,25,48,60,62,74,74,85,79,87,82,71,62,44,71,65,60,82,114,96,48,44,82
76,52,93,73,76,79,76,52,62,76,71,79,68,73,87,57,68,62,73,68,57,62,52,68,62,52,62,62,62,62,73,82,62,48,62,68,65,76,82,82,73,68,40,50,62,48,68,62,48,57,62,68,57,40,50,57,57,52,46,40,33,33,62,79,82,99,55,40,35,33,24,36,35,31,26,25,26,29,44,48,48,48,57,57,46,50,87,111,93,87,129,52,35,40,57,93,156,117,44,52,111,50,22,24,44,117,85,87,82,60,57,42,48,68,60,62,68,82,85,93,117,96,93,71,90,82,164,184,139,117,74,44,52,62,35,31,26,31,85,137,145,215,169,117,101,111,117,93,87,65,60,68,48,31,76,52,44,48,105,93,65,90,93,68,38,44,74,123,68,108,87,137,99,87,48,48,76,93,87,99,131,105,62,74,71,76,114,99,65,52,50,57,48,71,105,111,85,79,99,120,120,105,158,192,151,99,117,148,137,101,48,38,55,42,30,29,38,42,38,50,68,40,26,25,31,36,71,79,57,48,44,31,27,29,50,57,35,38,74,60,46,40,35,36,50,36,42,38,62,50,82,87,74,50,71,76,65,60,65,68,79,99,134,143,90,68,62,40,46,38,30,25,40,85,85,65,60,48,44,44,40,48,65,60,27,14,6,4,3,1,2,3,3,3,8,7,2,2,2,2,3,3,3,3,4,3,2,2,2,3,3,3,11,19,30,38,26,26,26,25,25,27,27,25,30,30,14,17,16,27,55,55,55,65,60,71,60,65,79,76,74,48,65,65,68,96,111,101,50,48,76
87,73,82,73,71,68,55,57,62,79,93,82,82,73,76,62,68,76,62,68,73,52,62,62,68,62,73,73,76,76,76,71,57,44,57,48,71,101,73,82,55,44,68,52,62,48,52,79,44,44,62,48,52,62,62,68,60,52,42,46,40,57,96,129,129,96,71,55,48,40,48,52,36,23,36,25,26,35,44,36,35,44,65,68,55,48,68,60,76,68,57,52,31,35,93,161,208,181,76,82,93,36,18,26,74,99,123,82,65,74,60,50,57,93,131,134,90,85,114,101,108,123,93,74,79,87,169,198,156,129,105,79,87,85,48,29,44,55,74,129,101,186,186,158,131,123,120,111,82,48,44,52,44,26,55,44,44,44,62,105,123,101,79,96,93,52,48,76,134,134,87,131,85,52,48,50,65,71,87,87,105,105,137,93,62,87,126,105,40,29,35,50,55,68,90,79,68,93,120,120,90,93,145,179,156,129,137,139,120,111,65,38,36,35,36,48,48,55,57,44,57,35,23,25,42,55,50,60,42,31,25,30,30,33,48,55,31,29,52,62,44,46,29,27,26,25,46,35,96,68,71,79,76,55,57,68,60,76,74,85,101,101,167,139,42,22,21,29,36,35,24,35,82,105,60,27,36,38,38,42,50,52,33,22,14,3,2,1,1,2,2,2,2,3,5,6,4,3,2,1,1,2,2,2,3,2,2,2,2,2,4,3,4,11,22,22,30,26,22,25,31,31,30,22,19,13,14,22,25,33,57,44,46,55,60,65,65,65,60,52,50,57,57,65,76,52,96,93,60,65,90
55,73,68,73,68,57,48,76,65,68,82,73,71,73,68,68,57,73,62,68,62,57,60,68,76,79,73,73,76,71,71,68,48,52,52,57,76,108,76,57,68,44,76,60,62,57,44,40,44,48,44,62,44,57,44,62,44,44,57,44,36,40,68,93,105,87,57,48,35,82,52,62,40,36,35,29,24,40,48,40,35,36,90,111,82,82,93,65,52,36,48,44,27,35,76,137,190,174,93,93,76,40,29,68,131,129,131,111,87,76,68,52,68,99,129,123,123,93,93,111,105,117,82,76,99,99,137,186,181,161,129,93,93,87,68,44,55,65,48,68,82,148,194,190,174,134,129,114,76,46,35,35,44,29,30,52,42,35,55,105,93,62,74,120,117,60,57,99,99,108,123,129,105,30,44,62,44,74,129,114,71,123,169,85,82,82,137,117,40,31,40,79,68,48,48,46,46,62,85,101,85,65,96,129,123,111,93,79,85,101,74,40,31,50,52,60,46,57,62,50,62,50,35,36,60,60,60,55,33,31,30,29,30,42,60,55,36,24,30,55,60,57,35,23,22,33,55,52,129,108,96,71,62,60,68,68,82,76,71,76,111,145,131,111,30,13,25,35,40,36,46,74,90,62,55,29,30,30,57,46,57,23,17,9,5,3,1,1,1,1,2,1,1,2,4,13,11,4,2,2,1,1,2,2,2,2,1,2,1,3,3,3,2,5,19,23,25,25,21,25,38,36,26,18,5,2,14,30,42,29,38,35,42,50,60,74,71,46,44,42,38,52,60,46,62,48,76,82,48,65,82
73,76,68,73,62,68,52,57,68,57,62,62,68,68,68,68,62,62,57,62,55,73,57,62,71,76,62,68,76,60,55,57,55,55,55,82,76,87,65,60,68,76,57,62,48,52,52,40,44,57,68,62,48,48,31,48,36,42,48,40,40,36,40,57,73,79,42,68,101,85,44,29,44,46,26,29,38,40,44,36,36,38,62,93,62,129,137,76,44,35,48,25,24,38,52,71,123,93,99,117,57,42,57,79,123,154,137,120,87,60,60,68,62,87,82,74,105,123,76,111,111,87,71,87,111,82,99,134,169,148,101,82,105,93,87,82,48,44,40,40,85,129,164,208,194,172,129,99,62,46,40,36,52,38,36,44,46,40,55,71,62,57,79,137,114,68,85,129,99,93,131,123,71,35,44,57,74,82,126,117,82,96,139,93,99,82,117,38,25,20,44,62,40,46,48,30,29,46,76,85,111,42,57,93,126,55,46,82,79,117,93,46,35,46,68,44,48,57,52,46,55,55,44,42,52,68,48,27,35,46,65,48,42,65,57,48,65,46,30,42,62,60,44,27,30,35,57,85,151,131,101,96,79,76,105,111,105,82,74,99,114,131,108,111,40,21,25,40,57,68,62,60,74,65,35,36,31,40,48,48,25,15,5,2,3,4,2,4,2,1,1,2,1,2,9,17,11,6,4,3,2,2,2,1,2,2,1,3,3,3,2,2,2,3,19,26,30,25,23,23,30,35,21,4,1,3,13,25,27,23,29,29,40,52,60,65,65,62,50,48,60,55,48,68,57,62,85,93,52,36,68
62,57,73,76,68,76,82,76,52,44,68,68,62,68,55,57,68,65,62,68,65,65,62,62,68,68,65,68,68,52,52,57,52,60,73,76,87,73,68,68,76,68,52,55,62,68,60,48,57,73,57,52,55,38,38,36,26,35,44,73,50,46,73,79,93,87,71,126,99,60,36,35,52,44,40,35,46,36,40,40,35,30,42,99,93,87,123,85,68,101,26,16,30,76,87,65,52,68,111,154,48,48,87,44,117,117,99,90,74,76,52,42,62,71,71,74,96,111,96,120,101,76,85,105,111,87,76,108,123,99,79,101,123,111,123,99,57,35,40,52,111,134,194,221,190,154,120,85,62,55,76,68,52,57,44,31,68,62,52,57,74,76,111,145,120,79,71,74,105,82,120,105,68,44,42,44,68,57,74,93,99,90,87,96,65,87,62,46,24,40,74,29,46,65,57,46,26,35,79,96,126,48,55,87,68,68,74,99,111,126,108,46,33,40,71,62,52,71,55,44,52,60,60,50,57,55,31,35,50,52,57,62,93,52,26,26,60,74,40,35,40,52,57,40,42,52,74,85,126,161,139,126,108,99,134,126,76,76,85,93,111,108,108,90,62,42,40,48,68,93,42,30,36,42,38,33,30,29,35,31,18,6,3,2,1,5,14,6,2,1,2,1,3,2,4,4,7,4,4,11,9,2,1,2,2,2,2,2,3,2,1,2,1,1,9,22,19,18,23,33,25,20,9,2,1,2,13,20,29,35,50,40,46,55,55,60,76,85,57,57,87,53,55,82,71,85,93,90,71,46,62
62,73,82,62,82,73,55,82,62,57,65,68,52,62,60,62,57,71,71,76,57,48,62,68,76,62,71,76,55,50,50,57,62,73,68,73,68,55,68,73,73,55,55,65,82,82,68,62,55,48,52,57,40,31,40,36,26,31,62,87,57,62,117,117,74,82,123,131,82,82,57,57,74,46,52,44,62,62,48,48,31,33,44,111,68,111,111,123,108,105,22,16,93,143,117,42,24,42,117,76,71,76,87,52,82,62,111,71,76,76,71,48,42,40,55,93,148,105,114,117,99,105,117,117,123,96,76,82,99,76,99,99,120,137,123,123,68,36,60,93,143,169,210,223,181,120,93,99,93,82,99,93,57,62,40,38,76,85,76,90,93,93,108,114,99,93,93,68,62,60,93,93,68,48,36,38,44,40,57,87,90,82,82,76,48,55,79,62,52,82,60,36,65,79,60,60,42,35,50,114,181,154,71,40,76,87,105,65,96,117,90,74,55,50,74,117,33,68,82,74,71,65,74,71,48,36,35,60,71,50,42,62,68,30,16,19,35,71,65,42,29,44,48,44,52,90,76,62,82,129,101,105,117,131,137,123,96,87,82,76,93,108,76,82,99,85,65,68,87,82,50,27,36,44,29,26,23,22,14,8,4,2,1,1,3,8,17,7,3,2,2,1,1,2,1,3,3,3,4,15,9,3,2,2,2,2,3,4,3,3,2,1,1,2,3,6,4,6,26,42,22,11,3,2,1,2,14,26,44,93,111,90,71,62,55,68,71,68,62,57,76,65,55,68,99,120,114,109,120,111,96
73,79,68,82,60,57,76,73,62,68,62,52,62,55,42,62,52,76,73,73,68,46,57,62,73,76,79,76,62,57,57,73,73,73,73,52,71,57,68,68,68,68,57,68,82,79,71,62,44,44,46,52,35,31,36,40,26,25,73,90,52,60,123,105,68,82,137,137,137,120,68,76,87,68,62,73,73,52,68,57,35,27,40,60,90,129,111,108,129,82,36,31,99,169,131,48,27,52,68,105,87,52,62,62,62,85,123,93,93,74,65,46,40,48,62,137,105,126,126,143,99,143,117,111,96,99,105,105,105,76,74,137,105,105,111,111,50,40,82,117,158,137,174,201,174,123,82,111,105,105,111,93,57,48,57,57,74,99,120,129,99,79,76,62,62,68,131,105,44,52,79,82,68,48,44,38,36,44,68,74,82,96,76,60,52,50,65,74,99,99,76,44,48,74,71,65,60,36,35,101,176,129,71,71,65,76,57,46,62,90,105,93,85,74,48,74,50,57,90,111,65,52,79,55,35,40,46,65,57,52,42,33,38,31,21,19,25,60,90,60,35,46,44,46,65,71,71,74,62,79,71,82,120,90,108,117,105,62,55,71,82,85,50,68,105,108,99,74,71,65,38,29,26,26,26,26,20,11,7,4,2,1,1,2,4,4,9,7,3,1,2,2,1,2,1,2,1,2,4,5,7,3,2,2,2,2,3,3,3,2,3,2,2,2,3,3,2,3,25,38,15,9,4,2,1,3,18,50,109,111,134,111,71,65,60,55,57,60,74,57,50,71,60,62,82,109,123,134,148,101,60
52,68,60,73,68,62,73,82,76,57,68,62,62,68,52,48,62,68,62,76,48,68,48,62,57,73,68,62,73,76,62,68,73,62,82,55,73,62,73,71,73,68,50,52,62,57,44,50,44,40,46,44,35,35,44,52,25,24,76,82,38,44,105,129,82,68,105,148,158,129,68,62,73,57,62,76,76,68,68,55,35,31,29,52,117,105,96,82,87,123,105,101,123,137,96,74,57,65,87,99,93,38,44,62,44,60,96,87,68,40,50,50,35,44,82,105,93,105,129,105,131,123,87,137,82,123,114,93,105,82,60,93,60,55,90,62,62,76,74,105,87,101,148,200,158,123,99,79,76,79,129,82,52,62,42,76,82,123,139,129,76,55,74,55,50,62,129,137,62,60,82,79,62,62,50,40,35,52,74,82,62,57,44,46,40,46,52,55,74,99,82,38,44,65,76,85,79,57,55,71,90,93,52,71,74,48,35,46,111,134,108,93,90,60,50,74,85,101,76,117,52,71,76,101,108,68,31,27,35,50,36,17,29,57,30,18,19,48,87,90,82,65,60,60,55,57,71,87,65,68,76,76,76,55,57,65,55,55,52,82,79,79,57,44,85,90,79,65,52,33,18,14,18,35,42,21,15,5,3,1,1,1,2,2,2,3,3,3,2,2,2,3,1,2,2,1,1,2,4,9,14,7,3,2,2,2,2,3,3,3,3,4,3,2,2,1,1,2,17,31,33,23,18,13,5,13,25,87,114,134,123,114,82,57,62,57,42,57,101,76,53,65,65,57,71,68,111,126,129,111,76
46,52,52,73,52,52,73,82,76,62,62,73,68,62,57,52,65,62,71,71,57,76,62,82,68,55,52,62,76,82,68,65,73,76,76,57,68,73,85,62,57,52,57,42,48,48,44,50,57,52,48,55,40,33,68,93,62,36,62,57,36,35,57,90,87,73,96,129,117,117,46,40,36,35,57,87,76,93,93,68,52,36,30,60,93,82,93,82,79,117,148,148,117,93,87,68,62,93,105,82,62,44,40,42,74,62,68,74,60,50,55,50,29,36,76,87,87,68,79,123,137,123,82,129,137,117,101,101,74,44,35,50,60,74,111,96,99,82,57,76,93,105,174,210,151,99,93,68,57,87,123,99,111,65,60,87,117,129,143,143,76,76,117,99,74,74,93,114,74,62,74,85,57,55,62,44,40,52,74,76,48,40,44,35,33,40,33,57,82,93,55,42,52,71,65,68,93,96,93,74,38,40,60,71,50,38,35,60,134,129,76,62,65,85,90,96,114,123,57,36,48,101,96,111,117,55,19,17,29,36,30,25,27,38,33,21,27,42,68,87,85,62,60,65,62,62,90,85,90,79,82,71,60,44,40,46,48,57,65,87,105,120,65,48,60,55,55,62,38,18,5,3,9,25,23,16,17,14,7,2,1,3,3,3,2,2,2,3,2,3,3,2,2,2,1,1,1,1,8,25,29,15,3,3,2,3,3,3,2,3,4,3,2,2,2,3,2,2,9,23,38,35,22,18,14,18,50,123,134,114,126,117,99,62,53,42,40,76,111,85,57,65,65,57,33,48,76,105,129,120,99
62,57,68,60,62,73,65,73,68,71,62,50,68,73,68,62,68,68,57,71,71,82,82,87,73,48,68,73,68,62,76,73,82,55,68,48,62,57,73,73,57,68,62,52,44,42,48,68,62,35,42,52,60,62,82,131,99,52,40,35,44,35,30,62,90,99,68,52,76,52,40,46,30,27,57,117,99,93,105,68,48,44,40,48,62,82,74,93,87,129,166,123,74,62,68,82,79,90,93,68,62,82,68,62,68,62,44,44,68,76,93,85,52,35,62,76,76,71,87,131,111,111,90,161,184,164,82,44,18,9,17,52,68,36,87,143,137,38,46,65,71,71,123,145,105,76,62,65,79,105,93,87,79,93,62,114,96,143,190,154,90,99,137,101,87,82,76,62,57,52,71,65,85,57,62,42,48,62,68,60,48,52,44,48,35,33,52,40,40,35,36,35,38,40,42,40,82,96,105,71,40,35,40,46,42,35,33,44,99,96,57,55,46,65,85,79,71,93,30,22,33,31,65,101,50,22,19,17,21,33,26,17,25,48,65,46,27,23,38,62,36,36,60,65,68,57,62,68,85,87,68,68,52,74,68,50,55,71,101,101,93,87,55,48,40,52,71,65,25,7,1,1,3,7,8,11,19,30,25,11,2,3,4,3,3,2,2,1,3,3,2,3,2,1,2,2,1,2,15,36,60,25,6,3,2,2,2,4,2,3,4,4,2,2,2,3,2,2,5,18,29,30,50,42,18,33,105,117,105,96,139,96,85,76,55,53,53,79,85,76,65,79,85,46,26,38,60,79,90,111,101
57,62,60,73,82,79,57,52,62,62,46,55,62,68,50,76,73,52,62,73,71,73,87,82,73,68,60,68,73,73,82,76,62,62,76,71,62,57,68,62,60,62,57,48,48,42,57,44,36,35,33,44,105,71,57,62,36,36,27,31,44,52,44,48,74,82,40,36,44,31,46,52,35,40,65,114,137,76,57,60,62,40,40,46,74,68,68,129,129,134,108,90,71,57,62,105,111,74,74,105,76,76,48,60,79,62,35,29,76,111,99,108,79,48,44,79,90,74,99,90,99,117,143,186,156,87,29,16,5,6,19,57,50,29,42,87,111,55,76,74,50,60,99,93,105,101,68,55,79,93,62,46,99,111,48,87,90,129,169,139,117,117,93,87,74,62,62,57,71,68,46,40,101,68,36,42,62,85,76,68,65,60,52,55,35,57,42,18,19,26,35,44,31,33,40,40,74,105,99,76,48,38,35,22,36,42,31,33,52,60,68,60,27,25,46,48,40,33,30,29,20,20,38,50,42,25,23,22,26,25,18,21,35,60,96,65,23,33,62,38,35,40,60,52,60,71,55,62,62,62,76,68,62,74,76,71,50,87,114,74,48,38,46,44,50,52,52,31,14,3,1,1,2,2,2,4,11,25,22,11,2,2,3,3,3,2,2,2,2,2,2,2,2,2,11,9,3,1,15,48,68,29,8,2,2,1,2,3,3,4,3,3,2,3,5,3,2,2,3,14,38,40,53,40,33,76,145,90,93,109,90,99,76,71,65,65,71,60,60,68,62,68,93,55,33,42,53,60,74,68,74
68,82,76,76,73,62,60,48,48,46,57,73,57,52,50,71,68,55,57,57,68,73,73,87,68,68,76,68,73,90,87,76,87,76,82,68,52,60,73,48,62,62,48,44,44,44,36,36,35,40,48,68,74,87,52,35,36,24,25,36,52,52,29,26,52,87,68,57,35,30,46,35,44,68,68,96,148,87,40,52,57,29,36,65,60,62,71,105,134,57,57,101,79,65,87,123,126,93,87,123,57,19,46,82,93,74,29,29,46,87,99,93,85,71,55,62,52,76,62,93,169,137,111,93,36,19,16,8,6,13,29,82,36,22,21,21,26,38,60,71,71,82,123,105,114,129,62,44,79,87,42,62,129,131,57,57,62,82,151,145,93,117,99,65,46,36,74,74,99,68,46,62,87,57,50,52,85,137,123,93,76,52,60,57,52,46,24,18,24,31,40,40,33,38,46,48,74,93,90,85,60,38,29,16,26,40,36,25,30,55,57,35,20,18,31,31,23,31,46,35,25,25,36,50,52,40,33,38,40,30,30,31,36,31,65,35,38,48,55,52,44,44,55,65,71,65,52,55,65,52,60,65,68,82,82,44,25,36,38,35,29,40,60,68,50,27,13,4,3,1,1,2,1,1,1,2,4,13,8,4,1,1,2,2,2,2,2,4,4,3,2,2,3,6,23,25,16,9,14,26,40,18,4,1,1,2,2,2,3,3,2,2,4,7,4,6,2,2,2,11,33,68,48,25,55,111,96,101,79,96,120,129,90,62,82,62,57,62,44,57,60,71,60,68,44,48,48,55,76,82,93
76,62,82,93,57,68,52,57,55,52,57,68,48,57,68,65,62,68,62,52,68,76,73,68,57,65,76,73,73,82,87,82,73,60,65,68,68,68,62,44,52,52,48,38,40,44,35,30,35,74,93,62,62,79,62,62,29,24,44,35,35,30,22,22,44,76,79,52,52,40,48,25,40,60,55,87,148,99,52,44,35,40,40,62,62,82,93,74,85,31,31,82,74,85,108,105,117,129,101,105,36,17,55,65,82,68,48,48,52,76,96,93,99,87,71,62,74,71,87,145,208,105,68,35,16,13,9,9,14,21,62,50,21,14,7,7,14,22,30,62,90,93,143,158,129,105,76,62,76,79,52,68,117,117,65,48,68,105,111,105,90,82,76,57,48,52,50,76,105,96,99,105,79,60,74,65,99,117,117,99,71,48,48,62,44,36,24,30,31,42,38,36,46,50,46,38,60,79,76,52,46,38,23,19,29,24,40,30,27,35,30,21,22,29,33,40,35,42,50,48,26,36,50,48,33,29,38,44,42,38,36,50,44,33,29,36,62,50,35,60,40,44,68,74,87,65,48,57,76,74,71,55,26,38,46,21,20,33,42,36,44,55,90,62,19,9,3,1,1,1,1,3,1,1,1,1,4,3,4,3,1,1,2,1,1,2,3,4,2,2,1,1,4,16,40,38,26,21,22,22,15,6,3,2,1,2,2,3,4,4,1,2,3,4,5,4,2,1,2,14,44,53,48,25,82,71,90,74,109,105,117,117,82,53,55,68,74,71,62,62,38,82,48,71,48,60,60,62,90,99,96
71,62,76,79,62,68,48,73,52,76,48,62,62,62,55,62,68,68,62,62,52,62,82,73,76,62,76,73,71,93,82,73,57,52,62,76,76,55,57,50,57,52,44,44,48,46,40,36,62,108,111,62,62,65,57,40,29,35,57,40,36,40,26,26,36,44,52,36,44,68,44,36,40,44,65,82,87,62,52,48,44,52,68,62,79,99,123,93,57,31,25,36,52,74,74,74,93,111,99,82,36,24,42,31,52,90,108,93,48,68,93,105,117,99,87,76,68,57,87,129,134,82,99,50,27,9,14,19,33,60,93,44,20,21,17,16,16,22,29,27,40,93,151,137,93,105,76,82,114,108,74,71,143,131,74,46,74,71,52,50,79,90,68,44,52,62,52,71,129,129,143,131,71,62,65,74,117,68,76,137,87,40,35,40,48,42,35,44,55,44,27,35,46,44,42,42,42,55,57,33,44,35,44,29,25,19,29,38,31,22,31,30,31,71,71,76,50,40,96,71,50,40,71,50,21,19,38,44,38,76,50,48,52,50,35,36,44,50,33,35,33,33,42,52,52,42,35,68,137,139,85,23,15,19,25,25,36,42,46,48,62,74,60,29,9,3,3,2,2,1,2,2,3,1,2,2,2,2,2,2,1,1,2,2,2,3,3,4,2,1,1,1,4,20,55,50,40,44,38,17,5,3,1,1,3,4,9,7,4,4,2,2,3,4,4,2,1,1,4,18,55,50,40,30,60,38,46,71,79,76,93,65,71,65,74,74,57,82,82,55,42,53,53,68,53,50,71,62,90,88,79
68,71,62,62,79,40,73,52,57,68,57,62,57,52,57,68,73,57,68,68,60,52,76,82,76,68,82,74,93,76,62,76,74,62,74,62,68,62,62,57,62,57,57,50,48,44,33,44,82,137,105,48,40,57,62,44,29,31,48,48,31,29,35,33,36,55,52,48,57,48,76,82,40,42,76,62,42,52,52,50,52,57,62,76,87,99,126,96,62,52,44,31,36,38,48,57,62,82,90,74,44,42,40,31,68,123,105,82,36,38,68,105,117,93,93,71,52,52,82,71,57,105,129,101,40,13,18,52,82,111,123,62,21,40,44,21,23,26,19,19,44,123,156,111,87,74,117,117,131,154,114,76,129,123,87,62,40,31,46,74,74,65,40,33,42,48,52,60,90,82,123,126,87,60,68,76,68,60,74,117,87,36,48,48,52,40,36,74,50,30,29,36,46,35,35,55,60,48,31,30,52,42,76,35,22,27,26,31,48,35,38,42,40,71,105,76,36,50,99,79,62,29,46,50,23,19,38,74,62,71,68,44,48,52,36,33,46,62,42,33,35,48,35,25,23,22,31,71,111,114,33,18,16,21,25,44,46,50,74,85,82,50,22,13,3,2,2,3,2,2,1,2,3,3,3,2,2,1,1,2,2,1,2,3,2,2,3,3,2,1,1,2,6,20,46,50,50,44,25,14,4,1,2,1,4,15,25,11,4,3,2,2,4,2,2,2,1,2,14,30,57,44,36,44,53,36,46,85,55,71,71,68,79,82,76,93,111,93,65,55,57,44,74,53,60,68,65,74,68,68,79
57,68,62,71,65,73,93,55,76,73,57,57,46,68,62,65,73,62,60,76,76,68,68,105,71,87,93,76,82,68,68,74,82,46,52,76,57,68,68,74,48,87,68,62,40,44,31,35,68,111,74,35,31,35,36,44,35,40,52,68,36,20,29,57,62,87,74,74,74,68,71,50,38,42,44,46,52,87,82,62,60,62,44,52,87,90,74,68,82,76,62,40,22,31,48,52,50,50,76,76,55,62,55,55,85,99,52,35,33,40,48,62,68,62,93,93,68,52,44,40,57,101,123,111,46,17,9,19,46,74,120,82,48,74,76,36,29,31,31,36,62,123,123,82,76,139,108,111,123,176,129,82,108,126,123,62,42,44,50,52,40,44,44,35,35,48,44,55,60,62,90,93,44,68,68,57,62,101,129,117,62,35,40,68,82,44,48,76,68,40,30,40,48,31,25,42,36,29,42,44,65,57,74,55,25,38,27,25,71,68,48,50,68,74,85,74,42,50,57,57,40,21,30,42,33,36,55,85,60,48,60,48,44,55,38,46,57,55,36,52,52,62,31,20,22,33,40,44,52,35,22,21,29,36,33,57,50,74,76,71,33,16,5,2,3,2,2,1,2,2,1,2,4,5,4,3,1,1,1,2,3,3,1,3,1,2,3,1,1,1,1,1,5,19,42,50,48,29,17,7,3,2,1,2,4,18,22,7,4,3,3,2,2,2,1,1,1,4,19,38,53,48,40,42,71,60,60,62,68,76,71,62,62,60,62,74,90,85,76,93,90,74,74,55,74,79,74,88,82,85,117
48,52,73,73,52,62,68,73,73,60,44,68,68,62,68,57,73,73,79,99,73,57,73,76,82,99,68,96,82,79,82,73,60,68,76,73,62,68,76,62,74,44,62,50,52,48,36,35,31,52,52,30,31,35,26,42,46,35,62,68,35,22,29,50,93,96,108,93,87,74,46,38,48,60,48,48,68,87,87,62,76,62,68,74,68,120,105,111,134,87,60,36,25,31,48,50,57,52,68,74,71,87,68,65,93,79,36,31,57,68,52,46,36,48,117,126,74,31,26,68,99,93,126,131,74,29,4,4,22,57,111,108,74,46,57,55,30,62,52,79,82,96,96,129,129,82,76,105,148,145,111,79,108,101,90,79,74,57,48,42,48,44,35,30,52,52,85,62,40,74,105,111,57,90,87,57,82,129,131,99,52,35,40,79,99,52,62,74,79,35,31,38,36,29,35,46,48,55,57,46,42,57,74,65,25,25,29,30,50,60,48,46,55,60,55,46,46,36,38,48,35,29,35,38,44,55,62,46,38,36,33,33,46,48,35,42,68,57,55,60,57,62,31,19,26,55,48,44,48,38,31,50,52,57,50,71,82,68,40,25,11,4,3,2,1,1,3,2,1,2,2,2,3,3,4,3,2,2,2,2,1,2,1,2,2,1,2,2,1,1,1,1,4,14,23,31,25,26,20,11,4,1,2,1,4,5,8,4,3,2,2,1,1,1,1,4,11,18,25,55,55,36,35,44,62,82,46,42,68,60,62,53,46,46,55,55,65,82,79,79,71,76,71,88,90,76,79,71,96,120,109
57,62,62,82,68,62,68,73,68,57,82,68,57,57,76,65,74,76,74,57,55,74,57,57,93,74,99,68,87,82,87,82,74,62,57,68,62,57,62,52,44,57,48,65,55,38,46,29,36,82,93,50,40,40,25,36,48,29,62,52,25,29,29,60,117,129,143,148,117,93,30,44,48,62,52,55,68,93,99,85,82,71,117,111,99,129,158,174,117,93,82,38,35,31,38,62,44,65,48,35,62,87,62,57,79,76,52,68,74,65,74,60,31,44,93,105,60,36,48,114,137,129,134,129,123,68,19,18,48,76,143,137,40,18,29,62,48,90,90,105,123,111,129,137,93,60,76,123,131,137,117,74,117,123,62,74,74,65,68,62,62,52,31,36,68,82,57,36,57,137,105,105,105,71,48,60,79,105,79,57,40,36,76,93,93,57,71,68,35,26,60,48,38,35,42,62,50,33,48,60,55,62,60,71,33,21,21,31,36,44,44,36,33,40,33,25,31,40,50,52,50,40,44,57,62,57,55,44,30,31,31,26,42,40,30,31,55,79,71,48,55,57,42,29,40,65,68,68,71,74,62,60,71,82,57,55,60,26,14,5,3,2,2,2,2,2,1,2,2,2,3,3,1,1,2,2,1,2,3,4,2,1,2,2,1,1,2,4,1,2,3,2,1,4,8,14,18,44,40,16,4,1,2,2,2,2,2,4,2,2,2,2,1,1,4,14,25,31,42,71,40,23,25,35,42,46,35,36,48,48,48,60,55,50,53,48,60,57,71,60,44,68,85,93,74,71,99,96,93,101,117
48,73,68,62,73,82,57,68,50,62,76,62,57,76,76,68,68,76,76,52,62,52,52,62,76,87,82,87,93,68,99,87,74,74,68,57,62,52,44,40,57,44,55,60,44,68,52,40,36,87,143,76,35,44,40,44,44,30,38,36,29,24,40,57,87,131,164,164,137,123,35,68,50,48,57,62,87,114,123,111,96,101,108,99,123,82,129,176,87,68,46,20,22,33,31,48,52,52,44,36,57,76,57,57,76,76,90,87,42,31,55,44,31,42,62,74,60,44,76,96,129,169,131,126,137,93,62,79,117,101,145,111,33,18,26,48,71,123,96,76,99,111,117,143,93,68,82,108,137,148,114,93,131,123,57,35,57,57,93,105,76,48,36,48,82,68,44,31,62,111,111,82,68,74,57,55,71,79,76,57,68,48,79,76,99,68,111,36,52,36,74,65,46,82,79,40,27,36,62,76,62,68,38,62,50,29,25,35,62,36,27,36,30,38,42,29,30,52,60,50,42,50,46,50,55,60,57,57,60,55,40,40,50,48,33,33,62,87,60,62,52,50,55,62,55,65,99,90,55,35,29,30,42,36,23,22,19,9,4,2,2,1,1,1,2,2,1,1,2,2,3,2,1,2,1,2,1,1,3,4,1,1,1,2,1,1,3,4,4,2,3,2,2,4,4,5,19,50,36,22,4,1,2,1,4,2,3,3,2,2,2,2,1,1,5,26,29,46,68,76,33,20,22,42,48,36,55,74,76,55,48,71,71,65,53,38,48,46,71,60,55,74,77,79,90,90,82,74,74,99,123
52,74,76,62,87,46,76,57,68,68,65,65,57,57,74,60,57,48,46,52,44,36,62,76,62,76,90,82,79,68,87,87,74,50,60,68,55,57,74,48,52,93,52,36,52,65,57,36,52,62,68,52,29,29,36,62,48,38,26,23,40,27,35,50,65,96,143,134,137,131,101,90,62,44,55,76,111,117,105,105,123,129,123,129,105,108,123,158,117,46,31,22,33,44,31,35,46,48,42,68,60,76,117,57,79,101,93,74,36,22,27,44,57,55,55,76,33,19,74,68,114,181,156,145,129,117,134,134,105,90,111,99,62,24,25,40,87,143,158,85,62,74,76,123,131,74,68,71,137,166,105,82,82,60,35,26,40,76,123,137,79,42,35,48,68,57,36,35,35,74,85,48,40,62,62,68,74,74,62,62,68,68,105,96,117,82,82,76,38,31,65,62,60,71,50,31,33,52,46,74,96,44,76,65,52,62,48,46,65,42,31,46,30,35,52,62,57,52,68,46,33,42,33,33,48,50,60,68,76,46,71,71,85,74,50,48,57,62,57,76,60,52,65,85,57,55,68,31,18,9,9,9,11,6,6,4,3,3,2,1,2,2,1,2,2,2,2,2,3,2,2,1,2,2,2,2,1,1,3,4,3,3,1,1,2,2,4,3,2,4,1,2,4,6,7,8,21,42,33,17,4,2,1,2,2,4,4,4,4,4,4,1,1,4,15,38,36,68,88,60,20,21,35,62,62,53,99,111,79,60,55,71,65,60,60,42,38,48,71,62,96,76,53,74,88,76,76,62,57,74,105
62,60,76,73,65,82,57,71,76,68,68,57,76,65,68,68,62,74,60,52,40,44,71,74,82,74,93,82,74,65,82,87,65,76,87,93,62,82,74,82,93,68,74,52,68,57,60,44,31,31,44,52,36,29,48,52,36,36,24,22,40,33,36,40,44,62,123,129,117,143,148,105,57,44,65,114,93,96,111,129,111,111,117,99,82,129,114,156,129,44,31,40,48,44,35,40,74,65,62,90,87,87,65,62,48,82,93,76,48,31,44,74,74,60,52,87,26,14,57,38,82,129,105,52,57,74,74,57,33,36,68,44,22,19,36,35,99,154,194,131,74,87,117,143,137,76,74,99,174,139,93,60,52,48,27,29,44,71,96,137,111,46,48,44,57,62,44,36,50,57,65,57,76,57,50,76,76,60,68,71,62,68,79,105,101,74,99,82,36,44,79,50,42,60,55,44,48,38,36,76,48,36,48,71,76,76,62,65,62,50,40,42,38,46,48,62,50,27,30,19,17,11,17,22,23,26,36,44,29,23,27,33,26,36,29,29,26,29,31,33,40,50,44,31,25,20,19,16,3,2,3,2,3,2,2,3,2,1,1,1,1,3,2,1,1,2,3,2,3,3,1,1,2,2,3,1,1,1,1,2,4,2,1,1,4,2,2,2,2,2,2,2,3,7,8,7,14,23,21,13,3,2,2,4,2,3,4,4,4,4,4,3,1,2,13,20,50,82,76,38,23,33,35,38,65,68,88,79,62,57,60,50,74,55,53,53,53,60,65,57,101,101,90,77,77,79,65,60,55,62,90
68,73,68,76,57,76,65,68,74,82,74,79,50,74,74,76,82,82,76,57,52,52,82,68,74,74,82,90,82,87,82,82,74,62,93,101,93,96,90,105,85,99,82,71,57,55,40,44,36,29,40,60,42,26,29,52,65,48,26,25,48,40,26,26,36,52,57,76,108,111,123,111,52,62,99,111,105,99,111,111,105,96,99,99,74,85,129,131,105,44,40,74,52,48,42,68,96,105,93,85,87,74,76,62,52,74,99,76,68,46,35,57,99,76,76,108,68,24,19,18,19,24,25,14,14,14,14,11,13,22,40,16,4,20,60,36,71,123,117,129,154,176,206,184,105,93,139,156,179,99,74,79,85,65,46,40,46,62,76,117,123,76,79,68,82,82,93,62,44,52,99,105,62,68,50,48,68,68,74,82,62,48,68,93,123,101,117,99,44,50,62,46,44,71,93,62,46,30,30,36,31,60,105,90,90,74,50,68,68,50,48,57,50,33,29,18,8,11,7,3,3,3,1,2,4,13,13,14,7,3,4,7,6,14,4,9,5,11,11,5,16,17,14,8,3,4,6,4,2,1,2,1,1,1,1,1,2,3,2,2,2,2,2,2,1,1,3,2,2,3,1,1,2,3,2,1,1,1,2,2,2,4,2,2,4,4,2,1,1,2,2,2,2,4,4,4,4,7,7,3,1,1,3,2,4,2,2,1,4,4,3,2,2,1,8,23,62,76,71,68,44,40,38,44,55,57,44,36,42,71,74,60,88,57,71,88,88,74,77,93,96,105,109,82,74,79,65,62,77,77,82
62,79,62,62,79,74,62,76,76,68,90,74,68,76,87,76,76,76,76,74,62,62,79,87,68,96,62,76,76,74,65,74,79,87,82,82,87,76,74,93,111,93,99,68,62,62,57,55,52,31,29,48,46,74,123,38,55,55,26,48,55,31,26,29,36,40,44,52,90,169,105,74,85,82,123,99,62,93,129,117,101,101,114,90,68,105,137,85,68,62,55,62,65,71,62,74,93,117,90,82,99,99,99,68,68,74,93,76,82,79,57,74,101,85,93,99,111,29,4,4,5,6,14,14,4,3,1,3,13,29,35,17,16,29,52,33,26,62,42,111,204,210,208,161,87,105,158,129,131,105,123,117,99,82,90,48,50,74,62,55,99,117,71,68,79,131,82,50,44,87,114,117,76,40,29,40,62,52,57,68,57,44,60,90,131,126,76,52,44,38,46,55,76,87,90,48,30,23,33,30,50,87,65,82,74,65,57,52,46,82,76,30,18,8,3,4,4,2,2,1,1,1,1,1,1,3,3,4,3,4,2,2,1,1,2,2,2,2,2,2,4,4,4,2,1,1,2,2,1,1,1,1,1,1,1,1,2,1,2,2,2,1,2,4,1,2,2,4,4,3,1,1,2,3,3,2,1,1,2,2,4,4,2,2,5,4,1,1,1,1,2,1,3,3,3,3,4,4,4,1,2,2,2,2,2,3,2,2,2,2,4,2,1,3,9,23,76,88,76,57,40,50,62,42,36,35,38,50,60,48,57,65,71,82,93,93,99,120,105,109,82,60,79,88,74,85,82,71,62,82,134
52,68,76,74,79,76,62,82,74,74,74,74,62,76,74,82,74,76,99,74,62,82,99,87,82,79,82,99,87,87,68,52,68,76,74,62,57,57,62,99,82,126,111,85,74,71,57,48,74,62,35,35,62,143,74,52,79,74,31,44,68,57,35,25,35,48,52,68,62,82,71,74,85,93,74,148,48,85,154,111,111,137,120,93,68,87,117,96,90,99,87,85,76,71,76,79,62,74,87,74,93,123,105,68,65,87,129,90,99,123,120,114,131,131,129,129,62,16,2,2,1,3,4,5,13,13,5,9,17,19,17,22,57,48,31,21,14,21,35,65,154,134,151,158,117,114,108,111,123,172,131,105,87,105,99,93,93,60,44,48,90,120,57,87,68,87,25,36,79,131,111,90,62,30,30,44,46,30,48,68,52,57,65,99,159,90,40,57,48,42,55,68,60,76,105,85,40,35,85,93,85,71,50,79,50,36,55,55,48,31,22,8,3,2,2,2,3,2,1,1,1,1,1,1,1,1,3,5,3,2,4,1,1,1,1,2,1,2,1,1,1,1,1,2,1,1,1,1,1,1,1,1,4,2,1,1,1,1,2,1,1,2,2,4,1,2,2,4,3,2,1,1,3,4,3,2,2,1,1,3,4,2,3,1,4,4,1,1,2,1,2,2,1,2,1,2,7,13,11,6,4,4,2,2,1,1,1,1,3,3,2,2,1,2,15,46,79,85,60,55,82,74,50,42,38,42,46,40,65,48,36,50,50,57,96,111,105,117,105,77,62,71,68,68,62,68,82,90,85,111,154
48,57,74,68,76,87,74,74,76,76,74,79,71,82,74,76,82,82,76,76,87,87,96,93,99,87,99,87,93,99,76,74,68,60,62,74,74,60,74,87,111,123,87,85,48,68,52,38,68,82,44,33,57,68,74,82,76,62,22,29,68,74,36,29,31,68,76,35,57,57,44,48,123,117,129,129,68,85,126,111,108,117,76,74,55,52,105,164,148,105,105,105,57,62,65,62,52,62,65,57,74,71,68,55,99,123,158,87,105,131,145,131,148,164,120,55,19,5,2,1,2,3,5,13,17,16,7,5,16,16,19,62,131,62,23,21,16,19,29,29,62,76,114,148,143,145,148,137,129,174,85,99,82,99,99,137,137,82,52,79,93,99,82,87,62,52,21,29,131,108,99,68,68,44,42,38,35,35,62,62,38,36,76,79,120,62,35,57,50,62,55,71,93,101,131,114,101,93,151,126,48,44,71,76,40,25,57,74,25,8,3,1,2,1,1,1,3,2,1,1,2,2,1,1,1,1,2,4,6,3,2,1,1,1,1,1,3,2,1,1,1,2,1,2,1,1,1,1,1,1,1,2,2,3,2,2,2,1,1,2,2,3,2,2,3,2,3,2,2,2,1,2,3,4,3,4,2,1,1,2,4,2,3,2,3,2,1,1,1,2,3,2,1,1,1,2,14,25,36,22,6,2,1,1,2,2,1,1,3,3,3,3,1,1,23,68,71,62,55,60,60,74,65,53,35,40,57,46,60,48,40,36,33,40,68,90,82,68,68,68,65,62,44,53,60,57,74,111,123,109,134
40,44,50,62,82,105,74,76,82,93,93,82,76,76,79,76,74,74,74,87,90,93,87,82,87,87,85,82,99,93,87,68,76,76,74,82,93,76,79,111,99,99,74,68,60,52,44,44,57,76,71,31,22,42,62,52,60,31,19,40,48,42,29,29,26,36,62,35,22,31,29,52,82,44,99,85,82,57,99,114,111,96,62,68,60,40,105,190,105,82,129,93,68,52,36,35,60,60,48,29,20,26,35,76,154,156,161,90,101,74,120,96,76,57,26,14,5,2,1,1,4,5,13,19,22,17,5,5,14,25,44,74,85,40,23,25,22,22,29,44,62,82,93,126,186,212,210,158,105,111,111,93,99,129,99,96,154,143,99,101,90,76,74,57,74,44,25,57,111,82,74,85,99,74,52,35,29,44,68,55,40,36,90,74,87,68,42,76,48,82,68,65,117,137,134,96,99,99,71,55,65,52,87,42,38,33,82,40,13,2,1,1,3,1,1,2,3,3,2,1,1,1,1,1,2,3,4,4,4,2,3,2,1,1,1,2,2,2,3,2,2,3,3,2,2,1,1,2,2,1,1,1,1,2,2,2,1,1,1,2,2,3,2,2,3,3,3,1,2,2,1,1,2,2,4,4,2,1,1,2,4,4,4,2,2,1,2,1,2,2,4,4,1,2,1,2,20,46,62,22,3,2,1,1,2,4,3,2,4,2,3,3,1,3,38,96,60,65,55,68,57,53,57,48,40,48,57,48,60,48,30,23,25,27,36,82,57,62,60,48,62,60,36,53,60,77,93,123,105,139,157
40,36,62,65,76,87,87,76,82,99,76,76,76,76,82,76,76,74,74,87,87,93,74,79,99,74,93,87,76,87,87,68,60,60,74,79,99,108,96,105,87,105,82,74,62,38,35,48,68,68,62,40,29,25,29,52,57,31,29,57,42,31,24,22,25,48,48,26,25,24,25,26,22,26,36,62,44,36,57,82,52,48,60,52,48,55,181,201,52,60,68,82,52,31,31,57,65,42,22,16,11,18,29,68,148,174,137,87,76,74,74,40,19,9,4,4,3,4,3,5,9,7,13,19,30,16,4,4,14,31,57,62,68,48,46,40,38,40,50,74,93,117,99,120,215,230,204,151,85,82,117,93,111,137,79,68,131,164,105,82,87,74,57,52,57,36,44,82,71,62,71,105,101,74,48,40,36,36,40,46,52,50,68,85,101,87,71,68,57,68,71,62,71,71,79,48,40,48,50,50,48,35,31,42,46,71,52,21,4,1,1,1,2,2,1,1,4,5,2,3,3,3,2,1,2,2,3,4,4,2,3,1,2,2,1,2,2,3,3,3,2,3,4,2,1,1,1,2,1,1,1,1,1,2,2,2,2,2,2,2,2,3,3,2,2,2,2,2,1,1,2,3,2,2,4,2,1,2,2,2,4,4,3,3,2,1,2,1,3,2,2,3,1,2,2,3,11,22,21,14,2,4,1,3,6,9,4,3,4,4,2,3,1,11,40,85,99,82,62,55,68,48,38,40,46,62,46,57,53,42,36,23,22,29,38,35,46,57,53,46,71,57,42,48,46,79,105,129,145,157,139
36,40,74,74,62,68,93,62,93,79,99,99,87,62,62,82,82,93,87,87,93,99,74,76,105,82,82,76,82,82,76,68,42,40,62,96,108,129,111,117,111,82,87,79,62,38,48,57,57,46,44,44,40,44,36,50,52,42,40,44,36,25,22,22,29,35,33,31,35,26,22,24,31,26,42,55,35,24,26,24,26,40,68,74,68,105,186,169,48,44,48,60,40,25,26,65,76,44,19,16,16,19,35,93,96,105,35,21,35,29,33,29,9,1,1,2,5,9,7,9,11,4,13,20,38,16,4,4,4,19,46,74,90,105,148,129,111,96,93,108,137,158,143,169,223,233,196,148,111,93,82,117,123,96,76,87,111,105,76,65,74,74,82,62,44,55,52,52,68,50,48,82,68,44,55,62,44,27,31,42,48,38,57,85,105,99,71,57,52,38,35,38,38,35,40,44,50,48,20,19,18,25,30,74,65,50,19,9,4,1,1,1,3,3,1,1,4,3,1,2,2,3,3,2,1,2,4,3,2,2,2,2,1,1,2,3,3,3,3,1,1,2,3,2,1,1,1,2,1,1,1,1,1,2,2,3,2,1,1,2,1,2,2,2,2,2,1,1,2,2,2,2,3,4,2,2,2,2,3,4,4,4,4,3,2,2,3,1,2,2,2,3,1,1,2,2,4,5,4,4,3,2,9,19,22,17,6,4,4,4,2,3,4,13,46,62,90,101,85,71,62,36,44,60,62,60,65,65,57,46,46,35,29,38,53,40,40,44,53,50,60,60,40,48,48,79,93,126,132,132,93
44,40,62,60,52,74,68,76,93,62,111,99,76,55,60,79,82,111,79,87,111,99,74,93,82,101,62,82,87,82,68,68,44,35,68,101,111,117,129,129,129,90,82,68,62,48,57,57,42,52,44,36,44,68,76,46,35,36,29,33,31,26,29,27,26,27,31,36,35,22,24,25,26,44,48,36,36,31,26,24,26,44,85,93,93,148,148,105,93,44,40,44,26,19,33,74,105,87,52,33,44,68,76,40,29,14,7,4,6,16,19,19,7,1,1,1,14,18,15,18,7,4,15,22,19,14,4,1,3,18,62,114,143,174,201,201,169,164,131,137,148,143,164,164,194,201,172,158,111,82,93,131,123,105,108,114,93,60,52,68,65,65,79,87,65,52,46,68,76,68,52,52,65,65,74,74,48,31,36,52,35,36,68,76,74,52,48,55,46,44,35,44,68,55,62,90,76,36,14,13,23,50,68,82,50,17,6,4,2,1,1,2,3,2,2,1,3,3,2,2,1,4,2,1,1,3,2,3,1,2,1,2,1,1,3,3,2,1,1,1,1,2,4,4,1,1,1,2,1,2,2,1,1,2,2,2,1,2,2,1,1,2,4,2,4,2,1,2,2,2,1,2,4,1,1,1,3,4,2,4,3,4,2,2,2,3,2,1,2,3,2,2,2,2,2,2,4,3,4,3,2,2,15,36,44,19,4,3,2,2,1,3,7,19,36,40,74,109,99,93,65,53,62,62,62,62,79,88,65,68,85,82,40,62,57,50,50,50,50,46,46,38,35,44,53,71,74,132,111,85,68
30,44,52,62,57,57,74,52,74,82,93,85,99,74,68,76,87,79,68,111,82,93,87,99,60,99,74,74,87,96,71,62,48,40,52,74,93,71,134,143,114,90,62,68,62,46,57,68,62,68,44,33,44,82,87,74,36,31,27,25,26,29,40,36,27,26,33,31,35,25,31,31,33,46,48,44,62,50,44,31,40,82,85,68,90,96,99,117,74,46,40,35,21,26,46,111,123,137,174,174,158,123,35,13,5,2,1,1,3,3,7,9,5,2,1,2,14,33,42,26,5,3,13,16,7,7,3,2,4,30,82,111,190,223,223,238,212,194,204,137,143,82,114,105,99,99,129,129,74,60,93,129,117,87,123,96,74,48,57,74,82,62,99,117,96,57,87,82,90,111,79,60,68,71,87,93,65,50,48,62,44,40,79,96,55,36,36,48,71,71,68,82,101,90,101,74,33,29,31,40,74,65,62,50,22,5,3,1,1,1,1,1,3,2,3,1,1,1,1,2,2,2,1,1,1,3,2,2,1,1,1,2,2,1,3,4,4,4,2,1,1,2,4,4,1,1,1,2,4,2,1,2,2,2,1,1,1,1,1,1,2,2,4,1,4,1,2,2,1,2,1,1,1,1,1,1,4,4,2,4,2,2,2,3,3,2,3,2,2,4,2,2,3,2,2,3,3,2,3,1,2,4,13,27,31,15,4,1,1,1,1,4,15,36,42,42,62,82,85,96,96,93,68,53,48,62,88,99,105,120,139,114,85,71,68,68,53,57,55,44,44,31,27,46,85,85,93,90,68,60,57
31,31,48,68,62,62,52,57,76,79,99,93,74,82,74,71,82,93,87,74,93,120,99,93,65,87,65,82,111,87,57,52,62,36,31,48,62,76,137,156,105,87,57,60,62,52,68,74,62,57,48,35,44,71,87,76,57,52,40,29,25,40,57,48,29,24,26,40,29,36,35,31,40,38,48,44,82,62,52,62,74,87,74,55,40,30,31,62,99,68,44,38,31,68,134,101,74,111,158,117,117,40,14,3,1,1,1,3,7,16,14,6,7,7,2,3,18,46,79,29,7,3,1,2,3,6,5,7,16,46,99,148,216,241,250,244,229,198,166,105,93,55,74,62,82,57,62,76,57,60,93,117,96,65,96,76,62,68,85,105,90,74,90,85,85,87,111,76,99,74,68,62,76,93,105,96,82,74,57,42,38,52,74,93,60,52,76,65,85,99,105,87,76,90,71,38,33,62,76,71,46,22,19,16,6,4,1,1,1,1,2,3,2,2,1,2,1,1,2,3,4,4,2,2,3,3,1,2,1,1,1,2,3,3,3,3,4,4,1,1,2,1,2,4,2,1,2,2,2,2,3,3,2,1,2,2,2,1,1,1,2,2,2,4,3,4,2,2,1,1,1,1,2,2,1,1,2,5,3,2,2,1,1,2,1,2,2,2,1,2,3,3,4,2,2,2,2,2,2,1,2,2,9,18,18,9,4,2,1,1,2,11,27,60,65,68,57,57,79,99,93,77,60,53,50,42,77,79,77,93,96,93,88,62,53,53,62,50,48,40,35,30,35,46,90,114,105,85,62,50,42
31,35,44,65,68,65,57,48,57,76,93,99,87,82,82,82,82,85,99,87,68,99,87,99,76,68,82,87,79,82,52,52,62,44,25,35,57,99,111,129,129,87,57,55,68,62,62,74,52,48,52,36,48,48,76,44,68,99,62,44,31,40,62,40,26,26,40,44,35,35,29,27,38,35,55,31,68,57,52,93,68,38,48,42,19,18,26,82,105,93,82,76,96,74,55,62,48,35,31,29,44,19,3,1,1,2,15,19,20,35,36,26,25,23,13,13,18,29,44,26,7,2,2,2,3,4,18,26,36,82,164,210,238,253,255,255,241,174,79,57,40,40,71,68,90,40,31,52,76,68,76,87,74,74,52,82,74,87,108,117,120,99,76,60,60,74,68,74,74,48,35,40,62,76,79,74,65,68,60,60,44,62,50,68,62,74,93,85,76,79,74,68,57,60,57,65,74,60,29,25,14,4,4,2,1,2,1,1,2,2,1,2,1,1,1,2,2,2,4,4,3,4,2,2,3,2,1,1,2,1,3,3,3,3,1,2,2,4,2,1,1,1,2,4,2,2,3,2,1,2,1,3,3,2,4,4,1,1,1,1,1,1,1,2,2,2,2,1,1,1,1,2,2,2,1,1,2,4,2,2,1,1,1,2,2,2,2,2,4,4,4,3,3,4,2,2,2,1,2,2,4,4,5,6,8,8,8,3,2,1,3,20,53,93,50,48,65,62,71,93,68,60,60,65,57,46,62,62,38,29,62,79,62,50,60,42,33,36,40,36,31,44,77,93,139,126,85,82,65,48,62
35,31,48,76,68,65,68,42,57,93,82,87,74,57,76,93,79,82,87,99,65,74,87,76,79,71,74,68,71,90,87,52,48,48,29,33,57,74,99,111,105,99,74,52,48,57,52,74,74,52,48,40,52,40,44,46,57,93,60,44,50,36,38,35,27,40,52,40,40,38,29,29,33,33,36,40,62,68,52,82,76,40,26,17,16,35,68,82,93,129,111,68,74,76,31,21,16,6,4,7,14,3,4,2,4,18,62,50,68,74,96,52,48,76,57,44,76,48,27,22,5,3,1,1,1,16,44,99,120,90,129,223,247,252,254,254,230,164,60,44,44,55,123,82,57,62,40,36,82,65,44,68,71,65,90,101,71,74,62,111,129,111,38,27,44,57,48,68,74,46,31,48,48,62,68,62,57,44,48,57,55,68,68,55,50,117,42,68,76,65,68,74,65,55,62,42,35,15,15,4,3,2,1,1,1,1,2,1,2,3,2,2,1,1,2,2,2,2,4,4,2,3,2,2,2,1,3,2,1,2,3,3,2,2,1,2,4,4,4,2,1,1,3,4,4,2,3,3,1,1,1,2,1,4,4,4,2,1,1,1,1,1,1,2,2,2,3,1,1,1,1,1,2,3,1,1,2,2,4,2,1,1,1,2,1,2,2,2,3,4,2,4,3,2,2,2,2,1,2,2,4,8,4,4,11,18,19,17,4,3,5,27,82,68,30,33,53,62,57,82,74,57,90,111,74,57,62,71,48,28,46,50,35,50,65,48,30,36,40,35,35,57,117,148,184,129,82,79,93,85,68
35,35,42,62,68,52,68,62,60,68,87,87,79,76,74,82,93,93,90,76,60,82,99,87,87,68,62,74,87,93,99,93,76,55,33,36,44,62,76,74,105,101,74,50,46,57,62,57,71,65,48,48,62,46,36,46,57,74,62,57,65,57,57,44,31,40,44,36,33,44,30,29,44,40,52,68,82,62,36,36,42,29,15,14,23,108,129,57,111,87,48,21,21,46,19,5,1,1,1,1,1,2,4,14,35,74,105,105,137,99,87,82,90,126,131,129,129,62,48,22,4,2,1,1,3,17,62,129,82,55,148,222,235,236,238,242,201,148,87,68,76,93,129,114,62,42,50,60,82,76,62,87,85,99,131,87,52,36,52,68,74,48,21,16,31,71,50,57,62,42,38,40,29,52,68,68,57,57,60,76,99,123,93,76,68,68,40,36,31,31,50,50,50,40,25,18,14,4,3,2,3,1,1,4,2,2,3,1,3,4,4,1,1,1,1,3,1,3,3,2,2,1,2,1,1,1,4,3,2,1,1,1,2,2,1,1,3,4,2,2,2,3,3,4,4,2,2,2,2,1,1,2,1,1,4,4,2,2,1,1,1,1,1,1,2,2,1,1,2,4,1,2,1,1,1,1,2,3,1,2,4,3,1,1,2,2,4,2,4,4,4,3,3,2,2,2,2,2,3,4,11,19,11,6,18,33,57,38,13,4,17,40,55,33,27,42,38,68,55,68,77,105,129,126,88,79,71,57,74,33,31,35,48,57,57,53,50,46,38,38,62,126,159,188,164,126,77,102,109,109,111
52,55,74,48,48,57,76,74,87,68,82,79,65,87,79,82,96,90,82,111,79,82,76,57,76,96,76,76,87,93,111,126,99,62,36,42,55,42,68,76,96,93,76,74,68,57,50,52,60,52,48,57,62,60,48,38,57,68,55,52,62,68,87,65,40,44,57,40,29,38,38,36,48,52,57,52,52,30,22,20,21,22,22,30,62,126,143,68,60,96,22,7,9,19,6,3,1,3,6,5,4,4,8,35,111,90,105,111,76,74,48,76,108,99,117,108,82,117,85,26,5,3,1,2,4,13,35,82,36,40,123,194,218,225,210,215,181,117,117,79,60,90,82,76,68,52,55,68,71,76,117,129,99,87,71,57,82,99,48,23,22,19,18,17,31,62,55,52,30,31,36,30,36,57,79,74,62,76,79,82,99,93,62,55,36,18,14,14,14,14,18,21,18,14,11,11,4,2,1,1,1,1,1,4,4,4,3,2,4,4,2,1,1,1,2,4,4,3,4,1,1,1,2,2,1,1,2,2,2,1,1,1,1,1,2,2,2,2,2,2,2,2,2,3,2,3,2,1,1,1,1,2,1,2,4,4,2,1,2,2,2,2,2,2,2,1,1,1,2,2,2,2,1,2,1,2,1,2,1,2,4,4,2,1,2,2,2,3,2,3,4,4,3,2,2,2,2,2,4,7,11,16,15,11,15,42,82,50,18,8,26,55,46,31,42,33,57,62,55,57,88,93,90,99,88,102,88,46,46,38,36,42,60,74,55,53,77,65,48,65,126,157,169,196,126,77,85,85,71,120,139
74,71,57,74,57,48,71,74,105,74,68,74,87,87,87,82,82,76,111,74,74,82,76,76,62,68,76,76,76,82,82,93,68,68,35,36,52,52,76,62,48,62,93,99,82,68,48,52,52,50,52,68,52,62,50,40,44,44,52,57,48,50,85,74,44,57,68,42,24,33,48,44,48,44,31,22,17,19,22,25,31,42,76,111,137,117,79,74,93,93,18,2,3,3,4,4,17,35,62,30,19,18,33,71,131,129,85,57,57,25,38,68,74,62,62,74,99,108,111,36,4,2,3,4,13,6,19,33,55,62,99,131,148,156,145,148,204,148,139,74,87,99,76,74,62,82,76,74,90,85,96,93,114,62,46,65,117,52,25,25,20,22,36,44,29,31,40,29,26,35,44,62,74,68,74,79,71,74,68,44,25,18,22,20,14,4,1,2,2,3,4,5,6,4,4,2,4,1,1,1,1,2,4,4,4,3,3,2,1,3,1,1,1,2,2,2,4,3,4,3,3,1,1,1,2,2,1,2,1,1,2,1,2,1,2,2,3,2,2,1,1,1,1,3,3,2,4,1,2,1,1,1,1,1,3,4,1,1,2,2,1,2,2,2,2,1,1,1,4,3,2,1,3,3,1,2,2,1,1,2,4,2,2,2,2,2,2,2,3,2,4,4,1,1,1,1,2,7,7,6,4,5,13,13,22,33,46,25,13,11,26,57,44,33,35,46,71,65,53,65,79,71,85,96,105,109,74,40,60,53,68,60,57,50,50,60,79,82,79,111,151,172,221,208,96,68,77,44,68,68,85
76,99,87,52,57,62,57,79,82,90,76,76,76,79,87,93,87,90,93,99,62,57,68,68,93,82,62,46,87,93,52,46,74,44,76,36,48,48,36,33,42,44,90,99,93,87,71,71,52,48,52,44,52,33,44,38,29,26,55,57,31,44,57,52,40,44,42,48,25,44,62,55,48,48,31,17,15,25,57,68,60,74,143,164,164,74,35,76,129,52,14,2,1,1,4,22,74,111,76,36,29,44,101,108,117,137,62,62,48,31,62,68,52,74,76,57,76,93,99,46,9,2,14,19,15,13,14,22,68,82,55,111,129,82,101,111,117,117,143,74,79,74,76,42,87,60,76,105,129,93,62,76,62,50,35,62,35,35,74,44,44,48,48,29,19,18,35,31,46,65,71,82,52,74,48,48,40,29,19,11,7,4,4,5,3,2,1,1,1,2,1,1,2,1,1,1,2,3,1,1,1,1,4,4,3,2,1,3,3,3,1,1,2,3,2,3,1,3,3,2,1,2,1,1,2,2,1,2,1,2,3,3,3,3,1,1,2,2,2,1,1,1,1,3,2,1,2,3,2,1,1,1,1,2,4,2,1,1,1,1,2,2,4,5,2,1,1,1,2,3,3,1,4,2,1,2,4,4,2,2,4,2,3,2,2,4,2,2,2,2,2,2,2,1,1,2,3,11,14,4,2,2,4,7,15,20,17,11,8,20,46,60,30,26,46,62,46,53,48,60,85,85,117,126,109,77,85,74,65,65,82,57,40,46,57,53,60,88,109,114,161,206,210,172,96,62,53,44,48,44,50
82,99,87,85,74,62,62,74,93,101,76,57,87,93,87,76,87,93,93,87,52,52,65,74,82,76,52,57,62,62,40,52,65,68,76,52,40,29,22,40,33,44,57,74,87,87,68,57,50,36,40,40,36,52,44,40,26,26,36,26,17,15,36,44,36,36,52,52,55,105,99,52,40,96,74,40,44,48,57,60,57,99,143,176,176,93,36,48,111,29,3,1,2,7,18,46,131,120,35,31,48,76,129,93,85,99,48,36,62,48,48,68,57,57,60,57,57,99,76,52,15,4,11,17,18,21,16,17,22,35,52,40,50,50,74,99,62,62,74,68,36,36,40,40,36,68,79,85,74,68,42,57,55,22,17,44,40,87,74,68,57,33,26,26,23,31,52,82,93,55,35,52,35,17,18,11,7,4,4,3,1,1,1,2,2,4,2,2,3,3,2,2,3,1,2,2,3,3,1,1,1,3,1,3,1,1,1,1,2,3,1,2,3,3,3,3,2,2,2,4,1,2,3,1,1,1,1,2,2,2,3,3,2,2,1,1,2,1,3,3,1,1,2,2,2,1,2,2,3,2,1,1,1,3,1,1,1,2,2,1,2,2,3,2,2,2,1,1,2,4,2,2,2,3,1,2,3,3,3,2,4,4,2,1,4,3,2,1,1,2,2,1,1,4,2,2,4,3,6,4,2,1,4,4,15,18,14,7,8,20,60,82,71,50,65,50,48,50,65,60,77,111,137,132,88,79,85,71,82,71,71,65,55,50,46,44,50,77,105,102,154,198,176,132,68,46,60,55,44,42,44
82,93,99,87,76,62,74,82,93,74,68,87,93,87,79,87,82,87,74,68,62,65,82,74,55,82,52,40,44,50,50,50,76,65,60,74,48,26,40,27,27,40,44,62,82,52,62,76,48,40,35,40,44,31,62,38,38,35,26,14,3,8,26,44,46,52,33,55,62,105,44,29,38,143,126,62,46,22,16,21,26,27,87,137,129,48,22,19,55,20,4,2,4,17,35,62,105,96,44,48,90,87,82,74,68,48,31,35,48,46,48,52,44,36,36,42,57,76,76,74,26,5,5,16,30,44,19,14,14,18,26,35,35,52,57,52,40,35,48,27,30,29,29,31,31,40,82,68,35,35,35,40,35,15,21,60,62,52,62,62,33,31,26,29,44,76,79,105,48,33,29,48,9,5,7,4,2,2,1,1,1,1,1,1,3,2,3,3,2,3,3,2,3,1,1,3,3,3,3,3,3,1,3,2,1,1,2,2,2,3,3,1,1,2,1,2,3,3,3,2,1,2,2,1,1,1,2,1,1,2,2,3,2,3,1,1,1,2,4,4,2,3,2,3,1,2,3,3,1,1,1,2,1,1,1,1,2,2,1,2,2,1,2,2,3,2,2,2,2,2,2,2,2,4,4,4,4,1,4,4,4,4,2,1,4,4,1,1,1,1,1,2,4,8,5,7,3,5,5,4,1,1,7,16,23,25,17,8,7,22,74,129,96,93,55,62,85,68,48,71,77,93,102,109,132,96,109,126,120,74,62,77,55,50,38,44,46,55,105,151,151,151,139,99,50,50,68,53,48,53,65
74,74,99,93,74,87,76,82,82,82,74,60,82,99,90,90,82,74,87,87,76,71,71,76,99,93,68,44,35,35,52,48,52,68,76,76,57,52,35,40,48,48,68,71,74,65,62,62,44,44,44,31,35,44,44,57,76,62,48,18,17,21,29,52,68,60,44,36,68,57,35,48,74,117,57,22,6,5,2,2,6,8,21,26,19,4,5,4,48,35,21,5,16,40,108,93,74,82,85,87,87,57,27,52,40,26,30,36,46,52,44,40,35,27,31,44,62,68,76,105,29,8,13,19,48,57,20,14,6,13,31,74,74,55,48,29,29,31,25,23,26,31,25,29,29,35,57,74,44,36,29,25,29,31,48,57,44,52,38,42,38,36,36,29,48,105,68,25,17,13,14,13,4,4,2,1,1,1,1,1,1,1,1,1,1,2,4,2,4,2,4,3,3,1,1,1,2,2,3,3,3,2,1,1,1,2,2,2,2,3,3,1,1,1,2,2,4,3,1,1,2,2,2,2,2,1,1,1,2,2,2,1,3,1,1,1,1,1,3,4,3,2,3,1,1,1,3,1,1,1,1,1,1,2,1,1,2,2,2,3,2,1,2,2,2,2,2,2,2,2,3,2,2,4,4,4,2,2,4,4,1,1,3,3,3,4,2,1,2,1,1,3,8,19,22,20,7,4,3,2,2,4,13,28,38,23,11,7,13,22,46,79,82,99,68,90,79,88,93,50,57,74,65,74,111,117,102,120,132,71,71,33,68,68,57,65,57,74,126,145,148,120,111,71,90,82,77,71,74,65,102
52,74,87,71,82,99,60,87,79,76,82,76,62,76,96,82,87,74,76,76,82,76,68,74,87,76,57,44,35,35,68,68,52,65,68,57,50,42,40,36,48,57,74,68,62,68,68,68,57,38,52,48,35,40,50,76,60,57,48,22,29,57,48,57,74,62,40,35,22,35,62,57,25,22,19,6,2,3,4,4,7,13,8,4,2,1,1,4,57,74,21,18,52,99,101,99,68,74,82,93,65,31,26,46,35,30,35,62,52,42,42,40,36,35,40,52,52,62,93,99,36,29,19,25,62,65,31,19,14,14,36,76,76,85,82,57,25,23,19,21,21,21,20,26,30,35,74,123,101,57,21,15,22,42,62,65,68,46,38,57,55,57,62,79,87,55,17,7,4,1,1,1,5,2,3,1,1,1,1,1,3,1,1,1,2,4,3,4,1,1,3,3,1,1,2,1,1,2,2,3,2,2,1,1,1,1,2,2,2,4,1,1,1,1,2,2,1,3,1,2,2,1,3,3,3,3,1,2,2,1,1,1,2,2,2,1,1,2,2,1,4,4,3,2,2,2,2,3,1,1,1,1,1,2,1,1,1,2,3,2,1,2,1,2,2,2,2,2,2,3,2,3,2,3,4,4,2,3,3,4,2,2,1,3,4,2,3,3,2,2,1,3,14,31,65,35,18,14,7,2,3,4,9,21,33,25,13,14,26,35,46,77,82,74,79,85,82,109,90,65,53,53,46,65,99,93,109,123,96,111,79,36,71,46,65,79,99,114,134,134,132,109,93,68,123,65,85,68,65,65,111
48,65,76,74,76,76,68,87,68,82,87,62,62,74,96,90,87,74,68,74,82,68,62,65,87,68,62,44,35,48,65,85,71,48,76,68,46,38,44,48,35,40,48,52,52,74,68,44,57,48,38,57,42,57,71,57,40,27,36,52,44,79,79,50,40,44,44,27,21,30,48,17,2,2,3,3,3,9,29,46,52,42,17,1,1,1,2,14,48,65,20,57,105,93,74,57,62,68,74,85,74,35,35,52,36,52,48,74,48,57,44,38,42,55,57,57,40,52,90,93,74,76,35,25,93,52,31,29,22,17,26,79,117,117,117,87,36,46,33,31,29,42,42,33,48,62,71,108,87,46,35,20,20,40,74,87,76,62,62,74,76,93,108,90,42,21,5,1,1,1,1,1,2,4,2,1,1,1,1,2,4,2,2,3,4,4,3,1,2,2,2,2,1,1,1,3,2,1,1,1,4,3,1,2,3,1,3,1,2,1,1,1,1,1,2,1,1,2,2,2,2,1,2,4,4,4,3,2,1,1,2,1,1,1,3,1,1,1,1,1,2,4,4,2,1,2,2,1,3,1,1,1,2,2,1,2,1,2,2,2,2,2,1,1,1,2,4,4,2,1,2,2,1,2,4,4,2,2,4,3,4,2,1,2,2,3,4,4,3,2,2,2,14,36,62,48,33,29,18,3,1,3,6,18,23,25,28,40,68,62,53,60,71,55,88,74,68,71,102,96,60,44,50,57,60,74,90,85,82,102,62,50,44,44,85,105,126,126,105,109,129,102,93,102,111,85,90,62,82,79,93
46,52,62,74,65,76,82,76,68,82,76,57,74,87,76,87,93,74,76,62,62,62,65,62,82,68,52,36,35,38,62,76,52,52,85,79,52,52,55,50,38,40,48,68,76,55,48,52,74,62,46,57,68,52,36,44,35,17,16,57,164,105,57,26,17,19,31,30,33,62,35,9,1,1,1,4,16,40,93,131,93,29,13,3,1,3,14,29,74,44,44,48,35,48,57,48,52,68,82,76,76,62,38,57,55,68,52,57,57,52,44,40,52,62,68,60,52,52,68,87,76,74,68,35,111,40,36,57,26,16,25,105,117,123,123,93,87,82,79,74,87,111,93,74,87,68,42,57,62,87,60,48,36,53,74,60,87,74,62,68,71,57,50,36,18,9,2,1,1,1,1,1,3,2,3,3,1,1,1,2,3,4,4,4,5,2,1,2,3,4,3,3,3,1,2,3,2,1,2,1,2,2,1,2,3,3,1,2,1,1,1,1,1,2,3,3,3,2,3,1,2,2,2,4,4,4,2,3,3,1,1,1,1,2,1,2,1,1,2,2,4,4,4,3,1,1,3,2,2,1,1,1,1,4,2,1,1,2,1,4,2,2,1,1,1,2,4,4,1,1,1,2,2,4,4,3,2,4,4,4,2,2,2,2,2,4,4,3,4,2,1,3,6,19,40,44,36,35,19,7,1,1,4,8,18,36,62,74,93,82,46,42,50,68,82,74,74,93,74,93,74,60,71,68,57,74,53,57,65,71,82,65,77,88,74,93,134,114,105,96,79,90,88,82,102,99,96,68,96,88,93
62,52,48,57,74,74,74,76,57,65,74,74,82,82,74,87,87,76,60,57,52,57,52,57,57,57,48,40,35,44,48,55,68,82,68,87,74,65,74,52,40,48,57,57,68,52,48,62,62,60,52,52,36,33,57,48,40,18,17,48,148,126,33,17,7,7,14,22,105,60,29,19,4,2,2,9,29,50,52,48,30,16,5,4,16,19,25,40,68,79,65,35,25,36,60,68,52,52,76,79,60,57,48,60,76,60,48,44,36,48,48,42,68,68,57,62,57,57,52,62,50,44,62,76,96,68,60,57,26,19,33,62,76,139,158,129,120,129,148,181,194,158,137,129,99,46,36,38,60,65,82,76,65,68,62,57,74,35,35,25,18,16,13,6,4,4,3,1,1,1,2,2,3,4,4,2,1,1,2,3,2,2,5,3,4,3,2,2,4,4,2,1,1,2,4,4,1,3,1,1,1,4,2,2,1,1,3,2,1,1,1,1,1,3,3,1,1,1,2,2,3,2,3,1,2,1,1,2,1,2,3,3,2,2,1,3,1,1,2,3,4,4,3,2,2,1,3,2,1,1,1,2,2,2,2,1,1,2,2,4,2,2,2,1,2,2,2,1,2,3,1,4,2,3,4,3,3,2,2,2,2,2,2,1,2,2,4,3,4,3,1,1,2,6,22,44,46,35,25,17,4,1,2,4,19,60,82,82,85,65,50,46,57,68,90,90,85,99,79,62,74,88,79,74,62,60,42,46,53,60,102,114,120,151,126,120,129,114,88,79,62,50,82,93,90,77,96,77,85,90,109
60,57,44,48,76,76,55,74,62,57,52,87,117,79,82,74,62,76,50,48,40,42,46,62,57,42,44,44,36,38,44,62,85,82,68,101,85,71,57,46,36,48,57,57,52,52,50,68,68,57,44,50,44,48,57,57,38,20,26,44,143,129,48,18,14,13,14,30,40,31,52,27,9,3,2,11,21,19,19,35,26,14,4,4,25,42,25,31,57,52,57,44,44,52,74,50,48,62,74,62,48,44,62,68,50,48,36,35,40,57,52,52,52,60,44,48,68,57,36,44,48,29,55,93,93,74,48,26,35,31,19,25,57,105,137,87,33,105,139,169,159,148,129,87,53,40,35,46,62,57,96,74,76,40,68,53,44,48,19,13,5,3,1,3,2,2,2,1,3,3,3,3,3,2,2,2,2,2,1,2,2,1,2,3,4,3,1,1,4,3,2,1,2,3,5,4,1,3,2,3,2,2,2,2,2,1,4,4,1,2,3,2,2,2,3,2,1,1,2,1,2,4,2,2,2,1,2,1,1,2,2,4,3,2,1,1,2,1,2,2,4,4,1,1,2,2,2,2,1,2,1,2,2,2,2,1,1,3,4,4,1,1,1,1,3,3,2,2,2,3,3,4,2,2,3,2,2,2,2,2,2,2,1,1,1,2,3,2,2,2,1,1,3,13,26,46,62,35,25,17,3,1,2,8,28,79,77,71,90,77,55,55,62,60,71,90,96,82,79,55,62,82,68,68,55,53,48,44,48,65,82,117,157,157,164,182,154,114,85,62,77,82,90,126,139,102,77,85,77,79,79
68,55,55,48,74,68,52,62,57,68,82,62,87,87,74,76,52,62,42,27,44,38,44,52,48,36,36,38,36,35,44,62,68,62,82,111,82,74,68,62,46,46,57,68,55,62,68,57,62,48,62,36,48,48,48,44,48,29,25,22,62,123,38,17,14,19,17,25,17,35,76,22,5,7,5,9,15,13,4,5,7,6,9,7,35,87,82,48,46,31,52,74,82,62,48,57,50,52,48,40,48,27,40,40,40,46,44,48,62,68,60,57,44,44,57,62,52,46,40,48,50,65,68,68,93,76,22,16,29,21,4,5,16,29,40,17,9,20,35,31,48,68,48,21,17,21,33,57,76,79,74,79,48,22,36,46,68,38,16,4,2,1,2,2,2,2,2,2,3,4,2,2,1,3,3,3,1,2,3,3,2,1,2,2,2,2,1,1,2,4,3,1,2,2,4,4,2,3,3,3,2,2,2,2,1,1,1,2,2,2,2,2,1,2,2,3,2,1,1,3,2,3,1,1,1,1,1,2,1,1,4,4,3,2,2,2,2,2,2,2,2,1,2,1,1,2,2,4,1,1,2,2,3,2,1,1,1,3,2,4,2,1,2,2,2,4,4,4,4,2,2,2,1,2,2,2,1,3,4,4,3,1,1,1,1,2,2,2,3,2,1,2,5,21,31,28,36,18,11,4,1,1,2,15,42,77,77,74,71,79,60,68,90,68,71,79,79,74,93,79,68,79,82,68,62,62,44,50,50,53,93,117,161,211,215,210,192,143,96,82,57,77,90,129,161,117,79,96,93,79,71
87,55,36,36,48,57,68,55,44,60,74,87,62,62,76,87,62,36,40,36,31,40,36,38,36,36,33,40,40,31,36,50,57,68,82,90,74,68,62,57,52,57,68,93,87,68,60,52,40,52,62,48,44,40,40,31,40,44,26,19,44,57,22,14,16,20,18,14,14,35,26,18,5,9,15,16,16,14,4,3,4,3,4,14,40,74,42,68,57,74,76,76,76,57,52,68,57,40,40,55,29,21,52,48,57,35,35,46,76,57,36,40,50,44,65,60,68,46,46,50,74,68,42,68,74,60,23,18,22,16,4,3,4,6,9,4,2,3,7,13,16,25,18,13,14,19,36,76,105,82,68,62,22,13,14,26,29,18,9,3,1,1,1,3,2,2,2,2,3,4,2,3,1,3,3,3,2,2,2,1,1,2,1,1,1,1,1,1,2,2,2,2,3,3,2,3,2,3,3,4,2,3,3,2,2,2,3,3,3,1,1,3,2,1,1,2,3,1,1,2,2,3,2,1,1,1,1,1,3,2,4,4,2,2,1,2,4,2,3,1,1,2,2,2,1,1,4,4,1,1,2,2,2,2,1,1,1,2,4,4,2,1,2,2,4,4,4,4,2,2,1,2,1,2,2,2,1,3,4,4,2,2,1,1,2,4,2,3,4,3,2,3,5,19,25,19,22,17,4,1,1,1,5,22,71,85,82,65,55,57,55,88,102,93,79,68,90,77,90,85,82,93,90,65,77,77,55,38,38,90,111,111,172,187,175,179,172,137,102,68,74,71,96,88,114,111,114,90,96,99,77
82,46,62,48,35,44,62,65,48,76,82,57,62,76,87,65,68,62,48,31,42,40,35,48,36,36,38,48,40,31,35,44,76,76,62,62,76,62,44,57,57,52,76,117,93,55,57,48,35,57,74,44,40,40,38,29,26,44,35,26,35,29,18,19,33,46,29,19,26,22,11,6,5,5,18,27,22,17,9,2,1,3,3,14,19,16,17,26,57,93,87,48,57,50,40,35,40,44,42,31,29,52,44,76,46,25,35,62,52,68,25,22,52,42,36,65,46,50,52,55,93,90,87,71,74,76,48,40,48,31,16,7,3,1,2,3,3,3,1,2,5,17,21,26,33,35,52,74,82,74,74,30,9,1,3,4,5,4,2,3,1,1,1,3,3,2,2,1,3,3,1,1,1,3,2,3,3,2,2,3,3,1,1,1,1,2,1,1,2,4,4,2,2,3,3,3,3,3,3,4,3,3,1,1,2,3,3,1,1,2,1,1,2,1,1,2,2,2,2,1,3,3,1,2,1,2,2,5,3,2,2,3,1,1,4,1,4,2,2,2,1,2,1,1,1,1,3,4,1,2,1,2,1,2,2,2,2,4,4,2,2,1,1,1,2,3,4,4,1,1,1,2,1,1,1,1,1,4,3,4,1,2,1,2,2,3,2,2,4,6,3,2,7,17,23,20,26,26,16,5,1,2,13,33,82,82,57,65,55,48,65,65,96,111,68,79,102,82,85,68,74,99,79,77,111,74,57,33,60,85,123,132,126,105,111,126,120,105,88,79,77,65,109,60,85,90,93,90,96,90,79
76,62,48,52,57,48,57,52,87,62,68,87,76,62,60,57,62,71,36,44,50,26,36,36,35,46,52,38,44,35,44,46,57,82,74,57,74,48,35,74,52,44,74,82,68,46,40,52,50,68,68,57,57,42,44,35,31,35,33,31,23,19,23,36,40,36,30,31,26,14,7,13,13,7,17,25,22,17,9,4,1,1,3,7,16,14,22,36,74,68,65,48,40,35,48,62,42,48,35,29,50,68,62,40,52,26,35,50,82,48,16,15,35,52,62,68,79,48,31,40,62,85,76,105,99,87,62,57,79,93,44,20,9,7,6,16,17,13,4,13,16,25,57,71,68,68,62,53,57,68,87,25,4,2,1,1,2,2,2,2,1,1,2,3,3,4,3,2,3,3,2,1,1,1,1,1,2,3,3,3,3,1,1,2,1,1,2,1,3,5,4,4,1,2,2,3,2,1,4,3,3,1,2,1,2,2,3,1,1,1,1,2,2,2,1,1,1,2,2,1,1,1,2,2,1,2,4,3,2,1,2,1,2,1,1,4,3,1,3,1,1,2,1,1,1,2,2,3,1,1,2,1,1,1,2,2,4,4,3,2,1,2,1,1,2,1,2,2,1,1,1,1,1,2,1,1,3,3,4,2,1,1,1,1,2,2,3,4,6,5,4,4,15,22,29,35,29,42,35,19,4,10,25,50,71,55,40,60,68,57,74,60,85,79,79,85,85,88,71,82,102,74,65,71,60,60,77,88,90,99,134,148,96,68,99,99,109,111,79,50,71,88,53,88,79,68,62,79,114,93,77
62,46,50,57,44,42,62,74,76,71,76,52,65,48,44,62,62,62,60,36,29,21,31,48,44,62,27,42,46,44,40,52,62,62,57,57,57,52,52,35,82,40,52,60,52,31,36,57,57,68,74,74,52,50,52,62,52,35,25,22,17,17,35,40,22,18,17,21,18,7,9,17,16,9,16,20,18,9,4,4,1,1,1,7,26,60,90,93,87,68,48,44,36,40,48,40,36,40,36,31,57,68,52,44,68,52,46,82,62,48,26,17,23,52,76,74,74,36,22,19,36,62,82,60,93,93,74,36,31,42,76,57,40,57,40,87,82,79,40,42,82,93,90,105,93,68,46,44,42,74,57,16,4,2,1,1,2,2,1,3,2,1,2,3,4,4,2,3,1,2,2,1,1,1,1,1,2,2,3,3,3,1,1,1,2,3,2,3,2,3,2,2,1,2,2,3,2,3,2,1,1,2,2,1,1,4,2,3,2,1,1,2,2,2,1,1,1,1,1,1,1,1,2,1,1,1,1,1,1,2,1,1,1,1,2,1,2,3,1,1,1,2,1,1,1,2,2,2,1,1,1,2,2,2,3,2,3,1,2,2,2,2,2,2,1,1,1,1,2,3,1,2,4,2,2,2,1,4,2,2,2,2,2,2,2,1,4,4,8,16,19,18,19,25,35,46,44,42,40,26,16,22,60,77,60,31,25,46,85,79,74,90,74,68,88,74,79,74,77,85,96,62,44,44,40,74,114,132,111,137,167,143,82,74,74,93,111,93,57,48,62,71,71,68,77,65,102,82,74,79,102
62,57,48,52,48,52,68,74,74,82,57,62,60,50,44,52,76,57,48,42,29,29,22,31,48,36,48,44,35,44,68,68,62,52,40,48,31,31,48,55,87,46,35,74,46,33,48,52,57,62,48,48,27,60,44,55,35,18,17,17,14,16,25,19,14,14,14,18,14,7,16,14,9,7,18,19,14,4,2,4,3,3,5,18,71,108,93,123,93,68,52,48,40,36,44,36,33,40,50,76,74,90,74,68,65,68,44,46,68,74,44,23,19,36,93,74,62,53,25,17,35,57,44,71,82,93,87,31,21,36,68,101,111,111,111,117,123,111,129,99,129,105,74,96,82,40,35,48,68,55,18,5,3,2,1,1,2,4,3,2,2,1,1,3,4,4,2,1,2,1,2,1,1,2,1,1,2,4,3,2,3,1,1,1,3,2,3,3,3,2,3,1,1,2,2,3,2,3,2,2,1,2,2,1,1,1,1,1,2,2,1,2,1,1,1,1,1,2,2,1,1,1,1,1,1,2,1,1,1,1,1,1,1,1,1,2,1,1,1,1,1,2,2,2,1,1,1,1,1,1,2,4,3,2,2,3,2,2,1,1,1,3,2,2,1,1,1,1,2,4,4,2,2,2,1,2,2,2,2,1,3,3,1,1,2,2,2,9,19,30,44,22,18,25,38,35,31,33,35,28,26,38,71,60,42,30,29,46,74,90,90,93,90,79,71,105,99,96,93,85,71,62,46,50,68,82,132,129,134,179,154,109,74,60,57,79,82,79,79,74,65,62,60,62,71,85,90,99,71,79,93
52,48,48,48,57,68,74,74,76,71,62,48,52,48,42,44,55,57,40,36,35,31,25,25,26,44,48,36,26,36,52,50,44,48,40,33,33,29,62,62,99,68,23,68,99,93,40,35,44,40,21,21,17,29,44,46,16,7,8,16,14,14,14,14,14,14,16,22,14,7,16,6,7,15,22,18,9,4,1,1,4,14,16,25,74,57,87,99,71,62,57,44,40,40,44,44,40,48,62,93,101,96,99,82,40,29,31,44,60,74,57,29,25,42,76,68,57,50,40,25,29,31,68,74,82,76,93,71,40,62,111,93,87,93,111,126,87,101,143,101,74,62,68,65,53,42,48,71,36,14,4,2,2,1,2,2,4,3,2,3,1,1,1,2,5,5,3,2,2,3,2,1,2,1,1,2,2,2,2,3,1,1,1,2,1,3,2,2,1,2,1,2,2,2,1,3,3,2,3,2,4,2,2,1,1,1,2,3,4,1,2,2,2,1,2,1,2,2,1,1,2,1,2,1,1,2,3,1,1,2,1,2,1,1,4,2,1,1,1,2,1,1,2,2,1,2,2,1,1,1,1,4,3,1,2,1,3,2,1,1,2,2,2,2,1,1,2,2,4,1,4,2,2,2,4,3,2,2,2,1,2,3,1,1,1,2,4,17,29,48,62,29,22,28,30,26,31,33,35,38,42,71,57,50,29,22,26,44,53,82,105,114,105,79,60,102,117,132,114,77,88,82,57,60,71,93,176,145,164,154,99,71,68,65,74,60,55,90,96,79,79,85,74,60,77,77,85,93,74,62,82
44,48,50,62,57,52,68,74,74,62,48,44,42,48,40,35,36,31,22,25,27,33,29,21,31,35,35,35,29,29,38,55,52,48,52,52,36,31,44,62,79,48,29,44,108,76,57,35,31,25,25,23,17,21,31,29,8,16,6,7,17,17,16,18,18,16,18,21,9,4,7,7,17,18,22,14,4,3,1,1,9,23,26,19,29,20,74,57,50,52,62,42,36,44,52,52,36,48,76,76,74,82,74,31,17,14,19,44,82,62,35,25,23,35,62,62,52,44,44,48,33,33,53,62,74,87,93,82,65,90,105,74,74,82,76,93,85,87,68,48,23,29,36,62,74,82,68,35,14,5,1,2,1,2,3,3,4,3,4,2,1,1,1,1,4,3,2,2,2,2,2,1,2,2,1,2,2,3,2,3,2,1,1,1,1,3,1,1,1,2,1,2,2,3,1,2,2,1,2,2,4,2,2,1,1,1,4,4,4,1,2,2,2,1,1,1,2,1,1,2,2,1,2,2,2,2,4,2,1,2,2,1,1,1,2,2,1,2,1,2,2,2,1,1,2,2,3,1,1,1,2,3,2,2,2,2,2,2,2,1,2,2,2,2,1,1,4,4,2,2,2,2,4,4,4,3,2,2,1,2,3,2,1,1,2,4,4,8,19,35,40,33,22,23,30,33,29,25,40,53,90,85,55,50,20,17,25,33,48,88,114,117,105,74,74,93,120,120,120,117,111,79,50,53,60,96,154,157,186,129,77,60,68,85,68,53,55,82,79,102,93,88,90,82,62,68,55,71,77,62,71
62,55,57,65,44,44,76,65,68,65,44,40,55,68,42,29,26,22,16,17,36,52,48,31,27,36,31,29,33,29,44,82,82,74,87,87,48,26,35,74,50,36,48,52,93,90,82,52,29,18,19,22,19,23,19,22,19,19,18,14,18,17,16,18,19,18,17,9,4,5,5,11,19,19,17,5,2,2,2,4,18,36,48,14,8,8,22,25,27,44,52,44,52,48,50,52,35,38,87,68,48,33,21,11,7,5,25,62,62,30,18,16,22,38,57,62,36,35,35,53,53,35,29,27,62,82,105,99,68,62,62,62,68,71,85,82,71,42,17,13,9,18,38,93,111,60,25,13,2,1,1,1,2,2,3,3,2,1,2,2,1,1,1,1,3,2,1,1,1,1,1,1,2,2,2,1,1,1,3,5,5,4,2,2,3,2,1,1,3,2,2,2,1,1,3,3,2,1,3,4,2,3,1,2,1,3,2,4,2,2,2,2,2,1,1,1,1,1,2,2,1,1,1,2,2,1,1,2,2,2,4,3,1,1,2,1,1,1,2,2,2,2,2,2,2,1,3,1,1,1,2,2,1,2,1,1,2,2,2,1,2,1,2,2,1,1,4,4,4,3,2,2,4,2,4,4,2,2,1,2,4,3,2,1,2,3,3,4,5,10,17,23,22,25,40,29,18,18,44,60,99,79,71,26,18,19,22,29,57,79,105,96,77,77,105,93,102,102,114,105,88,79,65,60,55,79,126,139,137,109,65,44,44,60,71,71,85,65,62,120,117,85,85,90,60,50,38,57,40,57,74
76,62,52,52,48,68,62,62,74,57,52,50,68,57,57,44,29,21,14,18,44,71,57,48,74,82,40,21,22,30,44,57,52,52,65,82,50,40,74,62,33,31,44,44,62,76,87,71,38,22,16,17,18,16,17,29,36,25,25,22,15,14,13,13,18,17,9,6,7,4,7,7,14,14,9,4,1,1,2,16,23,38,35,7,5,5,14,21,31,52,50,48,46,55,74,68,44,35,44,25,21,19,18,14,16,14,25,62,52,19,15,22,29,57,48,48,25,26,29,36,53,48,29,26,31,48,76,87,60,62,74,36,62,65,76,99,65,44,19,14,16,33,76,68,29,18,7,3,2,1,1,1,2,3,3,3,3,2,2,3,2,2,1,1,2,2,2,1,1,1,1,3,3,4,2,1,1,1,1,4,4,5,1,1,3,2,2,1,2,3,2,1,1,1,2,2,2,2,2,2,2,2,2,1,2,4,4,2,2,1,1,1,2,1,1,1,1,2,2,1,2,2,3,3,1,1,1,2,3,4,4,1,2,1,1,1,1,3,2,1,2,2,2,3,1,2,3,4,2,1,2,1,1,1,1,2,3,3,1,2,1,2,2,2,1,1,4,4,4,2,1,2,4,2,3,4,2,2,3,4,4,2,1,2,2,2,2,4,2,4,11,20,25,25,25,21,14,22,74,62,90,96,60,25,22,23,28,48,82,68,77,68,53,77,99,99,85,65,90,77,74,68,57,53,60,82,102,99,90,90,65,44,53,68,77,74,85,79,62,111,137,93,74,85,88,48,33,48,35,71,105
68,62,57,62,62,57,57,48,82,57,68,65,68,44,52,60,40,33,22,19,29,36,40,62,99,82,44,19,17,21,29,25,29,27,29,44,62,76,99,57,29,29,29,22,36,62,57,52,42,31,18,13,11,14,16,21,30,29,20,19,14,7,6,7,5,9,13,5,5,4,3,4,7,9,4,3,4,2,4,22,35,25,22,19,17,14,21,57,57,62,52,44,62,74,76,90,60,38,26,17,9,16,31,22,26,26,35,46,42,22,25,36,55,62,44,44,29,25,29,44,36,48,57,21,11,20,48,65,74,53,40,22,57,53,62,53,62,48,53,57,62,71,40,18,5,3,4,3,1,2,1,1,4,5,3,3,3,1,1,1,2,1,3,3,2,2,2,2,1,1,4,4,2,2,2,2,2,2,1,2,3,2,1,2,2,2,2,1,2,2,2,2,1,2,2,3,2,2,2,1,2,3,1,1,3,2,2,1,1,1,1,1,1,3,2,1,1,3,2,3,2,1,3,3,1,1,1,1,2,3,4,2,1,1,2,1,1,1,3,2,3,2,2,2,2,2,1,2,4,2,2,2,1,2,4,2,3,1,1,2,2,2,3,3,2,2,2,4,2,1,2,1,4,2,2,2,2,2,2,3,2,2,2,2,4,4,3,4,4,5,14,22,25,22,18,18,26,55,74,82,102,88,60,44,35,31,53,88,90,71,74,77,62,60,77,90,77,53,57,82,77,46,35,55,68,96,102,88,82,90,82,65,85,88,77,68,68,68,62,96,139,117,85,74,88,46,36,44,57,85,93
57,48,62,57,55,52,48,44,87,71,62,74,62,40,44,68,62,62,38,26,31,29,19,29,35,29,22,16,17,16,17,21,19,17,14,21,44,111,60,31,19,17,16,16,31,40,36,27,35,57,25,13,7,16,18,17,21,21,17,13,13,5,2,4,5,7,5,5,4,4,2,2,4,4,4,4,5,14,17,18,21,29,40,36,25,31,62,79,68,40,38,52,76,52,76,68,50,38,23,16,7,15,33,26,31,35,62,53,55,40,36,57,62,68,46,44,40,35,48,42,48,48,36,22,14,16,30,57,68,62,40,25,44,53,53,30,53,48,90,111,93,26,16,5,1,2,2,2,3,2,1,2,3,5,4,2,1,1,1,1,2,3,2,3,2,2,2,2,4,4,4,4,2,3,2,2,3,3,2,2,2,1,1,1,2,2,2,1,1,1,2,3,3,2,2,2,2,2,1,1,1,2,2,2,2,2,3,2,1,1,2,1,2,3,2,1,1,2,4,3,2,1,3,4,1,1,1,1,2,2,2,1,1,1,1,1,2,1,1,3,2,2,1,1,2,2,2,3,4,4,2,2,4,2,2,1,2,1,2,2,2,3,4,2,1,2,3,1,1,1,1,3,3,2,2,3,2,1,2,2,2,1,2,2,3,4,4,4,4,11,22,28,25,23,21,25,50,68,77,88,85,60,68,71,50,68,93,93,71,68,77,82,82,77,79,74,77,74,62,71,60,50,55,62,74,114,145,117,90,93,105,111,126,96,77,74,74,65,74,90,129,126,93,74,88,71,50,48,65,55,53
40,35,42,57,55,57,52,74,52,74,74,68,62,44,40,62,76,68,36,35,35,22,4,13,21,18,18,18,25,21,21,22,17,9,5,13,26,44,29,19,21,15,13,25,25,25,29,26,29,62,33,18,18,18,19,19,15,16,11,13,8,4,4,4,4,4,4,4,4,3,1,1,2,2,7,16,19,21,21,16,25,74,74,44,36,62,87,68,76,44,27,36,62,71,44,33,44,44,22,9,7,19,31,33,42,44,57,62,60,55,55,57,57,62,53,50,40,44,31,44,44,62,48,42,25,23,35,62,71,40,40,33,36,35,74,36,76,74,109,55,22,9,2,2,1,1,1,2,4,3,1,1,1,7,3,4,1,1,2,2,1,2,3,2,2,1,2,3,2,3,4,4,3,3,3,2,3,3,3,2,1,1,1,1,3,3,2,1,1,2,4,4,3,2,4,1,1,1,1,1,2,2,1,2,3,3,1,1,1,1,2,3,3,4,2,1,1,2,5,3,1,1,2,4,2,1,2,2,2,2,2,2,1,1,1,1,1,1,1,3,2,2,1,1,1,1,1,3,4,6,2,2,4,2,3,1,2,1,1,1,2,3,2,4,2,3,2,2,1,2,2,2,2,2,2,1,2,1,1,1,1,2,3,4,4,3,3,4,15,19,14,20,26,26,33,55,93,60,71,77,65,74,90,90,74,82,90,82,71,74,79,77,88,77,82,79,85,93,88,82,62,57,82,82,111,137,148,129,79,88,129,132,114,93,102,109,85,79,88,79,93,111,111,105,88,74,55,53,50,44,46
35,31,44,52,55,68,57,55,42,74,74,57,62,36,30,48,52,31,29,26,17,16,5,7,19,20,19,21,29,52,31,18,14,6,5,7,17,26,26,26,25,18,14,21,26,19,21,26,30,44,52,27,23,21,22,18,16,7,14,9,7,4,3,2,4,4,4,2,2,2,1,1,1,3,13,52,52,35,25,19,19,65,99,68,62,74,82,87,76,31,18,29,62,60,21,16,26,35,18,4,5,17,27,48,68,48,50,50,53,74,60,44,48,60,53,44,48,40,29,38,44,60,62,53,36,36,53,48,57,53,40,33,31,44,85,87,111,79,40,17,7,4,2,1,1,1,1,2,4,2,2,1,4,7,3,2,1,2,2,3,2,2,2,2,2,1,2,2,4,2,3,4,3,2,1,1,3,3,3,2,1,2,1,1,3,2,1,1,1,1,1,3,2,2,4,1,1,1,2,3,2,2,1,2,2,2,2,1,1,1,3,2,4,2,3,1,2,2,4,2,1,1,3,4,4,2,3,3,2,2,2,2,1,1,2,1,1,1,1,2,3,2,1,1,2,2,2,4,4,4,3,4,4,4,1,2,2,2,2,1,2,2,4,4,3,2,1,3,2,2,2,1,2,1,1,2,2,1,1,2,1,2,4,4,2,4,3,5,11,10,4,5,17,26,48,88,85,36,42,74,50,68,79,117,93,93,85,65,85,90,79,90,93,82,79,71,71,68,93,93,57,55,82,117,132,134,117,114,90,96,102,109,105,96,143,132,114,99,96,68,68,88,102,85,62,65,68,62,53,50,60
31,35,48,50,52,57,62,48,40,52,82,71,55,40,29,29,25,20,19,17,16,16,14,7,18,22,17,18,26,48,25,9,5,4,5,9,18,35,57,36,19,18,16,17,22,17,16,18,25,31,57,52,25,16,21,16,9,4,9,7,6,4,3,3,4,3,3,3,3,2,3,2,5,9,22,62,36,48,21,14,16,25,62,76,62,79,60,60,76,22,17,30,90,44,16,4,14,23,18,4,1,8,29,74,85,65,60,65,74,46,35,36,44,62,42,35,57,55,35,36,44,40,44,42,44,48,53,60,65,68,44,40,65,82,117,68,36,19,13,4,1,1,1,3,3,3,3,2,1,3,1,1,2,4,4,2,1,2,2,2,3,1,1,1,1,1,3,3,2,1,3,3,2,1,1,1,1,1,2,2,1,2,2,3,2,1,1,1,1,3,1,1,1,2,2,2,2,2,2,2,3,1,1,2,2,1,1,1,1,1,2,2,3,1,1,2,2,2,1,1,1,1,2,2,3,2,2,1,2,2,2,1,1,1,1,1,2,2,3,3,2,1,1,2,2,2,1,2,4,4,4,3,4,1,1,3,2,2,2,2,1,4,3,3,2,2,2,2,4,3,4,2,2,2,2,1,2,1,2,2,4,4,2,2,4,2,2,4,3,3,1,1,13,26,82,109,71,35,32,40,42,55,74,96,90,117,102,71,74,79,77,85,79,85,48,60,50,53,79,68,77,111,117,143,139,117,109,114,96,79,77,117,137,129,132,154,161,109,99,85,71,62,68,53,53,77,96,77,82,77,77
36,40,35,44,57,62,55,44,52,57,48,68,57,44,36,31,26,25,19,17,19,19,14,7,16,18,17,18,18,18,14,6,4,4,5,19,38,52,57,36,19,17,16,16,19,16,9,14,21,44,68,44,16,8,16,14,5,7,5,5,9,4,3,2,3,3,1,4,4,4,13,19,19,29,68,53,22,22,13,4,5,14,25,82,82,42,87,53,53,21,16,29,74,40,17,14,18,22,16,4,1,3,18,57,93,82,48,44,44,42,29,29,48,44,44,48,57,44,36,27,31,35,48,40,46,57,62,68,57,57,62,74,76,87,74,25,11,4,3,2,1,1,1,3,4,3,3,2,2,1,2,1,3,3,3,2,1,2,3,3,2,2,2,1,1,3,2,3,1,2,3,2,4,1,2,1,1,1,2,1,1,2,4,1,2,2,1,1,2,2,1,1,2,1,2,2,2,2,1,1,1,1,3,3,2,1,1,2,1,1,2,2,1,2,1,1,3,2,1,1,2,1,1,1,2,3,2,3,3,3,1,2,1,2,1,1,2,2,4,4,1,1,1,1,2,1,1,1,4,4,4,3,1,1,2,1,2,4,2,2,2,2,2,2,1,1,2,1,3,4,2,2,1,1,2,2,1,2,2,1,2,3,3,2,4,4,3,3,3,1,1,2,19,42,93,93,90,50,33,50,55,46,68,68,102,117,68,57,65,62,96,117,85,65,50,57,44,55,53,82,134,161,159,134,123,117,129,120,79,62,90,88,129,129,154,190,159,117,109,82,57,55,53,51,62,79,99,82,79,85,88
35,48,44,44,42,35,40,48,44,36,76,79,48,36,57,52,25,17,35,22,17,17,13,7,8,18,22,20,16,5,5,13,13,13,21,48,93,62,31,35,22,19,21,20,20,16,9,14,22,48,82,31,6,4,13,14,7,5,4,8,7,2,1,1,2,2,3,7,16,21,57,87,68,87,123,35,14,13,4,2,1,4,29,90,71,55,42,35,31,18,16,31,46,68,42,21,22,19,5,3,1,3,6,21,55,53,29,27,40,35,26,26,53,74,53,46,42,35,44,26,26,48,53,57,46,62,62,31,26,36,62,42,31,27,18,7,2,2,2,1,2,1,3,4,4,3,4,4,3,2,1,1,2,2,1,2,1,2,3,2,3,2,2,2,2,2,2,2,2,3,2,2,2,1,1,2,2,2,2,1,1,1,3,4,2,1,1,1,2,3,1,3,2,2,2,1,2,2,2,1,2,1,3,1,1,2,2,4,1,1,1,2,2,1,1,1,2,2,3,1,1,2,2,2,2,1,3,2,2,1,1,1,1,2,2,1,1,1,3,5,4,3,2,1,1,1,1,2,2,4,2,4,2,1,1,1,4,4,2,2,1,1,1,2,2,2,4,3,2,2,1,2,1,2,2,2,1,2,2,2,1,1,3,4,4,2,2,2,3,2,2,7,32,102,96,44,42,71,62,57,55,46,114,74,109,111,57,40,65,77,96,139,96,65,99,74,65,60,46,88,139,161,179,145,129,120,96,105,88,74,62,77,123,114,123,154,126,123,105,71,62,74,65,71,65,60,90,74,62,90,88
40,36,29,57,35,35,40,48,44,82,62,87,55,35,31,23,14,7,18,21,13,19,7,4,14,29,36,29,14,5,9,18,26,25,29,44,44,30,22,25,26,29,31,29,22,18,9,7,19,48,76,29,9,5,7,9,5,5,7,7,4,3,1,2,1,4,5,13,25,68,143,129,117,129,117,22,16,17,16,2,1,4,36,93,68,76,62,40,18,8,15,19,57,85,36,18,22,17,4,2,2,2,5,14,30,22,26,44,53,55,38,35,50,44,44,57,44,35,44,44,55,36,55,82,62,62,25,13,9,16,16,14,13,11,3,3,2,2,2,1,1,1,3,4,4,4,4,4,4,3,1,1,2,1,3,3,1,2,3,3,2,1,2,2,2,3,3,3,2,2,2,2,2,1,1,2,3,2,2,1,1,2,3,1,3,1,1,1,2,4,3,2,2,1,2,1,1,1,1,1,2,1,2,3,2,2,4,2,2,2,2,1,1,1,2,2,2,4,1,2,3,3,3,3,1,1,2,2,1,1,1,1,2,2,4,1,2,1,2,3,4,3,1,1,2,2,1,2,2,2,4,1,1,1,1,1,2,4,1,1,1,1,1,2,4,4,3,2,2,1,1,1,4,3,2,3,4,3,4,2,1,2,4,6,2,3,1,4,4,3,4,18,57,82,36,22,50,105,88,68,62,77,62,57,111,126,62,55,53,57,79,79,90,105,109,126,126,88,55,96,176,184,154,134,126,114,117,109,85,57,50,93,74,88,88,96,93,111,96,99,109,93,82,77,48,68,96,82,74,82,93
25,21,40,35,31,36,27,62,40,48,62,87,44,21,16,9,5,4,11,19,17,20,14,13,15,29,44,35,15,14,19,25,65,48,19,18,16,16,22,22,40,48,55,42,23,16,5,5,16,25,31,25,15,13,7,4,4,4,4,4,4,2,2,2,4,9,16,26,57,99,137,129,129,105,74,31,22,31,31,14,1,7,40,82,68,68,68,25,9,4,17,42,35,22,13,7,14,9,5,13,5,5,14,15,21,25,29,48,57,57,48,44,40,44,48,65,31,31,44,48,53,38,96,93,40,21,4,1,1,1,4,4,4,3,2,2,3,1,3,2,1,2,3,1,3,4,4,4,2,3,2,1,3,3,2,2,1,2,2,1,2,2,2,2,1,1,3,3,2,3,1,2,1,2,2,1,2,3,3,1,2,2,1,2,2,2,2,2,2,4,4,2,3,1,1,1,1,1,1,1,1,2,2,4,4,1,1,2,2,2,2,2,2,3,1,4,4,4,2,2,2,1,1,1,1,1,1,4,4,1,1,1,1,3,3,2,3,1,1,1,3,3,1,2,2,1,2,2,1,1,2,2,1,1,1,2,4,4,1,1,2,2,1,1,4,4,2,2,1,1,1,2,5,4,7,4,1,2,2,3,1,3,2,4,4,2,3,4,4,6,17,32,55,32,19,28,79,105,102,90,82,77,90,96,111,109,96,77,74,53,71,90,88,105,114,132,137,117,117,164,179,172,114,111,96,99,117,105,71,68,65,53,51,77,74,62,71,68,90,120,109,88,90,90,62,48,65,68,51,68,96
40,30,25,26,31,25,31,40,48,57,57,62,22,14,13,9,7,13,16,20,26,22,16,25,36,29,29,23,17,14,19,25,57,62,21,9,7,4,16,31,50,48,46,29,16,9,4,4,9,14,14,16,13,14,7,4,3,3,5,5,2,2,2,5,16,25,48,76,111,117,99,93,87,62,57,62,38,36,53,31,18,18,44,76,62,62,57,17,2,4,14,21,18,7,3,2,4,8,19,21,14,18,27,23,25,26,35,48,40,53,44,57,48,46,62,53,30,44,44,35,68,120,82,31,16,3,1,1,1,1,3,2,1,2,2,1,2,4,2,2,2,4,2,3,2,2,2,3,2,2,3,3,2,3,2,2,2,2,1,2,2,2,2,2,1,2,2,3,2,4,1,1,1,1,2,1,1,3,2,1,1,1,2,1,3,2,1,2,2,2,2,3,2,1,3,1,1,1,1,1,1,1,2,4,2,1,2,1,2,1,2,2,1,3,4,4,4,4,2,3,1,1,1,1,1,1,1,2,4,1,2,2,1,3,4,4,2,1,1,1,2,2,2,2,2,2,4,2,1,1,1,1,2,2,1,2,6,4,1,1,3,4,2,3,3,3,4,1,1,1,1,2,13,18,14,6,2,2,2,3,3,2,3,4,4,4,2,3,4,13,35,77,57,25,20,60,85,82,90,102,90,82,102,90,102,111,96,74,65,79,79,93,109,102,102,109,132,164,154,161,139,111,111,117,117,102,105,85,65,74,53,42,53,55,71,55,48,44,55,79,96,82,85,79,53,36,42,40,46,55,96
40,26,19,25,26,31,40,40,44,62,50,44,26,18,13,7,16,21,22,29,74,71,36,42,123,87,36,29,29,33,36,35,48,62,25,16,9,4,16,22,29,19,15,9,5,4,3,2,7,7,5,7,5,9,7,7,1,1,5,5,2,4,11,17,31,76,99,126,114,74,40,57,57,48,46,74,40,48,76,74,57,55,53,68,65,76,22,4,3,2,4,4,4,1,1,1,4,19,35,36,27,35,62,44,31,31,35,35,44,48,36,38,40,46,44,44,57,48,40,50,82,50,19,6,2,1,1,1,1,2,1,2,2,1,1,1,2,4,5,2,2,2,4,4,2,1,3,1,1,1,4,3,2,2,2,2,3,2,2,2,3,2,2,2,1,2,3,2,2,2,1,1,1,1,2,1,1,2,3,1,1,1,1,3,3,2,1,1,1,1,2,2,1,1,3,2,2,1,1,1,2,1,2,3,1,1,1,1,2,1,1,1,3,3,2,3,1,2,2,1,1,1,1,1,1,2,2,1,3,2,1,1,2,3,4,4,1,1,1,1,2,1,1,2,2,2,4,4,1,1,1,1,2,3,3,2,4,2,1,2,1,1,4,3,3,2,1,1,2,2,3,4,14,26,23,14,4,1,4,4,4,2,4,2,2,2,1,2,6,22,82,111,74,46,38,82,90,88,93,90,71,102,111,96,90,114,114,111,111,111,109,117,120,90,93,105,123,167,172,151,85,57,71,79,82,88,71,77,65,48,36,60,62,53,57,60,48,53,74,77,65,68,74,48,48,46,28,32,42,40,60
44,42,35,26,22,25,31,40,40,38,48,40,27,26,29,29,35,29,18,29,74,82,52,76,143,154,111,93,93,93,87,74,93,105,57,21,16,17,14,17,14,7,4,4,2,3,2,3,7,9,5,9,8,4,5,3,1,2,13,14,14,14,19,21,22,31,48,76,36,22,16,42,48,48,62,62,35,44,53,62,76,62,62,68,85,62,13,3,2,1,3,2,1,1,2,3,16,35,57,74,62,35,48,53,31,35,36,42,48,48,40,35,35,33,40,53,74,57,48,57,40,18,4,1,1,1,1,1,3,2,1,1,1,1,1,1,2,4,4,3,1,3,4,4,2,1,2,2,3,4,2,2,1,1,1,3,4,2,1,2,2,2,1,2,2,2,1,1,2,1,1,2,1,2,2,2,1,1,3,2,1,1,1,3,2,3,1,1,1,1,2,1,1,1,2,2,1,1,1,1,2,3,1,1,1,1,2,2,2,1,2,2,2,2,1,1,2,1,2,2,1,1,1,1,2,2,3,3,1,2,1,1,2,4,4,4,2,3,4,2,1,1,2,2,2,4,4,2,1,1,1,2,3,4,3,2,2,2,1,1,1,1,2,2,4,1,1,2,3,2,3,4,11,19,20,15,4,2,2,2,4,3,4,3,2,1,1,4,14,40,105,99,88,82,57,71,102,114,88,68,82,65,105,77,117,105,96,126,137,120,117,145,114,79,88,82,143,120,85,93,48,57,53,65,79,79,93,82,71,57,46,57,62,60,62,55,44,44,68,68,82,74,65,55,51,38,36,42,40,53,55
52,68,48,25,16,19,22,25,25,26,27,40,52,62,87,123,52,19,16,22,31,48,82,137,164,148,123,111,111,105,105,111,123,137,117,74,48,29,18,5,3,1,1,1,3,3,2,4,4,4,14,17,14,8,1,1,1,6,29,57,62,29,17,16,13,9,11,18,13,8,16,40,48,62,93,53,35,46,40,53,62,44,65,76,93,44,7,3,2,3,1,1,1,2,13,19,22,46,71,74,57,40,44,57,35,31,46,48,46,48,33,25,29,44,40,62,90,90,55,21,7,3,1,1,1,2,3,3,1,1,1,1,2,2,2,1,3,3,3,3,2,4,4,3,2,1,2,2,2,3,2,3,2,1,2,1,4,4,1,1,1,2,3,2,2,1,1,1,2,1,1,1,2,1,1,2,2,1,2,2,2,2,2,2,2,2,2,3,1,1,2,2,2,2,3,4,1,1,1,1,3,2,1,1,1,1,2,2,2,2,1,1,2,1,1,1,3,1,3,4,2,2,2,1,2,2,4,2,1,1,1,1,2,2,4,3,2,2,2,2,1,2,1,1,2,2,1,1,1,2,1,1,3,2,1,1,2,2,2,2,1,1,1,2,2,2,3,2,1,1,2,2,3,4,10,8,3,3,1,2,3,3,2,1,1,1,2,11,23,68,93,79,77,96,99,99,102,96,60,74,79,57,85,132,123,82,85,139,143,102,132,120,120,85,62,71,105,109,74,62,60,82,68,77,88,77,93,71,62,55,65,71,74,77,62,55,46,35,51,71,65,71,74,91,96,55,38,48,51,57,48
93,57,44,26,19,18,19,16,18,21,26,38,52,87,131,82,44,35,29,40,36,76,111,137,105,93,93,87,76,74,74,76,93,129,131,129,131,74,19,4,3,2,1,1,1,2,2,3,4,4,7,14,16,7,2,1,7,31,93,137,129,62,19,13,13,11,14,13,4,7,29,48,74,62,68,35,35,74,74,62,74,74,79,82,82,26,3,2,2,1,1,1,3,4,14,31,31,40,62,35,29,44,42,76,44,36,62,48,44,40,31,28,36,48,57,87,87,55,22,5,1,1,1,1,1,2,3,4,2,2,1,1,1,2,2,2,3,2,3,3,3,3,3,2,2,1,1,1,3,2,3,3,3,1,2,2,4,4,1,1,1,2,3,2,2,1,2,2,1,1,1,1,2,1,1,2,1,2,2,2,1,2,2,2,2,2,2,2,1,1,2,3,1,1,2,4,2,1,1,2,2,2,1,1,1,1,1,2,2,2,2,1,2,1,1,1,2,2,4,4,4,2,2,1,2,3,2,3,1,1,2,2,2,1,1,3,3,2,2,2,2,1,2,2,1,2,3,2,1,2,3,2,3,2,2,1,2,2,2,2,1,1,2,2,2,2,2,2,1,1,1,2,2,4,5,7,2,2,2,1,2,2,1,2,1,2,14,25,62,102,90,85,82,99,123,96,79,88,71,71,71,65,105,117,88,88,96,123,109,82,111,114,111,82,62,102,109,74,57,71,71,71,62,79,96,102,132,102,68,62,40,90,77,55,60,44,57,44,44,53,48,55,85,99,96,51,65,60,44,60,77
74,40,52,48,29,19,14,6,9,18,26,40,44,82,137,85,87,96,99,114,137,96,99,108,68,35,48,44,44,53,57,60,96,111,123,137,82,44,21,14,19,21,6,3,1,1,1,1,3,4,3,4,7,7,9,16,31,76,154,143,143,123,57,25,19,19,21,18,14,19,62,123,76,40,23,18,19,35,82,93,111,105,87,74,53,13,2,1,1,1,1,2,5,18,19,26,48,48,46,22,22,36,48,76,50,62,35,35,35,44,50,76,76,60,57,42,25,13,4,2,2,1,1,1,3,3,3,2,3,2,2,1,1,1,1,4,2,3,2,2,3,3,2,2,2,1,2,2,1,2,1,2,4,4,1,1,2,3,1,1,1,3,4,4,2,2,1,1,1,1,1,1,1,2,2,2,1,1,2,2,2,1,2,2,2,3,2,1,2,1,3,3,2,3,2,3,3,1,1,2,1,1,1,1,1,2,3,3,2,2,2,1,2,3,1,1,1,1,2,4,3,1,1,2,1,2,3,1,1,1,2,1,2,2,3,2,2,2,2,3,1,1,1,2,1,2,1,1,2,2,2,2,1,2,2,4,2,2,1,1,2,2,4,4,2,1,2,2,1,1,1,2,3,7,15,13,4,1,1,1,2,2,1,2,3,14,44,85,93,85,96,99,105,109,88,62,65,82,79,71,77,74,71,79,71,90,117,109,74,77,114,126,109,85,82,137,114,71,77,74,71,60,68,82,99,111,109,117,77,46,57,51,55,60,55,55,48,53,53,46,42,46,60,74,51,91,82,68,91,77,68
31,36,31,50,33,19,6,5,9,19,36,44,48,82,148,148,117,154,174,151,148,82,143,57,68,36,46,53,57,74,74,74,99,87,105,117,93,53,26,23,74,93,31,5,1,1,1,1,1,3,5,7,11,16,29,53,82,111,161,139,129,129,50,22,18,16,22,31,44,57,93,111,40,17,8,7,7,14,29,40,62,74,48,26,19,4,1,1,1,2,1,3,16,44,57,44,53,57,48,26,31,31,68,48,57,62,25,35,53,68,76,87,74,48,25,11,7,2,2,1,2,1,1,1,3,2,2,3,2,1,1,1,1,1,3,2,3,2,1,1,2,1,1,1,1,2,2,1,2,3,1,1,3,3,1,1,2,3,2,2,2,3,4,4,2,1,1,1,1,1,1,1,1,2,2,2,1,1,1,1,3,2,2,4,1,1,2,2,2,1,1,2,1,2,3,3,2,1,3,2,3,1,1,1,1,1,2,1,2,2,2,2,3,3,3,1,1,1,4,1,2,1,1,2,2,1,3,1,1,1,2,2,2,3,1,2,1,1,3,3,2,2,3,2,2,2,2,2,2,2,2,1,1,3,4,4,2,3,2,2,2,4,4,4,2,4,1,1,1,1,1,1,3,15,22,18,4,3,1,1,2,2,2,2,16,40,96,109,74,68,88,93,96,102,60,60,71,74,88,85,74,60,50,65,77,102,111,96,77,85,111,123,109,102,96,105,114,88,88,77,62,68,90,88,88,79,82,120,111,71,48,35,48,65,48,53,44,55,60,51,53,48,44,60,71,105,105,82,111,109,65
17,18,20,25,22,13,7,9,16,26,44,68,82,105,161,164,148,174,186,123,74,44,76,82,123,111,68,62,68,68,48,44,44,82,76,123,105,87,29,36,123,137,60,18,4,1,1,1,5,13,26,35,44,26,68,60,57,93,74,68,87,108,74,36,40,29,35,65,87,65,90,42,18,5,2,1,1,1,6,14,14,15,14,5,4,4,1,1,1,1,3,14,23,65,117,76,53,38,40,46,31,33,53,44,48,40,36,53,82,74,35,21,17,13,5,2,1,1,2,1,2,1,3,2,1,1,3,3,4,1,1,1,1,3,2,1,1,1,1,1,2,2,2,2,2,3,2,2,1,1,2,2,2,2,1,2,2,2,2,2,1,1,4,3,1,2,1,2,1,1,1,2,3,2,2,1,3,1,1,1,2,2,2,2,2,2,2,3,2,2,1,2,2,1,3,3,1,1,1,3,2,1,1,2,3,3,3,2,1,2,2,1,3,3,3,1,1,1,1,1,2,1,3,1,1,1,3,3,1,1,1,2,1,3,1,2,1,1,3,2,1,1,2,2,2,2,4,4,2,2,2,1,1,2,2,4,3,1,2,2,4,4,3,3,2,2,2,2,1,1,1,1,4,16,50,22,4,4,1,1,1,4,2,15,40,96,93,68,42,44,60,96,123,102,62,68,85,62,90,93,74,88,62,60,96,120,120,96,96,79,90,105,93,111,102,90,111,99,99,109,88,90,117,109,79,62,60,85,99,65,53,44,53,74,48,42,44,42,53,55,53,53,38,51,60,63,109,102,93,85,63
7,9,17,14,15,14,16,19,26,44,93,117,93,79,117,158,161,123,99,57,48,31,42,68,123,93,48,42,74,74,53,40,23,68,74,93,129,105,62,40,129,126,117,31,14,8,5,14,25,36,42,68,93,60,48,44,35,35,31,30,55,111,93,44,46,48,62,79,108,62,93,40,9,2,1,1,1,1,3,3,4,4,2,1,2,2,1,1,3,4,14,25,42,62,76,62,44,36,40,40,35,40,44,46,53,38,65,99,62,25,10,4,2,2,1,1,1,1,2,1,1,2,2,3,1,1,2,2,2,1,2,2,2,4,4,1,1,1,1,1,2,2,3,3,2,1,1,1,2,1,1,1,1,1,2,2,2,3,1,3,2,3,4,4,1,1,2,1,2,2,2,3,2,2,2,2,2,1,1,1,2,2,2,1,2,3,3,2,1,1,1,2,2,1,2,1,1,1,1,1,1,3,3,2,2,1,4,4,1,1,2,1,2,3,2,1,1,1,1,2,2,1,2,2,1,1,1,3,1,1,1,3,2,1,1,1,2,1,1,2,3,3,2,2,2,2,4,3,2,1,1,1,2,1,3,3,2,1,2,4,4,2,1,1,1,2,2,3,2,1,1,3,3,15,36,28,5,2,2,2,2,1,8,33,88,96,90,46,42,57,74,88,120,102,88,90,68,77,68,96,90,82,111,48,90,123,114,99,93,88,105,139,93,114,139,126,90,96,99,126,114,109,132,123,65,53,53,62,51,53,51,48,42,55,53,53,44,40,44,48,36,42,48,55,53,55,63,68,63,60,55
4,11,16,18,29,35,53,111,117,137,164,158,87,44,76,131,99,35,25,25,31,29,22,25,40,44,44,57,87,82,76,65,29,26,35,62,93,99,44,36,93,99,87,62,31,29,36,68,105,55,76,105,57,29,25,36,68,105,38,29,38,68,62,26,25,31,53,93,87,114,82,22,13,1,1,2,2,3,2,3,3,1,2,1,3,2,2,4,13,19,36,46,53,48,44,44,31,35,40,50,42,38,42,57,74,62,99,74,19,4,1,1,2,2,2,1,2,2,1,1,2,1,2,3,3,1,1,1,1,2,3,2,3,4,4,2,2,1,1,1,2,2,3,3,2,3,3,2,1,2,1,1,1,1,1,1,3,2,1,2,2,1,3,3,2,2,2,2,2,3,1,1,3,3,2,1,2,2,1,1,1,1,1,3,2,4,1,2,1,1,2,2,2,2,2,2,2,1,1,1,1,3,2,2,2,2,2,2,1,1,2,3,1,3,3,1,1,1,2,2,2,1,3,3,1,1,4,4,2,1,1,2,2,2,2,1,2,2,2,2,1,2,2,2,2,1,2,2,1,2,1,1,2,2,2,1,2,2,2,2,2,2,2,1,2,2,1,2,2,2,2,2,2,6,15,10,4,4,1,1,1,3,22,53,96,74,53,38,44,82,114,77,74,109,105,93,105,65,65,68,74,90,132,53,68,102,68,57,99,117,126,204,145,139,126,137,65,79,77,99,126,102,99,109,74,65,57,38,32,44,36,26,25,35,48,60,48,40,42,35,32,35,65,55,46,65,57,53,65,63,51
7,21,40,79,117,117,158,190,201,174,172,143,48,25,35,50,35,18,14,16,25,29,18,21,48,48,57,68,74,82,93,76,29,17,17,35,87,62,22,44,82,114,99,68,87,99,111,105,111,117,137,85,26,16,29,74,105,93,25,16,18,21,21,17,19,40,76,76,53,82,27,14,4,2,2,1,3,3,3,3,4,5,3,2,3,5,4,10,19,62,57,68,38,35,31,31,35,28,57,71,55,40,48,74,82,93,71,22,4,1,1,1,1,1,2,1,1,1,2,1,2,2,2,2,2,1,1,1,1,1,2,3,2,2,4,3,2,1,2,2,2,2,2,2,4,3,2,2,2,2,1,1,1,1,2,1,3,2,1,1,2,3,4,3,2,2,1,3,2,2,1,1,2,1,1,1,2,2,1,1,2,2,2,2,1,3,1,1,1,1,3,4,3,2,2,2,1,1,1,1,1,3,2,2,2,2,2,3,1,1,1,3,4,2,2,1,2,1,2,2,1,1,1,3,1,2,4,4,2,2,3,3,2,2,2,3,3,2,3,3,3,3,2,1,1,1,1,1,1,1,2,2,2,2,1,2,3,4,2,2,2,2,1,2,2,2,2,2,3,2,2,2,1,4,4,6,4,2,1,1,2,15,44,82,74,40,35,57,88,93,99,68,55,77,90,111,50,71,60,62,71,88,105,68,71,82,51,53,109,143,129,167,145,151,129,135,74,79,53,77,85,90,82,102,90,77,57,35,35,35,32,18,25,25,44,53,68,57,46,35,36,40,77,57,36,60,60,53,60,48,65
26,68,123,161,186,164,158,154,154,131,108,48,17,9,14,16,14,6,7,14,21,22,22,31,68,68,46,40,35,38,62,36,21,18,21,40,57,35,36,79,111,123,114,82,76,111,129,105,93,117,129,99,31,17,17,23,30,21,14,9,14,19,29,36,40,33,50,82,68,25,9,5,2,2,3,3,3,3,2,2,13,19,11,2,2,10,17,25,40,93,57,48,40,31,33,36,40,35,68,44,76,46,93,87,93,26,14,7,2,3,2,1,1,2,1,1,1,1,1,1,3,3,1,1,1,1,1,2,3,1,2,2,2,2,4,4,3,1,2,2,1,1,3,3,4,3,1,1,1,2,2,1,1,1,1,1,3,2,1,1,3,3,3,1,1,2,3,2,2,2,1,1,1,1,2,2,1,1,2,2,3,1,2,4,1,1,2,1,1,1,2,4,4,2,1,1,1,1,1,1,1,2,2,2,2,4,2,2,2,1,4,4,1,2,2,1,2,1,1,1,1,1,1,3,1,1,3,3,2,2,1,2,2,2,1,3,2,2,2,2,3,3,2,2,1,1,1,2,1,2,2,4,3,2,1,1,3,4,3,1,2,2,2,2,2,2,2,3,2,2,3,3,2,2,2,2,2,1,1,1,5,20,99,105,48,23,40,74,85,105,109,71,55,74,74,65,68,74,74,93,71,99,85,85,99,93,93,114,159,137,79,77,74,139,161,126,102,68,55,42,48,79,85,88,93,71,79,60,38,35,29,26,30,38,46,65,88,74,33,32,60,57,65,65,38,55,60,42,51,48,88
48,53,111,96,120,74,55,57,44,40,25,16,5,4,4,7,7,4,5,14,19,20,29,29,30,57,40,40,29,22,31,25,21,36,50,48,48,74,87,111,123,105,99,93,76,76,82,76,82,87,111,62,26,17,5,9,16,16,14,16,21,36,48,62,76,60,71,117,76,22,7,5,2,3,2,3,4,2,2,2,13,25,19,4,4,7,22,29,57,48,50,57,40,38,44,48,44,46,74,88,53,82,44,35,19,13,4,1,2,2,2,2,2,1,1,1,3,1,2,1,2,2,1,2,1,1,1,2,2,2,1,1,2,2,4,4,2,1,2,1,2,2,2,2,4,3,1,1,1,2,3,2,1,1,1,3,2,3,2,1,2,2,1,1,1,1,3,3,2,2,1,1,1,1,2,1,2,2,2,3,4,4,2,3,2,1,2,2,1,1,1,2,3,2,1,1,1,1,1,1,1,1,1,2,4,4,3,1,1,1,2,4,2,2,2,2,1,2,1,1,1,1,1,2,2,2,3,1,2,1,1,2,3,4,1,1,1,1,2,3,1,3,2,1,1,1,2,2,2,2,2,2,2,2,1,1,3,4,2,2,3,3,2,2,1,2,1,2,2,2,4,2,2,2,2,2,1,1,1,2,18,57,105,88,38,29,33,68,99,123,88,60,60,62,105,109,65,46,65,109,74,53,79,82,60,85,120,129,169,139,55,51,77,102,132,129,123,82,63,74,77,82,79,79,93,88,68,60,44,36,26,46,33,46,38,63,68,63,36,40,71,77,65,71,46,55,53,44,48,60,68
22,19,25,25,25,18,17,16,14,11,9,4,3,2,4,13,16,14,7,19,31,44,33,26,19,36,57,62,36,21,22,26,36,53,99,76,82,111,108,76,76,68,62,82,90,50,26,36,48,62,53,31,22,18,10,8,18,29,38,36,53,74,76,105,117,111,131,117,44,18,5,4,4,4,4,2,2,3,2,4,13,21,29,18,17,21,36,53,26,26,35,48,44,40,53,53,62,76,85,90,74,26,13,5,3,2,2,1,1,2,4,2,1,2,1,2,3,3,1,1,2,2,5,3,1,1,2,1,3,2,1,1,2,4,5,2,4,1,1,1,2,1,3,3,2,2,1,1,2,1,4,1,1,2,3,4,3,4,3,2,1,1,1,2,2,1,3,3,3,2,1,1,2,1,1,1,1,2,2,3,4,4,2,2,2,2,2,2,2,1,2,2,1,1,2,2,1,1,1,1,1,1,3,2,4,4,2,1,1,2,1,1,1,4,2,1,1,1,1,2,2,1,1,1,2,2,2,2,1,1,1,1,2,2,2,1,1,2,1,2,1,1,1,1,1,1,2,2,2,2,2,2,2,1,1,2,3,2,2,1,2,1,1,1,2,2,2,2,2,2,4,4,2,1,1,1,1,1,4,15,60,105,77,46,29,30,44,65,96,93,90,62,60,85,93,90,71,53,68,74,68,51,55,57,65,79,85,99,154,176,117,88,63,68,111,123,146,135,88,109,126,109,99,102,99,77,57,60,51,40,32,44,57,51,40,48,44,63,48,44,71,77,51,55,55,51,65,80,80,63,48
16,9,9,13,9,13,6,4,3,4,5,3,2,2,7,19,19,19,16,31,40,82,62,48,22,25,44,48,35,19,16,22,40,40,99,93,74,68,44,29,44,57,62,76,93,46,19,26,44,27,29,35,29,35,22,21,44,57,71,74,76,93,114,131,129,148,123,48,23,14,5,2,4,4,4,2,2,4,7,7,13,21,40,62,44,42,53,31,21,26,48,48,31,33,48,55,76,105,93,44,25,10,3,1,1,2,1,1,1,1,3,1,1,2,2,1,4,2,1,1,1,3,1,2,2,2,3,2,3,2,1,2,4,4,4,4,2,1,1,1,2,2,3,2,2,2,1,1,1,1,2,3,1,1,2,3,4,4,2,2,1,1,1,2,3,3,3,2,3,4,3,1,2,2,2,1,1,2,3,3,4,4,3,1,2,3,3,2,1,1,1,1,1,1,2,2,1,1,1,1,1,2,2,3,4,4,2,1,1,1,1,1,2,2,3,1,1,1,1,1,2,4,3,2,1,2,1,1,2,1,2,1,1,2,2,2,1,1,2,1,2,2,4,2,1,2,2,1,2,2,2,2,2,2,1,1,2,2,2,1,4,3,2,1,2,2,2,2,1,2,4,4,2,1,1,1,1,2,14,38,90,77,30,35,22,33,55,51,51,65,68,79,74,88,85,102,111,109,82,74,48,44,42,53,88,93,88,129,175,167,105,90,79,85,90,90,159,157,102,102,126,117,111,96,88,74,60,57,36,48,42,63,74,53,55,44,38,53,63,60,71,53,35,42,63,63,77,132,109,55,51
14,4,3,3,3,4,3,1,2,2,4,4,3,5,25,38,31,29,25,40,68,99,82,48,21,21,26,26,26,19,6,15,22,22,44,74,21,17,8,16,35,60,76,71,74,68,33,36,55,42,36,46,55,40,57,48,68,65,76,93,87,111,131,129,123,111,35,16,14,5,3,2,4,2,3,2,1,4,13,17,17,31,57,76,74,53,48,31,26,26,31,44,44,36,53,76,93,57,25,14,5,3,1,1,1,1,3,3,1,1,2,1,2,1,3,3,3,3,2,3,2,2,2,2,2,2,1,1,3,3,3,1,2,4,3,2,2,2,2,2,3,2,1,2,2,1,2,1,1,1,1,3,2,2,3,3,3,4,2,2,1,1,1,2,3,4,1,1,2,1,2,1,1,1,2,1,1,1,2,2,3,1,2,3,2,3,1,1,1,1,1,1,1,1,1,1,1,0,1,2,3,4,2,2,4,2,1,1,1,1,2,2,2,4,2,2,1,1,1,1,4,4,1,1,1,2,2,2,3,1,1,1,2,1,2,1,1,1,2,2,3,2,4,3,2,2,1,2,2,1,1,2,1,2,2,3,2,1,1,2,3,3,2,2,2,2,2,2,2,2,2,2,2,1,1,1,2,16,40,79,68,62,22,30,33,35,38,35,38,38,46,57,74,88,102,85,135,161,129,105,62,53,55,60,109,137,164,188,186,129,96,79,77,85,65,82,111,129,132,129,123,132,117,93,74,77,68,55,55,55,74,109,88,55,46,42,42,55,53,51,53,42,25,32,57,85,109,139,120,77,68
7,4,4,2,1,2,2,3,2,3,4,4,5,16,48,79,74,53,26,23,35,48,35,18,17,21,22,19,22,21,9,13,14,16,26,40,16,8,14,21,46,74,74,62,62,74,55,53,68,87,57,50,65,35,74,87,87,82,93,105,114,123,117,71,48,29,13,5,4,2,2,2,1,3,3,2,4,16,25,35,29,53,53,62,57,44,44,40,29,36,48,48,40,53,82,88,48,18,5,4,3,1,1,0,1,2,3,2,1,2,1,2,1,1,2,2,3,3,3,4,3,4,1,1,2,1,1,1,2,3,3,2,2,2,3,2,2,1,3,2,2,3,2,1,2,2,1,1,1,1,1,2,2,2,2,3,3,3,1,1,1,1,1,1,3,3,3,2,1,1,1,3,3,1,1,1,1,1,2,3,1,1,1,2,2,2,2,1,1,1,2,1,1,1,2,1,1,1,1,2,4,3,3,1,2,1,1,3,2,2,2,2,3,2,3,2,1,1,1,1,4,3,2,1,1,1,4,4,1,1,1,1,3,3,3,1,1,1,2,4,4,3,3,3,2,2,2,1,1,1,1,1,2,2,3,3,2,2,3,2,2,2,2,2,2,2,2,3,3,2,1,1,1,2,3,4,16,48,85,85,46,28,25,36,57,40,53,44,38,40,42,46,44,74,129,79,143,132,137,105,88,60,60,91,117,172,192,186,159,120,96,85,48,35,44,82,96,85,109,143,132,120,117,111,111,96,65,68,51,48,65,65,55,48,46,48,63,68,53,46,38,35,28,35,63,80,111,111,123,109,60
4,5,5,2,3,3,4,4,3,4,9,14,18,26,57,111,108,53,18,13,17,19,14,7,13,19,22,17,13,13,7,7,10,16,23,36,23,26,40,53,87,74,60,82,74,82,76,62,57,76,79,57,82,76,85,105,105,123,111,114,96,57,30,19,14,7,4,2,1,0,0,0,0,1,2,3,16,35,74,60,57,53,50,55,40,68,40,40,44,53,46,53,62,76,65,28,14,5,3,1,2,2,1,1,2,3,5,4,1,2,3,3,2,1,4,3,1,2,5,5,2,1,4,3,3,2,2,2,2,2,1,2,3,3,3,3,1,1,2,3,3,2,2,2,1,2,2,1,0,1,2,1,1,2,2,3,2,1,1,1,2,2,1,1,1,1,3,2,2,1,1,3,3,2,1,1,1,2,2,2,1,2,1,1,2,2,1,1,1,2,1,1,1,1,3,2,1,2,1,1,2,4,2,2,2,1,2,1,1,2,1,1,2,1,3,3,2,1,1,2,2,3,1,1,2,2,4,1,1,1,2,1,1,2,2,1,1,2,2,3,3,2,3,2,2,1,1,1,1,1,1,1,2,1,2,4,4,4,3,3,4,2,1,1,1,1,3,3,2,2,1,1,1,2,5,19,62,109,99,82,38,23,35,68,68,60,62,55,38,35,35,33,33,40,62,85,139,105,114,85,71,68,82,109,169,169,164,135,117,132,88,60,40,26,48,42,46,74,123,114,105,105,129,120,93,91,79,79,57,55,48,32,38,51,65,82,53,51,51,44,44,40,46,51,53,51,71,74,99,93,88
9,5,6,4,5,4,9,6,5,13,19,31,57,68,62,62,53,26,7,3,7,10,4,4,5,15,21,16,6,4,5,10,18,25,44,62,57,62,76,79,87,82,82,93,79,74,79,62,62,71,93,101,93,111,87,82,90,123,99,74,29,17,11,7,4,3,2,1,1,1,1,1,1,1,2,16,40,71,62,68,62,57,50,62,40,53,31,50,48,62,57,65,111,93,26,10,5,3,1,1,2,1,2,1,2,2,4,4,1,1,2,2,2,1,2,4,2,2,4,3,2,1,3,3,3,4,2,1,2,2,1,2,1,2,3,3,1,1,1,1,4,2,2,3,1,1,1,1,1,1,1,2,1,1,3,2,1,1,1,1,2,4,1,1,1,1,3,3,3,1,3,3,2,2,1,1,1,1,2,2,3,3,1,1,2,2,1,1,1,4,1,3,1,2,3,2,1,2,1,1,2,4,2,2,4,1,1,1,1,1,3,2,2,2,3,2,2,2,1,1,2,2,1,1,2,3,2,1,2,2,1,1,1,1,2,3,2,2,2,2,2,2,3,2,1,2,1,1,1,1,1,1,1,1,2,4,4,4,4,3,3,3,1,2,2,3,4,3,2,1,1,1,2,4,19,44,96,120,93,48,26,29,68,77,51,74,68,51,46,40,36,38,48,60,79,88,102,96,74,74,88,79,109,159,182,148,120,132,132,117,57,53,32,32,38,46,57,96,137,93,114,137,111,105,99,85,96,91,60,55,44,48,44,57,88,105,82,48,40,57,60,51,40,48,38,55,57,71,60,88,63
14,17,15,14,14,13,14,7,10,18,48,76,111,93,35,22,26,13,3,2,3,4,3,3,4,5,13,19,17,16,19,31,62,99,93,105,123,117,129,117,93,87,87,87,79,82,82,76,74,82,123,117,82,65,53,62,50,48,48,26,11,4,3,1,1,1,1,2,4,4,2,1,1,1,7,29,79,82,57,57,62,57,62,53,40,53,42,48,53,62,88,82,82,29,7,2,4,2,2,1,2,1,4,2,2,2,2,4,2,1,2,2,1,2,2,4,2,3,1,2,3,4,1,4,5,3,1,1,1,2,3,2,4,2,1,1,2,1,1,2,1,3,4,3,1,1,1,2,1,2,1,1,1,1,2,2,1,1,2,2,3,2,2,1,3,2,3,2,2,1,1,2,1,2,1,1,1,1,2,4,2,2,1,1,1,1,1,1,2,3,3,4,3,2,1,1,2,1,3,2,3,3,1,2,2,1,1,2,1,1,4,2,1,1,2,2,3,1,1,1,1,1,3,2,1,2,2,2,2,1,1,2,1,4,2,2,2,1,1,2,2,2,2,2,2,1,2,2,2,2,2,1,1,1,1,2,4,4,3,2,1,2,2,4,7,6,6,4,1,1,1,1,6,22,79,102,85,85,51,30,26,55,82,62,40,57,48,36,48,53,33,46,65,65,71,68,71,77,63,93,139,129,137,159,154,129,111,111,114,111,96,77,32,40,51,51,91,132,126,96,126,139,91,63,71,60,60,80,48,55,44,36,53,53,85,96,68,36,48,71,65,65,63,65,44,55,44,60,58,71,68
14,31,29,22,14,16,16,11,7,19,25,31,55,57,21,16,16,4,3,2,1,2,2,4,5,10,19,44,62,57,65,99,145,158,105,111,123,154,137,105,62,76,93,74,87,87,71,68,76,82,76,62,35,36,30,25,21,21,21,16,5,2,1,1,1,1,1,3,13,18,10,3,4,7,19,44,76,93,74,48,48,53,57,42,40,57,53,40,77,105,77,40,22,10,3,1,1,2,1,1,3,3,4,3,2,3,4,4,2,2,2,1,1,2,2,1,3,2,1,2,2,4,3,4,5,4,2,2,2,1,3,2,2,2,2,2,1,2,1,2,2,2,4,3,1,1,2,2,2,1,2,1,1,1,2,2,1,1,1,2,2,2,2,2,2,3,1,3,2,1,1,1,1,3,2,1,1,2,3,4,3,1,1,1,1,2,1,1,2,2,4,4,2,1,1,1,1,1,3,2,3,3,1,1,1,2,3,3,1,1,3,2,1,1,1,2,2,1,1,1,1,1,2,3,2,2,2,1,2,1,3,2,2,3,2,4,3,3,1,1,1,2,1,1,1,4,2,1,3,4,2,2,1,1,2,1,2,1,2,1,2,2,4,11,22,18,19,10,2,2,1,3,29,88,114,117,51,48,35,35,53,65,51,53,44,53,35,32,57,57,42,62,77,48,44,35,38,71,85,111,129,154,172,157,135,120,114,96,88,109,143,105,63,57,44,65,99,91,96,88,60,65,71,68,60,48,42,48,38,28,35,42,44,42,77,93,74,48,51,88,82,96,88,51,44,53,71,65,48,65,63
7,19,40,40,19,16,16,4,10,10,4,4,10,16,13,7,10,7,13,7,4,3,7,14,21,48,74,114,154,99,82,143,137,123,111,117,117,111,87,35,19,57,76,76,76,50,29,33,48,35,33,36,22,18,14,7,7,13,14,7,3,1,1,1,1,2,4,16,25,36,21,14,16,29,40,57,88,76,53,53,48,40,35,44,46,57,74,74,99,68,25,14,5,3,1,1,1,2,1,2,3,3,1,2,3,2,4,3,1,2,2,1,3,2,1,1,2,1,1,1,3,2,1,1,4,4,2,3,2,1,3,4,3,2,1,2,3,1,2,1,1,1,3,2,1,1,2,2,2,1,1,1,3,2,2,1,1,1,1,2,2,2,2,2,2,1,1,2,1,1,1,2,3,4,4,3,1,1,2,3,4,2,1,1,1,1,1,1,2,1,1,1,1,2,2,1,1,1,1,4,4,3,1,2,3,4,2,1,1,2,1,1,1,1,1,1,3,3,1,1,1,2,1,4,3,4,1,1,2,1,1,3,2,1,2,1,3,2,1,1,1,1,1,1,3,4,1,1,2,3,1,1,1,1,1,2,1,1,2,1,1,1,6,18,26,21,19,4,1,2,3,20,77,139,126,79,38,25,38,46,60,71,51,46,35,42,40,65,85,88,90,99,77,46,36,23,30,63,102,93,126,176,164,111,102,111,126,109,99,117,137,114,85,77,65,85,93,85,74,60,38,44,77,93,63,38,36,60,46,26,28,35,33,32,36,44,48,71,85,88,99,93,60,38,40,38,53,65,63,58,71
2,4,19,31,19,14,13,7,6,5,2,2,3,5,5,7,19,29,25,26,18,17,31,35,87,137,120,123,117,99,93,117,117,111,111,99,68,31,19,7,8,35,57,62,35,21,14,13,15,16,28,36,25,5,5,4,10,14,14,13,5,2,2,3,4,14,17,35,40,44,40,26,29,44,57,57,74,55,46,48,57,33,35,44,62,68,88,82,44,19,10,4,3,1,1,1,1,1,1,1,1,1,1,1,2,2,4,3,2,2,1,2,3,2,1,1,1,2,1,2,3,2,1,1,1,3,2,3,3,2,1,4,2,2,1,1,4,3,2,2,2,2,2,1,1,2,3,4,2,1,1,2,3,3,2,1,2,2,1,1,2,3,3,3,3,2,1,1,1,1,2,2,4,4,4,1,1,1,2,2,4,2,1,1,1,1,1,2,2,1,1,1,1,2,2,2,1,1,1,4,4,4,1,2,2,2,2,1,1,2,1,1,2,2,2,1,3,4,2,1,2,2,2,3,4,4,3,1,2,1,2,2,1,2,2,1,1,1,1,1,1,1,1,3,4,4,8,5,4,3,1,1,3,3,1,1,1,1,3,3,1,1,4,10,13,11,4,3,1,5,16,48,120,123,68,36,26,25,42,65,74,68,48,53,40,53,53,53,71,96,102,85,82,71,40,29,40,60,96,96,145,161,126,96,96,117,123,129,105,120,114,96,85,74,71,91,82,74,82,44,42,65,105,111,58,40,35,46,35,23,21,32,38,29,29,33,44,74,96,82,68,80,60,48,42,53,55,58,60,60,55
1,2,7,18,17,7,4,3,7,10,10,13,17,14,14,26,82,99,74,105,99,71,99,129,154,137,111,117,96,111,101,111,143,111,48,25,14,5,2,3,14,31,44,40,22,14,4,4,5,17,35,44,25,11,10,16,26,35,18,18,14,8,10,17,23,35,44,74,53,48,38,33,48,48,48,46,53,48,44,44,53,40,38,48,82,65,62,29,16,5,4,2,2,1,1,1,1,1,1,1,1,1,1,1,2,3,4,5,3,1,1,2,1,1,2,1,1,1,2,3,2,2,2,2,2,2,2,1,1,2,2,2,3,2,2,2,1,2,1,1,2,2,2,1,2,2,2,2,1,1,1,2,3,2,1,2,2,1,2,1,1,1,2,3,3,4,1,2,1,1,2,3,4,4,3,1,1,2,3,4,4,2,1,1,1,2,2,1,2,2,2,1,2,2,3,1,1,1,1,2,4,4,1,1,1,1,1,2,3,2,1,1,4,4,2,1,4,5,1,1,4,5,3,1,2,4,3,3,1,1,1,1,1,2,2,2,1,1,2,1,1,1,3,3,4,16,32,25,10,4,4,4,1,3,2,2,3,3,3,4,2,3,2,2,3,1,1,4,4,17,62,105,126,74,22,18,23,35,60,82,60,74,48,74,60,57,35,42,57,77,60,62,77,68,65,44,57,65,88,139,143,114,111,111,71,111,114,99,102,111,79,68,63,63,57,63,65,68,74,51,51,96,135,99,68,63,33,30,29,22,18,23,42,38,35,40,38,53,68,71,85,71,63,55,63,88,58,51,35,51,82
3,2,4,13,11,5,2,5,21,23,17,17,21,23,25,60,99,93,105,123,151,117,111,143,148,129,111,87,76,105,117,137,143,48,16,7,3,1,2,8,26,36,74,68,36,19,17,17,21,29,74,82,48,31,21,31,35,44,22,20,21,25,40,48,62,57,44,74,44,40,36,36,53,57,40,40,48,48,44,44,44,55,48,62,88,82,25,13,5,3,2,1,1,1,1,2,3,3,2,2,1,1,3,3,2,1,4,4,3,2,1,2,1,1,2,1,2,2,3,2,2,2,2,2,3,3,3,1,2,2,1,1,1,2,2,2,1,2,1,1,1,1,2,1,2,3,2,2,1,1,1,1,2,2,2,2,2,3,2,2,1,1,3,5,4,4,2,2,1,3,4,3,4,2,1,2,2,2,3,2,2,2,1,1,2,1,2,1,2,2,2,1,1,1,1,2,1,2,1,2,4,3,1,1,1,1,1,3,2,2,1,1,4,4,2,1,4,3,1,1,4,4,3,1,3,3,3,3,3,1,2,1,1,2,1,1,1,1,2,3,2,1,4,3,4,22,85,57,20,8,6,4,2,2,1,1,4,3,3,3,3,1,4,4,5,3,1,1,15,42,111,114,77,35,19,16,22,55,82,79,91,74,48,102,63,42,35,71,65,55,53,53,44,53,65,79,93,85,114,154,114,123,74,88,102,109,79,82,135,88,71,58,46,60,58,46,65,55,63,74,77,85,102,105,111,55,33,33,22,26,22,29,46,53,38,35,30,36,51,53,82,71,71,46,77,68,71,48,42,36,68
16,10,7,7,13,10,14,17,57,117,29,14,10,17,42,90,105,105,93,123,105,93,143,129,117,99,48,35,36,48,74,76,36,13,3,1,1,3,16,31,60,87,111,99,68,76,74,68,76,123,131,117,88,48,36,29,22,31,48,38,42,82,105,88,53,44,38,55,40,29,36,36,62,53,40,44,46,48,33,44,53,68,88,82,40,21,10,3,1,1,1,1,1,1,2,3,3,2,2,4,3,3,3,3,3,2,4,2,2,1,1,2,1,1,2,2,1,2,3,3,3,1,1,2,3,2,3,2,1,1,1,2,1,2,2,2,3,3,1,2,1,1,1,1,2,3,2,1,1,1,1,1,3,3,1,2,3,2,3,1,1,1,3,4,3,3,1,1,4,3,4,3,1,1,1,1,2,2,2,1,1,0,1,1,1,1,2,1,1,2,2,2,1,1,1,1,1,1,1,2,2,3,1,1,1,1,1,1,1,1,1,1,2,2,1,1,4,2,1,1,3,2,3,2,1,1,1,3,3,3,2,1,1,2,1,1,1,1,4,4,2,2,2,2,2,18,93,102,36,15,8,3,1,1,2,3,3,4,1,2,1,2,10,25,29,15,4,10,38,90,109,77,38,26,18,20,28,38,68,88,96,85,53,71,68,55,55,60,65,53,40,48,48,53,93,126,146,139,123,114,79,82,71,123,123,105,96,105,109,79,53,53,44,46,44,42,68,44,53,71,93,74,60,96,129,65,32,26,35,35,33,38,46,60,40,32,38,40,30,30,77,65,55,40,44,51,63,53,55,44,40
25,16,21,18,19,19,19,76,82,131,35,10,10,20,74,111,90,105,65,68,93,105,131,105,53,35,21,16,10,14,25,26,15,7,2,2,3,13,36,87,105,93,101,105,105,111,99,105,131,117,88,53,31,26,30,26,26,42,62,68,68,74,71,62,40,40,48,48,35,31,40,48,44,44,42,57,35,35,40,44,57,74,77,36,16,7,4,1,1,1,1,1,2,3,3,3,3,3,4,4,3,2,2,3,3,2,2,2,1,1,1,2,2,1,3,3,1,1,2,4,2,1,2,2,3,3,3,2,1,1,2,2,1,1,2,1,3,3,3,1,1,1,1,2,3,3,2,1,1,1,2,2,1,3,3,3,2,2,2,2,1,1,2,4,3,3,1,1,2,3,2,2,1,1,1,2,2,2,1,2,1,1,1,1,1,1,2,2,2,2,2,2,1,1,1,2,2,1,2,1,2,3,1,1,1,3,1,1,1,1,1,1,3,1,1,1,3,3,3,2,3,3,2,1,1,1,1,3,1,2,2,3,1,3,1,2,1,2,3,4,2,1,1,1,2,8,57,102,60,15,5,3,2,1,3,4,4,3,1,1,1,2,16,53,74,25,17,35,85,93,71,55,32,19,22,26,28,28,57,65,79,68,77,60,63,60,57,53,42,40,46,53,55,74,132,172,154,109,77,74,71,33,33,96,111,91,102,109,85,63,38,42,36,25,26,55,65,55,40,63,99,80,63,88,114,80,32,30,51,44,42,44,48,48,60,44,46,46,30,36,63,53,48,36,46,53,63,58,60,36,33
22,31,31,31,36,35,26,60,129,111,35,22,35,82,111,117,117,76,57,31,40,33,46,26,18,14,16,13,4,4,13,16,17,10,7,18,22,57,88,105,109,111,74,93,101,82,76,93,76,44,26,18,17,22,29,48,44,57,57,57,57,36,29,40,48,40,42,36,35,40,57,44,35,44,44,40,26,31,46,53,68,57,23,13,5,5,3,2,1,1,1,2,2,2,2,2,2,4,4,4,3,3,2,1,3,3,1,2,1,1,3,4,2,1,3,3,1,1,3,3,3,4,2,1,3,4,3,2,3,2,1,1,1,2,1,2,1,2,1,1,2,1,1,2,2,2,1,1,1,2,2,3,2,3,3,3,1,1,1,1,1,1,2,3,2,2,2,1,2,1,2,3,1,1,1,2,1,1,3,3,1,1,1,1,1,2,2,2,1,1,2,2,2,1,1,1,2,1,1,3,2,3,2,2,2,1,3,1,1,1,1,1,2,2,2,2,1,1,3,2,3,3,1,1,1,1,1,3,1,3,3,1,1,1,1,1,1,1,3,5,2,1,1,1,1,6,22,30,28,4,7,4,3,1,4,3,4,4,2,1,1,2,14,44,68,46,53,63,93,53,26,28,40,42,35,30,29,30,29,32,85,55,77,79,85,77,30,32,55,53,63,79,77,82,129,135,129,82,55,58,44,63,80,93,96,85,93,105,91,48,33,26,35,32,48,55,63,44,30,58,99,93,55,51,65,77,42,29,36,46,35,33,51,53,77,60,65,63,58,51,55,48,38,38,53,55,51,55,38,33,35
31,26,26,26,29,48,62,105,74,76,62,62,82,74,117,111,76,62,40,13,13,15,29,22,18,20,25,18,7,4,7,18,19,19,22,53,88,117,99,88,76,93,82,85,101,82,68,50,48,31,23,19,25,36,44,33,48,48,44,40,44,44,31,35,53,40,33,36,36,40,44,36,31,40,36,31,31,35,48,68,62,26,7,2,3,3,3,3,1,1,1,1,2,2,2,3,2,2,4,4,4,4,2,2,3,2,2,1,1,2,3,4,3,2,3,3,1,2,3,3,5,2,2,1,2,3,3,3,1,4,4,2,2,2,1,1,1,2,1,2,2,2,2,1,1,1,1,3,1,3,4,2,2,2,3,3,1,1,1,1,2,2,1,1,3,3,1,2,1,2,1,3,3,1,1,2,1,1,3,1,3,3,2,1,3,3,2,1,2,2,2,1,3,3,1,1,2,2,3,3,2,3,1,2,3,1,3,1,1,1,2,1,1,1,1,1,1,1,2,1,3,3,1,1,1,1,1,1,1,3,1,1,3,1,1,1,1,3,4,4,2,1,2,2,3,4,6,10,10,4,6,3,2,3,3,3,4,3,1,1,1,1,4,21,44,85,88,96,51,28,21,32,55,57,44,33,32,26,25,25,57,46,74,63,65,65,55,38,53,65,60,77,99,135,137,88,109,102,65,58,80,88,93,68,82,80,77,77,68,55,58,42,40,53,71,58,40,35,44,65,102,85,32,32,46,74,55,30,38,40,32,36,63,65,74,74,85,85,71,60,65,53,40,46,60,51,42,40,30,40,42
68,36,35,44,53,68,53,68,48,76,111,111,99,74,40,36,35,44,26,13,4,26,57,55,29,35,31,11,5,10,19,44,62,93,111,129,53,74,62,68,82,62,62,68,88,68,40,48,40,46,40,35,48,46,31,33,62,25,35,35,44,46,48,44,40,40,33,36,36,29,28,29,29,53,44,44,36,44,68,77,40,10,1,1,1,2,2,3,3,3,2,3,2,2,2,1,1,2,3,3,4,3,1,1,2,1,1,1,2,3,2,3,2,3,2,3,2,2,2,4,4,2,1,1,1,3,3,2,3,3,3,1,3,3,2,1,1,1,2,2,2,2,2,1,1,1,1,2,1,3,4,2,1,1,2,1,1,1,1,1,1,2,1,2,2,3,3,1,1,1,1,3,3,1,1,2,3,3,3,3,3,2,2,3,3,1,1,2,1,1,3,1,3,3,2,2,1,2,3,1,3,1,3,3,1,3,3,2,1,1,1,3,1,2,1,1,2,2,1,1,2,1,3,3,1,1,1,1,1,1,3,3,3,2,1,1,3,3,4,3,2,2,1,3,3,3,3,3,1,2,3,4,4,3,1,3,3,3,2,1,1,1,2,10,26,74,65,77,35,21,26,40,51,71,63,42,32,25,25,25,63,57,40,74,55,63,42,33,46,51,71,85,114,139,114,105,114,102,91,114,117,117,96,71,53,58,63,74,96,114,109,71,74,80,71,63,40,60,74,102,109,82,46,42,63,77,46,35,30,29,32,33,63,68,65,60,93,82,48,58,71,68,74,60,60,65,46,38,42,44,38
87,76,82,111,105,62,29,31,44,68,76,87,62,36,22,18,25,31,25,14,14,31,99,99,40,22,17,14,17,29,62,93,105,105,60,26,23,21,26,57,57,40,40,36,35,42,36,44,57,57,44,44,44,36,28,53,40,29,36,36,40,36,44,40,25,31,44,36,40,29,22,28,48,53,57,40,40,48,90,77,21,4,1,1,1,1,1,1,3,4,2,3,2,2,2,2,2,2,3,3,3,3,1,1,1,1,1,1,1,2,2,2,2,3,2,3,1,2,1,2,2,2,2,1,2,3,2,3,3,1,1,2,3,3,2,1,1,1,2,1,2,3,2,2,1,1,1,2,2,2,4,4,1,1,1,2,1,1,2,1,2,2,1,2,3,4,2,1,1,1,1,2,1,1,1,2,3,2,2,1,1,4,3,3,1,1,2,2,2,1,2,3,3,3,2,2,2,3,2,3,3,1,3,3,1,3,3,1,1,1,1,4,1,1,1,1,3,4,1,1,2,2,3,3,3,2,3,1,1,1,2,3,3,2,1,1,3,3,4,3,2,2,1,2,3,2,2,2,1,2,3,4,2,3,4,3,1,2,3,3,3,4,3,7,25,40,38,55,46,35,40,60,63,65,60,55,42,38,36,53,65,46,77,74,55,63,30,36,44,58,82,102,117,111,88,105,82,93,109,114,117,117,85,80,36,33,53,99,137,111,139,99,85,68,42,96,80,82,93,114,109,65,82,82,102,74,53,65,33,53,53,36,74,68,55,63,65,60,38,48,68,77,88,68,68,82,63,48,51,40,33
46,74,85,87,62,35,18,17,29,48,44,35,35,40,19,14,22,35,29,21,21,44,111,129,62,22,22,35,44,93,111,99,57,31,19,14,10,7,17,29,40,19,18,25,23,25,40,35,44,42,57,29,35,36,35,35,48,35,42,48,40,29,30,40,31,31,62,48,38,31,44,35,35,36,68,40,35,57,68,26,7,3,1,1,2,1,2,3,2,4,1,1,1,1,1,2,2,2,2,2,1,2,2,1,1,1,2,2,3,2,1,1,2,2,1,2,2,2,2,2,2,1,2,2,2,2,2,3,2,1,1,1,1,2,2,2,2,1,1,1,1,1,3,3,1,1,1,2,2,2,2,3,1,3,2,2,2,1,3,3,3,3,1,1,2,2,2,2,2,1,1,1,1,1,1,2,1,1,2,2,5,4,2,1,2,1,1,1,2,1,1,2,1,1,1,1,1,3,3,4,4,1,3,3,3,3,3,1,2,4,4,3,1,1,3,1,3,1,2,1,2,1,2,2,2,3,3,1,1,1,1,1,3,3,4,3,1,1,1,1,3,3,4,4,1,4,3,4,3,3,3,4,4,3,1,1,1,1,2,6,19,19,11,15,21,19,26,60,82,71,74,93,74,58,55,48,58,74,88,99,65,79,96,74,58,42,35,42,68,91,120,109,77,63,44,40,60,77,88,93,77,65,58,51,30,32,77,114,139,137,148,99,63,71,60,58,71,102,111,99,91,82,99,88,74,93,77,60,68,58,60,68,82,96,77,82,65,29,30,44,60,88,85,77,74,68,58,42,51,63,44
18,26,29,28,35,26,22,22,36,62,50,35,31,29,17,13,19,30,36,29,29,36,82,93,40,26,40,82,93,82,74,74,26,18,16,7,10,16,17,21,21,22,25,36,36,29,36,38,48,48,33,31,35,40,35,35,29,40,50,53,35,31,36,29,29,40,36,38,57,62,40,40,31,35,77,85,57,31,19,10,3,3,1,2,3,2,3,2,3,3,2,1,3,1,1,2,2,2,2,1,2,2,1,1,1,2,2,3,3,2,1,1,2,2,1,1,2,2,2,2,2,2,2,2,1,1,2,2,2,1,2,1,1,2,1,2,2,3,1,1,1,2,4,3,1,1,2,1,1,2,3,4,3,3,2,1,2,3,3,3,3,3,1,1,1,1,3,3,2,1,1,1,1,1,1,2,2,2,1,1,4,4,2,1,1,2,1,2,3,3,1,2,1,1,2,3,3,3,3,4,4,1,1,1,1,2,3,2,1,3,4,1,1,1,1,3,1,2,1,3,3,3,2,3,3,3,3,1,1,3,3,3,1,1,4,3,3,1,1,1,3,4,4,4,2,2,3,3,2,3,3,4,4,2,1,1,1,2,14,32,63,53,25,22,20,23,35,74,96,96,114,93,46,63,63,53,77,99,105,99,99,91,79,71,44,36,35,48,82,109,129,96,58,55,46,38,48,96,71,46,55,44,55,38,29,46,80,93,102,111,120,96,82,82,55,55,80,96,102,77,91,96,102,105,82,85,99,68,85,85,99,85,65,88,80,71,68,38,26,51,55,63,77,46,58,38,42,36,40,60,32
13,14,18,25,40,48,74,68,74,82,44,22,17,16,17,18,25,35,40,21,22,22,29,25,20,18,25,40,36,36,44,48,25,23,25,15,21,29,29,31,44,44,40,48,57,44,36,35,29,40,35,31,35,36,35,36,44,55,55,42,35,31,31,35,26,25,26,36,57,62,53,31,31,57,102,88,35,14,3,2,2,2,2,1,4,1,1,1,3,3,2,3,1,3,2,1,1,2,2,1,1,1,1,2,2,2,2,1,1,1,2,2,1,1,1,1,2,2,2,2,3,3,4,2,2,2,2,2,1,1,2,2,1,2,2,1,4,3,2,2,2,2,3,4,2,1,1,1,1,1,2,4,4,4,2,2,2,3,3,3,3,3,2,1,1,1,3,3,3,1,2,2,1,1,1,1,3,2,2,2,1,4,3,2,4,1,1,1,3,3,3,1,1,1,1,3,3,3,1,4,3,1,1,1,1,1,3,3,3,3,3,1,1,1,3,2,2,1,1,3,3,4,2,1,3,4,3,2,3,3,3,1,2,1,3,4,3,1,1,1,2,3,4,3,1,1,1,2,3,4,4,3,1,1,1,1,4,15,57,91,77,57,51,44,51,63,53,77,102,120,114,71,48,68,91,91,88,88,71,102,105,80,53,55,51,38,36,40,65,105,117,99,63,82,63,44,82,114,58,40,35,33,42,40,30,44,80,93,93,71,71,102,85,53,53,60,88,88,112,99,99,99,88,114,109,102,105,109,91,74,77,65,68,68,51,71,77,42,36,40,44,55,53,40,42,48,32,46,51,42,25
16,18,44,68,55,93,111,105,82,36,18,13,7,13,22,44,48,30,25,17,16,22,18,14,19,17,17,21,26,36,48,48,33,25,53,29,31,53,48,44,57,36,36,44,48,44,35,36,36,36,40,40,40,44,35,48,40,44,46,35,29,26,35,40,44,29,25,31,48,57,62,31,38,74,53,21,7,5,2,2,1,2,3,3,2,1,2,2,2,4,3,1,2,4,2,1,2,3,3,1,1,1,1,2,4,2,1,2,1,2,3,2,1,1,1,2,2,2,2,2,1,4,4,3,2,1,2,2,1,1,2,2,1,1,3,1,4,2,2,3,2,1,2,2,2,1,1,1,1,1,3,4,4,3,1,2,1,2,2,3,2,3,1,2,1,2,3,3,2,3,3,3,1,1,3,3,3,2,2,2,3,3,4,3,4,3,1,1,2,4,3,3,1,1,2,2,1,3,3,3,3,1,1,1,1,1,3,3,3,3,1,1,1,1,3,3,2,2,2,1,3,3,2,4,4,3,1,3,3,2,4,3,1,1,3,4,2,4,1,1,1,3,4,3,1,1,1,3,3,3,1,1,1,1,3,4,20,57,79,55,48,53,74,77,85,71,68,74,96,117,88,93,88,99,126,96,99,77,82,99,111,91,74,71,80,71,46,48,68,82,88,88,117,114,65,63,93,80,55,46,32,32,36,33,40,65,71,88,96,82,68,60,63,53,68,74,80,91,102,102,85,109,120,123,117,96,96,96,85,71,71,55,51,32,35,51,53,40,38,38,53,51,53,65,53,51,35,46,53,46,38
22,29,68,50,36,53,62,76,68,28,8,4,7,16,29,46,26,17,16,16,22,31,19,21,28,29,19,22,33,48,62,44,44,25,35,36,53,57,40,44,44,35,31,35,40,46,36,40,50,40,28,44,40,44,26,40,40,40,40,29,28,29,31,57,62,31,25,26,44,74,53,57,62,31,10,3,3,2,1,3,2,2,2,1,2,2,2,3,3,3,2,1,1,2,3,2,4,4,2,1,1,1,1,3,2,4,3,2,1,1,3,2,2,1,1,2,2,2,3,1,2,3,4,3,3,2,2,2,2,1,1,1,3,3,3,3,1,3,4,4,3,1,2,3,2,1,1,1,1,1,4,4,1,3,1,1,2,1,1,1,3,1,2,2,2,2,2,1,2,2,3,3,3,3,2,2,2,2,3,2,1,3,4,3,3,2,1,1,1,1,3,1,1,1,1,2,1,1,3,3,2,1,1,1,3,3,2,1,2,3,2,2,2,1,2,1,4,3,3,3,3,3,1,1,4,4,3,1,3,3,1,3,1,1,3,3,3,3,1,1,2,3,3,3,3,1,2,3,3,1,1,1,1,3,19,38,79,102,63,51,63,102,91,68,74,96,77,65,91,82,85,109,129,117,120,126,129,88,96,117,123,120,132,109,135,109,93,85,68,48,51,65,126,102,77,74,74,55,65,58,40,46,48,48,68,71,65,91,102,74,58,53,60,68,63,85,91,65,60,77,93,129,169,154,120,123,109,93,68,55,55,40,32,32,23,32,36,40,51,60,63,58,42,38,48,36,38,38,55,65,53
26,18,20,17,16,19,36,62,93,57,16,5,10,16,18,18,17,17,16,22,35,40,26,46,62,44,36,29,29,40,53,48,48,40,29,48,48,40,44,40,22,44,36,35,40,42,40,35,33,40,33,40,35,31,28,44,31,44,40,35,35,53,68,53,53,29,29,40,44,60,88,74,40,10,1,1,1,1,1,3,3,3,1,1,1,1,3,3,3,2,2,1,2,3,3,4,4,3,1,1,1,1,2,3,4,4,3,2,1,1,3,3,2,2,1,2,3,4,3,3,3,1,4,4,3,2,1,2,2,2,1,1,3,3,3,3,1,1,3,3,3,2,2,1,1,2,1,1,1,2,4,4,3,1,1,1,2,1,1,1,1,2,1,2,1,2,1,1,2,1,1,3,3,3,1,1,1,3,4,1,2,2,2,3,1,1,2,2,1,2,2,3,1,2,2,1,2,1,2,2,2,1,1,2,4,3,1,1,1,3,3,1,4,1,1,2,3,4,1,3,3,1,1,2,3,4,3,3,1,3,3,3,2,1,3,4,4,3,1,1,1,1,4,3,1,1,2,1,3,1,0,0,4,21,88,114,99,53,32,40,77,82,96,65,85,77,74,58,68,77,111,120,123,120,129,148,151,105,82,126,126,159,164,145,143,120,146,129,88,55,40,63,88,117,63,60,65,58,65,74,63,74,77,85,55,48,60,82,71,46,51,60,68,77,68,91,91,65,60,80,105,140,182,161,140,129,120,74,60,51,51,44,32,26,28,28,35,46,44,74,53,46,46,40,48,33,25,30,42,63,42
5,7,7,7,5,16,53,90,88,48,18,7,10,8,7,13,21,25,22,30,29,36,40,62,82,68,62,35,21,30,44,48,44,48,48,48,36,30,36,36,30,35,35,35,44,40,36,40,48,36,36,31,36,36,31,35,40,48,35,35,44,57,62,48,35,25,36,57,99,74,62,26,16,3,1,2,2,2,2,3,3,2,1,1,1,1,1,3,1,2,1,2,3,3,4,2,2,2,2,2,2,1,2,3,3,3,1,1,1,1,2,2,3,1,1,3,4,3,2,1,3,3,5,5,3,2,2,2,2,2,1,1,3,4,2,1,1,1,1,1,3,3,2,1,1,2,2,1,2,1,2,3,1,2,2,1,3,1,1,1,1,1,1,2,2,2,2,2,1,1,1,3,4,3,1,1,1,3,3,2,2,1,1,1,1,2,3,2,1,1,3,3,2,2,2,2,2,1,2,2,1,2,2,3,3,3,3,3,1,2,1,2,3,1,1,1,3,4,3,3,1,2,1,2,3,2,3,4,3,3,3,1,1,3,3,3,3,1,1,2,3,4,3,4,1,1,1,1,1,1,0,3,19,82,135,102,46,26,22,38,80,82,82,77,65,58,55,71,88,80,120,109,109,137,137,117,114,129,82,109,148,167,188,176,151,167,143,159,120,85,80,85,105,111,82,77,68,85,82,99,85,109,88,82,40,30,40,42,40,44,46,60,65,65,82,77,99,96,65,65,105,143,169,157,151,114,120,71,51,33,55,53,48,29,29,40,38,48,58,55,51,38,53,42,35,35,33,35,35,35,30
4,4,5,5,4,16,36,48,31,22,16,13,14,13,14,18,23,22,22,25,19,22,36,48,60,57,44,35,25,35,40,40,40,36,44,36,40,29,26,40,44,35,44,40,35,36,31,36,40,36,35,35,48,35,36,36,62,62,57,53,48,35,36,36,29,44,99,93,99,21,19,7,5,2,2,1,2,3,3,3,3,3,2,1,2,2,1,4,1,2,1,1,3,4,2,3,2,2,2,4,1,1,3,2,2,1,1,1,1,1,1,3,3,2,1,2,4,3,1,2,3,4,3,4,1,1,5,4,1,2,2,2,4,5,3,1,1,1,2,2,2,3,1,2,3,1,2,2,1,2,2,2,1,2,2,1,3,1,1,1,1,1,1,1,1,2,1,2,2,2,1,3,4,2,1,1,1,3,3,3,1,1,1,1,1,2,3,3,1,2,1,2,3,2,2,1,1,2,2,2,2,1,3,3,3,3,3,3,2,1,1,3,1,1,1,2,4,4,3,1,1,1,2,2,3,1,3,1,2,1,2,2,3,2,2,1,2,1,2,1,2,4,4,2,1,1,1,1,1,1,4,21,74,105,85,53,30,32,36,48,68,58,63,71,74,44,46,63,71,93,111,114,102,111,109,99,88,117,105,117,167,194,172,181,146,154,120,114,105,85,93,111,139,111,91,85,88,71,91,109,109,129,91,63,44,35,38,44,51,53,53,60,77,63,96,96,114,99,65,71,96,120,143,146,129,96,99,51,35,28,51,48,60,46,35,44,35,44,60,42,51,30,38,32,36,38,38,32,35,28,32
5,17,16,16,14,10,17,17,13,14,17,19,22,21,22,29,25,15,13,14,13,16,23,36,40,40,29,36,31,31,44,44,40,44,35,31,36,29,29,44,42,42,44,36,29,36,40,36,36,36,38,53,46,40,36,40,44,62,62,62,35,25,32,48,68,93,82,26,17,5,4,3,2,1,1,2,3,2,2,3,3,3,1,3,1,2,2,2,2,1,2,2,1,2,2,2,2,3,4,2,2,2,1,2,1,2,1,1,1,2,3,3,1,1,1,3,3,3,1,1,3,3,1,3,2,2,3,3,1,3,2,2,1,3,3,1,2,2,2,2,2,2,2,3,3,1,2,2,1,1,1,1,2,1,2,2,1,1,1,1,2,2,1,1,1,2,2,3,2,1,1,3,2,3,1,2,3,1,2,2,2,1,1,1,2,2,1,1,1,3,3,3,3,2,1,1,1,3,1,2,3,2,3,3,2,2,3,2,1,1,2,3,1,3,2,2,3,3,3,3,1,1,2,3,3,3,1,1,1,1,2,1,3,1,3,1,1,1,1,3,3,4,3,4,1,1,1,1,1,11,44,79,114,111,51,35,44,77,88,51,48,36,36,38,48,63,38,53,82,109,117,111,111,135,129,102,96,111,137,126,146,164,137,135,117,109,99,99,99,88,91,105,114,102,91,71,55,53,77,96,117,105,74,44,48,60,74,77,51,63,80,82,96,96,109,114,93,102,91,82,80,93,102,88,85,68,53,38,30,42,38,42,63,77,58,51,40,38,38,48,38,51,46,46,35,33,55,38,35,35,38
31,26,30,31,14,7,13,13,14,17,26,30,31,40,36,36,29,17,14,18,18,26,31,36,36,40,31,29,31,40,40,42,44,44,38,40,33,35,40,40,42,40,31,35,35,31,36,36,48,48,53,68,48,35,36,48,35,25,33,48,35,26,38,82,99,46,19,13,5,3,2,1,1,2,1,2,2,2,3,2,2,3,2,2,1,2,2,1,3,4,3,3,1,2,2,1,2,4,3,3,2,2,1,2,3,1,1,1,1,1,3,4,2,1,3,4,1,2,2,3,3,2,1,2,2,2,3,3,3,3,1,1,2,1,3,2,3,3,1,1,1,2,3,2,3,3,1,1,2,1,1,1,2,1,3,1,1,1,2,1,2,2,1,1,2,2,3,3,1,2,1,3,2,3,3,2,3,3,1,2,1,1,1,2,2,1,1,1,2,1,3,3,3,2,1,1,2,1,1,2,3,3,4,3,2,2,2,1,1,1,1,1,1,3,1,3,3,2,2,2,1,1,1,3,3,1,1,1,3,1,1,2,1,3,1,1,1,1,2,3,4,3,3,4,1,3,3,3,8,25,114,105,74,63,53,63,96,93,120,88,44,26,29,32,44,38,36,68,88,105,120,123,111,102,105,109,120,135,123,164,194,194,126,77,80,80,77,129,139,96,93,96,85,77,80,46,46,63,85,71,68,77,82,60,46,63,91,93,71,74,91,88,93,120,109,102,93,105,112,74,60,63,63,55,51,42,30,36,40,42,36,33,42,77,82,51,55,44,42,58,44,65,58,71,40,40,42,42,35,30,36
62,55,62,29,17,15,18,25,25,29,40,44,42,62,48,44,57,35,29,26,40,44,36,53,48,36,35,40,31,30,36,48,38,48,42,40,40,35,40,36,40,31,29,31,31,36,48,48,57,48,68,77,48,33,48,50,26,21,29,48,53,53,88,93,40,16,5,4,3,2,1,1,2,3,1,1,2,2,3,3,2,3,2,1,1,3,3,3,3,3,2,3,2,2,1,1,1,1,2,2,1,2,2,1,2,1,1,1,2,2,3,2,1,2,3,3,1,2,1,3,3,1,1,1,2,2,3,3,2,2,1,1,1,1,2,4,3,2,1,1,2,1,3,2,1,3,1,1,2,1,1,1,2,3,2,3,1,1,2,3,3,2,2,2,1,2,1,2,2,1,1,3,2,2,3,2,2,3,2,1,1,1,1,2,1,1,1,2,2,1,2,2,2,1,3,3,2,2,1,1,3,4,4,3,1,2,2,1,1,1,1,2,3,3,3,3,2,2,1,1,1,1,2,3,1,1,2,1,2,1,2,2,1,1,1,1,2,2,4,4,3,4,4,4,3,5,16,15,36,74,99,99,46,36,44,77,117,109,102,99,63,46,40,38,55,33,68,63,93,88,77,99,129,102,96,102,109,123,172,211,169,114,88,48,38,55,111,109,82,88,105,88,68,74,51,51,48,85,105,51,44,55,71,63,42,51,85,96,82,77,85,85,88,105,105,105,91,80,80,58,48,51,46,40,35,36,32,40,46,35,35,26,29,53,58,51,60,53,58,63,55,55,42,63,48,58,42,46,40,35,35
77,77,44,31,29,33,35,44,40,35,53,60,48,44,46,48,48,44,38,35,48,48,50,44,44,33,31,36,36,36,44,40,42,38,48,40,31,38,31,40,31,31,44,44,40,48,55,55,35,36,77,62,44,40,46,44,33,35,50,68,82,105,77,29,16,5,4,2,1,1,1,2,3,3,1,1,2,2,4,4,2,1,2,1,3,3,3,3,2,1,3,3,3,2,1,1,2,2,2,2,2,2,3,3,3,2,2,1,2,3,1,2,1,1,2,4,2,1,2,3,1,1,1,1,3,3,2,1,2,1,1,1,2,1,3,2,1,3,1,1,2,1,2,3,1,1,2,1,2,2,1,2,1,3,3,2,1,1,3,3,1,1,1,2,2,1,2,2,1,2,1,3,4,3,3,3,2,2,2,1,1,1,1,3,3,3,1,3,2,1,1,1,2,1,1,3,1,2,1,1,3,3,3,2,1,2,1,1,3,1,1,2,3,3,1,1,1,1,1,1,1,1,2,3,1,1,2,1,2,1,1,1,2,1,2,1,1,3,5,4,1,1,3,5,5,14,29,42,91,99,85,91,51,44,51,68,93,109,105,91,68,60,38,48,55,44,77,65,91,74,77,74,82,96,91,126,126,143,211,167,167,77,33,35,44,36,71,111,99,82,99,99,96,60,88,71,71,74,77,53,44,46,71,74,65,58,82,68,77,85,80,102,114,91,102,96,71,60,58,53,63,63,42,46,33,42,38,35,42,38,35,32,29,42,48,63,51,58,63,55,58,58,44,53,60,58,46,46,40,40,36
74,40,40,48,48,48,57,62,44,40,44,38,26,31,29,35,31,48,36,53,40,40,48,35,29,44,36,35,40,36,38,35,36,35,48,29,36,29,32,44,36,36,44,57,55,44,36,32,35,32,57,57,35,46,60,71,57,68,105,99,74,35,19,10,3,4,1,1,2,1,1,2,3,4,1,1,2,3,4,4,2,1,2,2,3,3,2,2,4,4,4,3,3,2,1,1,1,1,1,2,2,2,4,4,3,2,1,1,2,1,1,3,1,1,2,3,1,1,3,3,1,1,2,2,2,3,1,1,2,1,2,1,1,2,2,1,4,4,3,3,2,1,1,2,1,1,3,4,1,1,1,1,2,1,2,1,1,1,1,1,1,1,1,2,1,1,1,2,2,2,1,3,4,3,3,2,1,1,1,1,1,1,2,3,3,3,3,3,2,1,1,1,1,2,4,3,2,1,1,1,2,3,2,3,1,1,1,3,1,2,1,2,1,2,1,1,1,1,2,1,1,1,1,1,3,2,2,1,1,1,1,1,1,1,4,5,10,6,4,2,1,1,3,15,18,25,77,105,105,71,60,58,63,55,65,53,48,77,93,63,38,63,48,63,91,68,74,102,91,65,58,80,96,99,114,159,174,172,164,186,111,42,22,23,30,68,99,96,96,82,82,102,68,77,60,77,55,55,112,96,77,58,48,60,60,63,58,74,123,80,120,109,126,120,82,74,63,53,60,58,60,53,53,60,33,36,38,33,40,44,44,40,35,42,53,53,42,42,51,46,49,49,53,55,46,40,38,38,44,46,26
53,44,36,36,62,48,44,48,42,36,35,36,35,31,35,31,44,44,40,40,40,40,40,32,29,35,36,36,35,29,40,32,29,32,44,40,38,32,42,36,36,40,53,55,53,36,26,29,29,26,40,44,48,62,74,77,88,88,82,53,18,5,4,4,3,1,1,2,2,1,2,3,2,3,1,1,3,2,3,2,1,1,2,3,3,2,2,2,3,4,3,2,3,2,1,1,1,1,2,2,1,2,4,4,3,2,1,1,1,2,3,3,1,1,2,3,2,2,1,3,2,1,1,1,3,4,2,1,1,2,1,1,3,1,1,1,3,4,1,3,1,2,1,1,1,2,3,1,2,2,2,2,1,2,1,1,1,1,1,2,1,1,1,1,1,1,1,1,3,2,3,3,3,3,3,1,1,1,1,1,1,2,2,3,1,2,3,3,3,2,1,1,1,3,4,3,1,1,1,1,1,1,2,3,3,2,1,2,3,2,1,2,1,1,2,1,3,3,2,2,1,1,2,2,2,2,1,2,1,1,1,1,1,3,16,29,18,7,1,1,1,1,3,18,33,68,120,123,77,44,51,68,71,55,51,35,35,44,55,55,68,85,77,88,120,82,105,99,80,65,48,53,74,105,148,161,159,154,186,117,99,53,25,33,48,60,99,105,96,117,109,109,74,36,68,48,48,63,93,91,71,77,60,55,58,71,68,88,88,123,102,105,96,96,77,63,71,77,63,55,51,49,53,46,30,36,36,35,30,42,38,36,32,42,55,51,46,38,38,42,49,36,42,46,32,28,33,32,38,36,28
46,44,35,31,31,44,40,35,40,40,35,35,62,35,36,40,36,36,35,48,40,35,40,40,40,35,36,36,36,30,29,36,42,44,48,42,36,35,44,38,36,48,71,68,46,32,26,32,22,26,35,44,96,88,93,71,57,35,17,7,3,1,1,1,2,2,4,3,1,1,2,2,3,3,3,3,2,3,1,1,1,1,1,3,3,2,1,2,3,1,2,1,2,2,2,1,1,1,2,1,2,3,4,4,3,1,1,1,1,2,1,1,1,1,2,2,3,3,2,3,2,1,1,2,4,3,1,1,1,3,1,2,3,3,2,1,2,2,3,3,2,2,3,2,1,2,1,1,3,2,3,1,1,1,1,1,2,1,1,1,1,1,1,1,1,0,1,2,1,3,2,1,3,3,1,1,2,3,3,2,1,1,4,4,3,1,2,2,4,3,3,1,1,1,1,2,1,1,1,1,1,2,1,3,3,1,1,1,3,1,2,2,1,1,3,3,3,3,3,2,2,2,2,1,1,1,1,1,1,1,1,1,3,15,44,82,25,11,4,2,3,5,11,22,80,132,129,80,55,48,51,58,74,68,32,23,29,36,42,65,85,91,82,85,93,111,111,85,71,60,35,51,96,126,161,176,157,148,126,96,53,44,36,46,48,48,51,82,112,120,109,68,55,46,40,42,53,51,71,68,114,82,55,55,48,60,93,112,132,109,96,88,88,65,46,60,65,91,55,40,48,38,25,25,26,29,32,35,33,33,38,28,28,35,44,53,40,38,30,33,36,35,49,33,33,32,29,35,38,33,29
36,36,29,35,31,35,33,35,40,40,44,36,35,53,44,40,31,36,40,44,35,31,36,36,35,31,36,36,35,40,40,44,48,40,40,40,40,38,48,53,74,62,62,57,44,40,36,40,26,32,57,82,93,60,35,26,17,10,2,1,1,1,1,1,3,4,4,3,2,1,1,2,2,2,3,3,3,3,1,2,2,1,1,3,2,3,3,1,1,1,1,1,2,3,2,2,2,1,1,2,2,3,4,4,3,2,1,1,2,1,1,2,1,1,1,2,1,3,3,3,1,1,1,2,4,4,1,1,3,2,1,2,2,2,3,1,2,1,2,2,3,2,3,3,2,1,1,1,2,3,3,1,1,1,1,2,1,1,2,1,2,2,3,3,3,3,4,4,4,4,3,3,3,2,1,1,3,3,3,2,0,1,4,4,4,2,1,1,4,3,2,2,1,1,1,1,1,1,1,1,1,1,1,2,3,1,1,1,2,3,1,2,1,2,3,3,3,3,3,3,2,1,2,1,2,1,1,1,1,1,1,1,11,25,48,71,35,18,10,5,11,18,25,58,117,123,77,33,40,51,38,44,96,114,38,22,35,51,40,40,63,74,58,77,93,114,111,82,68,68,55,74,123,148,135,164,154,123,77,71,55,58,44,42,60,55,63,68,91,105,117,96,53,44,38,36,60,53,80,85,68,55,46,44,60,85,112,114,102,114,117,91,93,58,65,42,46,53,60,63,55,36,25,20,28,33,29,38,22,36,25,26,26,36,42,46,29,33,35,32,35,40,63,33,38,36,32,42,38,30,30
29,35,33,36,35,40,44,48,36,35,42,44,53,40,44,40,38,30,40,40,35,35,36,26,26,35,38,38,40,57,40,44,53,35,48,44,32,44,44,46,55,53,44,40,36,33,40,44,62,74,88,82,36,15,7,4,4,2,1,1,1,1,0,1,3,4,3,2,2,2,2,3,1,2,2,1,3,3,3,3,3,3,1,2,3,2,3,1,1,1,1,1,1,3,1,2,1,2,1,3,2,1,4,3,3,1,2,2,2,2,3,2,2,1,1,2,1,3,4,3,1,1,1,1,3,3,1,1,3,3,2,1,2,3,1,3,1,1,2,1,2,4,3,1,1,2,2,1,2,1,2,1,1,2,1,1,2,1,1,4,11,15,18,21,21,22,26,26,18,4,3,3,1,2,2,3,4,4,3,1,2,2,2,1,3,1,2,3,2,3,1,1,4,4,2,1,1,1,1,1,1,1,3,2,3,1,1,1,1,3,3,1,1,3,3,3,1,1,4,3,1,1,3,1,1,1,1,1,1,1,1,3,16,22,35,48,40,18,13,16,22,53,88,80,58,42,29,25,33,32,44,60,105,123,58,25,38,55,32,29,35,35,36,58,80,93,85,85,82,74,77,112,143,137,126,123,99,88,77,82,105,82,53,53,58,58,60,68,93,91,96,71,53,38,36,32,48,65,60,60,53,51,33,32,55,91,88,71,114,148,137,105,85,74,63,55,42,42,53,55,46,46,38,26,25,35,30,35,20,29,26,25,30,35,30,33,38,29,32,36,36,42,63,40,53,42,44,42,36,35,35
36,36,44,36,36,44,40,44,36,36,48,44,36,42,44,29,40,35,44,29,57,35,31,32,36,35,38,62,44,35,36,44,36,40,32,44,26,36,38,44,57,77,62,44,46,48,68,74,88,88,40,22,15,4,3,2,1,1,1,1,1,2,2,2,3,4,3,3,1,1,3,3,2,2,2,1,2,4,4,3,3,4,4,4,4,3,3,1,1,1,2,2,2,3,2,2,2,2,2,2,2,1,3,4,3,1,2,1,2,3,3,1,2,1,1,1,2,1,3,3,1,1,3,4,2,3,1,1,3,3,2,2,2,1,3,3,2,1,1,2,1,2,3,1,1,1,1,1,1,1,2,3,1,1,2,1,2,1,1,7,25,40,48,68,55,55,71,48,18,4,2,2,2,2,1,3,4,4,2,1,2,2,1,1,2,2,3,2,1,1,1,1,5,11,15,8,4,3,1,1,1,1,3,3,1,1,1,1,3,3,1,1,3,1,1,1,1,1,5,3,1,1,2,3,2,1,2,2,1,1,4,6,21,25,26,35,53,19,19,25,55,111,99,46,22,23,28,32,30,30,53,80,102,99,58,35,42,65,40,35,28,29,35,38,68,74,80,82,96,93,85,99,135,123,120,93,91,74,99,71,129,99,65,44,42,46,53,58,60,55,65,74,48,44,40,44,38,53,46,38,36,35,32,44,71,102,135,93,85,112,154,120,68,53,44,44,60,68,51,48,46,53,44,30,26,36,35,25,23,42,26,22,25,28,35,36,38,36,36,33,33,42,60,53,42,38,53,40,36,35,40
35,44,40,40,35,44,35,44,44,44,36,33,44,44,30,40,32,36,32,40,55,35,40,44,35,40,48,44,35,36,62,53,36,26,36,32,48,28,40,36,29,36,53,53,77,82,82,82,38,22,13,4,4,4,2,1,2,2,1,1,1,2,2,3,2,3,3,3,4,2,2,2,3,2,2,2,3,3,3,3,4,4,4,3,4,3,3,1,2,1,2,2,1,2,2,1,2,1,2,2,2,2,1,3,2,1,2,1,1,3,3,1,2,1,1,1,2,2,3,3,2,3,4,3,4,3,3,3,3,2,2,1,1,1,3,2,2,1,1,1,1,1,2,1,1,2,2,1,1,1,4,2,2,1,1,2,1,2,3,10,19,19,19,22,22,22,18,15,5,2,1,1,1,2,3,3,3,3,1,2,4,2,0,1,3,2,3,1,1,1,1,1,4,18,35,26,15,10,1,1,1,1,1,3,2,1,3,3,1,3,3,3,1,1,1,1,1,1,1,2,3,1,1,3,5,11,14,13,8,7,15,21,33,30,29,33,58,36,38,80,111,105,46,20,19,29,32,33,36,48,60,82,123,99,58,51,58,71,68,48,42,33,46,51,65,91,96,105,129,137,102,82,117,117,99,112,102,85,132,96,139,117,93,51,44,46,46,32,28,32,48,60,53,48,46,35,36,42,53,28,22,29,35,51,80,96,135,99,71,77,129,91,65,44,53,65,58,63,55,44,60,53,44,35,29,36,38,30,28,29,30,29,23,30,33,40,35,44,36,32,29,29,35,42,44,42,55,49,40,33,35
36,38,40,40,36,40,48,35,36,35,32,32,44,35,35,48,29,38,42,57,35,40,44,42,48,44,44,44,44,35,42,53,57,46,29,29,44,32,35,40,40,50,74,77,82,88,57,16,15,5,4,3,4,1,1,1,2,1,1,1,3,3,3,3,3,3,3,2,2,3,1,3,3,3,1,2,1,3,4,4,3,2,2,3,3,3,3,2,2,2,1,2,2,2,2,2,1,1,2,1,2,2,2,1,2,1,1,1,1,2,2,2,2,1,1,1,1,2,2,3,2,3,4,3,3,1,2,3,3,2,1,1,1,2,1,3,1,2,1,1,1,2,2,1,2,2,1,1,2,1,3,3,1,1,1,1,1,1,4,4,6,7,7,6,4,5,5,4,3,1,1,1,1,2,2,4,4,3,1,2,1,4,1,1,2,4,3,1,1,1,1,1,3,15,48,63,51,22,5,3,1,2,2,1,2,2,2,3,1,1,3,3,2,2,1,1,1,1,1,2,3,2,2,3,15,30,42,29,22,19,25,29,33,35,48,44,36,46,88,123,102,51,21,19,33,46,33,44,58,65,63,77,123,99,71,60,60,71,105,80,74,60,63,63,91,117,126,154,157,154,120,96,96,105,99,112,85,102,146,135,132,120,99,68,63,63,51,33,29,35,35,40,51,51,33,36,36,36,46,26,33,40,35,53,82,91,85,99,80,85,91,77,74,46,36,49,53,49,49,49,44,68,55,38,35,32,35,28,33,28,29,28,29,32,29,35,36,44,35,35,29,30,38,35,44,46,40,42,36,42,35
44,36,29,36,40,44,40,35,36,40,40,32,29,44,35,32,44,42,36,35,35,44,40,46,68,53,48,62,57,32,32,42,36,22,22,29,35,36,40,35,68,88,68,85,93,44,13,3,1,1,1,1,2,3,1,1,2,1,1,1,1,3,3,4,4,3,2,3,2,2,3,4,3,2,2,1,1,2,3,3,2,2,1,3,2,3,2,2,2,2,1,2,1,2,1,2,1,1,1,3,3,1,2,1,1,1,1,1,1,1,2,2,1,2,1,1,1,1,2,1,1,2,3,2,3,3,1,1,3,2,1,1,2,1,3,3,1,2,2,1,2,2,1,1,2,1,1,1,1,2,3,1,1,1,1,2,1,1,3,4,3,4,2,3,2,2,2,2,1,1,1,1,1,2,3,4,4,3,1,1,3,2,2,1,3,3,2,2,1,0,1,1,1,6,38,79,55,65,15,5,3,1,1,2,2,1,1,1,3,3,1,2,3,2,1,1,1,2,1,1,2,2,4,11,23,60,77,65,60,35,30,35,26,30,44,36,30,58,102,96,40,21,18,25,58,44,40,77,109,93,71,58,68,99,82,63,55,65,102,117,99,85,80,91,132,154,179,190,167,161,129,99,91,93,93,85,91,137,129,126,114,93,74,53,63,65,58,44,36,33,38,42,42,40,36,32,35,44,44,35,36,42,42,55,49,46,65,71,68,58,65,55,58,36,42,42,51,46,40,40,42,68,46,44,42,30,32,38,35,29,28,26,25,25,25,26,23,30,30,26,26,25,40,40,42,46,40,33,36,40,38
36,35,29,36,40,48,40,36,44,48,40,36,29,44,48,35,53,44,26,32,48,57,38,36,60,57,44,53,48,35,32,25,18,19,29,36,42,53,68,82,85,82,88,117,99,22,3,2,1,1,1,1,3,1,1,1,2,3,2,3,2,1,3,4,2,3,3,1,1,2,4,3,1,4,2,1,1,3,2,2,2,1,1,1,4,1,2,1,2,2,2,2,2,3,3,1,1,3,1,4,3,2,1,1,2,1,1,1,1,1,1,2,1,2,1,1,1,1,1,1,1,1,2,2,1,2,1,2,2,1,1,1,1,1,2,3,3,3,3,3,1,2,2,1,2,2,3,3,2,3,3,2,1,1,2,2,1,1,1,3,3,1,2,1,1,1,1,2,1,2,2,1,1,2,2,4,4,4,1,1,1,2,3,3,3,3,3,1,1,1,1,1,3,13,32,68,85,63,29,13,5,5,1,1,1,1,3,3,1,2,2,1,4,3,1,1,3,1,1,1,1,1,3,15,26,36,48,58,68,42,33,46,32,19,19,35,58,60,77,53,22,19,25,44,63,65,74,88,123,111,55,44,71,85,65,55,51,60,114,139,120,114,109,117,143,169,194,190,169,143,129,112,96,93,88,85,117,137,129,112,88,68,60,51,51,48,46,48,42,35,40,51,40,33,33,29,51,63,42,46,38,42,77,65,32,35,74,51,53,58,58,29,58,36,49,38,36,46,49,49,46,42,49,36,33,38,30,36,35,36,26,25,25,25,29,25,22,25,25,28,28,44,56,42,44,42,38,36,36,29,42
36,36,29,57,48,40,35,48,35,40,40,40,44,42,53,60,44,53,40,35,74,57,32,35,53,48,35,29,35,29,25,21,22,29,48,62,74,88,71,62,93,123,117,88,36,10,1,1,1,1,2,3,1,2,1,1,1,3,4,4,1,1,3,3,1,2,2,1,2,3,2,3,3,3,2,1,2,2,2,2,1,1,3,1,3,2,1,1,1,1,2,2,2,3,3,2,2,1,2,5,4,1,1,1,2,2,1,1,1,1,1,1,1,2,2,1,1,2,1,2,1,1,2,2,2,2,1,1,2,3,1,1,2,1,3,3,3,3,3,2,3,3,2,1,2,1,3,3,1,2,3,3,1,1,2,2,2,2,3,3,4,3,3,2,1,1,3,3,2,3,2,1,1,2,3,5,4,4,5,3,1,2,1,2,3,2,1,2,1,1,1,5,26,53,48,55,71,77,55,35,21,13,2,1,1,2,3,3,3,1,1,3,4,4,1,1,1,2,1,1,1,1,2,11,28,33,33,38,35,32,35,42,29,16,22,48,88,36,38,58,46,40,74,80,91,99,114,102,126,114,63,65,109,58,53,53,68,88,135,176,172,169,161,146,148,154,161,167,159,109,96,99,102,102,93,99,112,99,123,102,60,58,58,58,48,44,40,55,46,40,58,71,65,33,33,36,53,53,55,60,44,60,93,77,38,55,91,51,58,49,36,32,51,51,46,35,36,46,58,40,42,46,42,40,30,29,30,35,40,35,33,35,35,35,32,38,32,26,25,25,28,53,77,49,49,46,32,36,36,38,35
36,40,38,53,44,57,35,44,40,36,57,42,53,46,44,57,36,48,53,53,57,48,36,48,48,30,29,26,22,21,26,36,40,46,74,93,74,35,21,22,62,99,55,25,15,3,1,0,1,2,3,1,2,2,1,1,2,3,4,4,3,2,2,1,1,1,1,3,2,3,3,3,3,2,1,2,1,2,1,1,1,2,2,1,4,2,1,1,1,2,1,2,2,2,3,1,2,3,2,5,4,2,1,1,1,3,2,1,1,1,1,2,1,1,2,1,1,2,2,1,2,1,1,1,2,1,1,1,2,3,2,2,1,1,2,3,4,4,4,3,4,3,2,1,3,3,3,2,2,2,2,2,2,3,3,2,1,1,2,3,3,2,3,3,1,2,3,1,3,3,1,1,1,1,3,5,5,4,4,3,1,1,3,3,3,2,1,1,4,5,8,25,60,74,48,48,63,63,48,53,32,13,2,1,1,1,2,4,3,3,3,3,4,1,2,1,3,1,2,1,1,2,5,19,42,53,29,29,35,35,32,26,25,48,77,85,48,22,33,77,93,68,91,117,96,109,117,105,117,53,65,63,85,55,63,82,117,126,159,200,208,227,190,167,137,120,132,117,126,88,82,88,105,105,93,102,93,77,102,85,60,63,55,58,58,53,53,65,55,55,77,91,71,38,35,46,55,58,77,68,60,68,82,85,65,82,99,80,55,36,42,44,42,46,60,44,38,42,51,42,44,42,35,36,30,28,26,38,42,44,30,35,35,36,40,36,33,28,23,29,38,53,60,74,44,42,44,36,44,49,46
35,53,48,25,42,44,48,36,53,40,35,53,36,35,53,36,53,35,40,35,46,55,35,26,36,29,29,26,26,35,48,53,77,77,85,62,21,5,4,5,16,20,15,7,3,1,1,1,2,3,2,3,3,2,1,3,2,1,3,4,2,2,1,1,1,1,3,3,3,3,2,3,2,2,1,2,1,2,1,1,1,1,4,4,4,3,1,1,1,2,1,3,2,1,3,3,1,2,4,3,3,1,2,2,1,3,2,3,1,1,1,1,2,2,1,1,2,1,2,2,2,2,2,3,1,1,2,2,3,4,2,1,2,2,3,3,4,3,4,4,5,4,1,1,1,3,2,1,2,3,2,1,2,3,3,1,1,1,1,1,1,1,3,2,3,2,2,1,1,1,1,1,1,2,3,4,4,3,2,1,1,2,3,3,3,2,1,4,19,36,32,46,60,53,60,48,36,29,22,19,16,6,3,1,1,1,1,2,2,3,4,3,2,1,2,1,3,3,5,4,5,17,26,38,36,23,22,26,28,32,22,25,48,105,105,93,44,32,40,65,85,88,91,105,88,96,99,85,77,35,40,42,63,80,93,123,172,203,179,186,224,236,201,148,99,85,91,65,93,82,80,91,126,99,68,91,80,68,68,91,80,60,63,68,74,74,63,82,77,65,99,102,65,42,60,68,65,65,77,77,85,94,91,99,91,88,91,82,44,42,58,53,46,49,60,46,44,46,53,51,49,33,36,33,33,44,42,51,44,36,26,29,35,33,38,35,35,29,26,30,36,46,53,53,36,46,38,44,44,44,46
42,35,30,35,35,62,44,35,44,46,32,40,53,48,53,62,48,40,29,29,40,35,29,25,32,42,44,44,40,62,77,82,99,68,57,18,4,3,1,2,3,3,4,2,1,1,2,2,3,2,2,3,2,3,3,1,1,2,2,3,3,1,1,1,2,2,3,3,3,2,2,3,2,1,1,2,2,2,1,1,1,2,4,4,3,3,1,1,1,1,3,3,2,1,2,3,1,1,3,3,3,2,2,2,2,2,2,3,3,1,2,2,2,2,1,1,3,1,2,1,2,3,2,3,2,2,1,3,4,5,2,1,1,1,3,4,3,3,3,3,5,4,1,1,1,1,1,1,3,3,2,1,1,2,3,3,2,2,2,1,1,1,3,2,4,1,1,1,1,1,1,1,2,3,3,3,3,1,2,2,2,2,2,2,2,2,1,2,19,53,71,51,42,29,21,21,21,14,6,8,15,13,3,1,1,1,2,1,1,3,4,3,2,1,2,4,6,17,22,18,18,29,65,40,19,10,15,18,22,25,28,53,74,85,93,65,35,33,30,60,85,82,82,93,96,68,60,44,38,42,51,48,71,91,117,157,200,213,198,169,201,203,174,114,102,77,58,55,65,63,58,77,88,82,63,68,58,63,71,112,82,58,68,55,74,77,82,65,77,80,93,102,55,51,77,82,77,77,77,80,99,114,99,85,85,85,77,58,42,53,63,71,65,42,44,58,44,44,55,68,51,46,38,38,51,63,60,68,65,44,35,30,33,29,35,38,30,28,30,28,30,49,56,56,44,33,35,33,38,36,44
36,36,36,36,48,44,32,32,53,53,48,48,57,53,57,68,48,32,36,25,26,25,29,33,44,53,74,74,68,88,96,88,29,22,4,3,2,3,2,1,2,2,2,2,2,2,2,1,2,2,2,1,1,1,3,2,1,1,1,2,2,1,2,2,2,2,3,3,1,1,1,2,2,2,1,2,2,1,1,1,1,1,3,4,4,3,1,1,1,1,3,3,3,1,2,1,2,1,2,3,2,2,1,1,2,2,1,1,3,3,1,1,2,2,1,2,4,2,1,1,4,4,2,3,3,3,3,4,3,2,4,3,1,1,2,3,3,1,3,3,3,4,1,1,4,2,1,1,2,3,2,1,1,2,3,3,3,2,3,2,1,1,2,3,3,2,1,1,1,2,2,1,1,3,3,3,2,2,1,3,1,2,1,2,2,1,1,1,14,46,93,53,21,14,5,6,5,3,3,4,15,26,22,10,2,1,2,1,5,5,4,3,1,1,5,17,46,63,80,42,29,26,40,38,19,13,7,10,21,40,85,102,65,48,40,38,35,40,55,58,63,71,88,96,65,58,63,42,53,53,60,63,88,85,148,172,192,192,148,114,114,99,117,114,112,109,65,42,38,42,46,48,60,77,58,49,42,55,112,109,88,77,71,55,68,58,53,60,68,71,68,93,85,99,80,85,85,93,105,109,96,117,85,63,88,80,49,49,53,53,77,68,77,60,42,49,40,44,56,68,56,56,38,46,58,63,96,88,88,63,42,36,33,38,36,28,22,29,32,26,28,32,35,38,36,33,38,40,40,40,35
40,44,46,44,46,48,36,46,53,53,48,40,44,62,62,48,44,26,29,25,21,23,40,48,68,77,74,105,111,82,48,22,5,4,3,2,2,1,1,2,1,1,2,3,1,1,2,2,3,2,2,1,2,2,1,2,2,1,1,2,1,2,3,2,2,3,2,1,2,2,1,2,2,1,1,1,2,1,1,1,2,2,3,1,4,3,3,1,2,1,3,3,3,2,1,1,2,2,2,3,2,1,2,2,1,2,1,1,3,3,2,2,1,1,2,3,4,3,1,1,4,7,3,3,3,3,2,2,1,2,4,3,1,1,1,1,2,4,1,3,4,4,3,1,3,3,1,1,2,1,3,2,1,1,3,3,3,3,3,2,1,1,1,1,1,4,1,1,3,2,2,3,2,2,2,1,1,1,2,2,2,2,1,2,3,1,1,1,4,22,58,32,11,3,3,1,1,1,1,5,14,25,48,17,3,1,4,7,7,6,3,1,1,2,13,35,82,82,55,29,22,22,25,29,22,18,18,23,53,82,111,77,42,35,30,40,63,58,51,38,46,82,93,109,91,68,68,55,80,96,105,85,85,120,164,174,188,132,96,96,88,85,105,120,99,114,77,40,42,40,44,44,60,58,55,65,60,71,102,85,85,109,77,74,65,49,49,65,65,68,77,99,126,109,96,85,82,93,126,129,82,77,85,74,68,53,46,51,58,56,68,56,71,68,53,44,35,49,58,60,60,49,35,38,42,51,94,74,82,65,53,42,33,42,38,26,25,29,26,28,25,28,30,40,36,44,46,35,44,40,44
35,44,53,57,44,48,48,36,44,46,36,35,32,40,36,35,29,32,29,29,36,36,40,36,74,117,105,82,48,25,13,4,4,1,2,1,1,1,4,2,2,2,2,2,2,2,3,1,2,3,3,3,3,1,2,1,3,4,3,3,2,1,1,1,2,3,3,2,1,2,1,2,2,1,1,1,2,3,3,2,3,1,2,2,3,4,3,3,1,1,1,2,3,1,1,2,2,1,3,1,2,2,1,1,1,2,1,1,2,3,1,2,1,1,3,2,3,2,1,2,3,7,3,2,1,2,1,1,1,1,3,1,1,1,1,1,2,2,1,1,3,3,4,2,2,2,2,1,1,2,3,3,2,1,4,3,2,2,3,2,1,1,1,1,1,1,3,3,6,5,3,2,2,1,2,1,2,1,3,3,3,2,1,1,3,2,1,1,1,4,15,11,2,1,1,1,3,3,5,3,6,10,17,13,13,15,20,32,22,5,1,1,1,1,11,22,26,22,8,6,20,25,23,25,23,26,30,55,109,91,63,46,32,42,88,77,109,71,42,36,55,65,74,123,93,71,63,68,126,164,179,132,117,169,154,151,157,129,123,137,99,85,102,109,88,88,88,68,71,68,55,40,30,38,65,99,105,82,71,65,91,117,93,96,68,58,60,74,71,77,85,88,114,93,93,82,63,65,109,129,94,74,82,63,40,44,56,35,51,56,53,56,71,63,63,44,40,44,63,60,51,49,33,30,33,42,56,51,88,71,46,46,33,36,38,32,26,29,33,26,22,23,30,36,42,49,44,38,58,46,35
29,40,57,48,53,57,62,40,44,62,38,32,25,25,25,35,26,32,32,48,48,36,53,82,90,57,32,19,16,7,3,1,1,2,2,2,2,1,2,2,3,2,2,2,3,1,2,2,1,3,3,3,3,1,2,2,3,4,4,3,3,1,1,1,2,3,2,2,1,3,2,1,2,1,1,1,3,3,4,3,3,2,1,2,2,2,3,3,3,1,2,2,3,3,2,3,2,1,1,1,4,3,2,1,2,2,2,2,2,2,1,1,1,2,2,4,2,1,1,1,4,4,3,2,2,1,1,1,1,1,2,2,2,2,1,2,3,3,2,1,2,3,3,4,1,1,1,1,2,2,2,1,2,2,2,2,2,2,3,3,3,1,1,1,1,1,5,7,5,4,1,1,1,1,1,2,1,2,3,3,3,3,3,3,4,5,5,3,1,3,8,6,2,1,1,5,17,15,13,4,1,5,6,15,28,22,36,42,18,4,1,1,2,2,4,14,10,4,1,4,19,30,28,32,53,63,77,91,77,42,25,30,42,55,96,109,105,58,46,46,55,68,91,126,60,77,88,109,151,159,151,135,114,143,105,123,161,135,135,135,96,74,112,96,96,74,68,80,74,65,68,63,36,44,71,91,105,112,71,71,85,117,120,99,65,53,49,63,68,74,68,71,71,74,85,80,46,44,60,105,96,80,60,49,53,56,42,36,46,60,51,68,80,80,65,49,42,46,60,58,46,44,38,33,35,32,32,49,77,71,49,42,38,42,42,32,32,36,44,25,20,21,25,36,46,49,33,38,46,44,49
48,40,36,44,68,38,68,48,35,44,44,29,22,21,20,35,32,35,53,53,68,88,99,71,26,15,10,7,3,2,1,1,2,3,2,2,3,2,4,4,2,2,1,2,3,3,3,2,1,2,2,1,3,3,1,1,3,3,4,4,3,2,2,2,3,2,1,3,4,2,3,2,2,1,1,2,2,3,3,3,3,2,1,2,1,1,2,1,2,1,1,1,2,1,2,3,3,2,2,2,3,3,2,2,3,2,1,2,2,2,2,2,1,2,2,3,2,1,1,3,4,1,1,1,1,2,1,2,1,1,1,2,2,1,2,3,3,1,1,1,1,1,3,3,1,1,1,2,1,2,2,1,1,2,3,3,2,1,2,3,1,1,3,2,1,2,5,7,4,3,1,1,1,1,1,2,2,2,1,2,5,5,2,2,4,15,23,19,15,21,38,28,15,8,5,15,48,53,19,6,5,6,15,22,33,29,33,22,13,4,1,1,1,3,6,11,10,5,2,5,30,44,60,85,99,82,68,51,26,18,25,32,55,55,68,102,93,38,25,40,53,80,139,120,88,99,154,176,161,157,117,88,63,93,132,151,140,137,157,114,114,77,102,88,99,77,28,36,35,49,71,68,63,51,53,82,109,91,99,96,71,102,129,85,71,44,35,46,49,53,53,60,63,71,71,74,60,36,36,65,74,77,60,51,53,49,46,49,51,58,51,58,77,68,56,51,42,51,51,56,56,51,53,44,36,30,36,46,58,80,51,40,42,49,40,29,32,35,46,36,25,22,25,33,46,42,26,35,33,42,63
68,40,35,42,57,44,48,44,32,40,36,25,25,29,22,35,48,74,77,74,105,117,57,21,7,4,4,4,1,1,1,1,3,2,2,3,2,4,4,4,1,1,1,2,3,4,3,2,2,1,1,2,3,3,2,3,3,2,3,4,3,1,2,1,2,3,2,1,3,3,3,3,2,1,1,1,1,1,3,3,2,2,2,1,1,1,1,1,1,1,1,1,2,1,2,3,2,2,1,1,2,3,2,3,3,2,1,2,2,1,1,2,2,1,2,3,2,2,1,1,3,2,1,1,1,2,2,1,1,1,2,2,3,1,3,3,2,1,1,1,1,2,3,3,2,1,2,1,1,2,1,2,1,1,2,2,1,1,2,2,1,3,6,8,5,2,6,7,1,1,1,1,3,3,2,2,1,1,1,1,4,4,2,2,5,21,51,68,51,51,82,63,26,15,5,10,46,63,18,8,18,15,19,30,30,28,35,25,15,6,2,1,3,5,5,15,20,14,5,20,60,71,65,85,80,46,36,38,25,35,35,42,60,82,80,135,74,21,22,44,85,105,137,154,123,143,135,186,143,210,151,65,55,85,114,190,154,117,132,99,102,82,109,74,60,46,23,25,30,35,71,112,80,46,49,82,109,80,120,93,99,93,99,88,58,44,35,36,33,36,38,40,65,88,58,55,56,49,51,53,60,68,65,51,51,58,58,60,53,46,49,49,58,58,49,46,51,60,56,49,51,51,60,46,30,36,35,30,42,58,40,46,38,46,35,32,26,30,49,46,29,23,28,33,36,38,36,35,32,33,46
62,46,48,48,44,35,25,25,26,32,32,26,29,40,35,53,99,99,105,123,68,26,15,5,1,2,4,3,1,2,2,1,4,2,1,1,3,2,4,2,2,2,1,3,4,3,3,2,2,2,2,2,1,3,3,1,1,3,2,3,2,1,2,1,2,1,1,1,2,3,3,2,2,2,2,1,1,2,3,1,4,4,3,2,1,1,1,1,2,2,2,2,3,2,3,2,2,2,1,2,2,2,3,3,2,1,1,1,2,2,3,3,1,1,2,3,1,2,2,2,2,1,1,2,3,2,3,2,1,1,2,3,2,3,2,1,1,1,1,1,2,1,3,3,3,3,1,2,1,2,1,2,2,3,1,1,3,3,2,1,3,7,25,29,10,5,5,4,1,1,1,2,4,8,14,5,3,2,1,1,1,1,1,1,3,15,55,93,46,32,40,35,25,15,4,6,19,18,14,16,32,53,36,36,32,33,42,30,15,6,3,1,2,4,5,15,21,25,26,53,48,55,63,44,30,32,36,51,48,71,88,77,77,114,88,96,58,35,53,91,120,157,190,190,129,102,71,129,146,146,159,105,46,74,114,132,161,151,140,117,82,71,126,65,63,40,51,33,42,44,80,117,91,88,68,88,91,82,99,117,85,85,68,80,53,51,53,33,32,46,58,60,49,71,58,36,49,53,49,40,56,63,65,58,71,68,65,71,60,42,44,49,49,49,42,40,63,68,46,38,44,46,63,46,32,36,33,28,40,42,44,38,30,33,35,40,28,29,38,35,30,33,33,30,28,36,38,30,30,33,49
44,40,48,53,36,26,22,19,25,35,40,40,48,55,74,105,129,105,57,44,18,10,4,2,1,1,3,3,1,1,2,2,3,3,2,2,2,3,1,3,3,2,3,3,4,4,3,3,3,2,2,3,1,1,3,3,3,2,1,2,2,1,1,1,2,1,2,1,1,1,2,1,1,2,3,1,1,1,2,3,4,4,3,2,1,1,1,1,2,2,2,3,3,2,2,2,1,2,1,2,1,1,1,1,1,1,1,1,1,3,3,3,1,1,1,2,2,3,2,2,1,1,1,1,3,3,2,3,3,1,1,3,3,3,1,1,1,1,1,2,2,2,3,3,2,3,2,1,1,2,1,1,2,1,1,1,2,3,2,1,3,7,28,40,11,5,5,3,1,1,1,1,4,17,21,15,4,2,2,3,3,3,1,1,1,8,25,38,20,15,15,15,17,17,5,3,4,6,15,21,48,80,51,33,40,32,25,18,14,6,4,3,1,7,15,18,30,71,65,25,17,25,44,26,23,36,51,68,60,88,126,109,105,120,88,65,71,68,82,120,146,172,186,148,120,77,49,60,105,120,143,123,74,80,120,135,120,114,117,135,135,109,74,91,74,60,60,40,49,68,88,102,154,137,77,53,85,120,88,96,80,71,63,80,65,51,49,44,49,65,68,53,63,56,49,38,44,49,32,38,38,56,49,56,71,74,96,88,63,42,44,63,53,46,46,49,53,65,38,36,60,58,49,49,40,32,33,32,36,49,33,28,30,36,40,46,35,32,30,30,35,51,49,30,25,30,33,25,33,49,58
40,40,40,36,44,36,36,36,53,71,82,93,96,77,74,77,71,36,13,7,4,3,2,2,1,1,3,4,3,1,2,1,1,2,3,2,3,3,3,2,4,2,4,4,2,3,3,3,4,3,3,4,1,2,3,4,3,1,2,2,1,2,2,1,2,2,1,1,1,1,3,2,2,2,3,2,1,1,1,2,3,4,3,1,1,1,2,2,2,1,1,3,3,3,1,2,2,1,3,2,1,1,1,2,1,1,1,1,2,3,3,2,1,1,1,1,3,3,2,1,1,1,1,1,2,3,3,3,3,1,2,1,3,1,2,1,1,1,2,2,2,2,2,3,3,1,1,1,2,1,1,3,1,1,1,1,1,1,2,2,3,5,13,17,7,3,2,2,1,1,1,1,4,14,16,11,5,1,3,2,4,2,2,1,4,4,11,14,5,3,1,3,8,14,3,1,3,4,8,18,19,19,22,20,25,23,15,13,7,6,5,2,4,10,22,58,91,71,21,8,8,19,42,42,38,60,63,71,74,120,148,143,117,102,91,99,77,74,129,159,143,137,120,77,68,58,51,36,46,88,96,80,63,71,82,80,112,105,91,129,169,120,85,102,126,74,71,91,85,93,96,88,154,151,82,82,71,74,71,60,68,85,53,58,74,65,68,74,68,51,49,53,40,58,51,56,44,38,36,33,40,38,46,71,65,65,85,60,58,60,56,77,74,46,51,51,46,53,49,49,65,65,58,60,56,38,40,36,36,40,36,40,46,46,51,44,36,33,32,30,36,56,46,28,23,25,32,23,49,56,63
68,57,44,40,48,57,74,93,117,117,111,88,53,32,22,19,18,10,3,2,2,1,2,1,1,2,3,4,3,2,1,1,2,2,3,2,3,3,3,2,3,4,4,3,1,2,3,4,4,4,2,2,1,1,1,3,1,2,1,1,2,3,2,3,3,2,1,1,1,1,3,2,2,1,3,3,1,1,1,1,3,3,2,2,1,1,2,1,2,1,1,3,3,3,1,2,2,1,3,3,1,1,1,2,3,2,1,3,3,2,3,2,1,1,1,1,3,3,3,1,1,1,1,1,1,2,3,2,3,1,2,2,2,2,2,2,1,1,2,2,1,1,2,3,2,2,1,1,1,2,1,1,3,3,1,2,2,2,2,1,2,4,4,4,5,5,3,2,2,1,1,1,4,4,4,6,4,3,3,3,3,3,4,5,11,15,10,5,2,1,1,1,4,5,4,1,2,2,4,5,5,4,10,15,25,28,19,17,11,4,3,4,15,17,51,112,55,20,8,15,20,32,68,85,71,68,63,74,102,146,126,139,109,105,112,126,109,120,140,148,146,88,60,46,51,44,60,35,42,96,88,63,60,58,49,40,74,137,135,137,186,140,82,82,112,123,114,99,94,117,132,105,112,102,85,80,53,74,96,53,56,68,46,38,63,94,68,60,49,51,46,46,58,56,71,77,56,49,51,35,36,42,46,65,71,68,65,77,80,77,60,65,60,58,56,58,44,46,65,58,56,56,71,63,49,60,46,49,30,36,38,53,53,49,56,40,40,29,29,28,30,49,40,32,30,28,28,35,49,56,58
82,68,57,48,57,88,129,132,105,68,44,21,10,5,5,4,3,3,2,1,2,2,2,1,1,2,3,3,3,3,1,1,1,1,2,3,3,3,3,3,3,3,1,1,3,2,2,4,3,2,1,2,1,1,3,3,2,1,1,2,1,3,3,3,3,1,2,1,2,1,3,3,1,1,1,2,1,1,1,3,2,2,1,2,2,1,1,2,1,1,2,3,4,3,3,4,2,1,3,1,3,1,1,2,3,3,3,3,2,1,1,1,1,1,2,2,3,1,3,2,2,2,1,1,2,1,2,3,3,1,2,2,2,2,2,3,2,1,1,2,3,3,3,3,1,1,1,1,2,2,1,2,2,3,3,3,3,1,1,2,1,1,3,1,2,1,3,1,2,1,1,1,1,3,2,2,2,3,3,1,1,2,5,15,29,38,18,3,1,0,1,1,2,3,5,4,1,1,1,1,4,2,10,21,44,60,32,22,10,1,5,15,30,48,80,26,21,11,15,25,58,74,80,93,82,65,68,60,93,105,93,82,102,146,184,181,151,126,120,146,109,51,44,46,49,42,53,55,60,63,71,80,74,46,32,32,44,126,164,132,148,169,96,82,105,132,112,77,94,114,96,85,74,58,68,56,58,80,63,36,42,44,42,36,49,58,49,51,60,56,56,56,35,40,68,82,65,51,44,58,53,53,53,68,65,63,80,94,96,71,56,53,58,63,77,63,44,56,63,60,51,53,44,51,56,65,58,46,32,32,32,36,40,44,38,46,40,29,32,22,25,36,51,44,38,33,32,40,42,49,51
88,68,68,68,77,93,123,57,25,19,15,4,5,2,2,1,1,1,2,2,3,2,3,3,3,3,3,3,3,3,1,1,1,2,2,2,1,3,4,4,2,3,2,1,2,2,3,3,1,1,1,1,1,2,3,3,2,1,1,2,2,1,3,3,2,1,1,2,1,2,3,3,2,1,1,1,2,2,2,3,1,2,1,2,2,2,2,1,1,1,1,3,3,4,1,2,2,2,1,1,2,2,2,2,2,4,2,2,2,1,1,1,1,1,2,2,2,2,3,2,1,2,1,1,1,1,2,3,2,2,1,1,2,1,3,3,2,1,1,2,3,3,2,2,2,1,1,1,1,2,1,1,2,4,4,3,2,3,3,3,2,1,1,1,2,1,1,1,2,1,1,2,4,3,1,1,2,1,2,3,1,3,5,7,23,42,26,6,1,1,1,2,2,3,5,3,1,1,1,1,1,6,25,33,36,58,36,17,4,3,14,32,65,55,25,15,17,22,44,42,58,60,60,77,63,60,82,68,80,65,91,71,143,159,204,179,129,112,85,112,82,44,71,58,51,60,77,96,60,71,77,96,51,53,49,42,25,71,154,96,109,169,99,112,109,94,99,85,77,77,71,82,96,77,65,51,65,58,44,60,38,40,58,56,46,71,80,83,68,56,33,22,22,36,74,60,60,58,42,42,53,63,71,74,71,49,74,94,77,74,68,63,53,63,68,88,61,56,63,58,65,51,40,49,58,58,68,51,42,32,29,29,44,36,40,44,33,29,25,25,22,32,49,40,42,40,38,35,44,44,44
99,88,99,74,74,44,19,15,5,3,4,5,1,1,2,1,1,1,2,3,3,3,2,3,3,1,2,2,3,3,1,1,2,2,2,2,1,3,5,4,3,2,1,1,1,3,3,1,1,1,1,1,2,3,3,1,2,1,1,2,2,1,2,3,1,2,2,2,3,3,1,3,2,2,3,3,2,1,3,3,2,2,2,2,1,2,1,1,1,1,1,3,2,3,2,2,1,1,2,2,1,1,2,2,2,3,1,1,1,2,2,1,1,1,2,3,3,1,2,3,2,1,1,1,1,1,1,2,3,1,1,1,1,3,3,1,1,1,2,1,4,4,2,2,1,1,1,1,2,1,2,2,1,4,4,3,1,3,3,3,2,2,1,1,1,1,1,0,1,1,2,4,6,8,5,7,3,3,4,2,3,3,4,4,8,15,18,18,8,4,3,3,1,1,4,4,1,1,0,1,3,13,33,26,20,20,15,5,6,15,32,44,29,18,15,18,35,63,105,65,44,44,42,55,74,74,88,123,58,53,93,96,186,161,157,161,120,93,51,55,74,68,105,96,63,91,93,93,58,68,68,63,49,56,63,42,23,33,117,91,94,137,85,137,105,112,112,91,71,71,65,42,46,63,58,38,42,88,105,51,36,51,58,91,96,114,114,114,94,74,35,21,23,33,60,56,56,53,51,56,56,60,85,63,60,53,60,71,68,65,65,63,68,83,88,65,58,58,58,74,51,58,61,61,68,74,71,63,51,46,38,35,38,36,35,29,30,30,32,32,29,26,38,44,38,46,33,35,51,42,28
77,57,48,33,18,13,6,4,2,1,3,2,1,1,1,1,1,1,3,3,3,3,2,2,2,1,1,1,3,3,2,1,2,1,1,1,2,3,4,5,2,1,1,1,2,3,3,3,2,1,0,1,2,3,2,2,2,2,2,2,2,1,2,3,2,2,1,2,3,2,2,3,2,3,3,1,1,2,3,2,2,1,2,2,2,2,1,1,2,2,2,3,3,3,2,1,1,1,2,2,1,1,1,2,2,1,1,1,1,1,3,2,1,1,3,3,1,1,1,2,1,1,1,1,2,1,1,2,3,3,1,1,1,2,1,2,1,1,2,2,3,4,2,1,2,1,2,1,1,1,2,2,2,3,3,3,4,4,4,2,2,2,2,2,1,1,1,1,1,1,4,15,19,21,26,19,13,11,18,11,6,5,3,4,4,3,8,25,25,8,3,2,2,2,3,4,3,2,1,1,3,10,23,25,16,10,5,7,18,25,30,22,17,17,21,40,58,71,85,68,40,40,40,53,99,85,77,109,68,55,93,123,164,161,123,157,112,82,49,46,68,85,105,112,77,88,80,74,58,65,44,56,51,44,53,42,22,30,96,102,96,99,109,96,71,85,99,77,38,42,42,26,29,35,22,23,38,151,105,71,38,56,99,88,102,83,135,137,74,42,28,30,44,60,53,71,53,63,51,71,65,63,63,53,53,65,56,58,65,61,63,56,74,68,61,74,58,71,63,53,61,53,65,61,61,63,46,51,56,53,53,49,40,42,42,44,35,35,38,42,40,38,36,42,36,38,40,51,51,35,32
21,15,5,5,3,1,2,1,1,1,2,3,3,2,3,2,1,1,1,3,3,2,3,2,2,1,1,1,3,3,2,3,2,2,1,1,3,2,4,3,1,1,2,2,1,3,2,4,3,1,1,1,3,1,1,1,3,3,2,2,3,3,1,2,2,2,1,2,1,3,3,3,3,3,2,1,1,1,2,1,2,1,1,1,2,2,1,1,1,2,2,2,2,2,1,1,1,1,2,2,2,2,1,1,1,1,3,2,1,2,5,3,1,1,3,2,1,1,3,3,1,1,2,2,2,1,1,1,3,3,1,1,1,1,2,4,1,3,3,3,2,2,2,2,3,3,1,1,1,2,2,1,2,1,3,4,4,3,3,1,1,1,2,1,1,1,1,1,1,2,8,22,44,55,68,46,32,36,74,30,15,5,2,1,1,2,4,15,21,14,5,3,1,1,4,5,3,2,1,1,1,5,21,19,10,4,4,18,22,17,18,19,22,38,55,44,60,71,68,68,53,30,49,58,58,71,71,80,80,68,102,123,135,143,120,102,71,65,65,53,58,65,94,102,114,82,65,80,80,56,60,68,53,49,53,51,38,46,60,82,85,88,68,30,22,28,38,35,22,25,32,23,23,29,19,19,33,105,137,65,33,44,71,63,40,51,35,40,28,20,25,58,94,88,58,53,56,65,60,49,60,68,80,63,36,61,83,42,68,44,53,56,61,53,65,88,65,58,77,58,46,63,63,53,49,61,53,44,58,61,53,56,46,36,49,58,65,61,56,46,49,40,29,36,36,40,56,53,44,35,36
5,3,1,1,1,1,1,1,1,2,3,2,3,3,2,3,2,2,1,1,3,3,3,2,1,1,1,2,3,4,3,3,2,2,1,1,3,3,3,2,1,1,1,1,2,3,3,3,3,2,1,1,2,1,1,1,2,3,3,2,3,3,2,1,2,2,1,2,1,2,2,3,3,2,1,1,1,2,1,1,2,1,3,2,3,2,1,2,2,2,1,1,1,1,1,2,1,2,3,3,2,1,1,2,2,2,3,3,2,2,3,4,1,1,2,3,1,1,3,3,1,1,2,2,3,1,1,1,2,2,1,1,1,1,2,4,2,1,2,3,3,3,2,2,1,3,1,1,1,2,1,1,1,2,3,3,3,3,1,1,1,1,2,1,2,1,1,1,2,3,15,33,74,74,65,65,55,58,82,51,17,3,3,1,1,1,1,5,8,8,5,3,1,2,4,5,4,4,1,1,3,8,18,17,6,10,25,33,25,18,21,33,55,36,65,51,63,71,71,74,60,38,38,42,33,53,58,42,65,96,93,93,109,99,85,80,58,55,55,49,44,42,71,120,114,102,96,114,82,49,74,88,77,80,60,40,42,51,53,74,109,60,32,18,10,14,16,16,15,18,20,18,20,22,16,11,22,63,91,51,25,19,28,29,25,15,8,7,15,22,42,68,94,88,65,44,77,61,65,42,51,74,65,58,63,56,56,61,53,56,68,32,77,61,61,65,74,68,58,63,88,68,53,56,53,51,36,58,63,51,51,58,49,49,51,46,74,74,42,42,46,44,38,30,42,46,46,65,51,42,40
2,1,1,1,2,2,2,2,1,1,2,5,3,3,2,3,2,2,2,2,1,1,2,1,1,2,2,1,3,4,4,3,1,2,1,1,3,3,2,2,1,1,2,1,2,3,3,2,3,2,2,1,1,1,1,1,2,4,4,3,3,2,3,1,1,2,2,1,2,2,2,1,1,2,2,2,3,1,2,2,1,1,3,3,3,2,3,3,2,2,1,1,1,1,2,2,1,4,2,3,3,3,2,1,3,2,2,3,3,3,3,2,1,1,2,2,2,1,1,1,2,1,3,3,3,3,1,1,1,1,1,1,2,2,1,1,2,2,2,2,2,1,1,1,4,4,1,1,3,3,3,1,2,1,1,1,1,1,1,1,1,1,2,3,1,6,4,3,4,14,22,58,80,63,48,53,53,65,42,44,11,2,2,2,1,1,1,1,3,2,1,3,3,3,1,3,4,3,1,1,3,10,18,29,32,44,71,55,22,32,53,58,71,60,46,68,49,55,60,68,55,44,46,49,36,38,33,33,71,85,65,80,77,49,44,65,53,40,36,38,40,49,60,96,109,112,123,105,91,82,88,91,80,60,29,22,28,53,74,102,135,82,36,18,5,3,4,4,5,13,16,18,18,17,13,15,20,28,42,25,17,5,6,14,14,7,4,4,5,19,38,60,102,91,63,56,58,51,49,65,46,42,65,77,71,51,35,35,38,53,56,68,42,51,77,61,88,71,61,74,65,65,58,68,56,46,49,42,56,77,63,49,40,49,40,56,61,42,33,32,38,38,35,32,42,49,38,44,53,61,42
1,1,1,1,1,2,3,3,1,1,2,3,3,1,2,3,1,1,1,2,1,1,1,3,3,2,2,1,3,4,3,4,3,1,1,1,1,1,1,2,1,2,1,1,1,3,1,3,2,1,2,1,1,1,1,1,3,4,4,4,3,1,1,3,3,2,1,1,2,1,2,1,2,1,3,3,4,4,2,2,1,1,4,3,3,2,3,2,2,2,1,2,1,1,2,2,2,3,2,3,3,3,1,1,3,2,3,4,3,2,2,1,1,1,2,1,3,1,1,1,2,2,2,3,3,3,2,1,1,1,1,3,3,1,1,2,1,1,1,2,1,1,1,1,2,3,2,2,3,3,1,1,2,1,1,1,1,1,1,2,1,2,3,6,16,26,20,15,14,26,53,53,58,53,38,44,58,63,40,22,5,2,1,4,2,2,1,1,1,1,1,3,3,1,2,2,3,4,3,3,8,19,51,80,65,58,51,40,40,53,77,55,93,80,80,46,38,44,53,58,80,99,85,53,42,44,42,46,44,55,71,74,38,38,30,28,38,38,36,42,53,65,56,56,85,88,91,96,146,148,80,33,22,21,17,18,33,74,68,74,129,140,56,22,6,2,1,4,13,17,20,20,16,13,18,22,17,18,28,20,7,2,3,5,13,13,13,7,5,18,36,71,94,94,68,63,56,53,63,61,49,40,56,71,56,36,36,40,38,46,68,58,53,58,68,68,88,80,68,58,63,61,51,65,56,46,53,46,56,63,46,49,40,49,58,44,46,29,30,30,53,49,28,36,53,58,46,40,36,49,63
2,2,1,2,1,2,3,3,3,2,3,4,1,1,2,4,1,1,2,1,2,3,4,3,4,3,1,1,2,3,4,4,3,3,2,2,1,1,1,2,1,2,1,1,3,1,2,3,2,1,2,2,2,2,1,2,3,3,3,3,1,1,3,3,3,2,2,2,1,2,2,2,2,1,2,3,4,3,1,1,1,2,4,5,2,1,1,1,2,1,2,2,1,1,1,1,1,2,2,3,3,2,1,1,2,3,2,2,3,3,2,1,1,1,1,3,3,3,1,1,3,3,2,2,2,3,3,2,1,2,1,3,1,2,1,1,1,1,1,1,3,3,1,2,1,2,1,1,3,3,1,1,2,1,1,1,1,1,1,3,2,2,6,29,63,74,40,26,25,36,60,51,42,38,46,51,60,65,35,11,3,3,3,3,4,2,1,1,2,3,3,3,3,3,1,1,2,5,4,11,25,65,74,55,28,25,33,46,58,55,85,71,109,85,82,38,22,26,42,46,99,117,88,65,53,38,35,40,25,53,36,60,35,42,22,26,40,36,36,63,77,58,32,33,44,65,80,82,154,129,68,16,7,8,8,14,28,60,56,53,60,60,22,15,5,2,3,14,28,29,23,25,18,17,22,19,10,6,19,19,5,3,3,8,14,15,13,6,15,23,46,77,91,74,63,71,61,53,58,46,49,56,46,44,44,51,40,44,56,56,56,58,61,58,68,80,80,80,63,61,68,56,49,71,63,42,38,56,44,49,35,46,53,49,53,49,36,38,44,53,65,46,26,35,74,51,53,58,53,46,36
2,3,3,1,1,2,4,3,2,1,1,1,1,1,3,1,1,1,1,2,3,3,4,5,4,3,1,1,1,1,2,3,3,3,2,2,1,1,2,2,3,2,1,1,1,1,3,1,2,2,1,2,3,3,2,2,2,3,3,3,2,2,3,3,2,2,2,2,2,2,2,2,1,2,2,3,3,3,1,1,2,3,4,5,3,2,1,1,2,3,3,1,1,1,1,1,1,1,3,3,2,2,1,1,1,2,1,1,3,3,2,2,2,1,2,2,5,3,2,2,3,3,1,1,2,3,3,2,1,1,1,1,2,2,1,1,1,1,2,1,3,3,2,1,1,2,1,1,3,3,1,1,1,1,2,1,1,1,1,2,1,2,15,40,74,120,29,21,35,42,42,46,42,38,42,65,63,55,25,6,2,2,3,3,3,2,1,2,3,4,3,1,3,3,1,1,4,8,15,35,65,42,25,21,22,30,40,46,58,55,71,80,82,91,77,42,25,33,74,74,77,82,91,85,53,40,30,35,29,29,26,44,35,36,28,44,80,42,35,63,65,38,32,19,18,28,68,65,82,71,38,15,5,4,8,8,19,25,28,21,18,15,13,5,5,10,16,25,33,19,20,36,21,18,20,10,5,3,11,15,4,3,3,6,8,5,6,17,36,49,56,77,85,58,85,71,61,61,63,49,46,65,51,51,42,42,46,51,61,68,71,74,77,63,65,80,71,68,65,65,63,61,65,65,56,53,49,40,44,40,42,38,53,74,74,51,44,44,65,49,38,33,42,58,77,56,46,46,36,49,42
2,3,2,2,1,1,4,4,1,1,2,2,2,4,1,1,1,1,1,2,4,4,2,2,3,3,1,1,2,2,1,1,2,3,2,3,1,2,1,2,4,2,1,2,3,3,3,2,1,2,2,2,3,2,1,1,1,2,3,2,3,1,2,1,1,1,1,1,2,2,2,1,1,2,1,1,2,2,2,2,1,3,4,4,4,2,1,1,2,2,1,3,2,1,2,2,2,2,2,1,2,2,1,1,1,3,3,3,3,1,3,3,2,1,1,1,3,2,2,1,3,1,2,1,1,2,3,1,3,3,1,1,1,1,1,1,1,2,2,3,2,2,3,1,1,1,1,2,3,3,1,1,1,1,3,3,2,1,1,2,1,1,7,18,48,44,21,20,35,40,44,38,44,51,60,91,93,30,10,3,2,1,1,3,5,5,1,1,1,1,3,3,1,1,1,3,6,20,53,93,40,17,15,19,30,60,71,53,44,82,99,77,85,120,117,109,65,60,91,99,91,114,109,82,65,53,32,38,36,33,32,38,30,38,51,65,68,53,36,36,56,63,32,18,11,17,33,46,22,18,15,5,4,8,8,6,10,15,14,7,8,16,18,5,14,33,65,42,21,15,18,33,30,18,17,13,6,4,11,13,6,6,5,4,7,6,14,36,83,63,77,65,85,68,80,63,71,61,53,56,56,58,63,49,38,36,40,51,63,77,65,68,85,83,63,61,58,58,74,71,68,65,65,77,65,51,56,44,44,49,44,51,61,58,63,49,35,49,65,49,33,40,65,51,51,51,63,61,49,40,49
2,3,2,1,1,1,4,5,1,1,2,2,3,3,1,2,1,1,1,1,5,3,2,1,4,4,2,2,2,1,2,1,1,2,3,3,1,2,2,2,1,1,1,3,2,3,2,2,1,1,1,2,3,3,1,2,1,1,2,4,3,1,2,2,2,1,2,1,1,2,1,2,3,1,1,1,2,2,2,3,3,3,4,3,3,1,1,1,2,3,3,3,2,1,1,2,2,2,1,1,2,1,1,2,3,3,3,3,2,3,3,2,3,2,1,1,2,2,3,2,3,2,2,1,1,1,3,3,3,3,1,1,1,1,1,1,2,2,3,2,3,3,1,2,1,1,1,1,1,3,1,1,1,2,3,1,1,2,2,1,1,1,2,4,18,22,22,33,53,44,44,35,44,55,74,85,35,18,4,2,1,3,3,4,4,10,6,4,1,2,3,6,5,4,1,5,15,51,99,60,20,18,22,30,71,120,117,71,58,137,123,93,80,114,161,181,123,65,82,120,112,123,120,80,68,56,33,33,56,40,40,40,40,44,44,53,63,49,36,38,91,109,60,30,16,7,18,28,18,7,8,7,7,7,6,4,5,5,3,5,15,29,32,18,21,53,63,51,22,13,14,19,25,16,13,19,15,4,16,18,17,18,7,4,8,15,21,30,46,56,117,68,71,80,61,63,71,58,53,61,61,65,63,51,35,30,44,53,77,65,56,58,83,85,63,42,46,49,83,88,94,53,68,65,63,49,56,49,40,42,44,46,49,63,56,53,58,56,68,51,43,45,43,61,65,47,51,68,51,38,47
3,2,1,1,2,3,5,5,1,2,1,3,3,2,1,2,1,1,1,1,2,2,1,1,3,3,2,1,1,2,1,3,2,2,1,1,1,2,2,4,2,1,2,1,2,1,1,2,2,1,1,2,1,2,1,1,1,2,5,4,3,3,2,2,2,1,2,1,2,1,2,3,4,2,1,2,2,2,3,3,3,3,3,2,3,1,1,1,1,2,3,3,2,1,1,2,2,1,1,2,1,1,2,3,4,3,3,3,1,2,3,3,3,3,1,1,1,2,3,1,2,3,1,1,1,1,2,2,2,3,3,3,1,2,2,1,1,3,3,3,2,2,1,1,1,1,1,2,3,1,1,1,2,3,3,1,3,2,1,2,1,1,1,2,4,17,36,74,60,65,53,55,68,60,32,19,15,15,4,1,3,1,3,3,5,18,22,8,1,1,2,11,25,25,8,6,21,58,49,22,19,35,46,85,112,139,137,117,93,137,146,140,91,137,172,203,123,88,71,60,58,68,96,96,88,68,38,28,36,42,56,60,60,65,68,68,63,49,44,74,105,129,102,40,15,5,6,14,15,8,4,3,4,4,4,7,11,5,2,4,16,28,40,46,44,35,33,44,23,8,13,21,22,15,14,21,19,8,25,33,38,25,5,4,8,15,17,18,23,61,94,91,71,80,53,58,68,68,71,71,65,74,65,63,38,42,53,51,71,38,46,56,71,80,65,42,42,56,83,88,94,46,65,61,53,49,49,68,46,49,46,40,40,51,58,51,61,58,58,47,35,40,56,68,77,49,47,53,49,43,38
2,2,1,1,2,3,4,5,3,3,3,3,3,3,3,3,1,2,2,3,2,1,1,1,2,4,1,1,2,1,1,1,1,1,1,2,1,1,4,2,2,2,2,3,2,2,1,1,3,1,3,2,2,1,1,1,1,2,3,2,3,2,2,2,2,1,2,1,3,1,3,3,1,2,3,3,2,1,2,1,2,3,2,1,3,2,2,2,1,1,1,1,1,1,1,2,3,2,3,3,1,3,3,3,4,3,3,2,1,1,3,3,4,2,1,1,1,2,3,2,3,3,1,1,1,1,1,1,1,3,3,3,3,3,2,2,1,3,2,3,2,1,1,1,1,2,1,1,2,2,2,2,2,3,3,2,2,3,2,1,1,1,1,1,4,13,44,74,74,71,65,82,58,23,11,5,8,15,6,6,6,11,4,4,4,15,11,5,3,1,1,14,36,65,15,10,25,55,25,22,33,68,82,88,77,88,132,88,85,126,114,159,154,143,132,164,93,68,38,22,38,71,74,96,80,68,40,30,23,51,77,68,88,88,93,58,30,38,46,53,94,117,65,20,5,3,3,5,10,7,4,5,5,6,16,23,30,19,8,11,15,15,32,82,68,42,29,28,15,5,18,46,20,11,14,17,18,15,19,40,58,19,7,5,10,11,11,15,22,35,56,112,83,65,56,61,71,68,71,74,63,68,61,58,46,49,46,56,42,38,44,53,65,85,74,53,49,51,63,85,77,51,56,65,51,53,51,63,53,51,43,40,65,53,65,45,56,77,43,47,38,56,68,58,68,53,53,38,51,43,51
1,1,1,2,2,3,5,5,3,3,2,3,2,3,2,3,1,1,4,4,3,1,2,1,1,1,2,2,1,2,1,1,1,1,2,3,3,3,3,3,1,1,1,3,3,1,2,2,1,3,3,2,2,2,1,2,2,1,1,1,1,2,1,2,2,2,2,4,1,2,3,3,3,2,1,2,2,1,1,1,4,1,2,2,3,3,3,1,1,1,1,1,2,2,1,1,3,3,4,3,3,1,4,3,3,2,2,2,3,3,1,4,4,4,2,1,3,1,2,3,2,1,1,1,1,1,1,1,3,3,4,2,2,3,2,1,1,3,2,3,2,1,1,1,1,1,1,2,3,3,3,3,2,2,3,3,3,3,3,3,3,2,1,1,2,14,30,74,88,96,60,40,19,6,1,2,5,14,36,53,35,21,6,3,2,3,4,3,1,1,1,4,23,29,22,18,25,22,26,29,65,82,82,53,36,65,88,93,77,74,93,214,184,135,51,74,53,33,25,19,42,93,71,49,49,71,44,33,26,46,74,77,91,88,36,18,16,25,38,33,40,32,17,6,3,1,3,8,16,29,26,29,19,17,28,44,74,51,38,23,15,14,35,63,32,26,36,23,13,14,23,25,10,5,14,13,15,18,19,30,46,17,4,8,16,15,16,21,23,32,71,114,83,58,65,65,68,71,65,68,74,71,58,61,44,36,44,49,51,58,46,36,51,68,83,65,44,44,63,74,58,58,47,49,51,56,58,65,63,61,61,47,53,49,49,56,56,58,43,61,80,71,65,58,61,58,58,65,49,49,58
1,1,1,1,2,4,5,4,3,1,2,3,2,1,2,3,1,1,5,4,1,2,3,3,2,1,2,1,2,1,3,2,2,2,3,2,3,3,1,1,2,1,3,3,1,3,3,2,2,3,3,2,1,1,2,2,1,1,1,1,1,1,1,2,2,2,2,2,2,1,3,3,2,3,3,1,1,1,1,2,2,3,2,2,2,2,1,2,1,1,1,1,3,3,1,2,4,3,4,4,3,2,2,3,3,1,1,1,2,3,1,2,2,5,1,1,3,3,2,3,2,1,1,1,2,2,2,2,3,3,3,1,3,3,2,2,2,2,3,3,2,1,1,1,1,1,2,2,3,3,2,2,1,2,1,2,3,3,2,3,3,1,1,1,1,5,18,29,44,33,22,18,6,1,1,1,3,18,53,65,63,25,5,2,3,1,1,1,1,1,1,3,10,18,19,18,20,18,29,53,123,99,91,96,65,58,85,117,132,88,194,216,105,53,30,46,38,30,26,25,33,46,56,36,40,80,82,56,40,36,85,94,77,56,15,5,8,17,21,19,16,8,7,3,1,2,6,15,25,56,82,68,30,26,53,46,46,77,74,26,15,14,25,32,22,28,44,32,28,22,16,13,4,7,18,18,19,18,21,25,25,19,5,5,19,23,26,35,33,42,65,68,71,63,63,65,71,58,58,65,61,63,53,44,35,35,38,44,74,63,42,40,46,46,61,77,58,45,49,51,45,51,43,36,61,63,56,61,74,80,68,47,43,45,53,61,58,58,61,65,80,83,63,49,53,40,56,85,49,71,53
1,1,1,1,3,3,4,1,1,1,3,4,2,1,1,2,1,1,3,4,2,3,3,3,3,1,2,1,2,3,4,3,3,3,3,1,3,3,1,1,2,3,3,3,3,2,3,3,3,3,4,2,1,1,1,2,2,2,1,1,1,1,1,2,2,3,3,1,1,1,1,2,3,1,2,2,2,3,3,3,2,2,4,2,4,3,2,1,1,1,2,3,4,4,1,2,3,4,4,2,1,1,2,2,2,1,0,1,4,4,1,1,3,3,2,1,3,4,2,1,1,1,1,1,2,1,2,2,2,4,2,2,3,3,3,2,2,1,2,3,3,1,1,1,1,3,1,1,1,3,2,1,1,1,2,3,3,2,2,2,1,1,1,2,3,2,3,8,14,8,4,3,5,3,1,1,3,11,30,74,40,15,4,2,1,1,1,1,1,1,4,6,15,16,15,15,19,25,42,71,105,120,159,186,161,132,159,186,186,184,222,154,53,82,58,35,46,32,30,25,38,49,63,42,35,102,91,56,36,77,96,102,68,25,14,8,6,6,6,4,4,4,6,4,4,10,28,42,63,65,82,58,33,32,49,28,19,40,80,38,16,5,22,22,28,25,35,22,18,15,11,4,6,18,30,23,18,20,10,16,15,16,14,14,17,25,49,40,38,44,63,51,77,58,58,61,74,56,44,51,49,65,63,42,38,36,33,38,53,61,49,53,49,36,61,83,80,43,33,43,45,49,43,47,63,61,61,68,80,77,58,51,51,53,51,63,63,63,71,74,68,63,47,43,38,35,47,61,77,77,58
1,1,1,2,1,3,3,3,1,1,3,3,2,1,1,2,1,2,3,3,2,2,3,3,3,1,2,1,2,3,2,3,4,2,3,3,3,2,1,1,1,3,3,3,3,2,3,2,3,3,3,2,1,1,1,2,2,1,1,1,1,1,1,3,3,2,3,1,1,1,1,2,3,3,2,2,2,3,3,1,1,2,1,3,4,4,1,1,1,1,2,3,4,5,1,1,5,4,3,1,1,1,2,2,1,1,1,1,4,4,1,1,1,3,2,2,3,2,2,2,2,1,1,1,1,2,2,1,2,3,3,1,1,1,1,2,1,2,2,3,3,2,1,1,3,4,1,1,2,2,1,1,1,1,2,2,2,3,2,1,1,1,2,4,1,1,2,3,2,1,1,1,3,2,1,1,3,3,16,25,18,5,3,2,1,1,1,1,1,4,15,25,29,20,13,14,22,85,184,194,179,179,213,218,208,198,210,213,199,204,198,112,58,85,71,40,63,44,26,35,53,65,58,40,49,63,53,71,88,123,112,91,53,22,13,5,3,3,4,5,6,11,14,19,22,33,91,58,71,63,53,44,35,33,38,28,17,23,61,53,20,8,19,25,23,17,18,15,19,20,15,17,25,44,25,23,14,13,14,8,15,21,23,22,20,25,36,30,46,56,51,68,44,63,68,61,65,58,44,42,46,68,74,49,53,38,36,45,40,58,56,47,35,43,68,68,61,40,40,36,43,49,61,58,58,68,74,83,68,68,58,61,63,49,53,71,65,63,68,65,56,61,56,40,30,36,38,45,61,58,61
1,1,1,1,2,1,3,2,2,2,1,3,1,1,2,2,3,3,3,2,3,2,3,3,1,1,2,2,3,2,1,1,4,1,3,2,1,2,1,1,3,3,2,3,3,3,3,3,3,1,2,1,1,2,1,1,2,2,1,2,1,1,2,2,3,3,3,2,1,1,1,1,3,3,2,3,3,2,1,1,1,2,2,3,3,4,1,1,1,1,1,3,5,4,4,3,3,2,3,1,1,1,2,3,2,1,1,2,2,2,1,1,2,1,2,3,1,1,2,5,3,2,1,1,1,2,1,3,3,3,1,3,1,1,2,1,3,3,3,3,2,1,1,1,4,4,1,1,1,1,1,1,1,2,1,3,2,3,1,1,1,1,2,3,2,2,2,2,1,1,1,1,2,3,1,1,1,4,1,5,4,4,3,3,1,1,1,1,3,19,58,77,29,17,5,15,49,226,252,237,216,235,242,243,226,198,204,192,201,228,196,91,46,42,51,63,77,38,25,44,58,68,58,38,40,58,71,96,123,123,88,46,22,7,1,1,1,3,15,23,28,44,65,65,80,91,65,49,49,42,36,33,40,42,44,40,26,28,46,74,38,15,15,14,18,15,18,20,28,30,28,33,53,40,19,25,18,13,14,16,20,25,32,28,40,28,25,21,40,58,58,38,61,61,65,51,56,53,42,35,35,53,74,63,46,58,44,42,40,46,44,40,36,53,61,51,56,42,40,45,58,74,68,83,68,68,85,77,83,68,74,63,61,61,77,80,61,49,43,53,65,88,97,56,35,43,43,49,38,35,53
1,2,1,1,2,1,2,3,3,2,2,2,2,2,3,3,3,3,2,2,2,2,3,2,1,2,2,2,3,3,2,1,2,3,3,2,1,2,2,1,3,3,2,2,2,2,2,2,1,2,1,2,3,3,1,1,2,2,1,2,2,1,2,1,2,2,1,2,2,1,1,1,2,4,3,3,3,2,1,1,1,3,1,3,3,4,2,2,1,1,1,2,4,4,3,2,3,1,3,2,2,2,3,4,3,2,2,2,3,3,1,1,2,2,3,1,1,2,3,4,3,1,1,0,1,1,2,3,3,1,3,3,1,1,2,2,3,2,3,2,1,2,1,2,4,4,1,1,1,1,3,2,1,2,2,3,3,3,1,1,1,1,4,1,1,2,3,1,1,1,1,1,3,3,2,1,1,2,1,1,2,3,3,1,1,1,1,1,14,51,77,30,21,18,16,20,120,203,240,240,242,243,232,216,167,114,167,190,192,206,161,146,36,44,42,74,68,32,28,68,88,71,60,35,42,68,80,99,74,44,26,19,7,2,1,1,2,10,35,58,42,71,94,91,85,71,38,44,44,33,32,32,49,51,49,53,63,53,42,51,33,19,11,4,10,15,26,40,56,49,42,40,38,30,22,23,22,16,19,28,25,23,30,40,35,29,28,25,25,30,51,46,63,53,58,35,49,44,46,33,36,40,53,51,58,77,45,40,43,43,63,65,43,45,51,53,58,47,45,56,51,58,83,88,77,56,71,77,74,61,68,63,74,68,80,77,51,38,35,61,71,77,83,56,40,38,47,65,43,35,51
2,1,1,3,3,3,1,3,3,2,1,1,2,2,3,2,2,2,1,1,2,3,3,3,2,2,2,1,3,2,1,1,2,3,3,3,1,2,1,1,2,3,3,2,2,2,1,1,1,1,2,2,3,2,2,2,2,2,2,1,1,1,1,1,2,2,1,1,1,1,1,1,3,3,2,3,4,1,2,2,2,3,2,1,5,4,1,1,1,1,2,3,2,2,4,2,2,2,3,3,2,2,3,3,3,4,3,3,2,2,1,1,2,2,4,4,1,1,3,2,2,2,1,1,2,3,3,2,1,2,2,2,1,1,2,2,1,3,2,2,1,2,2,3,3,2,2,1,1,1,3,3,2,1,1,2,3,3,1,1,1,1,3,3,1,3,3,3,2,1,1,2,1,2,2,2,3,2,1,2,1,2,3,1,0,1,2,7,33,58,40,22,23,21,46,58,137,192,214,203,223,224,154,132,123,123,140,135,140,120,112,46,65,80,74,71,65,77,44,51,82,71,56,56,65,58,49,26,22,19,15,15,4,3,4,4,15,28,65,58,36,40,99,83,49,49,32,29,38,32,36,32,36,42,53,51,61,53,30,19,18,17,7,5,5,15,30,36,33,28,29,32,19,19,25,25,25,20,15,20,23,22,22,20,35,51,40,29,22,28,56,56,56,45,49,35,47,26,38,40,28,29,43,63,63,49,49,53,43,58,68,51,45,43,53,53,45,40,35,30,30,49,61,77,94,77,61,88,58,65,56,61,61,61,68,53,47,47,40,56,61,49,51,35,38,43,68,58,65,45,41
2,1,1,3,4,4,2,1,2,2,1,1,2,3,3,2,3,2,1,1,2,3,1,3,1,2,2,1,2,2,1,1,2,3,3,1,2,2,2,2,2,2,2,1,2,2,1,2,1,2,1,1,2,2,2,1,2,3,3,3,2,1,1,1,1,3,2,1,1,1,2,3,3,2,2,3,2,3,2,1,2,2,2,3,4,3,1,2,2,1,2,1,1,1,2,2,1,2,3,2,3,3,3,2,3,4,3,1,2,1,2,2,2,2,4,4,4,1,2,2,2,1,1,1,2,2,3,3,2,1,1,1,4,2,1,2,2,1,2,2,1,1,2,3,2,2,3,2,1,1,3,3,2,2,1,1,3,3,1,2,1,2,3,3,2,3,3,3,3,3,1,2,1,2,2,2,1,2,2,3,2,1,3,2,1,1,8,22,51,29,19,25,29,35,88,93,120,96,176,114,154,179,137,117,123,120,120,114,135,109,71,28,49,117,109,42,63,68,65,71,85,63,46,49,44,26,20,15,18,17,19,10,5,4,16,23,40,56,56,65,38,21,46,49,44,49,49,29,26,25,28,25,23,32,38,38,25,35,36,20,14,10,8,4,4,7,20,18,13,14,19,22,16,22,32,29,23,18,13,16,29,30,22,20,22,40,49,40,28,21,30,40,33,35,26,26,26,32,45,53,43,35,43,61,61,56,68,51,45,40,49,45,49,45,49,45,38,51,38,32,29,29,43,53,53,65,74,68,77,71,58,56,53,65,51,49,58,63,58,56,58,58,56,36,40,56,80,56,74,77,51
3,3,3,3,4,4,3,1,1,1,2,1,2,3,3,3,3,1,1,1,3,3,2,2,2,1,2,3,1,3,2,2,3,2,1,2,3,3,1,1,2,2,1,1,1,1,2,3,2,3,2,1,2,2,2,2,1,3,3,3,3,2,2,2,2,3,3,2,2,3,4,4,3,3,3,2,2,3,1,2,1,2,3,4,1,3,2,2,1,1,1,1,1,1,1,3,3,3,1,4,1,3,3,1,3,3,2,1,1,1,2,2,1,3,3,3,3,2,1,1,1,2,3,3,2,2,1,3,1,1,1,3,4,4,3,2,1,1,3,2,1,1,2,3,3,3,3,1,2,1,3,3,3,3,1,1,1,3,2,2,3,3,5,4,4,3,1,1,3,3,1,1,2,2,1,1,1,1,3,1,2,1,1,1,1,3,21,40,25,18,18,20,20,40,123,91,77,74,132,135,112,123,112,96,91,114,167,126,91,74,42,42,80,60,65,49,74,68,83,80,56,56,61,53,51,19,11,14,15,11,13,4,11,14,38,53,53,49,44,49,28,20,26,25,58,35,35,51,23,14,10,16,17,23,36,33,26,38,58,33,25,16,7,4,4,4,4,3,3,6,11,16,15,20,42,46,22,16,13,18,30,35,23,18,18,25,56,68,43,22,19,25,29,22,18,17,23,30,43,68,58,43,40,49,74,88,63,44,45,45,38,38,40,47,49,40,40,56,51,49,33,22,32,40,33,38,51,80,83,65,56,56,68,47,45,58,53,68,85,99,91,71,53,41,36,63,88,71,109,137,126
3,3,3,2,3,3,3,2,1,1,3,2,3,2,2,2,1,1,1,1,2,3,3,1,2,2,2,2,2,4,2,3,3,1,2,2,2,3,2,1,2,2,2,1,2,2,1,3,3,3,3,2,1,2,2,1,2,2,1,2,3,3,2,3,3,2,3,3,3,3,3,3,3,3,3,3,3,3,2,1,1,1,3,2,2,2,1,1,1,1,1,2,1,1,2,2,3,3,3,2,3,2,4,2,2,2,1,1,1,1,1,2,1,3,1,3,3,2,1,1,1,2,3,2,1,2,3,1,1,1,2,3,3,4,2,1,1,1,3,3,1,1,3,3,3,3,1,1,2,2,3,3,2,3,1,1,1,3,2,3,4,5,5,5,3,1,1,1,2,3,3,3,2,1,3,3,1,1,3,2,1,1,1,2,5,10,22,25,18,17,16,15,18,32,120,85,53,49,117,135,120,88,82,88,85,77,80,68,56,56,42,60,46,65,58,88,83,105,112,65,51,77,105,88,44,16,5,7,10,8,5,4,18,32,53,68,46,42,44,36,35,19,19,28,46,35,42,51,19,8,6,15,21,25,42,38,40,42,30,53,94,18,15,5,3,2,1,2,4,6,18,16,14,18,33,36,25,15,15,19,32,35,22,19,19,28,40,51,44,21,10,13,22,21,18,18,25,30,43,58,58,51,25,28,56,71,53,40,58,68,51,32,28,32,49,45,45,56,58,45,30,32,30,38,33,38,49,47,58,53,63,77,85,61,43,49,47,56,85,115,105,61,51,43,36,58,94,102,146,169,184
3,2,3,3,3,2,3,2,1,1,4,5,3,2,2,2,1,2,1,1,2,3,2,2,1,2,1,2,2,4,2,3,3,2,1,1,2,2,2,2,2,1,2,2,1,2,2,2,2,1,2,2,1,1,1,1,1,1,1,2,3,3,2,1,3,3,2,3,3,3,1,1,3,3,3,3,3,2,2,2,1,1,1,2,2,2,1,1,1,1,2,2,1,3,2,3,3,3,2,1,3,2,3,3,2,1,2,1,3,2,1,2,2,1,1,2,1,1,2,2,1,1,1,2,2,2,2,1,1,1,1,1,3,3,2,1,2,3,3,2,1,1,3,4,1,1,1,3,3,3,3,2,3,2,1,1,4,2,1,2,3,4,4,4,1,1,1,1,3,3,3,1,1,3,3,2,3,1,3,3,3,3,1,6,19,20,19,15,15,15,14,13,11,23,71,74,53,40,51,99,117,96,82,77,71,58,36,35,44,58,56,42,56,80,94,94,58,61,53,42,42,91,140,105,38,15,4,4,10,14,14,14,26,51,83,74,49,38,35,38,42,38,28,35,23,22,40,40,22,10,15,26,35,29,29,33,36,28,32,61,68,36,16,10,4,2,2,3,4,13,25,28,18,22,22,19,19,22,16,18,44,38,22,19,19,25,26,26,23,11,3,4,16,23,28,23,29,35,36,38,53,58,30,21,21,38,51,47,49,47,35,32,32,36,43,43,40,45,45,36,38,47,43,33,32,32,47,45,53,63,77,77,53,58,56,38,47,61,63,83,88,88,53,35,38,63,91,85,109,167,182
3,3,2,2,3,2,2,2,1,1,4,7,2,1,1,1,1,1,1,1,2,1,2,2,1,2,1,3,1,2,2,2,2,3,2,1,2,2,2,2,1,1,2,1,1,2,3,1,2,1,1,1,2,1,1,2,1,1,2,1,3,3,2,1,1,2,2,2,1,2,2,1,2,2,3,1,1,1,2,1,1,1,1,1,1,2,1,1,1,1,2,3,3,4,4,2,3,2,2,1,2,3,3,3,1,1,3,3,3,3,2,2,2,3,1,1,1,1,1,3,2,1,1,1,2,2,2,2,2,1,1,1,2,1,1,2,1,2,3,3,2,1,2,3,1,1,1,2,3,4,2,1,3,3,1,1,2,3,1,2,1,3,3,3,1,1,1,2,3,3,1,2,3,3,3,3,3,3,3,3,3,4,1,5,29,33,16,6,8,14,15,15,6,17,35,60,77,35,30,42,80,91,71,68,71,42,36,36,38,42,63,74,91,120,102,68,28,18,23,40,46,71,120,117,42,17,6,19,23,25,23,25,42,53,88,85,51,42,51,51,44,40,53,35,21,19,30,42,40,22,20,28,22,15,17,21,23,26,46,65,63,29,15,10,8,2,2,4,14,18,22,33,22,20,21,21,22,21,19,18,53,36,21,15,15,17,19,18,10,4,3,3,15,21,26,25,40,43,30,38,43,51,43,21,16,26,38,56,43,45,35,38,29,33,43,53,53,51,56,38,35,51,65,40,25,33,43,80,65,71,77,68,47,53,45,45,58,61,65,77,85,71,51,41,43,74,83,77,112,140,146
3,3,3,3,2,2,2,1,1,2,4,4,2,1,2,3,1,2,2,1,1,2,1,1,3,2,1,2,1,2,2,1,2,3,3,2,2,2,2,3,3,2,2,1,4,2,3,2,2,1,2,2,1,1,1,1,2,1,1,1,1,2,2,1,1,2,1,1,2,2,1,2,2,1,3,3,1,1,2,1,2,1,1,1,1,2,1,2,1,2,1,2,1,3,1,1,3,2,1,1,1,3,3,3,3,2,4,3,3,3,2,1,1,1,1,1,1,2,2,2,2,1,1,1,1,2,2,1,1,1,1,1,1,3,2,2,3,3,2,2,2,2,3,3,2,1,1,1,4,4,2,1,1,2,1,1,4,4,3,1,1,1,1,2,1,1,2,2,2,3,3,1,3,3,2,3,3,3,2,3,3,4,1,4,32,58,20,5,5,13,16,20,11,10,20,20,35,38,46,58,65,71,65,80,63,42,46,49,46,56,68,94,56,61,61,51,19,15,21,32,19,15,29,96,71,29,18,25,51,49,49,42,44,68,91,61,44,44,63,56,51,61,42,28,20,19,38,71,74,46,23,14,5,4,4,8,18,35,46,58,51,22,13,6,6,3,3,11,15,16,22,29,22,16,19,28,33,25,18,18,26,38,26,15,5,5,7,5,5,6,4,7,16,22,25,26,36,45,38,40,36,53,56,35,29,30,30,45,36,36,33,36,38,36,53,56,53,49,80,61,61,49,63,47,29,30,30,53,68,94,77,56,51,41,41,41,63,71,77,68,71,83,63,65,47,61,68,102,61,83,80
3,4,3,3,2,2,1,1,1,1,3,2,1,1,3,3,1,1,3,3,2,2,2,1,2,3,1,2,2,1,2,2,2,1,2,1,2,2,2,2,3,2,1,1,4,2,3,2,1,1,2,1,1,1,2,2,3,2,1,1,2,2,2,1,2,1,1,1,1,1,2,2,2,1,3,1,1,1,1,2,2,1,1,1,1,3,3,3,3,2,1,3,1,1,1,3,2,2,1,1,2,2,2,1,3,4,4,4,4,1,1,1,1,3,2,1,2,2,3,1,1,1,1,1,2,3,2,2,3,3,1,2,1,4,3,1,2,2,1,2,2,1,2,3,1,2,1,1,3,3,1,1,1,1,1,3,3,3,3,1,2,2,2,1,3,1,1,3,3,3,3,3,2,2,3,3,2,1,1,3,4,3,1,3,25,68,28,11,4,11,21,29,19,18,15,13,13,38,63,63,68,77,53,53,60,58,80,99,82,82,82,33,21,22,25,38,19,14,14,10,5,6,19,51,91,68,29,28,61,68,61,26,22,26,53,40,22,25,42,53,46,49,33,18,13,15,25,28,32,36,22,7,2,3,4,5,17,32,56,49,40,33,19,14,5,4,7,14,15,15,20,30,29,18,18,25,33,23,13,11,18,32,29,7,2,2,3,5,8,11,8,7,17,23,33,36,28,36,49,45,56,49,58,68,65,36,33,35,30,33,33,30,49,36,43,45,53,51,71,88,65,49,68,58,49,35,43,53,61,85,56,47,58,51,49,53,63,63,83,91,80,68,83,94,71,74,83,63,77,53,71
3,4,3,2,1,2,1,1,1,2,3,1,1,1,1,2,1,1,3,2,2,1,1,1,3,3,3,3,3,2,2,1,1,1,2,3,2,4,3,3,2,1,1,1,2,3,2,1,1,2,2,1,1,1,3,4,4,2,1,1,1,1,1,2,2,1,2,1,1,1,2,2,3,3,1,1,2,2,2,2,3,3,2,1,1,3,2,3,3,1,2,1,2,2,3,3,2,3,1,1,1,1,1,2,3,4,3,2,1,2,1,1,3,1,3,1,1,1,2,2,1,1,2,2,2,2,2,2,2,3,3,3,1,1,1,2,2,1,1,2,2,2,2,1,3,3,2,2,2,2,2,2,2,2,2,3,5,5,3,1,1,1,4,4,2,2,2,1,3,2,2,2,2,1,2,1,1,2,1,3,4,2,1,1,17,49,42,25,18,17,19,29,38,51,20,17,8,22,21,23,26,38,25,30,71,85,91,123,83,91,65,16,14,13,10,16,10,4,3,4,4,11,26,63,99,88,28,19,28,49,28,19,7,15,18,15,10,15,30,42,22,22,25,16,11,4,6,4,7,15,22,18,4,3,7,15,22,26,30,44,26,28,33,20,13,4,7,17,22,17,17,19,20,19,16,17,18,18,15,11,19,29,20,6,3,5,6,8,15,16,15,17,19,23,45,63,33,32,45,45,43,43,51,53,38,36,36,33,25,28,35,30,36,45,45,40,51,49,71,74,53,61,63,65,71,61,61,56,58,53,61,47,53,91,83,58,65,74,77,88,88,102,97,99,91,126,91,85,58,56,56
4,3,1,1,1,2,2,1,2,1,1,2,1,1,1,2,2,2,3,2,1,1,1,2,2,3,4,3,2,2,2,1,1,1,2,3,4,4,3,2,2,2,1,1,1,1,1,1,2,3,2,1,1,1,3,4,3,2,1,1,2,1,1,3,3,2,1,1,1,1,1,2,2,1,1,1,1,2,1,1,4,3,2,1,1,2,2,3,4,2,2,1,1,2,3,3,3,3,1,1,1,1,1,2,3,4,2,1,1,1,1,1,3,1,3,2,1,1,1,1,1,2,1,3,3,2,3,1,3,3,4,3,2,2,1,1,2,1,3,1,2,1,1,2,3,1,2,1,1,3,2,1,2,2,3,2,2,4,2,1,1,1,4,7,4,3,2,2,3,3,3,2,1,1,1,1,1,1,3,3,4,1,0,1,15,32,63,71,42,20,15,17,38,51,25,29,18,14,15,11,15,17,15,18,32,40,36,36,36,32,25,11,6,6,5,4,4,5,6,11,18,25,53,63,77,30,18,17,22,21,16,11,6,6,7,8,8,18,33,29,18,21,22,19,18,6,4,2,2,7,25,28,11,8,18,22,23,19,15,32,25,16,23,25,17,5,5,16,29,23,10,8,14,20,16,14,18,18,17,13,19,17,10,7,7,8,13,14,16,19,21,22,28,29,43,63,51,33,33,40,35,30,33,30,28,35,35,35,29,25,33,38,38,38,36,35,41,56,65,61,63,65,61,58,68,74,65,65,68,47,51,56,80,99,91,65,74,77,51,61,88,102,97,109,117,132,120,77,51,74,41
3,3,1,3,2,1,2,2,2,2,2,2,1,2,1,2,3,2,1,1,1,1,2,1,1,3,4,4,1,1,1,2,1,1,1,1,3,2,2,2,2,2,2,1,1,2,1,1,3,3,2,1,1,1,4,3,1,2,3,2,2,2,1,3,3,1,1,1,1,2,1,1,2,1,1,1,1,1,2,2,3,3,3,3,3,1,1,1,1,3,2,2,1,1,2,3,3,1,1,1,1,1,2,3,3,4,2,1,1,1,2,2,3,1,1,2,1,2,1,1,1,1,1,3,3,3,3,3,2,3,1,2,1,2,1,1,1,2,3,3,2,1,2,1,3,4,3,1,2,1,1,2,1,2,2,3,3,3,3,1,2,3,4,4,3,1,2,1,2,2,2,3,2,2,1,1,1,1,4,3,1,1,0,1,7,29,49,63,60,40,23,18,17,18,20,25,25,20,18,17,16,14,11,10,10,14,15,15,11,14,10,7,11,6,5,7,10,20,29,35,51,49,30,25,22,17,18,26,26,15,7,6,5,8,13,11,15,22,36,42,26,22,20,20,38,20,11,14,5,8,26,42,22,19,23,25,25,21,10,18,19,15,26,32,22,11,10,20,22,18,7,8,15,15,14,15,22,22,20,19,18,17,11,10,18,17,17,19,19,21,21,25,30,51,45,68,56,36,51,47,45,28,22,25,25,25,36,47,45,29,28,29,33,30,28,45,53,45,47,56,74,71,53,53,61,61,63,65,51,53,51,85,97,74,83,88,68,58,51,41,61,91,115,115,109,109,99,61,61,58,43
1,1,2,3,2,2,2,1,2,2,1,1,1,2,2,1,2,4,2,1,1,1,1,2,1,1,3,5,1,1,1,2,2,2,1,1,3,3,1,1,2,2,1,2,1,1,1,1,3,3,2,2,1,1,3,4,2,2,2,3,2,3,1,3,2,2,2,2,2,2,1,2,2,2,1,2,1,1,3,3,1,2,3,3,3,1,1,1,1,2,2,3,1,1,2,2,2,1,1,1,1,2,2,3,1,3,1,1,1,2,2,4,2,3,1,2,2,2,2,1,2,1,1,1,1,3,1,1,1,1,2,1,1,2,1,1,1,3,3,3,2,2,1,1,2,5,3,1,2,2,1,2,2,2,1,2,2,2,1,1,2,3,2,2,1,3,2,2,1,1,4,4,3,1,1,1,3,2,3,1,2,2,1,1,3,18,58,53,65,51,38,30,25,16,16,19,30,44,35,40,40,29,16,8,8,8,8,7,7,15,13,16,19,18,17,19,25,56,85,46,28,21,17,18,18,19,28,51,32,25,10,8,7,11,15,17,18,19,30,49,22,18,16,21,40,28,29,26,15,15,28,44,42,29,25,40,38,29,18,7,20,22,36,53,38,21,23,36,45,22,16,16,15,7,7,15,18,14,18,18,18,17,14,18,23,25,20,23,21,19,19,21,25,36,53,51,53,43,56,53,51,25,21,22,19,22,36,56,33,43,29,28,25,30,29,43,49,51,45,49,58,68,65,49,56,56,49,53,47,63,61,74,83,63,65,88,68,63,58,51,47,94,157,126,83,80,88,65,51,47,45
1,2,3,3,3,3,2,1,2,2,2,1,1,2,2,1,3,1,1,1,3,3,2,1,1,1,3,3,1,2,1,2,3,2,1,1,2,2,3,2,3,4,1,1,1,2,2,2,1,1,1,1,1,1,3,3,2,2,1,2,2,3,1,3,3,2,2,1,2,2,2,2,1,2,2,2,1,2,3,3,1,1,1,3,2,1,2,2,1,2,3,3,1,1,1,2,2,1,1,1,3,4,3,2,1,1,1,1,2,3,3,4,3,3,2,1,2,3,3,3,2,3,2,1,2,3,1,2,3,1,1,2,3,3,2,1,2,2,3,4,4,3,1,1,3,3,2,1,3,1,3,2,2,2,3,2,2,2,1,2,1,4,3,3,2,3,3,1,2,1,1,1,3,2,1,1,4,3,1,1,2,1,1,1,2,6,22,46,46,49,40,71,36,21,23,23,36,35,32,61,99,99,38,16,15,15,13,6,15,20,19,25,40,38,46,58,61,83,74,22,10,11,15,16,22,28,44,46,42,29,17,15,16,16,16,21,20,17,23,32,14,8,19,19,26,43,43,36,23,18,22,38,51,38,36,45,40,36,26,19,21,38,40,56,63,36,45,56,49,32,23,20,11,3,4,6,15,18,16,13,15,15,16,15,17,18,21,21,19,17,15,22,29,25,26,38,35,58,61,56,28,33,29,25,25,23,30,36,41,38,28,35,28,26,36,41,43,38,45,36,47,71,53,51,63,58,49,47,58,53,56,77,65,63,99,94,91,85,83,85,58,88,143,132,80,68,74,65,58,56,58
2,2,2,2,3,1,1,2,2,1,1,2,1,2,3,2,1,1,1,1,3,4,3,2,1,1,3,2,2,1,2,1,3,3,1,1,2,2,3,3,3,2,1,2,1,3,3,1,1,2,3,1,1,1,3,3,1,2,1,1,3,3,3,3,3,2,1,1,1,2,2,2,1,2,2,1,1,2,2,2,1,1,1,1,1,2,2,2,2,2,4,4,1,1,1,1,1,1,1,2,3,3,3,2,1,1,1,2,2,2,3,4,3,2,2,1,1,1,1,3,3,3,2,2,1,1,2,3,2,1,1,2,2,2,2,2,1,2,3,3,4,3,1,1,2,1,2,2,1,3,3,2,2,2,3,3,1,1,2,1,3,4,3,2,3,2,1,1,1,2,1,1,3,1,2,2,3,4,1,1,1,1,1,1,2,5,11,18,30,49,68,65,49,30,32,58,44,26,23,30,77,96,51,19,15,19,13,8,15,21,26,49,61,77,99,74,40,40,32,15,10,14,19,19,28,56,38,42,51,33,22,21,22,20,22,25,21,20,25,22,10,10,18,15,22,35,35,35,20,13,18,25,45,40,36,43,45,38,38,28,23,35,43,43,58,43,33,38,47,45,33,18,5,3,4,7,15,14,13,13,8,6,15,16,13,14,15,20,21,17,18,25,36,28,17,19,30,41,56,56,28,25,26,32,28,28,30,36,30,28,30,30,25,30,47,43,36,41,38,47,49,41,47,65,49,80,51,45,51,43,65,105,74,85,99,97,109,117,88,88,85,102,120,112,83,74,63,80,74,58,56
1,1,2,1,3,3,2,1,1,2,1,2,2,3,2,2,2,1,1,1,3,3,3,1,2,2,2,3,2,1,1,2,1,1,2,1,1,3,3,2,2,2,1,2,3,3,3,1,1,1,3,3,1,1,2,3,2,1,1,1,2,3,3,2,2,1,1,1,1,1,2,1,3,3,1,1,1,1,3,3,1,1,1,1,1,1,2,1,3,3,4,3,2,1,1,1,1,1,1,2,4,4,2,1,1,1,2,3,3,3,2,3,3,1,1,1,1,2,1,1,1,1,1,1,1,3,3,3,1,3,1,1,1,2,3,3,1,1,1,1,3,1,1,1,2,3,4,3,3,3,3,3,1,1,1,1,1,1,2,2,4,5,3,2,3,1,1,1,1,1,2,1,4,4,3,3,5,2,2,1,1,1,2,1,1,2,3,5,15,17,23,74,46,56,44,51,46,53,33,46,40,33,25,22,25,30,22,18,29,42,53,71,63,88,58,33,25,32,36,30,25,25,43,49,71,74,49,51,46,38,36,30,30,32,29,29,28,26,33,20,7,4,10,8,16,20,36,35,21,14,11,18,29,32,33,35,36,43,43,29,29,33,40,36,33,36,30,28,26,30,33,17,4,4,11,13,16,15,11,7,4,5,14,13,10,8,11,18,19,22,22,32,35,32,21,18,19,25,36,51,41,38,53,38,25,23,26,38,26,23,29,32,25,30,29,29,32,29,28,38,51,47,49,65,58,58,49,43,47,58,74,88,120,94,99,99,91,115,112,115,120,123,94,77,88,91,71,80,97,56,74
1,1,1,1,2,3,3,2,2,2,1,2,3,3,3,3,1,1,1,1,2,3,3,2,2,1,2,2,1,2,1,1,1,2,2,2,2,1,1,2,1,2,2,1,2,3,1,1,1,2,2,5,2,1,1,3,4,1,1,1,1,3,3,3,3,2,1,1,1,1,2,3,3,2,2,1,1,1,2,2,2,2,1,1,1,1,2,1,2,3,4,2,1,1,3,1,1,1,1,2,3,3,1,1,1,1,3,3,1,1,2,3,2,1,1,1,1,1,2,1,2,2,2,3,3,4,3,3,2,1,2,1,1,1,3,3,3,1,1,1,1,1,1,1,2,3,4,3,3,3,3,1,1,1,1,2,1,2,3,3,2,2,2,2,1,2,1,1,2,1,1,1,4,4,1,3,3,3,1,1,1,1,3,3,1,1,3,3,5,8,10,13,21,40,40,38,49,46,49,58,38,30,35,46,65,71,53,44,65,61,68,85,74,65,63,49,36,46,61,56,46,51,61,77,109,85,68,46,44,53,51,53,42,42,33,35,42,33,33,21,10,4,6,5,11,19,29,47,29,19,18,20,23,25,29,29,45,47,43,33,38,38,40,35,28,36,35,22,19,26,40,20,4,5,15,17,16,18,14,6,5,4,7,11,13,7,13,18,18,19,28,43,40,32,19,18,17,17,30,45,45,38,43,45,32,21,25,28,22,26,30,24,25,25,28,30,32,30,28,29,51,49,56,53,45,49,47,49,68,80,77,83,109,109,91,85,94,117,129,61,97,143,137,74,85,112,61,105,71,61,91
1,1,1,2,3,3,1,1,1,3,2,3,3,3,1,2,2,1,1,1,1,1,1,2,2,1,2,2,2,2,1,2,2,3,3,2,1,1,2,1,1,2,2,2,1,1,1,1,1,2,2,1,3,2,1,1,3,3,2,1,3,3,3,2,3,1,1,1,1,1,1,1,3,3,3,2,1,1,1,1,1,2,2,1,1,2,2,1,2,1,3,3,2,1,2,2,1,1,1,1,1,1,1,1,2,3,5,1,1,1,3,3,3,2,2,1,1,1,1,3,2,2,2,1,4,4,1,3,1,1,2,1,1,1,4,4,3,3,1,1,2,1,1,0,1,2,3,3,2,2,2,1,1,1,1,1,2,1,3,3,1,1,1,1,2,1,1,2,4,3,1,2,3,2,3,1,1,2,2,1,1,3,3,2,1,2,3,2,2,3,1,1,4,10,18,21,25,25,44,51,42,40,38,61,91,88,51,29,32,29,25,22,20,25,36,36,36,35,35,30,35,36,33,35,56,61,71,53,46,42,58,53,44,47,53,40,40,43,51,29,15,7,5,6,11,20,25,30,29,36,36,25,21,23,23,28,45,36,45,36,33,35,35,29,35,35,35,25,22,32,49,22,5,4,7,13,15,19,15,8,6,5,5,5,15,18,19,22,11,13,21,43,51,36,30,21,15,13,21,32,41,43,47,49,33,24,22,25,22,26,26,25,22,21,25,24,22,24,25,33,56,61,51,51,35,35,45,51,91,88,77,115,115,99,109,102,132,161,151,115,91,186,172,77,65,80,91,94,63,53,83
1,1,1,2,2,3,1,2,1,1,3,3,3,2,2,1,1,1,2,2,2,1,1,2,1,1,2,2,2,1,1,1,2,2,3,2,1,1,1,2,2,1,1,1,1,1,1,1,1,2,3,3,3,1,2,1,2,2,3,3,3,3,3,2,1,2,2,1,1,1,1,1,4,4,3,1,1,1,1,2,2,1,2,1,2,2,1,2,1,2,2,3,3,2,3,2,1,2,1,1,1,1,1,1,1,4,3,2,1,1,3,3,1,2,2,1,1,1,1,3,2,2,1,1,3,4,3,1,1,1,2,1,1,1,3,3,3,4,1,1,2,1,1,1,4,1,3,2,2,2,1,2,1,1,1,1,1,3,3,1,1,1,1,1,2,1,2,2,3,3,2,1,3,3,3,1,1,1,2,2,3,2,2,1,2,3,3,1,1,2,1,1,1,1,4,5,8,10,15,19,20,20,19,26,29,18,15,10,11,7,8,11,6,10,14,15,15,10,10,11,10,13,13,10,19,22,22,28,25,29,47,35,51,49,43,38,38,43,49,51,19,14,14,15,15,25,21,18,23,36,35,28,26,28,23,25,33,38,40,38,33,29,40,29,40,35,40,33,30,30,38,19,5,3,3,4,15,18,16,10,7,5,5,7,14,19,22,22,17,16,23,41,56,41,38,23,18,15,21,29,35,41,35,38,35,25,25,30,36,30,24,24,22,19,21,22,25,21,21,28,53,47,35,29,28,36,56,51,61,112,97,109,97,83,85,112,159,192,179,135,102,129,117,74,58,63,80,85,68,56,80
2,2,1,2,1,3,3,3,1,1,1,3,1,1,1,2,1,1,1,2,3,3,2,1,1,2,2,2,3,2,2,1,2,1,1,2,1,1,3,3,2,1,1,1,1,2,2,1,2,1,2,3,2,2,1,1,3,3,2,2,3,2,1,2,2,1,2,2,1,1,1,2,3,3,3,1,1,2,2,2,2,1,3,3,2,1,1,1,1,2,2,2,1,3,2,2,1,2,1,1,1,1,2,2,3,3,1,1,1,1,2,4,2,2,1,1,1,1,2,2,2,2,1,1,2,3,4,1,2,2,2,1,1,1,1,3,4,4,2,2,2,1,1,1,3,2,2,1,2,1,1,3,3,1,1,1,1,1,4,1,1,1,1,1,3,3,2,3,3,2,1,1,2,3,1,3,1,1,2,3,3,3,1,2,4,3,1,1,3,2,2,1,1,2,2,1,2,3,4,4,6,6,4,3,4,3,2,3,2,3,2,1,1,2,2,3,1,3,2,3,3,1,2,3,5,8,7,7,7,13,18,19,21,33,51,45,38,45,45,43,30,26,23,23,22,25,18,13,19,29,30,33,32,22,19,22,29,38,43,25,35,30,51,33,38,47,45,35,26,25,22,19,10,6,3,3,11,17,18,14,10,5,5,8,14,17,20,21,21,22,30,35,51,38,38,30,22,21,26,33,25,30,25,27,29,32,24,38,38,29,25,21,19,21,19,22,22,22,27,28,43,51,43,25,32,77,88,83,74,85,91,99,91,71,91,126,172,186,161,137,77,63,65,61,38,41,91,99,68,63,94
3,3,1,2,2,3,1,3,1,1,3,3,2,1,1,2,2,1,2,2,1,1,2,1,2,2,2,2,3,2,3,2,1,2,2,1,1,1,3,3,3,1,1,1,3,1,1,1,1,1,1,2,1,2,2,2,2,3,3,3,3,2,2,1,2,2,1,1,2,3,2,2,3,3,3,3,3,2,1,2,2,2,3,2,2,1,1,1,1,2,2,1,3,2,2,2,1,1,2,2,1,1,2,3,3,2,1,1,1,1,2,3,2,1,1,2,1,1,2,2,1,1,1,1,2,2,1,1,3,3,3,1,1,1,1,3,4,4,3,3,1,1,1,1,3,1,3,3,2,2,3,3,3,3,1,1,1,1,3,1,2,1,1,1,2,3,3,3,4,2,1,1,2,1,3,3,1,1,1,4,1,3,1,1,3,3,1,1,3,2,2,1,1,1,2,1,1,1,1,2,3,3,2,1,1,1,1,1,1,3,1,1,1,1,1,2,2,1,2,1,1,1,1,1,3,3,5,4,3,4,4,6,14,18,20,35,43,38,32,40,49,36,35,25,25,32,19,14,16,26,33,30,23,20,21,25,29,36,40,25,36,35,40,45,40,38,38,38,30,22,22,25,25,19,4,4,5,16,20,17,8,5,6,5,11,14,16,19,19,19,26,33,47,35,36,30,21,19,33,32,24,22,25,25,24,28,24,36,30,35,25,21,22,22,24,22,27,25,25,33,49,56,56,38,41,74,102,120,94,88,88,102,135,120,112,129,135,154,137,85,88,68,85,85,41,33,53,53,74,83,77
4,3,2,1,2,2,2,2,2,2,3,3,1,1,1,2,1,1,2,3,1,1,1,3,1,1,2,2,4,4,3,2,2,2,2,1,2,3,3,3,1,1,1,2,1,3,1,2,1,1,1,1,1,1,2,2,2,1,3,2,3,2,2,1,1,2,1,3,3,3,4,2,2,2,2,2,3,1,1,2,2,4,3,1,1,1,1,1,1,3,4,5,2,2,1,1,1,2,3,3,3,3,2,2,3,3,1,2,2,2,3,3,1,2,1,1,2,1,2,2,1,2,1,1,2,1,1,2,3,3,3,1,2,1,1,1,1,3,3,2,1,2,1,2,3,3,1,3,2,3,1,3,3,3,1,1,1,1,1,3,1,2,1,2,2,3,3,3,3,1,1,1,1,1,3,3,1,1,1,3,2,2,1,1,1,3,4,4,3,1,1,2,1,1,1,1,1,1,2,3,1,2,1,1,1,1,1,1,1,3,1,1,1,3,2,3,2,3,1,1,1,2,1,1,2,1,2,3,2,1,2,3,3,3,7,21,35,38,40,38,45,45,40,29,26,32,18,17,22,22,26,35,29,29,33,25,19,22,33,35,30,41,38,49,49,35,29,30,29,29,32,41,63,45,15,6,4,8,16,15,13,11,10,5,7,10,8,13,16,19,22,27,33,38,38,25,22,19,19,22,22,24,28,32,29,30,29,25,22,45,24,29,27,25,28,22,25,27,45,56,51,58,61,63,63,65,85,112,105,115,91,132,132,132,132,137,120,112,94,115,68,97,105,117,74,51,88,88,68,56,56
4,3,2,1,1,2,2,1,1,2,3,3,1,1,1,1,1,1,2,3,1,1,3,4,1,1,2,3,3,3,3,2,2,2,2,1,2,2,3,4,1,1,1,1,3,4,1,1,1,1,1,3,1,1,1,2,2,1,2,3,1,1,1,3,3,3,3,2,3,2,3,3,1,1,1,2,3,3,2,2,2,3,3,2,1,1,1,1,3,3,4,3,3,1,1,1,1,2,3,3,3,2,2,1,2,4,3,1,2,2,1,2,1,1,1,2,1,2,2,1,1,1,2,1,1,1,2,1,2,3,3,2,2,2,1,2,1,2,2,2,1,2,2,3,3,2,2,4,2,1,2,2,1,2,3,2,1,2,2,3,3,2,1,2,1,3,2,3,3,1,1,1,2,2,4,3,1,2,2,2,3,2,1,1,2,1,4,4,3,1,1,2,1,1,3,1,4,1,2,2,1,2,2,1,1,1,2,2,3,3,1,1,2,2,1,2,4,1,1,1,1,4,2,1,1,2,1,2,1,2,3,2,2,3,3,8,18,26,45,43,40,40,35,32,32,29,22,21,25,29,26,32,43,40,36,19,13,14,25,38,30,36,45,38,45,35,19,15,20,29,43,45,71,63,29,15,3,4,8,15,15,14,10,10,7,7,7,8,14,22,25,22,25,30,25,20,19,18,14,19,24,29,29,41,35,30,36,25,24,33,32,30,28,33,25,25,30,33,43,49,51,45,43,63,94,80,68,85,94,148,132,126,126,129,159,148,109,99,102,63,97,74,115,80,102,56,74,63,49,49,38
2,2,1,1,1,2,2,2,2,3,3,1,1,1,1,2,1,1,1,2,1,1,3,3,1,1,1,3,4,5,2,1,2,2,2,1,3,3,3,3,2,1,1,1,3,3,3,1,1,1,3,4,2,2,1,1,2,3,2,3,1,2,2,3,3,3,3,2,2,2,3,2,1,1,1,3,3,2,2,1,3,3,1,2,1,1,2,2,3,4,1,1,2,1,2,1,1,1,1,1,1,2,1,2,3,2,1,4,1,2,1,1,1,1,1,1,2,1,1,1,1,2,2,1,1,1,1,1,2,2,2,2,2,2,3,3,2,2,1,1,2,3,3,1,3,3,3,1,1,1,1,2,1,2,3,1,1,1,3,3,4,3,2,2,2,2,2,3,1,1,1,2,2,3,3,3,1,1,1,3,1,2,1,1,1,3,1,3,1,1,1,2,1,1,3,1,3,1,1,1,1,3,3,2,2,3,1,1,3,1,1,1,1,2,3,2,3,1,1,1,2,4,3,1,1,3,2,2,3,2,2,1,1,2,1,1,5,13,30,53,51,35,36,25,22,30,26,28,30,45,41,28,32,43,32,17,15,17,28,38,41,41,33,45,43,23,13,4,8,21,43,38,56,61,28,15,4,3,4,8,10,8,13,13,7,17,18,11,11,19,25,27,22,18,15,15,17,18,16,21,27,28,25,28,32,32,36,38,32,25,35,36,35,30,32,38,36,36,27,25,33,33,38,85,129,115,77,83,91,135,137,120,137,146,159,140,97,88,74,120,99,61,68,68,80,68,74,38,49,29,15
2,1,1,2,2,2,1,1,3,3,3,4,2,1,3,3,1,2,2,1,1,1,3,3,1,1,1,2,4,3,2,1,1,1,3,4,3,1,1,1,2,1,1,1,3,3,3,1,1,1,4,3,2,1,1,1,1,2,3,2,2,1,2,2,3,3,2,2,2,2,1,1,1,1,2,3,3,2,2,1,3,3,1,1,1,2,1,1,1,2,2,1,1,3,1,2,1,1,1,1,1,1,2,2,1,1,3,3,2,1,1,1,1,1,1,1,2,2,1,1,2,2,1,1,1,2,2,1,2,2,2,1,2,2,1,3,2,1,1,2,3,3,3,2,3,3,2,2,1,1,1,1,3,3,2,1,1,1,2,3,4,4,1,2,1,1,2,1,1,1,2,1,1,2,1,1,3,3,1,1,2,1,1,1,2,1,1,1,1,1,1,2,1,1,1,1,3,2,1,1,1,3,2,3,3,3,3,1,1,2,1,1,1,2,2,4,2,1,1,3,3,3,4,1,2,3,2,2,3,2,1,2,1,1,1,1,1,4,22,35,51,53,49,33,25,35,25,29,33,36,43,25,25,28,22,19,23,21,25,25,38,38,36,41,45,25,15,10,14,16,22,32,38,21,19,13,6,2,3,5,5,5,13,17,19,28,21,17,14,15,15,22,19,10,8,10,17,18,19,25,29,25,22,21,35,51,49,61,45,33,38,49,35,41,53,45,41,33,25,23,36,45,53,74,97,99,99,77,74,115,146,143,143,164,175,143,88,71,68,80,71,41,56,56,74,65,51,51,49,15,5
1,2,3,3,3,1,1,1,2,3,3,4,1,2,1,3,2,1,1,1,2,3,2,2,1,1,2,3,2,1,1,1,2,3,4,4,2,1,1,1,2,1,1,1,2,4,1,2,1,2,3,3,3,2,1,2,1,1,2,1,1,1,1,3,3,3,2,1,1,1,1,1,2,1,1,1,2,2,2,2,1,1,2,2,1,1,3,3,3,3,1,1,1,2,1,1,1,1,1,1,1,1,2,2,2,2,3,3,1,1,1,3,1,1,1,1,2,1,1,2,1,1,1,2,2,1,1,2,1,1,2,1,1,2,2,1,1,1,1,3,3,1,3,3,2,3,1,1,1,1,2,3,3,3,2,1,1,2,1,3,4,3,3,2,1,1,1,1,1,1,2,1,1,1,1,2,3,2,2,1,2,1,1,1,1,3,1,3,1,1,1,1,1,2,1,2,3,3,1,1,1,2,1,3,3,3,2,2,1,2,3,2,1,1,3,3,3,2,3,4,4,3,3,3,1,2,2,2,1,1,2,1,1,1,1,2,1,1,4,17,23,38,38,36,25,36,35,26,41,36,35,25,19,21,19,21,23,19,20,22,41,35,47,45,43,38,25,29,19,13,19,25,25,11,15,11,6,3,3,3,3,5,14,22,36,41,27,24,22,19,17,15,11,7,8,15,16,19,17,19,27,30,24,21,36,74,65,63,65,56,49,38,47,58,61,45,28,25,29,33,53,71,83,83,65,80,99,74,68,97,143,164,143,143,129,123,80,61,65,58,49,41,56,56,58,49,94,51,19,6,4
1,2,3,3,3,2,1,1,1,3,4,3,1,2,1,1,3,1,1,2,3,3,2,2,1,1,1,2,2,1,1,1,3,2,4,3,2,1,1,1,1,2,1,1,1,4,3,2,2,2,1,3,3,1,1,2,1,3,2,2,1,1,1,2,3,2,1,1,2,2,1,1,2,2,2,3,3,1,2,1,1,2,2,2,2,3,3,3,3,3,1,1,1,1,1,3,3,2,1,1,1,1,1,2,1,2,1,1,1,1,2,3,3,1,1,1,2,2,2,2,1,1,1,1,1,1,3,1,1,1,2,2,2,2,2,1,1,1,2,2,3,2,3,4,1,2,1,1,1,3,3,3,2,2,3,2,1,2,2,3,3,3,3,2,1,1,1,1,1,1,2,1,1,2,1,1,3,2,2,1,1,3,3,1,2,3,1,3,3,3,2,3,3,1,2,2,3,3,1,2,1,3,3,3,3,1,1,2,2,2,3,3,1,1,3,3,2,3,3,4,3,2,2,3,1,2,2,1,1,3,3,2,2,2,2,2,1,1,1,4,14,33,47,49,49,36,25,28,36,35,33,23,19,18,14,18,16,16,15,15,18,30,47,61,61,58,38,38,41,24,17,25,24,21,10,15,14,6,3,2,4,5,10,22,51,49,29,33,41,51,28,16,10,8,14,15,19,16,11,16,22,35,32,29,33,65,71,63,63,68,51,38,41,38,41,33,23,24,35,51,63,91,117,117,61,88,102,99,74,71,102,132,129,105,85,99,99,80,63,45,43,53,80,61,53,53,43,22,11,6,5
2,2,1,1,3,3,1,1,1,2,2,3,2,1,2,2,3,3,1,1,1,3,2,1,1,1,2,2,2,1,1,2,2,2,1,1,1,1,1,1,1,2,1,2,2,3,3,3,2,2,1,2,3,2,1,2,2,3,3,3,1,2,1,1,1,1,2,1,2,3,1,1,1,2,3,3,3,1,2,1,1,2,2,2,2,3,1,1,3,2,2,1,1,2,2,3,3,3,1,1,1,1,1,1,1,1,3,2,1,1,1,4,3,1,1,1,3,3,3,2,1,1,3,1,1,1,3,1,2,2,1,2,2,2,2,1,1,2,3,1,1,2,3,4,3,1,1,1,3,4,1,3,3,2,1,2,5,3,3,1,2,2,2,2,2,1,2,1,1,2,2,2,1,1,1,1,3,4,1,1,1,4,3,1,2,1,1,3,3,3,3,3,1,3,1,1,1,1,2,1,1,3,3,2,3,1,1,1,2,3,3,3,2,1,1,1,1,2,3,3,3,1,3,1,1,2,3,3,2,3,3,2,1,3,3,3,2,2,1,2,4,18,41,49,49,43,30,28,28,29,28,25,18,14,7,13,19,18,14,14,15,28,56,61,65,58,43,38,41,33,16,16,25,29,22,19,19,11,4,5,6,5,6,19,53,58,45,35,41,51,38,25,13,11,19,15,14,10,13,10,15,25,21,25,27,47,65,63,56,74,35,29,19,22,21,25,28,25,49,74,83,94,99,91,71,109,109,115,97,80,91,117,117,115,102,83,112,99,68,41,61,74,74,47,47,32,15,13,13,13,10
1,1,1,1,2,1,2,1,1,1,2,3,1,2,2,2,2,2,1,1,2,2,2,1,2,1,1,1,2,2,1,1,1,3,1,2,1,2,1,1,1,1,2,3,4,3,2,3,2,1,1,2,3,2,2,1,2,2,2,3,2,1,2,1,1,1,2,3,3,3,3,1,1,1,2,3,3,3,1,1,1,1,2,2,3,3,1,1,2,3,2,1,2,2,3,4,2,3,2,2,1,1,1,1,1,1,2,2,1,1,3,3,3,2,1,1,1,3,2,2,3,1,1,1,1,1,1,2,1,3,2,1,2,2,2,1,2,3,3,1,1,1,2,3,3,2,1,2,3,3,3,3,3,2,1,4,5,4,3,1,1,1,2,1,2,1,1,1,1,3,3,1,1,1,1,1,3,2,1,1,3,3,3,3,1,1,3,1,3,3,1,3,3,3,1,2,1,1,1,3,3,2,1,3,3,3,3,3,2,2,3,2,3,3,1,2,1,3,3,1,2,2,2,1,2,2,2,3,1,3,4,2,3,4,3,3,4,3,1,1,1,5,21,35,51,65,45,30,28,29,35,41,25,16,11,10,19,22,19,19,22,25,43,61,61,45,28,33,53,30,13,11,25,35,19,19,16,13,10,14,13,6,5,15,36,80,49,36,41,36,43,25,19,15,15,15,10,7,8,11,16,19,19,16,23,33,47,49,45,51,29,23,15,18,23,33,63,68,63,77,85,80,68,58,77,61,105,97,109,105,112,140,129,109,112,91,100,109,68,58,56,51,53,51,32,17,7,10,16,15,14
1,1,1,2,1,1,1,1,2,2,3,3,2,3,2,2,2,3,3,3,2,1,1,1,1,1,1,2,2,1,2,2,2,3,3,3,4,3,1,2,2,2,3,3,3,3,1,1,2,1,1,2,3,3,1,1,1,1,1,2,3,3,3,2,2,2,3,3,2,3,2,1,1,1,1,1,3,3,3,1,2,1,1,1,3,3,1,1,1,4,2,1,1,2,2,3,2,2,1,2,1,1,1,1,3,3,1,1,2,2,2,3,2,2,1,2,3,3,2,1,3,4,3,3,1,1,1,2,3,3,3,2,1,1,3,3,2,1,2,2,1,1,3,4,3,3,3,3,3,2,3,3,3,3,1,3,4,3,3,1,1,0,2,3,3,3,1,1,3,3,3,1,1,3,2,2,2,2,2,1,3,4,4,3,1,1,3,1,3,3,1,3,3,3,1,1,2,1,2,3,3,2,3,1,4,2,3,1,3,2,3,3,3,1,1,2,2,2,3,1,1,2,2,4,3,2,3,3,3,3,3,3,3,3,3,4,3,3,2,1,1,1,8,25,49,63,56,51,47,45,53,49,28,19,11,11,19,25,32,35,35,33,53,61,35,21,15,15,32,32,15,11,24,33,18,17,19,15,17,16,11,10,13,13,25,51,38,35,30,32,30,24,27,19,14,11,6,7,14,17,19,18,15,17,18,21,25,23,25,28,24,22,17,24,29,53,88,97,83,68,68,80,61,53,51,38,91,80,109,115,117,112,115,117,105,94,85,83,47,77,29,30,58,41,15,5,5,11,16,15,14
2,1,3,1,2,1,1,1,1,3,2,3,2,3,3,2,1,1,3,3,2,2,2,2,1,2,2,1,1,1,1,2,3,3,3,3,4,2,2,1,1,2,3,2,3,3,2,1,1,1,2,2,1,1,1,2,1,1,2,1,3,3,3,1,1,1,3,2,2,1,1,2,2,2,1,1,3,3,4,1,2,1,2,2,2,2,1,1,1,3,1,2,2,2,1,2,2,2,1,2,1,1,2,1,3,2,3,1,1,3,2,2,3,2,2,1,3,1,1,1,4,4,3,2,1,1,1,2,2,3,3,3,3,3,3,3,2,2,2,1,3,3,1,3,2,3,3,2,3,2,1,3,2,3,2,2,2,3,3,1,1,1,1,3,2,3,1,2,3,4,3,2,1,2,3,1,1,1,3,3,3,3,4,3,1,1,3,3,3,3,1,3,1,3,1,2,1,3,3,1,1,3,3,2,3,1,3,3,3,3,3,3,2,1,2,1,2,2,2,1,1,2,2,4,3,1,2,1,1,3,3,3,2,2,3,3,3,3,2,1,1,1,5,18,29,47,71,83,71,56,58,56,30,21,14,11,16,24,33,45,38,30,43,33,13,7,7,10,19,22,15,13,17,16,6,13,18,19,21,18,15,10,10,15,22,33,33,35,23,18,21,19,23,21,13,10,11,17,21,19,18,15,13,15,22,27,22,19,22,28,28,27,29,30,43,56,58,65,68,58,61,61,63,51,51,58,71,80,115,88,83,77,97,109,88,83,77,58,66,58,29,33,41,18,5,6,6,6,13,15,10
1,2,3,3,2,2,2,2,3,3,2,3,3,3,4,3,2,1,1,1,2,1,2,1,1,1,1,1,1,2,1,3,4,3,1,1,1,2,1,1,1,1,2,2,2,3,3,3,1,1,2,2,1,1,2,2,2,3,2,2,3,1,1,1,1,1,1,1,1,1,1,2,2,1,2,1,3,1,1,1,3,3,3,3,2,2,2,3,2,1,2,1,2,1,2,1,1,2,1,1,1,2,2,1,2,4,1,1,4,2,3,2,3,1,1,2,2,2,1,1,4,3,3,1,1,1,1,2,1,3,1,3,3,2,3,2,1,1,1,4,4,4,2,1,3,4,1,2,1,1,2,3,4,4,1,1,2,2,2,2,1,1,2,1,2,3,1,1,3,4,4,2,1,1,3,3,1,1,4,3,1,1,3,1,1,1,3,3,1,1,2,3,2,1,2,1,3,3,3,1,1,2,3,3,3,3,3,3,1,3,3,3,1,2,5,3,1,1,2,1,1,3,4,3,4,1,2,1,2,4,3,2,2,3,3,3,3,3,1,2,1,3,6,15,21,30,49,88,94,71,53,53,41,22,16,8,11,21,27,24,19,17,29,24,11,5,4,4,10,15,15,13,6,5,5,5,21,30,21,17,14,8,5,11,19,29,25,24,28,19,15,19,25,22,15,15,18,23,33,25,19,18,17,15,21,36,32,24,27,49,58,56,53,41,38,51,58,71,68,65,83,68,65,68,74,120,109,77,105,80,71,80,100,112,83,71,58,56,61,47,63,47,19,8,7,8,7,8,13,14,13
1,1,2,3,2,2,3,3,3,1,1,3,2,3,4,3,2,1,1,1,1,2,1,2,1,3,3,2,2,1,2,1,3,3,1,1,1,1,1,1,2,1,1,3,1,4,3,3,3,2,1,1,2,2,1,2,3,3,3,2,2,2,1,1,1,1,2,1,1,1,1,1,1,2,3,2,3,1,1,1,3,3,3,3,2,1,3,5,3,2,1,1,1,2,2,2,2,2,1,3,3,2,2,2,2,1,4,2,2,3,2,1,2,1,2,2,2,1,1,2,3,3,1,1,2,1,1,2,3,3,3,3,3,3,2,2,1,1,3,3,5,4,1,1,4,3,3,2,1,1,2,4,4,3,4,2,1,1,1,1,2,1,1,2,3,3,1,1,3,4,4,1,1,1,3,1,1,2,4,4,1,1,2,3,1,1,1,1,3,3,2,3,3,1,1,2,3,3,3,1,1,2,1,1,2,3,3,3,2,3,2,1,1,1,4,3,1,1,2,2,1,3,4,4,4,3,1,2,3,2,2,3,3,3,2,2,3,3,2,1,2,3,8,15,21,27,45,74,83,61,49,47,35,24,17,11,14,19,21,18,10,8,21,25,16,5,3,5,6,13,18,14,5,4,2,4,19,32,21,11,15,15,10,6,15,23,25,21,21,25,19,28,25,28,19,13,14,19,28,29,24,19,18,19,19,22,33,43,45,53,83,65,61,49,36,65,83,63,88,120,97,77,63,109,143,129,115,94,94,91,80,77,112,105,74,71,49,25,35,71,58,25,11,6,10,10,8,13,13,13,15
1,1,2,1,1,1,2,3,2,3,2,1,2,3,3,3,1,1,1,1,1,1,1,1,1,4,2,1,1,1,1,1,2,2,2,1,1,2,1,3,1,1,2,2,2,3,1,2,2,2,1,1,2,2,1,1,3,2,3,2,2,2,1,1,1,1,2,3,2,2,1,1,2,3,1,4,3,1,2,2,3,3,3,2,1,2,3,4,3,2,1,2,2,4,3,2,1,1,1,2,3,1,2,2,1,2,3,2,3,1,1,1,1,1,1,2,2,4,2,1,3,3,1,2,1,2,2,2,2,3,3,1,1,2,1,1,3,3,4,3,4,3,1,1,2,3,2,1,2,1,1,2,3,2,1,3,2,1,1,1,1,1,2,1,1,1,3,3,3,4,3,1,1,1,1,1,3,1,3,3,1,1,2,2,2,2,3,3,2,2,3,3,1,1,1,2,1,1,1,1,2,1,1,1,2,3,3,4,3,3,2,2,1,1,3,4,1,1,1,2,2,3,3,3,3,1,1,1,3,3,3,3,2,2,1,1,3,3,2,1,3,3,5,15,19,23,33,47,41,45,49,41,28,21,21,19,16,15,17,15,6,5,11,25,21,13,6,5,4,7,24,22,17,8,2,2,11,22,18,8,14,17,10,5,13,21,19,21,18,28,33,29,29,32,25,14,10,15,19,19,17,19,19,18,24,29,35,61,65,58,68,105,74,65,53,68,71,91,102,99,74,88,120,148,181,151,109,74,56,51,65,63,77,85,56,32,19,21,45,68,25,17,14,10,10,14,8,8,10,8,15
1,1,1,1,1,1,1,2,3,3,2,2,3,3,1,1,2,1,2,1,2,1,1,1,2,3,3,3,1,1,1,1,1,1,2,2,2,1,3,3,2,2,2,1,2,2,1,1,1,1,1,1,3,3,1,1,2,3,2,1,1,2,1,1,1,1,1,3,3,1,1,1,2,3,3,3,1,3,2,1,3,3,3,2,1,1,2,3,3,3,2,2,2,2,3,3,2,1,1,2,2,2,2,1,2,1,2,3,1,1,1,1,1,1,2,3,1,3,2,1,1,4,3,1,1,2,2,3,3,3,2,1,2,2,2,2,2,2,3,4,3,4,2,1,2,1,1,1,1,1,1,1,1,2,3,3,1,1,1,1,1,1,1,1,2,2,3,3,3,3,2,1,1,1,2,1,4,3,3,3,1,1,1,2,1,2,3,3,2,2,1,3,1,3,1,1,2,1,1,1,1,1,1,1,3,1,3,4,3,1,2,2,1,1,4,3,2,1,2,2,1,3,3,2,2,1,1,1,2,2,3,3,1,1,1,2,3,3,4,4,3,3,5,8,13,15,17,19,22,38,61,53,32,19,21,23,19,19,19,16,7,4,6,21,29,17,11,10,5,11,28,36,22,6,2,1,6,15,15,5,6,13,6,5,5,14,16,21,23,33,45,33,22,22,21,19,15,10,15,19,23,19,24,25,25,47,53,77,65,56,63,83,77,65,68,53,56,58,80,83,77,140,159,164,216,194,120,58,49,49,63,51,41,47,28,16,15,53,58,23,15,15,14,13,15,10,7,5,6,14,15
1,1,1,2,3,3,1,1,3,2,2,2,2,2,1,2,3,3,1,1,2,1,1,2,2,2,3,3,2,3,1,1,1,1,1,2,2,1,2,3,1,2,3,1,1,1,3,3,2,2,1,1,1,3,2,2,2,2,1,1,1,1,1,1,1,1,1,2,3,3,1,1,1,1,2,1,3,3,1,3,2,1,3,3,1,1,1,4,2,3,1,1,2,1,1,1,1,1,2,1,1,2,3,2,1,1,1,2,1,1,1,1,2,1,1,3,1,1,1,1,2,2,3,2,2,2,1,3,2,3,2,2,2,2,2,2,1,3,2,2,2,3,3,2,3,1,2,2,1,1,3,3,1,1,2,1,2,2,1,1,2,1,2,1,2,3,4,4,2,2,1,1,1,1,1,4,4,4,3,1,3,3,3,3,3,1,1,1,2,1,1,3,1,3,3,2,1,2,2,1,1,1,1,2,1,3,3,3,3,1,2,1,2,2,1,3,1,1,1,2,1,2,3,3,3,2,2,1,2,3,2,3,1,1,3,2,2,3,3,3,3,3,3,5,5,8,8,14,16,27,71,74,53,27,16,16,21,25,25,19,5,3,3,17,49,30,19,17,15,18,32,30,16,4,3,2,5,14,15,8,5,8,5,3,2,6,16,19,30,45,38,24,16,19,22,21,16,11,15,16,22,23,23,23,35,58,97,85,58,49,65,56,63,74,83,51,36,51,58,85,115,129,129,159,137,167,100,38,85,43,32,35,30,24,19,19,33,63,27,15,19,19,15,15,8,5,5,6,14,16,13
1,1,1,2,3,3,1,1,3,3,1,1,2,2,2,1,3,3,3,2,2,2,2,1,2,3,3,2,2,3,1,1,1,1,1,3,2,1,1,1,2,1,2,1,1,1,3,3,2,1,1,2,1,4,2,1,3,2,1,1,1,1,1,1,1,1,1,3,1,2,1,1,1,1,1,3,2,3,3,2,2,2,3,2,2,1,2,3,3,3,3,2,2,1,1,1,1,2,2,2,2,2,3,2,1,1,1,1,1,1,1,1,1,2,3,3,3,1,1,1,2,1,2,1,2,2,3,3,3,2,2,2,1,2,2,2,2,2,1,2,1,3,4,4,3,2,1,1,1,2,3,3,1,1,1,1,2,2,1,2,1,1,2,2,3,1,3,4,2,1,1,1,1,1,1,2,1,5,3,3,2,3,3,1,2,2,2,1,1,1,1,2,1,4,1,3,2,1,3,3,2,3,3,2,3,3,2,3,3,3,3,2,1,2,3,1,1,2,3,3,1,3,3,3,2,2,2,2,2,2,3,3,2,1,2,1,2,2,3,4,3,3,2,3,5,6,6,14,15,19,63,91,63,30,19,18,27,28,22,18,7,3,3,18,53,38,24,25,21,21,22,19,15,6,3,3,5,19,23,14,6,5,3,2,3,7,19,24,30,43,28,19,15,16,19,18,18,18,19,19,29,43,30,27,33,56,88,91,61,53,56,49,68,77,74,74,51,45,56,112,132,120,154,154,120,120,94,58,68,49,66,29,23,21,35,49,38,21,11,21,19,13,14,8,10,7,6,8,15,15,13
2,1,2,2,3,3,2,2,1,2,2,3,1,2,1,1,1,2,2,3,2,1,1,2,2,1,3,2,3,3,1,1,2,1,3,3,3,2,1,2,3,4,3,1,1,1,3,2,1,1,1,1,3,3,1,1,3,2,2,1,2,2,1,1,1,2,3,3,2,1,1,1,1,1,1,3,2,3,2,3,2,1,1,3,2,2,1,1,1,2,3,1,1,1,1,1,1,2,2,2,1,1,1,1,1,1,1,1,2,2,2,3,3,2,2,2,3,3,2,1,1,1,1,1,1,2,1,3,3,1,2,2,1,1,2,1,1,1,1,2,1,1,4,2,1,1,1,1,1,2,4,3,3,1,1,1,2,2,1,2,1,2,2,3,3,3,4,1,1,1,1,1,1,1,1,1,3,5,1,1,3,3,3,2,2,2,3,2,1,1,1,2,3,4,1,3,2,1,1,4,4,4,1,1,2,2,2,3,3,3,2,3,1,1,2,2,1,4,3,3,2,4,2,3,2,3,1,2,1,1,3,2,2,2,1,2,2,2,3,4,3,4,4,4,5,8,16,16,11,17,51,115,88,45,30,33,25,19,21,18,11,5,13,19,33,35,19,19,21,27,15,14,16,8,4,3,10,22,32,21,6,3,3,4,5,14,22,25,28,30,21,16,14,13,15,15,19,21,29,38,45,56,71,63,56,61,68,74,74,61,47,56,68,74,74,63,53,80,112,123,140,154,154,100,66,68,100,56,61,63,61,41,32,43,63,47,17,14,19,14,10,15,13,14,10,5,5,10,16,16,15
1,1,1,1,3,2,2,2,1,2,3,3,2,1,3,1,1,1,2,3,3,1,2,2,1,1,1,3,3,3,1,2,2,2,3,3,2,2,1,2,2,4,3,3,2,1,2,1,1,2,1,1,2,3,1,1,2,2,1,2,1,1,1,1,2,2,3,2,1,1,1,1,1,1,1,3,3,2,1,1,3,3,3,3,1,2,1,1,1,2,1,1,2,1,1,1,1,2,2,2,1,2,1,1,1,1,1,1,2,1,4,4,1,1,2,2,4,4,3,2,1,1,1,1,1,2,2,2,2,2,2,2,1,1,2,2,1,1,1,2,2,1,1,2,1,2,1,2,1,2,3,3,1,1,4,3,1,2,1,1,3,3,3,3,3,3,4,3,1,1,2,1,2,2,1,1,1,3,3,2,3,3,1,3,3,2,1,1,1,1,1,1,2,3,3,3,1,1,2,3,5,3,1,1,1,1,3,2,3,1,3,2,2,1,1,3,3,3,3,4,3,3,1,3,4,3,1,2,2,1,3,2,2,2,2,1,2,3,3,3,3,3,4,7,11,8,15,15,13,14,27,71,91,71,47,47,25,19,25,17,15,15,16,17,21,21,18,17,19,30,19,15,17,14,5,5,15,29,35,19,6,4,5,5,10,18,21,23,25,21,15,16,15,13,15,19,21,25,41,56,47,77,112,94,80,68,74,83,63,53,45,49,53,74,77,68,88,105,115,120,148,157,126,85,66,71,80,74,63,63,53,45,47,49,28,21,19,16,15,11,11,15,5,6,5,4,5,13,16,17,15
1,1,1,1,2,1,3,3,1,1,3,3,2,2,1,1,2,1,2,2,3,1,1,1,1,1,1,3,3,1,2,2,1,2,2,2,1,1,1,2,3,2,3,3,3,2,1,1,2,2,1,1,2,2,1,1,3,4,1,1,2,2,1,1,3,3,3,3,1,2,2,2,1,2,1,2,3,3,1,2,3,3,3,2,2,2,1,2,2,1,1,1,2,1,2,3,3,3,1,1,1,1,1,1,2,1,1,1,3,3,4,3,1,1,3,3,4,3,3,2,1,1,1,1,2,2,1,1,2,2,2,2,2,3,3,3,2,1,1,1,2,2,2,2,1,2,3,2,2,2,1,1,1,1,3,2,2,2,1,2,3,3,4,3,3,3,3,3,2,1,1,1,3,2,1,1,2,2,3,1,2,3,3,2,3,1,1,1,1,2,1,1,2,1,2,1,1,1,2,3,4,3,1,1,1,2,2,1,3,3,3,3,1,1,1,3,3,3,2,1,2,2,3,2,2,4,3,3,2,2,2,2,3,2,3,2,3,2,3,4,3,4,8,13,13,8,11,17,14,8,15,29,71,77,58,49,27,21,25,24,28,27,18,13,10,13,15,16,21,38,33,21,19,19,5,4,18,35,41,19,7,7,8,8,17,18,19,19,17,15,19,17,17,19,24,29,43,58,63,56,56,83,94,83,83,77,85,80,66,53,41,43,47,71,126,129,112,120,146,143,117,102,88,83,77,77,61,74,83,61,45,43,33,21,15,15,18,16,18,16,14,8,5,4,4,4,8,14,15,17,10
1,1,1,1,1,2,2,3,2,1,3,3,2,1,1,3,3,2,3,2,4,1,1,1,1,2,1,2,3,3,2,1,2,1,1,1,1,1,1,2,2,2,3,2,2,2,1,2,2,3,2,2,2,1,1,1,3,4,1,2,2,2,1,2,3,2,3,3,2,2,2,2,1,1,3,2,2,2,1,1,2,3,3,3,3,1,3,1,1,1,2,1,1,3,3,3,3,2,2,2,1,1,2,3,1,1,2,1,3,3,3,1,1,1,3,4,2,2,3,3,1,1,1,1,3,2,2,1,1,1,2,1,2,1,2,3,1,2,1,2,1,2,1,1,1,2,3,4,3,2,1,1,1,2,3,3,1,1,1,3,1,5,3,2,3,3,3,3,3,2,1,3,3,1,1,1,2,1,1,2,2,1,1,1,3,2,1,1,1,1,3,2,2,1,1,2,2,1,1,2,3,2,1,1,1,2,1,3,2,2,1,3,3,2,2,2,2,2,1,3,1,1,2,1,3,4,3,3,1,1,2,3,1,1,3,3,2,3,5,5,3,3,6,10,15,14,19,18,13,6,5,16,43,74,80,65,45,35,35,38,38,27,17,7,4,5,10,18,27,43,41,29,29,19,5,4,19,32,47,32,13,10,14,17,19,21,22,21,13,11,21,23,23,27,35,47,71,77,68,66,68,83,94,85,80,68,80,66,58,56,47,45,43,61,140,161,135,146,164,146,88,53,56,58,61,58,63,85,88,74,51,32,17,8,15,19,19,15,16,14,10,6,4,3,2,4,8,15,15,10,5
1,1,1,1,2,3,4,3,2,3,2,2,1,1,2,3,4,4,1,2,2,3,1,1,1,2,3,2,3,2,3,1,1,1,1,1,1,3,4,2,2,2,3,1,1,1,1,3,4,4,2,1,1,1,1,1,2,2,2,1,2,1,1,2,2,3,1,1,2,1,2,2,1,1,2,2,2,1,2,1,3,3,1,1,1,3,3,2,1,1,1,3,4,4,2,1,1,1,3,3,2,2,2,2,2,1,2,1,3,3,1,1,2,2,4,4,1,2,4,2,1,1,1,1,4,4,3,2,1,1,2,3,2,2,1,1,3,2,2,2,1,2,2,1,1,2,3,3,3,2,1,1,1,1,2,2,1,1,3,3,4,1,2,2,2,2,3,4,1,3,1,1,4,1,1,1,2,3,2,2,2,1,1,3,3,1,2,1,2,4,1,3,1,1,2,2,2,3,1,1,2,1,2,1,2,1,3,3,1,2,3,4,4,3,4,3,1,2,1,2,1,2,1,2,2,3,4,3,3,3,2,2,2,2,2,3,3,4,6,11,6,4,6,11,16,17,21,19,15,6,2,4,23,58,94,117,74,49,51,58,47,24,15,7,4,4,10,21,41,51,43,43,33,21,5,4,19,33,41,30,19,18,16,18,23,30,30,25,21,18,25,30,41,45,65,80,88,61,65,71,80,94,132,94,77,51,74,71,49,49,63,51,51,61,123,135,143,140,132,117,83,56,49,38,41,37,80,94,77,58,29,15,5,6,19,19,15,10,5,4,5,4,3,4,3,3,8,14,8,5,3
4,2,2,2,1,3,3,4,2,3,2,1,1,1,1,3,4,4,2,1,3,2,1,1,1,2,2,2,3,1,1,2,2,2,1,2,4,3,3,3,1,1,2,2,1,1,2,4,3,4,3,3,1,1,1,1,2,3,2,1,1,1,1,2,1,2,1,1,1,1,1,1,1,2,1,2,1,2,1,3,3,3,1,1,2,1,2,1,1,1,2,3,4,4,2,1,2,2,3,2,3,2,2,2,1,1,2,2,2,2,1,1,3,1,3,3,2,2,3,3,2,1,1,2,3,4,4,3,1,1,1,1,2,1,2,1,3,3,3,2,2,1,3,3,2,1,1,1,3,3,1,1,1,1,1,2,1,2,5,1,3,1,1,1,1,3,2,3,3,2,2,2,1,1,1,1,2,4,3,2,1,1,1,1,4,2,2,1,3,3,3,2,2,1,1,2,3,3,1,1,1,1,3,2,2,2,3,3,2,2,3,4,3,4,4,3,2,1,3,3,2,2,2,1,3,4,4,4,4,2,2,1,2,1,2,3,5,6,17,14,6,10,10,15,27,28,21,17,14,5,1,3,16,35,102,120,80,51,61,77,35,19,13,8,4,5,15,25,53,53,45,45,38,25,10,7,21,43,35,25,19,14,13,16,30,49,53,43,28,19,21,25,53,63,77,63,77,63,56,66,83,91,97,85,71,51,77,83,47,47,61,71,58,85,109,132,126,112,100,88,61,53,45,33,33,47,80,77,51,32,17,5,5,7,18,18,8,5,4,5,5,3,2,3,4,4,4,5,4,3,3
3,2,1,1,3,3,3,3,2,1,1,1,1,1,1,1,2,3,1,1,2,2,2,2,1,1,1,1,2,2,2,2,2,2,2,3,3,3,2,2,1,1,1,2,1,1,1,3,2,3,2,3,2,1,1,1,2,2,3,3,2,1,2,1,1,2,1,1,1,2,1,2,1,2,2,2,2,2,3,3,2,2,1,1,2,1,4,3,1,1,2,3,4,1,1,1,2,2,4,4,3,2,2,1,2,1,1,1,3,3,3,1,3,3,1,1,3,3,2,2,1,2,1,1,2,2,3,4,2,1,2,2,3,3,1,1,3,3,3,2,1,1,3,3,1,1,2,2,3,3,1,1,1,1,1,1,1,1,4,3,1,1,1,1,2,2,2,1,2,1,1,1,1,3,1,2,3,1,2,2,3,3,3,2,3,1,1,2,4,1,3,2,1,1,2,1,2,1,1,1,1,3,3,1,1,1,3,3,1,2,3,3,5,4,5,3,3,2,2,3,2,2,3,2,4,3,4,4,2,3,3,3,2,2,2,3,6,15,23,21,7,15,23,32,63,41,21,19,11,4,1,4,11,29,71,88,65,49,58,38,22,18,13,8,5,8,21,41,56,49,36,36,45,30,19,21,36,47,30,15,6,4,5,21,35,51,61,56,30,19,23,28,45,49,43,66,66,71,53,47,68,77,56,53,61,53,71,71,45,66,51,53,63,117,123,140,97,115,80,63,47,45,37,32,41,68,66,56,32,17,7,6,8,13,17,15,7,4,5,5,5,3,3,3,4,4,4,3,4,4,3
2,1,1,1,3,4,4,3,1,1,1,1,1,1,1,1,1,1,1,2,1,2,2,3,2,1,1,2,1,1,1,1,2,3,3,2,3,3,3,2,1,1,1,1,2,2,1,1,1,3,3,2,3,1,1,1,1,1,3,3,1,2,2,1,1,2,1,1,1,2,1,1,2,2,2,3,2,1,4,3,2,3,1,1,1,3,3,3,2,2,2,3,3,1,2,1,1,3,4,3,2,1,1,3,1,4,2,1,2,3,3,4,2,1,1,1,3,3,1,1,2,2,1,1,2,1,3,4,2,2,1,1,1,2,1,2,3,3,2,1,1,1,2,2,1,1,2,1,3,2,1,1,1,3,1,1,1,2,3,3,2,1,1,2,3,3,1,1,1,1,1,1,1,1,1,2,3,3,2,1,3,4,3,2,2,2,1,1,3,2,3,1,3,3,1,1,1,1,2,1,4,4,4,3,3,2,3,3,3,4,3,4,5,5,3,3,2,3,3,4,2,3,4,4,4,3,4,3,1,3,3,3,2,3,2,4,8,22,27,16,13,19,35,63,61,56,21,15,14,6,4,5,14,18,56,63,56,53,61,33,19,15,8,5,6,16,33,43,56,43,32,32,36,36,36,49,33,22,17,5,3,3,11,23,30,35,49,56,45,33,32,33,43,43,35,47,61,63,58,58,74,63,51,49,47,49,49,51,53,68,51,51,66,126,151,135,102,91,91,56,53,47,32,32,51,71,51,32,17,5,6,10,15,14,15,8,5,4,4,4,4,4,4,4,3,3,4,4,4,4,4
2,2,1,1,3,4,4,4,1,1,1,1,3,3,1,1,3,2,1,1,2,2,3,2,1,2,1,1,2,1,1,1,2,3,3,2,1,1,1,1,1,1,3,3,3,3,2,2,2,2,3,3,3,3,2,1,1,1,1,3,3,3,1,2,2,1,1,1,1,2,2,2,2,2,3,3,4,2,3,2,2,3,1,1,2,2,1,2,2,2,1,2,3,3,2,2,1,2,1,2,1,1,1,3,1,3,2,1,2,1,2,1,1,1,1,1,1,1,1,1,1,1,1,1,1,2,4,2,3,3,3,3,3,1,1,1,1,1,2,1,2,1,2,1,1,1,1,2,3,3,1,1,3,3,4,4,3,1,3,3,2,1,2,1,3,2,1,1,1,1,1,1,1,1,1,2,2,1,2,3,3,3,3,2,1,1,1,1,3,3,2,1,3,3,1,1,1,1,2,3,3,2,3,4,4,4,4,4,3,4,3,5,4,5,4,3,2,2,3,4,3,3,4,5,3,3,3,1,3,3,4,8,5,3,4,5,16,28,25,18,14,22,61,61,61,33,17,13,15,19,18,13,5,16,32,61,53,53,77,32,16,11,7,5,10,19,28,61,63,35,27,25,29,58,51,25,14,5,4,3,4,14,21,22,17,23,47,66,61,61,38,30,43,45,35,35,51,63,66,68,80,61,66,51,43,43,32,38,58,71,77,102,94,105,117,129,112,94,83,56,58,53,45,56,71,58,35,18,5,5,13,16,15,15,11,5,4,4,3,4,4,5,5,3,3,3,4,4,4,4,4
2,2,1,1,3,3,4,3,1,2,2,1,3,2,3,2,2,2,1,2,1,1,1,2,3,3,2,1,2,1,1,1,1,3,3,3,2,2,2,2,1,1,2,2,3,3,2,2,2,2,1,3,3,2,2,2,1,1,1,3,2,3,3,3,2,2,1,1,1,1,2,2,2,1,3,2,3,4,3,3,3,3,2,1,2,1,1,1,2,1,1,2,2,2,2,1,2,2,2,2,1,1,1,3,2,2,2,2,1,2,1,2,1,1,2,1,1,1,2,2,1,1,1,1,1,2,2,1,3,3,4,4,2,1,1,2,2,1,1,2,1,2,1,1,1,1,2,3,3,3,1,3,3,3,4,4,2,3,3,2,2,2,1,1,1,2,1,1,1,1,1,2,1,1,1,1,2,1,2,3,1,1,2,2,2,1,1,1,3,3,2,1,3,2,3,3,1,1,3,1,2,2,4,6,5,6,4,4,5,5,4,3,5,6,3,3,2,1,4,4,5,4,5,4,4,3,1,1,3,4,6,7,8,7,7,15,24,28,23,17,17,33,58,58,36,18,11,13,28,56,36,21,7,14,24,49,56,35,68,49,24,19,17,19,21,19,24,56,66,41,28,21,32,49,25,10,4,3,3,11,23,25,19,17,18,25,41,53,61,68,43,35,29,30,32,33,49,49,66,56,66,56,66,61,45,38,32,38,58,83,102,137,97,83,97,112,112,91,66,56,56,51,66,71,45,33,19,6,5,7,15,17,15,11,5,5,4,3,3,4,4,4,4,3,3,3,4,4,4,4,3
2,2,1,1,3,3,2,1,2,2,1,3,2,3,2,2,3,3,1,1,1,1,2,3,3,3,3,1,1,1,1,1,3,4,2,2,2,2,2,4,4,1,2,3,3,3,2,1,2,1,2,4,3,2,2,1,1,1,1,3,3,2,3,2,2,2,1,1,1,1,2,1,1,1,1,2,1,3,2,1,3,3,3,3,1,2,1,1,2,3,3,3,1,1,1,1,1,2,2,1,1,1,3,3,3,2,2,2,1,1,2,1,1,1,2,1,1,2,3,3,1,1,3,1,3,1,1,1,2,1,3,3,3,2,1,2,1,2,2,1,1,1,1,1,2,3,2,3,3,2,3,4,4,3,2,1,1,2,4,4,3,3,1,1,2,2,1,1,1,1,2,2,1,1,1,1,3,1,2,2,1,2,1,3,4,4,1,2,3,4,1,1,2,2,2,2,2,1,3,3,3,4,5,7,5,5,5,4,7,4,5,4,4,5,3,3,2,3,4,5,6,7,5,4,3,1,1,3,3,5,6,14,15,15,15,19,21,24,25,23,24,51,58,53,25,14,11,21,65,71,74,32,19,16,28,74,68,77,77,99,63,49,47,71,65,23,25,38,45,41,27,27,35,25,10,4,3,6,11,25,38,25,19,25,25,30,30,37,43,41,45,41,33,29,37,33,37,38,53,33,43,37,45,47,47,35,38,47,51,77,94,83,68,85,80,71,85,77,58,63,66,63,71,49,23,14,4,4,10,14,15,16,11,5,4,3,4,4,4,3,4,4,3,1,3,3,4,4,3,3,3
1,1,2,3,2,2,1,1,1,1,1,4,3,3,1,3,3,3,1,1,1,1,2,3,2,3,2,1,1,1,1,2,4,2,1,1,2,1,3,4,3,2,1,1,2,1,1,1,2,2,2,2,2,2,2,3,3,3,1,1,2,1,3,4,2,1,2,1,1,1,1,1,1,1,1,1,1,2,3,1,2,2,1,3,3,1,1,1,1,3,3,2,1,1,1,1,2,2,2,2,2,1,3,3,3,3,1,2,2,2,1,1,1,1,1,1,1,2,3,3,1,3,4,3,3,1,1,1,2,1,2,1,2,1,1,2,2,3,2,1,2,1,1,1,3,3,4,3,2,2,4,4,3,3,2,2,1,1,4,7,3,3,1,1,1,2,1,2,2,2,2,2,3,1,1,2,3,3,1,2,1,2,3,4,5,5,3,3,3,3,3,1,2,1,3,2,1,2,4,3,4,5,8,10,8,7,10,8,10,7,5,5,4,4,4,3,5,4,3,4,8,10,4,3,1,2,1,3,3,4,11,15,16,18,19,22,27,32,43,32,49,58,58,43,28,24,18,19,61,71,77,41,21,19,33,74,117,80,80,112,123,115,99,102,105,32,21,25,41,38,33,35,25,18,3,2,4,17,24,21,23,27,43,45,33,28,37,35,28,35,41,49,43,45,43,37,43,38,32,33,35,30,33,38,49,47,51,61,58,85,80,74,51,71,53,63,77,68,51,66,63,88,66,25,8,3,3,4,11,16,15,8,5,4,3,3,4,4,4,3,3,4,2,2,3,3,3,4,3,3,3
2,1,2,1,1,1,1,1,1,1,3,4,2,2,2,2,3,4,3,1,2,1,2,2,3,1,1,1,1,1,1,1,1,1,2,2,1,2,3,3,3,2,1,1,1,1,1,2,2,2,2,2,1,2,2,3,4,3,2,1,1,1,3,3,4,3,3,2,1,1,2,1,1,1,1,1,1,2,1,1,1,2,3,2,4,4,1,2,2,2,1,1,1,1,1,2,3,3,1,1,1,2,2,2,2,1,1,2,2,2,2,1,1,1,1,1,1,1,3,2,3,3,4,3,2,1,1,1,2,3,1,2,1,1,1,2,1,1,2,3,2,3,2,1,2,4,2,1,1,1,3,3,2,2,2,1,1,1,3,3,4,2,1,1,1,2,2,2,1,2,2,3,3,1,1,1,1,3,1,1,1,1,3,5,6,5,4,3,1,2,3,2,1,2,3,3,2,3,4,7,10,10,13,14,16,15,14,10,15,13,5,5,5,6,5,3,3,3,3,5,13,15,7,5,3,3,3,3,4,5,7,16,16,19,22,30,35,38,51,53,63,49,36,28,22,19,16,22,45,68,61,29,19,25,30,56,129,120,77,85,132,109,105,115,109,47,29,28,35,43,41,30,24,16,4,5,10,19,22,21,28,61,68,61,43,41,43,32,32,41,47,51,63,53,53,53,41,33,45,56,56,56,56,53,56,71,80,102,91,94,91,71,53,63,43,74,53,58,53,71,94,80,45,13,3,3,5,7,15,18,11,5,5,4,3,3,4,4,4,4,3,2,1,3,4,4,4,3,3,3,4
2,2,2,1,2,1,1,1,1,2,3,2,1,1,1,2,3,3,3,1,1,1,1,2,1,1,1,2,2,2,3,3,1,1,2,2,2,2,1,2,3,3,1,1,1,1,1,3,2,2,2,2,1,1,3,4,4,3,1,1,1,2,2,4,4,3,2,2,1,1,2,1,1,1,1,1,1,1,1,1,1,2,3,2,3,4,2,1,2,2,2,1,1,1,1,1,1,3,2,1,1,1,1,2,2,1,3,3,3,1,2,1,1,1,1,1,2,1,2,3,3,4,3,3,1,1,1,1,3,3,1,2,1,2,2,2,1,2,1,2,2,3,2,2,2,1,1,1,1,1,1,2,2,2,2,2,1,1,1,2,1,2,1,1,2,2,1,2,1,2,3,3,3,2,3,3,1,3,3,1,1,1,4,11,11,6,3,3,3,3,3,3,3,3,3,2,3,3,6,15,15,15,17,17,17,18,11,8,14,8,5,5,5,7,8,5,4,3,4,6,15,16,11,5,4,3,4,3,4,8,15,15,14,16,22,30,32,35,41,51,47,56,23,22,18,11,10,16,25,38,56,35,23,27,53,58,120,115,94,85,109,117,105,115,117,83,41,32,30,33,63,43,17,7,7,15,23,22,19,33,51,58,61,58,51,53,51,38,30,30,41,66,68,56,53,53,37,43,61,68,91,97,71,68,66,80,105,112,123,112,105,68,61,51,56,63,58,49,74,97,105,41,19,5,3,7,15,15,15,13,5,4,5,3,2,3,4,4,4,4,3,2,1,3,4,5,4,4,3,4,4
1,1,1,1,3,2,1,1,1,3,2,2,3,1,1,1,2,2,2,1,1,1,1,2,3,3,3,3,3,3,3,4,3,2,3,2,1,1,1,1,4,4,2,1,1,1,2,3,1,1,2,1,1,1,1,2,1,1,1,1,1,3,1,2,2,2,2,3,2,1,1,1,1,2,1,2,1,1,3,3,2,1,2,1,4,3,2,1,1,2,2,1,1,1,2,2,2,2,1,1,1,1,1,1,1,2,3,4,1,1,2,1,1,1,1,3,4,1,2,2,4,4,3,3,1,1,3,1,2,1,1,1,3,2,3,2,1,1,1,2,1,1,2,3,3,3,3,2,1,1,1,2,2,3,4,1,1,1,1,1,2,2,1,1,2,2,1,1,1,1,2,3,2,3,3,2,1,3,3,3,1,2,6,13,11,8,4,3,1,2,1,3,3,3,3,3,2,3,7,15,18,17,19,19,16,15,8,8,13,6,5,5,3,5,8,10,10,8,5,5,7,13,6,7,5,3,5,5,8,15,19,18,15,15,21,30,35,30,30,56,63,56,21,15,11,6,5,6,17,32,58,56,47,45,68,74,137,151,117,74,66,91,117,132,143,105,99,53,35,63,99,66,19,14,21,24,21,22,29,56,77,71,66,61,66,53,45,38,45,30,33,58,66,58,49,51,61,68,51,71,100,85,63,61,83,102,105,94,102,123,97,51,47,58,53,45,58,85,85,105,85,24,5,3,8,18,19,17,13,5,4,3,4,2,3,4,4,4,3,3,3,3,3,3,4,3,5,5,4,4,4
1,1,1,1,3,2,1,1,1,3,2,3,4,1,1,1,4,3,1,1,1,1,1,2,3,3,3,3,3,3,2,3,2,3,1,1,1,1,1,1,4,5,2,1,1,1,3,3,1,1,1,2,1,1,2,3,1,1,2,1,3,1,2,1,1,1,3,3,2,1,2,1,1,1,2,2,1,1,1,3,1,2,1,3,2,1,1,1,2,3,2,3,3,1,2,1,1,2,1,2,1,1,1,1,1,2,4,4,3,1,1,2,1,2,2,3,1,1,3,2,3,4,2,2,2,1,2,1,1,1,2,2,3,1,2,2,1,2,2,2,1,1,3,4,3,1,2,2,1,2,2,2,2,1,4,3,2,1,1,1,1,1,2,2,1,2,1,1,1,1,3,3,3,2,2,1,1,3,3,2,1,3,4,10,13,10,5,4,1,2,3,3,3,3,1,3,3,3,6,7,14,18,19,19,14,10,6,11,13,7,6,4,5,5,7,13,13,8,5,5,4,6,5,7,5,4,5,8,14,14,17,16,19,21,25,33,36,38,51,58,63,36,15,7,6,6,3,3,15,30,68,88,83,88,88,91,120,157,151,99,77,105,126,148,172,112,112,102,66,109,143,58,19,19,23,27,24,33,53,80,112,91,68,74,85,58,51,47,38,28,33,47,51,61,56,58,77,80,80,66,68,66,61,80,102,109,83,91,117,83,53,41,53,71,51,49,66,94,105,97,43,13,3,4,16,19,21,16,7,4,3,3,3,4,3,4,4,4,3,2,4,4,3,3,3,3,4,5,5,5,4
1,2,1,1,2,2,1,1,2,1,3,3,2,1,1,1,4,4,4,3,2,2,2,2,1,2,3,1,1,2,1,3,3,2,1,1,1,1,2,3,4,4,1,1,1,2,3,4,2,2,3,3,1,1,2,2,4,4,3,3,2,1,1,1,1,2,3,2,2,2,2,1,3,2,1,1,1,1,1,1,1,1,1,2,1,1,1,1,1,3,3,3,3,1,1,1,2,1,3,2,2,1,1,1,1,1,4,4,2,1,1,2,1,1,3,3,1,1,1,3,3,3,3,3,2,2,1,2,1,1,1,1,3,3,2,1,1,3,1,4,2,3,2,1,1,1,2,1,2,2,1,1,1,1,3,3,2,2,1,1,2,1,2,2,1,2,2,1,1,2,4,3,2,1,1,1,3,3,3,1,1,1,3,6,13,8,4,3,2,1,1,3,3,2,3,3,3,4,4,5,7,15,18,16,4,5,7,15,11,8,6,6,7,7,10,10,7,5,5,4,3,4,4,3,3,3,3,6,11,11,13,14,21,29,32,43,56,51,61,56,47,19,6,6,11,8,4,4,15,30,83,88,91,88,91,97,126,154,154,100,88,123,126,151,169,115,100,77,109,143,105,23,23,27,25,37,49,51,94,112,85,71,66,74,68,47,38,45,38,35,33,37,45,49,61,58,53,94,105,63,53,56,49,91,102,100,120,117,118,80,66,71,53,58,63,80,74,83,68,28,10,4,5,10,19,21,17,10,4,2,3,4,3,4,4,3,4,4,4,4,4,4,4,3,2,3,5,6,6,5,2
1,1,2,2,2,1,3,3,1,2,2,1,2,1,1,1,3,4,3,3,4,1,2,2,1,2,1,2,1,1,1,3,2,3,1,1,1,1,1,3,4,4,3,2,1,1,3,3,3,1,2,3,2,2,3,3,4,4,2,3,1,1,1,1,2,1,2,2,1,1,1,2,3,3,1,1,2,1,1,1,1,3,3,2,2,1,1,1,1,3,1,1,3,2,2,2,2,1,3,3,1,1,1,1,1,1,4,4,2,1,2,2,2,1,3,1,1,1,1,3,2,2,2,1,3,3,2,1,1,1,1,4,3,3,2,1,1,3,3,4,2,3,2,1,3,1,1,2,2,1,2,1,1,1,2,3,1,2,1,1,1,2,1,3,1,1,2,1,1,2,3,2,1,1,1,1,3,4,2,2,2,3,5,7,8,10,4,1,2,1,1,2,4,2,3,3,3,3,3,3,5,7,11,8,4,3,6,10,10,10,4,4,5,5,6,5,4,4,3,3,3,3,4,2,2,2,3,5,7,7,7,14,21,27,36,51,58,56,61,53,24,14,8,16,23,21,10,8,11,25,88,85,88,88,88,97,151,123,102,77,77,126,123,140,167,109,61,49,83,77,35,27,29,25,28,51,68,68,91,97,74,63,91,77,47,47,33,49,45,38,32,38,49,51,63,66,43,66,58,35,61,45,56,63,88,115,132,140,100,91,85,58,49,61,77,91,117,83,23,6,3,3,8,16,19,19,8,5,1,4,3,5,4,4,4,4,3,4,3,4,4,3,4,3,3,3,4,6,7,5,4
1,1,3,4,1,2,1,1,2,2,1,1,1,2,1,1,2,1,1,2,2,1,1,2,2,3,1,2,1,1,1,2,2,2,2,1,1,1,1,2,3,3,3,3,1,1,3,3,3,2,2,3,1,2,4,4,4,3,2,2,1,1,1,1,2,3,2,2,1,1,1,1,1,1,2,1,3,2,1,1,1,3,2,1,3,3,1,1,1,2,1,2,1,1,2,2,1,2,3,1,2,2,3,3,2,1,3,4,1,1,3,3,1,1,2,1,2,1,1,3,1,1,1,2,3,3,1,1,3,3,1,2,1,2,1,2,1,3,3,1,1,1,1,1,2,2,1,1,1,1,2,2,1,1,3,3,1,1,1,1,3,3,3,1,3,2,2,1,1,2,3,1,1,1,1,1,3,4,3,2,2,5,14,11,10,5,4,3,2,2,2,2,3,2,3,3,4,3,3,4,4,4,6,4,3,3,4,5,8,5,1,3,4,3,2,2,2,3,2,4,3,3,3,2,3,3,4,5,6,8,7,14,21,28,47,56,61,53,32,21,18,19,21,35,68,38,15,10,14,25,88,88,91,91,88,100,137,88,53,51,58,80,120,137,151,94,30,19,25,25,21,25,27,22,45,80,83,94,85,53,49,63,68,63,43,38,45,41,45,38,35,45,45,49,53,49,37,35,41,35,56,68,77,71,68,105,105,115,129,74,61,58,53,47,88,120,71,19,7,4,5,8,16,24,19,15,4,3,3,3,3,5,3,4,4,4,3,3,4,3,5,3,4,1,3,3,4,6,10,7,4
1,1,3,3,2,1,1,2,3,2,1,1,1,2,2,1,1,1,2,1,3,3,3,3,2,2,2,2,1,1,1,2,3,2,3,3,1,2,1,1,1,3,3,2,1,1,1,2,3,3,2,3,3,3,4,4,2,1,2,1,1,1,1,1,2,3,2,2,1,1,1,1,1,1,4,2,2,3,1,1,2,3,3,2,1,3,2,1,1,1,2,1,2,2,2,1,1,1,2,2,2,1,4,4,2,1,1,2,2,1,3,4,2,1,1,2,1,3,3,2,1,1,1,1,3,3,1,2,3,3,2,1,1,1,2,3,3,1,1,1,1,1,1,1,1,1,1,1,1,2,1,3,3,3,1,2,2,1,1,2,1,3,1,3,3,2,1,2,2,1,1,1,1,1,1,2,3,4,3,3,5,6,14,11,6,4,5,5,4,4,3,4,3,3,3,1,1,4,5,5,6,5,7,4,1,3,3,4,7,3,3,2,4,1,1,1,2,2,3,3,3,1,2,2,3,3,4,5,8,10,6,10,19,28,45,61,56,22,14,14,16,21,43,65,71,33,11,10,17,25,88,88,88,91,91,100,94,71,61,63,88,112,135,154,154,49,15,11,19,21,24,24,24,37,71,77,80,66,74,61,51,53,77,58,49,47,41,41,49,49,49,37,41,51,49,47,41,32,45,53,91,77,97,71,88,85,100,115,88,83,61,56,43,51,91,68,28,7,4,4,5,15,21,21,15,7,4,4,1,3,3,3,4,4,4,3,3,3,4,4,4,3,3,3,2,4,4,4,10,8,6
2,1,1,1,1,1,2,2,5,3,1,1,1,2,2,3,2,2,2,2,4,3,3,3,1,1,1,1,2,1,2,3,3,2,4,3,3,3,2,1,3,4,4,2,2,1,1,1,1,3,3,2,3,3,3,3,1,2,2,1,1,1,1,1,2,2,1,1,1,1,1,2,3,4,3,2,1,1,1,1,2,3,3,1,2,2,2,1,1,2,1,1,1,2,1,1,3,1,2,3,1,2,4,4,2,1,1,1,2,3,1,1,2,1,1,2,3,4,3,2,1,1,1,1,2,2,1,1,1,3,3,1,1,1,1,2,1,1,1,1,1,2,2,1,1,2,1,2,3,2,3,3,3,3,1,2,2,2,2,3,2,3,2,3,2,1,1,1,2,3,3,3,2,1,1,1,3,4,3,4,5,10,14,14,6,4,5,7,6,5,5,6,4,2,2,2,3,4,8,13,6,8,5,3,1,2,2,4,4,6,5,3,2,3,2,3,3,2,3,4,2,1,2,3,2,3,4,6,8,10,6,7,15,19,30,45,29,14,8,10,19,23,38,53,43,19,10,8,14,21,63,58,43,51,74,102,66,80,109,140,132,137,159,179,157,49,15,13,19,24,27,30,41,66,74,66,51,49,83,85,49,43,58,61,49,63,53,53,47,47,53,43,41,43,45,53,53,43,45,77,97,91,77,115,123,94,61,68,80,74,68,68,58,85,66,29,11,4,5,5,14,19,19,17,5,4,4,3,3,3,3,4,4,3,3,3,3,3,3,4,4,4,5,1,2,2,2,4,10,11,11
2,3,1,1,1,1,2,4,3,4,1,1,1,1,3,4,3,1,2,3,4,4,3,3,2,1,1,1,1,2,2,2,3,3,4,3,4,3,2,2,3,3,3,2,2,1,1,2,1,2,3,2,2,1,1,1,1,2,2,1,1,1,1,1,1,2,1,1,1,1,1,1,2,2,3,2,1,1,1,2,2,1,1,2,1,1,1,2,1,1,1,1,1,1,1,1,1,1,2,2,1,1,3,3,2,1,1,1,2,3,1,2,1,1,1,2,2,3,3,2,1,1,1,1,2,2,1,1,1,3,4,3,1,1,1,1,2,1,1,1,2,2,3,2,2,1,2,2,3,3,3,2,1,3,2,2,1,2,3,3,2,1,2,2,3,3,1,1,1,3,1,3,2,1,1,1,3,2,4,3,5,13,15,15,8,5,11,14,13,13,8,5,5,4,2,1,2,5,11,14,8,4,3,4,3,3,3,3,5,6,4,3,3,2,2,1,4,4,4,4,2,3,3,3,3,3,4,5,6,7,6,5,6,16,21,23,19,19,21,19,24,43,47,43,29,18,13,11,14,17,19,19,19,22,32,38,38,97,140,151,140,161,184,164,137,56,25,16,22,21,25,41,43,53,66,61,51,58,71,71,43,37,56,58,56,66,58,49,61,66,68,63,51,53,66,91,83,53,71,109,102,91,85,97,88,94,85,56,74,74,71,94,94,85,30,11,4,5,7,14,18,21,16,6,4,3,4,5,3,1,3,4,4,4,3,3,3,3,3,4,3,3,4,4,4,3,2,4,6,11,10
3,3,3,1,1,1,1,3,3,3,2,1,0,1,4,4,3,2,1,1,2,3,1,1,2,1,1,2,1,1,1,1,2,1,2,3,3,4,3,2,3,1,1,1,2,2,3,3,3,2,3,3,3,1,1,1,1,2,3,3,2,2,1,1,1,1,1,3,3,2,1,1,1,1,1,1,1,1,1,2,2,1,1,1,1,1,2,1,2,2,1,2,1,1,2,1,2,1,2,2,1,1,2,3,1,2,1,1,3,2,1,1,1,2,2,1,1,1,2,3,2,1,1,1,1,2,1,1,2,3,4,2,2,1,1,2,2,3,1,1,3,3,3,1,1,1,1,3,2,3,2,1,2,1,3,3,2,3,3,3,2,1,1,2,3,4,1,1,2,2,2,1,2,1,1,1,5,5,4,5,10,14,15,17,15,15,19,19,16,8,7,5,3,4,3,3,4,5,6,8,7,5,5,3,3,2,3,4,4,7,5,4,1,2,2,3,4,3,4,3,2,2,4,4,5,4,4,4,4,3,4,5,4,5,11,14,21,61,61,61,63,68,74,37,30,28,21,19,17,14,6,7,11,10,16,19,33,71,120,154,164,184,192,179,117,68,41,25,21,24,28,45,45,51,66,53,43,49,47,58,49,58,53,63,66,63,45,58,74,88,91,83,68,94,123,126,120,109,97,102,85,91,74,66,66,71,66,63,51,63,94,97,105,51,15,5,6,7,14,21,19,10,7,5,3,2,4,4,3,3,5,5,3,5,4,4,3,3,4,4,3,3,3,4,3,3,4,4,5,11,11
3,3,3,2,1,1,1,3,5,4,2,1,1,1,5,4,2,1,1,1,1,1,2,1,2,1,2,1,1,1,1,1,1,1,1,2,3,4,3,2,2,2,1,1,2,2,3,2,3,3,2,3,3,1,1,1,2,3,4,4,2,3,2,2,1,1,2,2,3,3,2,1,1,1,1,1,2,1,1,1,2,1,1,1,1,1,2,2,2,1,1,1,1,1,2,1,1,2,1,2,1,1,1,3,3,2,1,2,3,3,1,1,1,1,2,2,1,1,3,3,2,1,1,1,2,2,2,2,2,4,3,4,2,1,2,2,4,4,1,2,3,1,1,2,1,1,4,3,1,2,2,1,1,2,1,4,3,3,4,1,1,1,1,1,4,4,2,2,2,2,1,1,3,3,1,1,5,5,5,7,6,15,17,16,15,16,19,19,11,5,4,3,4,3,3,3,4,5,8,8,4,5,4,4,3,2,3,4,5,5,5,3,3,3,3,2,4,3,3,3,3,3,5,7,8,5,4,4,4,5,4,4,4,4,6,13,24,51,61,66,66,68,68,77,80,83,74,28,16,10,5,7,5,15,15,19,27,33,112,179,175,188,176,135,85,71,37,23,21,24,45,56,51,47,45,37,32,38,47,56,61,68,61,77,61,85,80,80,91,117,97,100,100,94,115,135,151,126,112,80,77,74,66,53,53,61,58,53,53,63,83,88,71,21,5,4,8,16,19,18,13,5,4,4,1,1,4,4,3,4,5,5,3,3,5,4,4,3,3,3,3,3,3,4,3,4,4,3,7,10,8
3,2,3,2,1,1,3,4,3,3,2,3,1,1,2,2,2,1,2,1,1,1,1,1,3,3,1,1,1,1,1,1,1,2,3,2,3,2,1,1,2,2,1,1,2,3,2,2,3,2,1,2,1,2,3,3,2,3,3,3,2,3,2,2,2,1,2,2,1,1,3,3,3,3,2,3,3,1,1,2,2,1,1,1,1,1,2,3,1,3,2,1,1,2,2,2,2,1,2,1,1,1,2,2,3,2,2,3,4,4,2,1,2,1,2,1,1,2,3,3,2,1,1,1,1,1,2,3,2,3,1,3,2,2,2,1,3,3,2,2,1,1,1,1,2,2,2,2,1,2,2,1,1,2,3,4,3,3,2,2,1,1,1,3,4,4,3,2,1,1,1,1,4,1,1,1,4,5,5,5,5,8,17,17,16,17,19,19,6,4,2,1,2,3,3,3,4,4,8,8,4,3,4,3,2,4,5,4,4,5,4,5,4,4,3,2,3,2,2,3,3,4,4,8,7,6,4,4,4,3,5,4,2,3,6,13,21,29,38,38,58,74,74,77,77,83,77,29,16,11,11,14,19,23,28,37,27,30,140,198,188,196,105,66,63,51,25,18,19,27,51,53,53,38,32,35,33,45,61,56,66,74,83,83,117,120,129,143,137,140,117,112,109,97,83,85,100,94,120,80,115,71,61,49,56,74,51,41,51,63,66,61,19,6,3,3,14,19,17,8,4,3,3,3,4,2,4,4,3,3,5,5,5,4,4,5,4,3,5,5,4,5,3,4,5,4,5,6,7,7,7
2,3,2,2,1,1,3,3,2,2,3,3,1,1,2,3,2,1,2,1,1,2,2,2,3,2,2,1,1,1,1,1,1,2,2,3,3,3,2,2,1,1,2,2,2,2,2,2,2,2,1,1,1,3,4,2,2,2,3,3,3,3,3,2,2,2,1,1,1,2,3,4,4,3,1,1,2,3,2,1,1,1,1,1,1,1,1,3,4,4,1,1,2,1,1,2,2,2,1,1,1,1,2,3,1,1,1,3,3,3,2,2,2,1,1,1,1,1,2,3,2,1,2,1,1,2,2,3,2,3,2,2,2,2,1,2,3,3,3,3,2,1,1,1,1,1,3,1,2,2,2,2,1,2,4,4,3,1,1,2,2,1,3,4,3,3,2,1,1,1,1,1,3,2,1,2,2,4,5,3,4,5,13,13,13,16,18,16,6,3,3,1,1,2,3,2,3,4,6,6,4,3,3,3,3,4,5,5,4,4,5,4,5,5,4,3,2,2,3,3,3,4,4,8,13,5,4,4,4,4,4,4,4,4,5,13,18,19,19,25,68,74,77,80,80,77,45,35,22,16,17,21,45,66,56,66,38,38,169,198,201,151,77,68,71,33,18,17,19,25,45,47,47,41,37,37,43,61,80,85,80,117,117,143,167,132,164,167,151,132,109,102,77,91,74,53,66,80,74,61,74,85,56,66,74,58,51,77,77,71,45,21,5,4,2,5,13,18,15,4,3,3,3,3,4,4,4,3,5,4,4,3,4,4,3,4,4,4,6,6,5,5,3,3,6,8,7,7,10,6,7
1,1,2,2,1,1,3,3,2,1,3,2,2,1,2,3,2,2,1,1,3,1,1,1,1,2,3,2,3,2,1,2,1,1,1,1,3,3,3,2,2,2,2,2,1,2,1,1,1,1,1,1,2,4,3,3,2,1,2,1,3,3,3,2,2,2,1,1,1,1,3,3,4,2,1,1,2,2,2,1,1,1,2,1,1,3,1,3,3,2,2,2,2,2,3,1,2,1,1,1,1,2,3,3,2,1,1,2,4,4,1,2,3,3,1,1,1,1,1,1,2,1,2,2,2,2,1,2,1,2,1,1,1,2,1,3,3,3,3,1,2,2,2,2,1,2,2,1,2,2,3,2,2,2,2,2,1,1,1,2,2,2,3,3,3,2,1,1,1,2,1,1,1,3,1,2,4,5,5,4,4,4,3,5,10,15,14,7,4,3,2,2,1,1,2,3,3,5,5,4,4,3,1,2,4,5,4,5,6,5,5,5,5,7,5,5,3,3,3,4,4,5,6,10,13,8,5,5,6,7,5,4,4,4,5,10,19,16,16,28,63,71,85,85,77,83,88,83,41,24,19,32,49,77,85,91,61,49,154,204,211,179,88,77,77,32,21,17,19,28,35,38,43,45,49,51,58,58,74,112,135,157,181,188,179,154,161,161,115,88,91,88,47,51,53,47,56,51,45,51,39,61,66,77,71,61,71,112,102,53,21,7,5,5,6,14,17,16,10,4,3,3,4,4,4,3,3,2,8,5,3,3,4,4,2,2,4,4,5,7,7,5,4,8,7,6,7,7,6,10,13
1,1,3,1,1,1,2,1,1,1,2,3,2,2,1,3,3,2,1,1,1,1,1,1,1,1,2,3,3,2,2,2,1,2,1,1,2,3,3,3,2,1,3,1,3,1,1,0,1,1,0,1,3,2,3,2,2,1,1,2,2,1,1,2,1,2,1,1,2,2,4,4,4,3,1,1,1,1,1,1,1,1,2,3,2,3,3,2,3,3,1,1,2,2,3,1,1,1,1,1,1,1,1,1,2,1,1,1,5,3,1,1,2,4,2,1,1,1,1,1,2,2,1,2,1,2,3,1,1,2,1,1,1,1,3,3,3,2,1,2,1,2,3,2,2,2,2,1,2,2,3,3,2,2,2,2,2,2,2,3,3,2,1,1,1,2,1,1,1,1,1,3,3,3,3,2,4,5,5,6,4,3,2,4,8,13,8,3,3,2,1,1,1,1,3,4,4,4,3,3,3,3,2,3,4,6,5,6,7,6,7,4,5,14,16,13,5,3,5,6,5,8,8,7,10,8,5,7,11,8,4,4,3,3,5,13,19,21,17,25,43,71,85,88,85,85,88,97,94,37,19,21,61,77,83,102,68,37,77,192,210,181,94,49,51,25,19,17,25,38,38,47,58,74,102,105,91,88,83,126,175,161,184,176,188,154,143,151,85,77,94,77,49,35,28,30,43,38,43,43,33,43,58,61,74,97,85,77,51,26,8,5,11,15,15,11,14,10,5,5,4,4,4,4,4,3,3,3,5,3,4,2,4,3,1,2,4,4,5,7,8,8,7,7,7,5,4,5,7,10,10
1,2,2,1,1,1,2,1,1,1,1,2,1,2,1,3,3,2,1,1,1,1,1,1,2,3,2,3,2,2,2,1,2,2,1,1,2,2,3,1,2,2,4,5,3,1,1,1,2,1,1,2,3,2,2,2,1,3,3,3,2,1,1,1,1,1,1,1,3,4,3,3,2,1,1,1,3,3,1,1,1,2,1,1,1,1,2,2,3,3,2,2,1,2,1,1,2,2,2,1,2,1,1,2,1,1,1,1,4,2,1,1,1,2,1,1,1,1,1,1,1,2,1,2,2,2,2,3,1,2,1,1,2,3,3,3,1,2,1,1,3,3,3,3,2,3,1,1,1,1,1,2,2,3,3,2,2,2,1,3,3,1,1,1,2,1,1,1,1,1,1,3,3,3,1,3,5,4,7,6,3,2,2,4,6,8,5,3,3,1,2,1,2,1,3,4,4,3,2,2,2,3,4,4,4,5,5,6,8,11,6,5,7,16,25,18,16,10,7,6,6,5,5,5,10,7,8,14,7,6,3,3,3,4,8,17,19,17,21,22,33,71,83,88,85,83,85,88,91,37,21,27,88,77,100,109,80,53,115,188,204,179,74,41,49,28,21,21,27,58,85,88,105,123,123,148,169,175,154,123,117,161,167,146,151,129,80,77,88,80,66,68,68,41,25,30,39,33,47,45,41,35,58,91,97,109,47,22,18,11,5,10,18,19,10,5,6,5,4,5,4,2,4,4,4,4,4,3,3,2,3,4,3,3,3,3,3,4,4,8,14,11,7,8,8,7,4,5,7,10,5
1,1,2,2,2,1,1,1,1,1,2,2,1,2,2,1,2,1,1,1,1,1,1,1,1,1,3,3,1,2,1,2,2,3,1,1,3,2,3,2,1,3,5,3,3,1,2,2,2,2,2,2,3,2,1,1,3,3,4,3,1,1,1,1,1,1,1,1,3,5,4,3,2,2,2,1,2,3,1,1,1,3,3,2,1,2,1,2,2,3,2,3,1,1,1,1,1,2,1,1,2,2,2,1,1,2,2,2,3,3,1,1,1,3,1,1,2,1,2,1,2,1,2,2,1,1,2,3,1,2,2,2,2,2,3,3,1,1,1,2,3,2,3,3,2,3,2,1,1,1,2,1,2,2,3,3,1,2,1,2,1,2,1,1,1,2,3,1,3,3,3,2,1,1,1,2,3,6,6,5,3,3,5,6,5,6,5,1,2,2,2,2,1,2,4,1,3,2,1,1,2,3,4,6,6,4,5,7,15,15,8,4,6,15,25,25,23,16,8,7,5,4,4,6,10,11,10,8,6,5,5,4,4,5,11,21,22,27,29,25,33,77,85,88,80,85,85,91,66,30,29,41,91,83,91,112,85,91,143,186,204,151,77,66,47,19,19,21,25,63,80,120,120,140,159,172,217,216,172,109,88,97,167,143,112,97,91,77,68,68,71,77,51,33,30,32,30,43,47,51,53,61,77,77,77,43,19,6,6,6,10,15,21,18,6,4,5,4,4,4,4,4,3,4,4,4,4,4,3,3,4,3,2,3,3,4,6,10,8,11,14,10,8,11,10,11,5,6,7,8,6
3,2,1,1,2,2,1,1,2,2,2,2,1,2,2,1,1,1,1,1,1,1,1,1,2,2,2,1,1,2,1,2,2,1,2,2,2,2,2,4,2,3,4,2,2,1,3,2,2,3,3,3,2,1,1,2,4,3,3,2,1,1,1,1,1,1,2,2,1,1,1,1,4,3,2,1,1,1,2,2,2,3,2,3,3,3,2,1,3,3,4,3,3,1,1,2,1,2,1,2,1,1,1,2,2,2,2,2,2,2,1,1,1,3,1,1,3,4,2,1,2,2,3,1,1,1,1,1,2,1,1,2,1,1,2,2,2,2,2,2,3,2,2,2,3,2,2,1,1,2,1,1,3,4,4,4,3,2,1,2,1,1,1,2,3,1,3,4,3,1,1,2,1,1,1,2,4,5,5,6,3,4,7,11,13,5,3,2,2,2,2,1,2,4,2,2,2,3,3,2,3,3,5,5,5,5,5,8,15,15,8,4,5,13,21,19,19,19,11,5,4,3,4,5,7,7,5,5,5,6,7,4,5,10,17,19,21,29,33,38,38,71,77,85,80,83,85,91,91,41,63,100,97,102,112,112,102,115,140,179,186,132,94,71,38,15,7,16,22,30,56,66,143,137,188,212,223,192,112,109,56,56,102,129,109,105,83,74,68,88,100,100,58,43,43,53,33,47,53,71,77,97,100,49,21,11,4,5,5,14,18,19,15,8,5,3,2,4,4,3,4,4,4,4,3,3,4,4,3,5,4,4,2,3,4,6,15,16,10,8,8,6,5,8,7,11,10,8,6,7,5
1,2,1,1,2,3,3,3,3,3,2,3,2,2,1,1,1,1,1,1,1,1,2,1,2,1,1,1,2,3,3,2,2,1,1,2,3,3,3,3,2,1,3,4,1,1,3,3,2,2,3,4,2,1,1,2,4,4,3,3,1,2,2,2,3,3,2,1,1,2,2,2,3,4,3,2,1,1,1,3,1,1,2,3,3,3,1,1,2,2,3,3,3,2,1,1,3,1,1,2,2,2,1,2,1,1,2,2,3,2,1,3,3,3,2,3,3,4,2,2,2,2,3,2,1,1,1,1,1,1,3,2,1,1,1,1,1,3,2,2,1,1,2,2,2,2,2,2,1,1,1,1,2,3,3,4,2,2,2,2,2,2,2,2,1,4,4,1,3,1,1,2,1,1,1,1,2,7,4,4,5,7,10,13,11,5,1,1,1,1,2,1,2,2,3,3,3,3,3,3,3,4,5,6,4,5,4,7,13,7,10,6,5,7,15,14,15,18,13,6,4,5,4,5,6,10,7,5,5,10,7,6,11,13,15,17,18,22,43,68,77,80,83,80,83,85,88,91,94,97,100,97,102,105,115,117,112,115,132,159,151,105,88,71,41,23,5,6,16,19,22,35,83,143,179,206,194,159,105,85,43,45,85,88,100,80,109,109,80,80,109,85,88,51,41,56,45,56,74,74,68,56,45,19,5,4,2,3,15,15,18,13,7,5,4,3,4,3,4,3,2,3,3,3,2,3,3,3,4,4,3,3,3,3,5,7,14,14,11,6,7,5,5,5,7,13,13,5,8,10,6
2,1,2,2,1,3,3,2,2,3,3,2,2,1,1,2,2,1,2,1,1,2,2,1,1,1,1,1,1,2,4,2,1,1,1,1,2,4,3,1,1,2,3,3,1,1,2,2,1,1,4,4,2,1,3,3,4,3,3,2,2,1,2,3,3,4,2,1,1,1,1,2,2,3,3,3,1,2,3,3,2,2,1,1,3,3,1,1,1,1,2,2,2,1,2,2,2,2,1,1,2,2,3,2,1,2,2,2,1,2,2,1,2,2,1,1,4,3,2,2,1,1,3,1,1,1,1,1,3,2,3,1,1,1,1,2,3,4,5,4,1,1,2,1,1,1,2,3,1,1,1,1,1,2,1,2,3,2,3,3,3,3,2,1,3,4,3,2,2,2,1,1,1,2,1,2,3,4,4,5,5,5,8,10,6,3,3,1,1,1,1,1,1,1,1,2,3,3,4,3,3,3,5,5,8,5,5,5,13,8,8,7,5,7,10,15,18,15,13,14,5,5,5,5,6,10,10,10,15,15,14,14,19,14,13,15,19,35,63,71,74,83,80,83,83,85,91,91,97,100,105,105,102,105,112,112,115,117,123,129,66,68,94,102,58,26,14,7,16,21,27,47,83,91,102,137,154,146,100,66,71,77,80,74,71,85,123,109,77,74,115,109,88,80,85,66,77,80,66,43,37,26,15,4,3,5,5,10,17,15,8,5,4,4,3,4,4,3,4,5,3,4,3,3,2,3,3,5,4,5,4,3,4,5,7,6,7,10,7,7,5,7,5,5,7,8,11,10,10,10,8
1,2,2,1,2,2,2,2,1,3,3,3,3,2,2,2,1,2,2,1,2,2,1,1,1,1,1,1,1,3,4,3,1,1,2,2,4,3,3,2,1,1,3,2,3,1,2,1,2,2,3,2,2,2,1,3,3,2,3,4,2,1,4,3,3,2,2,1,1,2,1,1,2,3,3,3,2,2,2,2,1,2,1,1,1,1,1,1,1,1,1,1,1,3,3,1,2,1,1,1,1,1,3,3,1,1,2,1,2,3,3,1,2,2,2,3,3,3,2,2,2,1,3,3,1,1,1,2,3,2,3,2,1,1,1,2,4,10,14,5,1,1,1,3,1,1,6,6,3,1,1,2,1,2,1,1,1,3,3,2,2,4,3,3,4,3,1,2,2,1,1,1,1,1,2,2,2,3,3,4,4,4,5,6,4,4,3,3,1,1,3,3,3,2,1,4,3,3,3,3,3,3,4,7,10,6,5,4,5,5,6,10,8,11,11,19,19,22,19,10,6,6,5,6,10,13,17,19,21,23,28,25,18,18,15,19,21,51,63,68,77,80,80,85,85,88,91,97,100,97,102,109,105,105,115,115,117,120,115,39,33,47,115,175,102,33,21,16,19,21,28,58,83,100,126,135,115,97,63,58,74,77,77,77,66,83,100,94,63,88,85,83,91,112,112,83,61,43,43,28,16,7,5,4,5,5,11,11,7,6,4,4,4,3,3,3,4,5,4,3,4,3,3,3,3,3,4,4,4,5,4,5,6,10,10,8,5,8,11,8,6,13,5,6,7,5,7,7,7,10,8
1,1,3,3,1,1,2,1,1,3,3,2,3,3,3,1,1,2,1,2,2,1,1,1,1,1,1,1,1,3,3,3,2,2,2,3,2,2,3,1,1,1,2,3,3,1,2,2,3,3,2,1,1,1,1,2,1,2,3,3,2,2,2,2,3,2,3,2,2,1,2,1,1,2,2,2,1,2,1,1,1,1,1,1,1,1,1,1,2,2,1,1,1,4,2,3,1,1,2,2,2,1,1,2,1,1,2,3,1,3,1,1,1,1,1,1,1,3,3,3,2,1,1,2,1,1,1,1,2,3,4,3,1,1,1,1,4,16,19,10,2,2,3,4,7,18,23,23,15,4,3,5,5,3,2,1,1,2,1,1,1,2,3,3,3,3,1,2,3,1,2,3,2,3,1,4,3,2,1,4,3,4,3,3,2,3,4,2,3,3,4,4,2,3,1,2,4,3,3,1,1,3,4,10,10,8,6,6,4,5,7,14,18,16,19,21,27,25,15,6,5,7,11,10,13,18,24,27,27,32,38,43,28,24,25,32,53,68,74,74,77,80,80,83,88,83,88,100,102,100,109,112,109,115,112,115,117,120,51,37,39,68,186,206,167,68,33,25,25,27,27,35,56,112,159,143,102,94,66,68,83,83,97,102,71,80,102,83,71,80,80,68,56,41,45,30,19,15,17,13,5,6,5,8,13,14,6,5,5,4,4,4,4,4,3,4,4,4,3,4,4,3,3,4,4,4,3,3,4,5,7,6,8,14,11,10,5,10,6,10,5,13,7,7,8,5,8,7,5,7,8
1,2,3,2,2,2,1,1,2,2,2,2,3,2,4,1,2,2,2,1,1,1,2,2,2,1,2,2,1,2,2,2,3,3,3,3,3,3,3,2,1,2,3,3,3,1,2,1,2,3,2,1,1,1,1,1,1,3,3,2,3,2,1,2,3,2,3,2,1,2,2,2,1,1,1,2,1,2,2,2,1,1,1,1,1,1,1,2,2,1,1,1,1,2,3,2,2,1,1,2,1,2,2,1,1,1,2,3,3,2,1,1,1,1,1,1,3,4,3,2,2,2,2,1,1,2,1,2,1,3,3,4,3,2,1,1,4,16,29,19,5,7,16,19,29,38,53,51,29,18,15,15,19,15,3,1,1,1,1,1,1,1,3,2,3,1,1,1,3,3,2,2,1,1,4,4,3,2,2,3,5,6,3,2,2,2,2,2,3,4,3,3,2,1,2,2,4,3,2,1,1,3,4,4,5,7,7,8,6,5,11,13,16,15,16,19,25,21,14,4,4,6,14,15,19,23,29,29,29,49,61,56,56,37,47,61,66,68,80,80,80,80,83,83,61,68,83,85,100,100,105,112,115,109,112,117,120,123,77,61,97,129,175,198,181,120,61,35,30,26,21,19,25,63,83,118,94,71,74,56,63,88,129,112,66,53,53,56,63,58,39,22,17,15,15,11,4,4,5,5,6,14,14,15,14,6,4,4,4,4,3,4,4,4,2,3,3,3,4,4,4,4,3,4,3,4,3,3,5,11,15,7,11,11,10,10,8,10,8,10,8,7,5,6,6,5,7,8,7,5,7
2,2,2,1,2,2,2,2,2,3,3,3,3,2,2,1,2,1,2,1,1,1,2,2,1,1,3,3,1,1,1,1,2,4,2,2,3,3,3,2,2,2,2,2,1,1,3,3,3,2,1,1,1,1,1,1,2,1,2,3,3,2,1,1,3,3,2,2,1,1,3,3,3,2,2,1,1,1,2,1,2,1,1,1,2,1,1,2,2,2,1,1,1,1,2,2,2,2,2,1,2,2,2,2,1,2,2,2,2,1,1,2,1,2,1,1,1,3,3,2,2,2,2,1,2,1,1,3,3,4,2,4,3,2,1,1,2,11,43,53,19,17,37,63,63,45,45,43,51,51,45,38,38,24,3,1,1,1,1,1,1,1,3,3,2,2,1,2,2,3,3,3,1,1,3,3,1,2,2,4,8,14,6,3,2,2,4,4,3,3,3,3,2,1,1,1,3,4,4,3,1,3,3,3,4,7,11,11,13,14,14,11,11,14,19,22,19,16,5,4,4,7,15,19,28,45,49,41,49,53,56,58,53,56,58,68,68,68,80,80,80,80,85,66,68,68,94,102,102,105,109,112,117,120,120,109,123,123,126,123,126,140,154,140,115,115,71,47,37,27,17,13,13,25,47,47,45,29,39,22,30,53,63,58,39,29,29,27,27,22,15,6,4,5,5,6,5,5,6,11,16,15,15,8,6,5,3,3,3,3,4,4,4,4,2,3,3,3,4,4,4,3,5,4,4,4,3,5,8,10,8,10,8,11,7,10,8,8,8,8,8,4,3,5,5,6,7,6,7,8,10
1,1,2,1,1,2,2,1,2,1,3,3,4,2,2,1,2,1,2,1,1,2,3,2,2,2,3,3,1,1,1,2,3,2,3,2,2,3,2,1,1,1,1,1,1,1,3,3,2,2,1,1,2,2,2,2,1,2,2,3,3,3,2,1,3,3,2,1,1,1,2,4,3,2,2,1,1,1,2,2,1,1,1,1,3,3,2,2,2,1,2,2,2,1,1,1,1,2,1,2,1,1,1,1,2,3,3,2,1,1,2,2,3,5,7,4,1,2,2,2,1,1,3,3,2,1,1,2,3,3,3,3,3,2,1,1,1,7,51,74,35,27,58,58,74,38,35,41,47,68,65,53,51,35,11,4,4,3,3,2,1,1,1,3,1,2,2,2,1,1,3,2,1,1,3,3,2,1,5,15,19,24,16,5,3,1,3,2,3,3,1,2,2,2,1,1,3,3,2,1,2,1,1,3,3,7,15,15,15,13,15,18,15,15,18,19,14,7,5,4,5,10,16,25,35,51,53,47,49,56,56,51,61,61,53,63,71,71,80,85,80,77,83,37,37,63,100,97,94,100,105,112,120,68,43,43,120,120,126,123,132,129,105,51,51,47,35,41,41,29,19,10,8,15,19,23,22,19,11,10,16,18,21,23,21,18,18,16,13,6,5,4,5,6,7,8,10,10,13,14,13,8,7,6,4,4,1,2,3,4,4,4,4,3,2,2,3,3,3,3,4,5,5,3,4,3,4,8,13,11,6,6,7,8,11,7,5,5,10,7,6,6,5,4,5,6,6,5,5,6,7
2,2,2,2,2,3,1,2,2,2,3,3,2,1,1,1,4,2,2,1,1,2,3,3,3,4,3,1,1,1,1,1,2,4,4,3,2,3,1,2,1,1,2,3,3,3,2,2,4,2,1,1,2,3,2,1,3,1,1,2,3,3,2,1,3,2,1,1,1,1,3,3,3,1,2,1,1,2,3,1,1,2,1,2,2,2,3,3,2,2,2,2,2,2,1,1,2,1,2,1,2,1,2,2,2,4,4,2,1,1,1,1,7,19,29,23,4,1,1,1,2,3,4,2,2,1,1,1,1,1,2,1,1,1,1,1,1,4,19,35,49,49,63,41,49,36,32,41,41,47,51,38,51,58,41,25,18,18,19,11,2,1,2,1,1,2,1,1,1,1,1,2,1,1,3,3,1,1,11,19,43,77,25,7,4,3,3,3,2,3,2,2,3,2,4,3,3,2,1,2,3,1,2,1,4,5,15,18,19,19,19,19,15,14,18,19,15,6,5,4,4,5,17,21,23,35,45,32,27,35,56,41,61,63,63,66,68,71,83,83,80,80,58,35,45,85,80,53,45,43,32,24,26,26,21,30,120,120,126,129,129,117,45,19,19,19,17,17,21,26,26,19,11,11,17,13,17,16,6,5,5,11,14,15,13,8,5,8,8,5,5,8,11,15,15,15,15,14,10,10,5,3,4,3,3,3,3,3,3,4,3,4,4,3,3,2,2,4,4,4,4,3,3,5,5,4,4,6,10,10,6,5,5,11,7,13,5,3,4,8,8,11,5,5,7,6,4,5,6,5,7
2,1,2,2,2,2,1,1,1,1,3,3,1,1,1,1,4,4,1,1,1,1,2,3,3,2,2,1,1,1,1,1,1,3,4,3,3,3,2,1,1,1,1,2,3,3,2,1,1,3,2,2,2,3,3,3,2,1,1,1,4,4,1,3,3,2,1,1,1,2,3,3,2,2,3,3,2,1,1,1,1,2,1,1,2,2,2,3,2,2,1,1,1,1,1,1,2,1,3,1,2,2,2,3,3,3,3,2,1,1,1,2,16,41,51,23,5,3,2,1,1,3,3,3,2,1,1,1,1,2,1,1,1,2,1,1,1,1,10,21,45,68,47,45,33,37,41,35,41,45,37,41,56,53,56,53,33,43,38,25,6,1,1,1,1,3,3,1,2,2,1,1,1,2,3,3,1,1,8,19,68,102,25,8,4,3,3,2,1,2,1,2,3,4,4,2,3,2,1,1,2,4,3,2,3,4,10,14,18,19,15,16,15,15,19,19,16,11,5,3,2,4,10,15,15,19,19,19,16,22,45,43,61,63,66,63,71,77,49,61,80,83,43,53,77,85,41,29,24,22,23,21,21,26,29,49,120,123,129,132,135,43,19,14,7,7,8,7,13,19,23,19,17,17,15,15,16,19,11,13,15,13,15,15,14,11,11,11,11,13,15,15,15,17,14,13,7,5,4,4,4,3,3,3,3,3,3,3,4,3,3,5,5,3,3,3,3,3,4,4,2,2,3,4,5,4,4,5,13,14,6,5,7,11,13,5,5,3,5,7,7,7,7,5,5,4,5,5,7,5,4
1,2,1,2,2,3,1,1,2,1,2,3,1,2,2,2,2,1,1,1,1,1,1,3,1,2,3,3,1,2,1,1,1,1,3,4,3,2,1,1,1,3,1,1,4,3,1,1,1,3,2,1,1,1,4,3,2,1,1,1,2,1,2,2,3,2,2,1,1,1,3,3,2,3,3,2,2,1,1,2,2,1,1,1,1,1,2,1,2,1,1,1,1,2,1,2,3,3,2,3,1,1,1,2,1,2,2,1,2,1,1,2,17,35,36,21,7,3,3,1,2,2,1,2,2,4,7,8,10,4,4,3,1,1,1,1,1,7,21,35,49,53,41,37,29,32,41,45,41,45,33,37,38,32,41,53,43,51,61,51,15,4,1,1,1,2,3,3,1,1,2,2,3,4,2,1,1,1,5,17,68,61,24,11,3,3,2,3,1,2,1,2,3,4,2,3,3,1,1,2,4,4,4,4,4,3,3,4,14,13,11,13,15,19,16,18,15,14,5,4,2,3,4,7,5,7,5,4,6,17,26,26,56,66,68,63,71,47,33,30,49,56,35,41,58,47,22,29,28,26,35,33,25,41,85,102,126,129,132,137,123,22,14,6,4,3,5,5,6,11,14,15,15,15,15,16,16,16,19,15,19,17,15,15,15,15,15,14,15,13,11,8,14,8,10,4,3,2,3,4,4,4,3,4,3,3,4,3,3,4,4,3,3,3,3,4,4,4,3,3,1,1,2,3,5,5,6,8,11,10,8,7,10,11,10,6,7,5,6,8,7,5,3,4,6,4,6,5,5,8,7
1,1,1,1,1,3,3,2,2,1,1,2,1,4,3,3,1,1,1,1,1,1,2,2,1,1,1,3,3,3,1,1,1,1,3,3,2,1,1,2,2,3,2,2,2,2,1,1,2,3,2,1,1,1,2,2,1,2,2,2,2,2,1,2,4,1,1,2,3,2,2,1,2,3,2,1,2,1,1,2,1,1,1,1,1,1,3,1,2,1,1,1,1,2,1,3,2,3,1,3,1,1,2,1,3,2,1,1,2,2,3,3,16,29,41,23,11,4,2,2,2,2,1,2,2,7,21,27,29,25,21,13,1,1,1,1,2,17,37,49,41,35,35,41,38,32,37,49,45,37,29,32,35,32,33,29,32,43,61,56,23,6,3,1,2,3,3,1,1,1,1,3,5,4,2,1,1,1,4,14,28,22,25,19,5,3,2,3,2,2,1,1,3,4,1,2,1,1,2,4,4,4,3,4,1,3,2,3,7,7,6,8,10,10,8,8,11,11,5,3,3,3,4,4,3,3,2,1,5,11,19,23,45,66,68,71,74,43,25,28,30,35,21,18,19,25,19,22,29,27,23,25,24,26,51,94,129,132,137,137,83,22,11,4,3,3,4,3,4,6,8,8,6,5,8,10,13,15,14,15,13,14,8,13,10,8,7,6,7,5,5,5,6,5,4,4,2,3,3,4,4,4,2,3,3,3,2,3,4,4,4,3,1,3,4,4,4,3,3,3,1,2,2,4,5,11,11,13,11,8,7,7,10,8,8,10,10,7,5,6,4,4,5,5,8,7,5,5,5,5,5
1,3,2,1,3,3,3,4,3,1,2,2,1,1,4,2,1,1,3,3,1,1,2,1,2,1,1,2,4,2,2,1,1,1,2,3,3,3,2,2,3,3,1,1,1,1,1,1,2,2,3,2,1,1,1,1,3,3,2,2,1,1,2,2,3,3,3,3,2,3,2,3,2,2,3,2,2,2,2,2,1,1,2,1,1,3,3,3,2,1,1,1,1,2,3,3,2,3,1,1,2,2,2,2,3,1,1,1,2,4,13,15,23,27,23,13,1,1,2,2,2,2,1,1,1,5,27,68,80,105,99,23,3,1,1,1,15,37,53,58,29,32,37,45,41,32,29,35,41,32,41,37,27,33,30,23,29,38,41,56,28,14,3,1,1,1,2,2,1,2,3,4,5,5,4,2,3,2,3,1,7,10,23,23,10,4,2,3,3,2,2,1,1,2,2,1,1,1,2,4,4,3,3,3,3,2,2,4,5,4,5,5,5,3,3,3,5,6,4,3,3,2,3,2,3,1,2,3,3,6,14,22,47,66,66,68,71,29,19,22,26,21,14,6,13,6,11,19,33,27,24,21,15,15,19,29,66,135,132,140,51,15,7,5,3,2,5,3,4,5,4,4,4,6,5,4,6,7,4,7,5,4,3,4,6,4,4,4,3,4,5,4,4,4,3,4,3,4,4,4,4,3,3,3,3,3,4,4,4,4,3,3,2,3,4,4,5,3,2,2,2,3,3,4,13,13,10,10,10,11,8,8,10,8,14,13,10,10,7,6,5,10,5,6,11,10,6,5,6,6,5
2,3,2,1,3,3,4,4,3,1,2,1,1,1,3,1,3,1,3,3,1,1,1,1,1,1,1,2,3,2,2,1,1,2,1,3,3,3,2,4,3,2,1,1,1,2,1,1,1,2,3,1,1,1,1,1,4,4,3,2,2,2,2,1,2,3,3,2,2,2,2,2,1,1,1,1,2,2,3,1,2,1,1,1,2,3,3,3,2,1,1,1,2,2,3,3,2,3,2,1,2,2,1,2,3,1,1,1,3,5,17,23,23,19,10,3,1,1,2,3,4,2,1,1,3,3,23,68,83,117,94,19,2,1,1,5,23,68,45,45,35,41,28,49,33,29,33,37,38,41,30,33,41,27,27,32,28,35,32,38,49,25,5,1,1,1,1,1,1,2,3,4,5,5,5,3,4,2,1,1,3,5,11,11,8,7,5,3,3,2,3,1,1,1,1,1,1,2,3,4,2,2,2,2,3,2,3,4,4,5,5,4,4,3,1,1,3,3,3,3,2,4,1,3,2,3,3,4,3,5,7,17,30,47,58,43,28,21,15,14,15,11,5,4,5,4,7,16,31,31,19,10,7,7,7,14,22,43,51,43,19,8,6,5,4,3,4,5,4,4,4,5,6,4,4,4,5,4,4,4,4,4,4,4,4,3,3,4,4,3,4,4,3,3,3,4,4,5,4,4,3,3,3,3,2,3,4,5,4,3,4,3,1,2,4,3,3,4,1,2,3,4,4,6,11,11,8,7,10,13,13,10,6,6,11,13,7,8,6,5,5,5,8,6,10,10,8,7,4,5,5
3,3,3,2,2,2,3,3,1,1,2,1,1,2,1,2,2,2,2,1,2,1,3,3,1,1,1,1,1,2,1,2,1,2,1,2,3,3,4,4,3,1,1,2,3,3,2,3,2,1,3,3,1,1,1,2,1,4,3,2,3,2,3,2,2,2,3,3,3,2,3,2,1,1,1,1,2,1,3,2,1,1,2,3,3,3,3,3,3,3,1,1,2,2,2,2,2,3,2,2,1,2,1,2,2,1,1,2,3,4,14,17,14,15,15,10,3,1,2,3,4,3,1,2,2,3,19,35,68,88,27,8,1,1,5,23,49,63,41,53,41,41,41,37,45,53,27,35,45,49,53,47,37,29,32,35,32,33,35,47,66,51,8,3,1,1,1,1,1,1,2,1,3,5,5,5,4,2,1,1,2,3,4,4,11,13,7,5,3,3,3,1,1,1,1,1,2,3,4,4,3,2,1,2,2,3,3,4,5,5,4,3,3,2,2,2,3,3,3,3,2,3,1,4,2,3,3,4,5,5,5,13,19,19,21,21,19,15,6,4,5,4,3,4,4,3,5,5,19,24,15,10,5,4,4,5,6,7,15,15,5,6,5,4,4,3,4,4,4,4,4,4,4,4,4,4,3,3,4,5,3,4,4,4,5,3,4,4,2,4,3,4,1,2,3,3,4,5,5,3,3,4,4,2,3,4,5,3,3,3,3,3,2,2,3,3,3,3,1,1,4,4,3,13,11,7,8,10,13,13,10,5,4,3,5,6,6,5,4,6,6,5,8,7,11,10,5,4,5,5,7
2,3,3,4,2,1,2,2,1,2,2,1,2,1,1,2,1,1,1,2,1,1,3,2,1,1,1,1,1,1,1,2,1,1,1,1,2,2,3,2,3,3,2,1,1,2,3,3,2,1,3,2,1,1,2,2,3,3,2,1,2,3,3,2,2,2,1,3,3,3,2,2,1,1,1,1,2,2,4,3,1,1,1,2,4,3,2,3,3,3,1,1,1,2,1,2,3,2,2,2,1,2,1,2,1,1,1,1,3,4,10,10,7,17,29,27,10,3,2,3,4,3,2,3,2,4,15,16,19,21,13,3,1,1,13,37,49,35,49,35,33,33,45,41,41,32,27,38,49,33,32,41,33,29,41,32,37,27,43,45,47,68,16,4,3,1,1,1,1,2,2,1,1,4,5,5,4,3,2,1,1,1,2,6,6,15,7,5,4,3,2,2,1,2,1,2,2,3,5,5,4,2,1,1,3,3,3,5,8,5,3,4,2,2,2,1,2,1,1,1,2,1,2,3,2,2,2,4,3,4,4,7,7,11,13,14,13,7,3,3,2,3,3,3,3,3,3,4,8,17,14,11,10,6,3,2,1,3,4,4,4,4,4,4,4,4,3,4,5,5,4,4,3,4,4,3,3,3,4,4,4,3,3,4,3,5,4,4,4,3,4,2,1,1,3,4,4,5,5,4,3,3,3,3,3,3,4,4,2,1,3,3,3,4,3,3,3,3,2,3,4,6,7,11,10,8,8,11,7,8,7,4,3,3,4,5,5,7,6,6,8,5,6,8,10,6,5,4,6,6,7
1,1,1,2,1,1,1,1,1,2,1,1,3,1,1,1,1,1,2,2,1,1,1,1,1,1,2,2,2,1,2,2,2,3,2,2,1,2,1,1,2,4,2,1,1,1,2,1,2,2,4,4,1,1,2,1,3,1,1,1,2,4,3,2,1,1,3,2,3,2,1,1,1,1,1,1,2,3,4,2,1,1,1,3,4,3,1,1,3,3,1,1,3,2,1,1,3,3,3,1,2,1,2,3,2,2,1,2,2,4,10,10,10,25,74,68,19,4,1,1,3,2,3,5,7,7,7,8,10,6,3,2,1,3,19,49,68,49,41,38,35,37,43,37,29,29,29,38,45,35,38,37,30,37,41,29,32,38,32,47,83,77,15,5,1,1,2,2,1,2,1,2,1,4,3,3,3,3,1,1,1,2,3,4,4,2,4,8,15,5,3,3,1,1,3,3,1,2,5,6,3,3,1,1,3,2,4,4,5,4,3,3,4,4,3,3,1,1,2,1,3,2,3,3,3,3,3,3,4,4,4,4,4,4,4,7,6,4,4,3,3,2,4,3,3,3,2,3,5,6,15,19,18,11,4,3,2,3,3,4,3,4,4,4,4,3,4,5,4,4,3,3,4,5,4,3,3,4,4,4,3,3,4,4,4,3,3,4,3,3,3,3,2,4,2,3,4,4,5,4,3,3,3,2,3,4,4,2,3,3,1,2,3,2,2,3,3,2,2,3,5,5,13,8,7,11,6,8,7,4,5,5,6,4,4,6,8,8,8,5,6,5,8,10,8,6,5,5,6,6,8
1,1,1,1,1,1,1,1,2,1,3,3,2,1,1,1,1,2,2,2,1,1,2,2,1,1,1,2,2,2,2,2,2,3,3,2,1,1,1,1,2,4,3,2,1,1,1,3,2,2,4,4,1,2,2,2,1,1,1,1,3,3,3,1,1,1,3,3,2,2,1,1,1,1,1,1,2,3,2,2,1,1,1,1,4,4,1,2,2,3,1,1,3,2,1,1,2,3,2,2,1,2,3,2,2,1,1,1,3,4,15,29,23,41,74,77,23,4,2,1,1,2,4,15,16,10,7,5,5,3,2,1,2,10,29,53,49,49,49,43,35,37,33,27,29,45,35,33,47,41,25,29,37,37,32,27,29,29,58,68,83,47,6,3,3,1,1,1,1,2,1,1,3,4,3,1,3,1,1,1,1,1,2,3,2,3,4,6,18,6,4,3,3,3,3,3,2,2,4,5,4,3,1,1,2,3,4,4,4,5,3,3,3,3,4,3,1,1,1,2,2,2,3,2,3,3,2,3,4,3,3,4,4,4,3,4,4,4,3,2,3,4,3,4,3,3,2,3,3,4,13,17,16,13,5,3,2,1,4,4,4,3,3,4,3,4,5,4,4,4,2,1,3,4,4,3,4,5,4,5,4,3,2,3,3,3,3,4,3,3,3,3,3,3,5,3,3,3,3,3,4,4,1,3,2,3,4,4,1,3,3,3,4,3,2,2,1,1,4,3,6,13,11,10,5,8,7,6,5,4,6,10,10,6,5,5,10,5,5,5,7,8,11,10,8,5,4,4,6,5,5
1,1,1,1,1,1,1,2,3,3,4,2,2,1,1,2,2,1,1,1,1,1,2,1,2,1,1,1,1,1,2,1,2,3,1,2,1,1,2,2,1,1,3,3,1,1,2,2,2,2,3,3,2,1,2,2,2,1,1,1,2,1,3,3,2,1,3,3,2,2,2,1,3,1,1,1,1,3,1,2,1,1,1,1,3,3,2,2,2,2,2,1,3,1,1,1,2,2,2,3,3,3,3,2,1,1,1,1,2,7,25,83,94,58,83,43,16,4,1,1,1,1,5,13,17,15,4,5,3,1,1,2,4,15,29,33,37,53,63,49,33,41,30,33,38,41,32,32,45,37,43,38,29,30,37,32,35,51,74,71,51,15,4,2,1,1,2,2,2,2,2,2,3,3,2,1,1,1,2,1,1,1,1,2,3,3,1,4,13,6,4,5,2,2,1,1,3,3,3,3,4,3,3,3,4,4,4,4,3,2,2,3,1,2,3,4,2,1,2,2,1,2,2,3,3,3,3,4,4,3,3,3,4,3,3,4,4,3,3,3,3,4,4,4,4,3,3,3,3,4,5,8,13,6,3,3,3,3,4,4,4,4,3,3,4,3,4,4,3,3,3,3,3,3,4,4,4,4,5,4,4,3,2,3,3,2,3,2,4,3,4,4,3,3,3,2,4,3,3,3,2,3,4,3,3,3,4,3,2,3,4,4,2,3,2,3,1,1,4,5,15,16,14,4,5,5,6,5,5,6,8,11,7,8,5,7,10,5,5,6,7,11,14,7,4,3,3,4,6,8,5
2,1,2,2,1,1,2,1,2,3,4,3,1,1,1,2,3,2,2,1,1,1,2,2,2,1,1,1,2,2,2,2,3,2,1,2,2,2,1,2,1,1,3,1,1,2,2,2,2,3,3,2,2,2,1,2,2,2,2,2,1,1,3,3,3,2,2,1,1,2,3,3,2,3,1,1,2,1,1,1,3,1,1,1,2,2,3,1,1,1,1,1,1,1,1,2,1,2,2,3,3,2,2,1,1,1,1,1,2,10,37,99,129,53,30,19,5,3,3,2,1,1,3,7,7,4,3,3,1,1,1,2,4,13,15,21,32,49,63,49,35,41,37,38,41,37,32,37,32,37,41,37,33,45,51,47,56,63,88,43,18,6,2,1,1,1,2,2,2,2,3,3,1,3,1,1,2,3,2,1,3,1,2,1,2,3,1,3,4,8,13,15,4,1,2,1,3,3,1,3,4,4,4,3,2,2,5,3,2,2,3,3,2,2,3,2,1,1,2,1,2,1,3,3,4,4,4,4,3,4,3,3,4,3,2,4,4,3,3,3,3,4,4,3,3,4,3,3,3,4,4,5,5,5,3,3,3,4,5,5,4,4,4,3,3,3,3,3,3,3,3,3,4,4,3,3,4,3,4,4,3,3,4,4,3,3,3,3,3,4,2,3,3,4,4,3,4,3,3,3,3,2,4,3,2,1,3,3,3,3,4,3,3,2,2,1,1,2,5,7,15,14,14,5,4,5,6,8,5,8,11,10,11,10,8,6,7,5,5,6,7,7,5,5,3,2,4,4,5,5,7
1,1,2,3,3,2,3,3,1,2,2,1,2,1,2,2,3,4,1,1,1,1,1,1,3,2,2,1,1,2,2,3,2,2,1,1,1,1,1,1,2,2,1,2,1,2,2,2,3,3,3,3,2,2,1,1,3,3,4,3,2,1,3,3,1,2,1,1,1,3,2,3,2,2,1,2,2,1,2,1,2,1,2,1,2,2,1,1,1,1,2,2,1,1,2,2,3,3,1,1,1,1,2,1,2,2,1,1,1,5,29,105,77,32,15,3,2,2,3,3,1,1,2,1,2,3,2,1,1,2,1,3,2,4,7,15,25,32,37,49,49,49,35,45,37,35,45,49,41,41,51,56,56,61,66,58,47,32,28,15,6,3,1,1,1,1,1,2,4,4,2,3,4,1,1,2,3,1,3,2,1,1,1,2,3,3,1,1,2,6,17,15,10,4,2,1,2,1,2,1,4,6,4,2,1,1,4,5,2,3,4,5,3,1,2,3,1,1,3,2,4,2,3,4,4,5,3,3,2,3,2,3,4,4,3,3,5,4,4,3,5,3,3,3,4,4,1,3,4,3,4,4,3,4,4,3,3,3,5,5,3,4,4,2,3,4,3,4,3,2,3,3,4,4,3,3,4,4,4,4,2,3,4,3,3,3,4,3,3,4,2,3,3,3,4,4,3,3,3,3,3,2,3,3,3,3,2,3,3,3,2,3,4,3,2,2,1,3,6,13,16,11,4,5,4,5,8,8,6,5,8,8,11,8,7,7,5,8,6,11,6,5,3,3,4,4,4,4,4,5,8
1,1,3,3,3,3,2,3,2,1,1,3,1,1,1,2,2,2,2,2,2,1,2,2,3,3,1,2,1,2,3,3,3,2,1,1,2,1,1,2,3,3,1,1,1,2,3,4,1,2,3,3,2,1,1,2,3,4,4,3,3,3,3,2,1,1,1,1,1,2,3,3,3,2,3,2,1,1,3,1,1,1,2,1,1,1,1,1,2,2,2,1,1,1,2,3,4,3,1,1,1,1,1,2,2,1,2,1,1,4,19,45,27,15,4,2,1,1,2,3,2,1,1,2,1,1,1,1,3,4,2,3,1,3,6,16,16,15,16,23,45,53,41,56,33,53,30,56,56,47,56,51,32,33,33,25,17,13,14,5,3,1,1,1,1,1,1,2,4,4,3,3,1,3,2,2,3,3,1,1,1,1,1,1,3,1,1,1,3,5,11,5,5,4,1,2,1,1,1,1,2,4,4,2,1,1,5,7,4,4,13,13,5,3,4,1,1,2,2,3,4,4,3,3,4,5,3,3,3,3,1,2,4,3,3,3,4,4,3,4,4,4,2,3,4,4,3,3,4,4,4,3,3,5,4,3,3,4,4,3,3,4,4,4,3,4,3,3,2,2,4,3,3,4,3,3,3,4,3,3,3,3,4,4,4,4,4,4,3,3,3,4,2,5,4,4,4,2,4,3,3,4,4,4,3,3,1,2,2,3,3,4,3,2,3,2,1,3,7,10,8,7,3,4,3,5,7,10,5,6,7,8,8,8,5,4,4,8,8,6,6,5,5,4,5,4,4,6,6,6,7
1,2,2,3,3,3,2,3,1,1,1,1,1,1,1,1,1,1,1,1,3,3,3,1,1,1,1,2,2,2,3,1,2,1,1,1,1,1,2,2,3,3,3,2,1,1,2,2,1,2,2,1,1,1,1,2,3,3,2,2,2,3,3,1,1,1,1,1,1,2,2,1,3,3,2,1,1,3,3,1,1,1,1,1,1,2,1,1,2,2,3,2,1,1,3,4,3,2,1,1,1,2,3,3,2,1,2,2,1,1,4,10,5,1,2,1,2,3,1,2,2,2,2,2,1,1,2,3,2,3,2,3,2,3,3,3,7,3,3,7,25,49,63,47,58,74,66,45,51,45,37,17,13,13,15,11,5,3,3,2,2,2,1,1,1,1,2,2,3,4,3,3,3,3,1,2,2,1,1,1,2,1,1,1,1,1,1,1,3,4,6,5,1,1,1,3,3,3,2,1,4,3,2,1,1,1,7,14,5,15,31,41,21,5,1,1,2,2,3,3,3,4,1,3,3,2,3,3,1,2,1,3,4,4,2,3,2,3,3,4,3,4,3,3,4,4,3,3,3,2,2,4,4,3,4,3,3,3,4,3,3,4,4,4,3,2,5,4,1,1,3,3,4,4,3,3,2,3,4,3,2,3,4,4,3,4,2,3,3,5,4,3,3,4,3,4,3,3,4,4,3,3,3,1,4,3,3,4,3,3,3,3,1,3,3,2,3,4,5,8,7,5,5,4,4,5,6,5,4,5,7,10,11,14,6,5,6,6,7,7,5,8,7,6,5,8,10,7,4,5,6
2,1,1,2,1,1,3,2,1,1,2,2,1,1,1,1,1,2,1,2,3,4,3,1,1,1,1,3,3,2,3,1,2,1,1,1,1,2,3,4,3,2,3,2,1,1,2,2,2,1,1,1,1,1,2,2,3,2,2,1,3,3,3,2,1,1,1,1,1,1,1,2,1,2,1,2,3,3,3,1,1,1,1,1,1,2,1,2,3,3,3,2,1,1,3,4,2,1,1,1,1,1,3,3,3,1,2,1,1,1,2,1,2,1,1,1,2,4,4,3,3,1,2,2,1,1,2,2,2,3,2,1,3,2,1,1,1,1,1,4,15,27,47,74,68,68,25,21,29,33,10,5,3,5,14,10,3,1,1,1,2,1,2,1,1,3,1,1,1,3,3,3,4,4,1,1,1,1,1,1,2,1,1,1,1,1,2,1,4,5,4,5,2,2,1,3,4,2,1,1,3,4,1,1,1,1,3,10,19,19,45,51,23,6,2,3,1,3,3,3,3,3,2,2,2,2,3,3,2,1,1,1,3,4,3,1,1,2,3,4,3,5,3,2,4,4,3,3,1,3,3,3,4,3,5,3,3,4,4,4,3,3,3,4,3,3,4,4,1,3,2,3,4,3,4,3,3,4,4,2,3,3,4,3,3,1,3,3,4,5,4,3,4,2,4,3,4,4,4,3,3,3,2,3,4,3,4,3,3,3,4,2,2,1,1,3,4,3,5,10,10,11,7,6,6,6,7,7,7,6,5,8,13,7,10,11,5,7,6,8,7,6,10,10,8,10,10,7,6,5,4
4,3,1,1,1,1,2,1,1,1,1,1,2,2,2,3,3,2,2,2,2,3,3,2,1,2,1,2,2,2,3,1,2,2,1,1,2,2,2,4,4,2,1,1,2,3,1,1,1,3,1,1,2,3,4,3,3,3,2,2,2,2,2,1,2,1,1,1,1,1,1,1,1,1,1,2,4,3,3,2,1,1,1,2,1,1,2,3,3,2,3,3,1,2,3,1,3,2,1,1,2,3,3,4,3,1,1,1,1,3,5,10,4,2,1,1,3,10,16,5,2,1,1,2,3,2,2,2,2,2,1,1,2,1,1,1,1,1,2,4,4,7,25,29,23,16,10,8,14,14,3,1,1,5,13,8,2,1,1,1,1,3,3,2,3,3,3,1,1,3,1,4,5,3,4,1,2,1,2,1,1,1,1,1,1,1,2,2,3,5,4,4,3,2,5,2,1,2,1,1,3,4,1,1,2,2,2,15,33,35,19,21,16,5,2,1,1,1,1,2,2,3,2,2,2,1,2,3,3,1,1,3,2,3,3,4,1,2,3,3,3,3,3,2,3,4,2,2,2,2,2,3,4,4,3,3,4,4,4,4,3,4,4,4,3,3,4,4,3,2,3,2,3,3,4,3,4,4,1,3,2,4,4,3,2,3,3,4,4,3,4,4,3,3,3,2,5,4,3,4,3,4,2,3,3,4,4,3,3,3,4,2,2,3,3,3,2,3,5,7,14,13,13,14,8,7,11,11,6,5,5,7,8,6,10,5,7,7,6,6,8,11,6,5,8,8,11,7,5,5,4
3,3,1,1,1,1,2,2,2,2,2,1,1,2,3,3,3,3,1,2,2,2,2,2,3,2,2,2,3,3,1,2,1,1,1,1,2,1,2,3,3,2,2,1,4,2,1,2,1,2,1,1,2,3,1,4,3,3,2,1,2,4,2,2,2,1,1,1,1,1,2,2,1,1,2,2,4,4,2,1,1,1,1,2,3,2,1,2,2,2,3,3,1,1,1,1,2,1,1,1,2,3,3,3,3,2,1,1,2,3,15,27,16,4,1,2,4,10,19,10,2,2,2,3,3,2,2,2,1,1,1,1,1,1,1,1,1,1,2,2,3,4,11,8,5,4,1,3,4,3,2,1,2,3,6,5,2,2,2,2,2,3,3,4,4,3,3,2,3,1,3,1,1,3,3,1,1,1,1,1,2,3,3,1,1,1,2,3,3,4,5,6,4,3,4,3,3,2,1,1,3,3,1,1,3,2,1,13,39,37,15,11,15,5,3,2,1,1,1,1,3,2,2,2,2,2,1,3,3,3,1,3,3,3,3,2,2,3,3,3,2,3,3,4,3,3,3,2,3,1,3,2,3,3,4,4,3,3,3,4,4,3,4,4,3,4,3,3,3,3,3,2,2,3,4,3,3,3,2,3,3,3,4,4,3,4,4,4,4,3,3,3,3,3,3,3,4,4,4,4,3,3,2,2,4,4,3,4,3,4,3,4,3,2,2,1,3,3,4,7,13,11,14,11,5,6,5,5,7,6,5,4,7,7,6,6,5,7,4,6,7,5,5,5,3,8,8,7,5,6,4
2,2,1,1,1,1,2,2,3,3,3,1,1,1,1,2,2,3,3,3,2,1,1,3,2,3,4,3,3,2,1,1,1,2,2,2,1,1,2,2,1,2,3,3,4,4,1,1,1,1,3,3,3,2,1,2,3,3,3,2,1,1,1,2,3,2,1,1,1,2,2,3,3,3,1,3,2,1,1,1,1,3,1,1,3,2,2,2,3,3,3,2,1,1,1,2,1,1,1,2,1,2,3,2,3,3,2,1,2,4,19,49,29,7,1,1,2,5,13,7,2,1,1,3,3,3,3,2,4,2,1,1,1,1,1,2,2,2,2,3,3,3,6,4,1,1,1,1,1,1,2,2,2,6,14,8,4,3,3,1,1,1,3,3,5,2,2,2,3,1,4,4,1,1,3,2,1,2,3,3,3,3,3,2,1,1,1,2,1,1,3,4,4,4,4,4,4,3,2,1,2,2,2,1,1,2,1,4,17,18,18,15,17,18,6,3,3,3,2,3,2,4,2,2,3,2,1,3,4,2,2,3,2,3,3,4,3,3,3,3,2,1,3,4,4,4,2,3,3,3,4,4,4,3,3,3,3,3,3,4,3,2,4,5,3,3,3,2,3,3,2,2,2,3,4,4,3,4,2,3,2,3,3,4,4,4,4,4,3,3,2,2,3,4,3,4,4,4,4,4,3,4,2,3,3,4,4,4,3,3,3,4,3,2,1,1,2,3,3,7,13,13,16,6,3,4,4,6,8,7,8,5,5,5,5,4,4,4,4,5,7,6,5,4,4,5,7,6,7,6,10
3,2,2,1,2,2,2,3,2,3,2,1,1,1,2,3,2,3,3,3,1,1,1,3,2,3,3,2,3,2,1,1,1,1,1,2,3,3,2,2,1,2,2,4,5,4,2,1,1,1,3,3,3,2,1,1,1,2,2,2,1,1,1,2,3,3,2,1,2,1,2,3,3,3,3,2,1,1,1,1,1,1,1,2,3,3,1,1,2,1,2,2,1,1,1,1,2,3,3,2,1,1,4,3,3,3,2,1,2,4,10,29,25,10,1,1,2,2,4,5,2,1,1,2,2,2,3,1,4,1,1,1,1,1,2,2,3,1,3,5,4,2,4,2,1,1,1,1,2,2,2,2,3,14,29,19,6,3,3,2,1,1,2,3,3,3,2,1,1,3,1,1,3,3,3,3,1,2,2,1,1,3,3,2,1,1,1,1,1,1,2,2,3,4,4,5,4,4,3,2,3,3,3,3,2,2,2,2,5,14,21,33,39,29,15,11,16,13,3,2,4,3,2,2,3,2,3,2,3,2,3,3,2,3,3,3,3,3,4,2,1,3,2,3,4,3,2,2,4,3,4,3,4,3,3,3,4,3,3,3,2,3,3,4,4,2,2,2,4,3,2,3,3,3,2,4,2,4,4,3,2,1,3,3,4,5,5,4,3,1,3,2,3,4,4,4,4,4,3,4,4,3,3,3,3,4,4,3,3,3,4,3,2,3,4,2,3,3,3,5,8,13,11,6,4,4,6,7,10,13,11,8,4,4,4,4,3,4,5,5,7,7,6,6,4,4,6,8,6,6,7
1,2,1,1,2,2,1,1,2,3,3,2,1,2,1,1,1,1,3,3,1,2,1,1,3,2,2,1,1,1,1,1,1,1,1,2,3,4,4,3,1,1,4,5,4,3,2,1,1,1,3,4,3,2,1,1,1,1,1,3,2,3,1,2,3,2,1,1,1,2,3,3,2,2,2,2,1,1,2,1,1,1,2,2,1,1,1,1,1,1,1,2,2,2,2,1,2,3,3,3,2,1,1,2,3,2,2,2,1,2,5,5,11,5,1,1,1,1,3,3,2,2,1,1,1,2,2,1,2,1,1,1,2,2,1,2,2,1,3,4,5,4,2,1,3,3,2,2,3,1,2,1,4,14,23,19,5,3,3,3,1,3,2,2,3,2,1,1,2,1,1,3,4,4,4,2,2,1,1,1,1,1,3,2,2,1,1,1,1,2,4,3,2,1,4,5,5,3,3,3,3,7,5,4,3,1,1,1,1,5,21,39,53,51,28,28,39,26,7,3,3,2,1,1,1,3,1,2,3,2,4,3,2,4,2,2,1,2,3,3,3,3,3,3,3,4,3,3,3,3,3,3,3,3,3,3,3,3,4,3,3,3,3,3,1,3,3,3,4,3,3,3,2,3,4,4,2,3,3,3,3,2,2,3,3,4,4,4,1,2,3,4,3,3,3,3,3,3,4,4,3,4,2,3,2,3,5,5,3,3,3,3,3,3,3,3,3,3,3,3,6,5,5,7,8,5,6,6,11,13,13,6,5,4,8,5,5,6,4,5,8,10,10,5,3,3,5,5,4,4,4
1,2,2,1,2,1,1,1,1,3,3,3,2,3,1,2,2,1,4,3,1,1,2,1,3,2,2,1,1,1,1,1,2,1,1,1,3,4,4,2,1,1,4,4,3,2,1,1,1,1,3,4,3,1,1,1,1,1,1,1,4,3,1,1,2,4,2,2,1,2,2,3,2,2,2,2,2,1,1,2,1,1,1,1,1,1,1,1,1,1,1,2,3,1,1,1,3,3,2,3,1,1,2,2,2,2,2,2,2,2,2,2,5,5,2,1,1,1,2,2,2,1,1,1,2,2,1,1,2,1,1,1,2,3,3,1,1,1,3,4,10,4,2,1,1,3,3,4,3,2,2,1,5,5,6,8,4,2,1,3,3,3,1,2,1,1,2,2,3,3,2,3,4,3,4,3,1,1,1,1,1,3,3,2,1,1,1,1,2,3,4,5,3,2,4,4,4,3,3,3,4,4,4,4,3,1,1,2,2,3,13,21,41,43,26,27,35,29,14,5,1,2,1,1,1,2,2,2,1,2,3,3,2,3,3,2,1,2,3,2,4,3,2,3,2,3,3,3,3,3,3,3,4,2,3,3,3,2,2,3,3,3,3,3,3,3,3,3,4,4,2,3,1,3,3,3,2,1,4,4,2,2,2,3,2,3,4,5,2,3,3,5,4,3,3,3,3,3,3,4,3,1,4,4,2,4,4,4,3,2,3,3,4,3,3,3,4,3,2,2,3,3,4,5,8,6,5,7,11,11,10,6,5,4,8,11,10,5,4,5,7,10,7,5,4,4,5,4,3,3,4
1,2,2,2,1,1,1,1,1,3,3,3,2,2,2,2,2,2,4,3,1,1,2,2,1,2,1,1,1,1,3,2,1,1,1,1,2,2,3,2,1,1,2,1,3,1,1,1,1,2,3,3,2,2,1,1,1,4,1,3,4,5,3,1,2,3,3,3,1,3,2,1,1,2,2,2,1,1,1,2,1,1,1,1,1,1,1,1,1,1,1,2,1,1,2,2,3,2,1,1,3,3,3,2,1,1,1,2,2,2,1,3,3,4,13,15,5,3,2,2,2,2,2,3,3,2,2,3,3,1,1,2,3,2,3,1,1,1,3,5,8,5,3,2,1,2,2,2,3,2,3,4,3,2,1,1,3,2,2,2,2,2,1,1,2,3,3,5,2,3,1,1,3,4,4,3,1,1,1,1,1,3,3,1,1,1,2,2,4,4,4,5,3,2,1,3,3,3,3,4,3,3,3,2,1,1,3,2,2,2,5,10,19,19,13,16,21,16,7,4,2,1,1,2,1,3,2,2,1,2,3,2,3,1,3,3,3,3,2,3,2,4,2,2,3,3,3,3,4,3,3,3,2,3,4,3,3,2,3,3,3,2,2,2,3,4,3,3,2,3,3,2,3,3,3,3,2,3,4,3,3,3,3,3,2,1,4,3,3,2,4,4,4,4,4,3,2,3,3,3,3,3,3,3,4,4,3,4,4,4,4,4,4,4,3,2,3,3,3,2,1,3,4,5,6,7,6,8,8,13,11,7,5,6,7,15,7,7,5,5,5,4,7,6,4,4,4,7,4,5,3
2,2,2,2,2,1,1,1,2,2,3,3,3,3,1,1,2,2,3,3,1,1,2,2,2,2,1,1,1,1,3,2,2,1,1,1,1,1,2,1,2,1,1,2,3,1,1,1,1,3,2,2,1,2,1,1,2,2,3,2,5,6,4,3,2,3,3,2,1,2,1,1,1,1,1,1,1,1,3,2,1,1,2,2,3,2,1,1,1,1,2,3,1,1,2,1,3,3,1,1,3,2,3,2,1,1,1,1,2,3,2,3,2,5,25,53,23,10,3,2,2,2,3,3,2,2,3,4,3,1,1,2,2,3,2,1,1,2,4,7,11,5,2,2,2,1,1,2,3,3,3,3,3,1,1,1,3,3,3,1,1,1,1,1,2,4,4,4,3,1,2,1,3,4,4,3,1,1,1,2,1,1,1,1,1,1,3,3,1,4,5,5,4,4,3,3,3,4,4,3,3,2,3,2,1,1,3,3,2,1,3,4,6,6,8,5,7,5,4,3,2,1,1,2,2,2,2,3,2,1,3,3,2,2,3,2,4,4,2,3,3,3,4,2,3,3,4,4,3,1,2,3,3,3,2,1,2,3,2,3,3,3,2,2,3,4,3,3,3,3,3,3,3,2,3,3,2,3,4,3,2,3,3,3,2,3,3,3,2,3,4,4,4,4,3,3,3,3,3,2,2,3,3,3,3,4,3,3,2,4,4,4,4,3,2,1,3,3,4,1,3,3,3,6,8,8,10,7,10,13,5,8,8,6,5,8,6,8,5,5,4,5,5,6,4,4,4,4,5,3,5
1,2,2,2,2,1,1,2,2,2,3,3,3,3,3,1,2,2,3,3,1,1,1,1,2,2,2,2,1,2,2,3,2,2,1,1,1,1,1,2,3,1,1,1,1,1,3,3,2,3,2,1,1,1,1,2,1,1,3,4,4,5,4,3,2,2,2,4,3,1,1,1,1,1,2,1,1,2,2,2,1,1,3,3,3,1,3,2,1,1,4,2,1,1,1,1,3,3,4,2,1,2,1,1,1,1,3,3,1,1,2,3,3,17,74,137,47,14,4,1,3,3,2,3,3,3,3,5,1,1,1,2,2,2,2,2,1,2,5,11,11,3,2,2,2,2,2,2,2,3,2,1,2,2,1,3,4,4,4,3,1,1,1,2,1,3,2,3,3,2,3,1,1,3,4,2,1,2,3,1,1,1,1,1,1,3,4,2,1,1,4,5,3,4,4,3,5,5,3,3,3,3,1,1,1,1,3,4,2,2,1,2,4,14,5,4,4,3,2,2,3,1,1,1,3,2,2,3,2,1,2,2,3,3,4,3,3,3,1,2,3,2,3,2,3,3,3,3,2,2,2,3,3,3,3,3,1,3,3,3,2,3,3,4,4,4,3,3,4,4,3,2,2,3,3,3,4,4,3,3,2,2,2,2,4,4,3,2,1,3,3,3,4,4,4,4,4,3,3,2,4,3,3,3,4,3,2,3,3,3,4,4,1,1,2,4,3,3,3,3,2,3,5,11,11,14,7,7,7,5,4,6,10,7,2,4,8,8,7,5,4,6,5,5,4,4,4,4,4,3,4
1,1,2,1,2,1,2,1,2,3,3,3,3,3,4,2,1,2,2,1,1,2,1,3,2,3,3,2,1,1,2,1,1,2,1,1,1,1,3,2,2,3,1,1,1,1,3,4,2,3,2,1,1,2,1,1,2,1,3,2,3,3,4,3,1,1,2,3,3,2,1,1,1,1,1,1,2,1,2,5,1,1,3,3,2,3,2,3,1,1,3,2,1,1,1,1,3,4,4,1,1,2,1,1,2,1,3,2,2,3,2,3,3,16,63,105,37,16,3,1,2,2,1,1,2,3,4,3,2,2,2,1,1,1,1,1,2,3,4,11,11,5,1,1,2,2,1,2,2,1,2,1,1,4,3,4,3,4,4,3,1,1,2,3,2,3,2,2,4,4,3,1,1,1,2,3,1,1,1,1,1,1,1,1,1,3,4,3,1,1,4,5,4,5,4,5,5,4,3,3,2,2,1,1,1,2,3,3,3,1,1,1,3,7,4,4,3,2,1,3,2,2,3,2,2,2,2,2,3,2,1,1,3,2,3,3,3,3,2,2,2,2,3,2,2,3,4,3,3,1,2,3,3,2,2,3,2,3,3,3,4,4,3,3,4,3,3,3,4,4,3,3,1,2,3,3,2,3,4,3,2,2,2,3,4,3,1,3,3,3,3,3,4,3,4,4,3,3,3,3,3,2,3,3,4,3,3,3,3,3,4,4,2,2,3,3,3,2,3,4,4,3,6,11,14,10,7,5,4,4,3,4,11,10,3,4,7,10,5,5,5,7,6,5,4,4,6,5,5,4,4
1,1,1,1,1,2,1,1,1,3,3,3,3,3,4,2,2,1,2,1,1,2,2,2,3,2,3,3,2,1,2,1,2,2,2,1,1,1,1,3,2,2,2,1,1,3,4,4,3,2,2,2,2,2,1,1,2,1,1,3,2,2,2,1,1,2,2,1,3,2,1,1,2,2,2,2,3,3,3,2,2,2,2,3,2,1,3,3,3,2,2,1,1,1,1,1,1,3,2,2,1,1,1,1,1,3,3,4,1,1,3,2,1,4,27,27,17,5,2,1,3,2,2,1,1,1,3,2,1,1,1,1,1,1,1,3,3,3,3,3,6,3,1,1,1,2,3,3,1,1,1,1,2,4,4,4,3,3,3,1,2,2,3,2,2,3,2,3,5,8,4,2,2,1,1,3,1,1,1,2,1,3,2,1,3,3,2,2,1,1,5,16,15,4,4,6,4,4,3,1,1,2,3,3,1,1,1,1,4,1,1,1,3,3,4,4,2,1,2,1,4,4,4,4,1,3,2,3,2,3,2,1,2,3,3,4,3,3,2,1,3,3,2,2,2,3,3,2,4,3,3,2,3,1,1,2,3,3,3,3,3,4,3,3,1,2,1,3,4,3,3,4,1,4,3,4,2,3,4,3,1,2,3,4,3,3,3,3,4,4,4,3,4,4,4,5,4,3,4,3,2,3,3,3,3,4,3,3,4,4,4,4,3,3,3,3,4,4,3,2,1,3,7,11,6,5,6,8,5,4,4,4,10,7,4,3,4,5,8,7,5,7,13,8,4,5,6,7,7,4,4
1,1,1,2,2,3,3,3,2,3,3,3,2,3,4,2,1,1,1,3,2,2,2,3,2,3,3,2,2,2,1,1,1,2,2,2,2,1,3,3,3,1,2,1,2,2,3,3,1,1,2,2,1,1,2,2,1,1,2,2,2,1,1,2,2,1,2,2,1,3,3,1,1,2,1,2,4,3,2,3,1,1,2,1,2,1,2,2,2,2,1,1,1,1,1,2,1,1,1,2,1,1,1,1,2,3,3,3,2,2,2,2,1,1,7,15,7,2,1,1,1,2,2,1,1,2,2,2,2,1,1,1,1,1,2,2,3,4,4,4,4,4,1,1,3,2,4,1,1,1,1,2,1,3,4,3,2,3,3,3,1,1,3,4,2,3,2,4,14,11,5,4,1,1,3,3,1,1,1,1,4,4,3,2,1,2,3,3,2,1,5,19,18,4,4,8,5,3,1,1,2,2,3,3,2,1,1,2,4,4,1,1,3,2,4,4,2,1,1,2,6,13,7,4,1,2,2,3,2,4,2,1,2,3,3,4,3,2,3,2,3,2,2,3,3,1,2,2,3,3,3,3,3,1,1,1,3,4,3,3,3,3,3,2,1,2,3,3,3,3,4,4,3,4,4,3,3,1,3,3,3,2,4,4,3,3,3,2,4,3,4,3,4,3,3,3,4,4,4,1,4,3,3,3,3,1,4,5,4,4,4,4,4,3,3,3,4,3,4,4,2,4,11,11,6,5,7,7,10,8,5,4,6,7,4,3,1,4,10,7,4,6,11,8,5,4,10,10,8,8,5
1,1,1,1,2,3,3,2,3,3,3,2,2,2,2,4,3,2,1,2,1,1,2,3,3,3,2,2,2,1,1,1,1,1,2,2,3,4,3,2,2,2,2,2,2,2,2,1,2,1,1,1,1,1,2,2,2,2,2,2,1,1,1,2,3,2,2,2,1,3,3,1,1,1,1,3,3,2,3,2,1,1,2,1,1,2,1,2,2,1,1,1,2,1,2,3,3,2,1,1,1,1,1,1,2,1,3,3,2,2,1,1,1,1,5,2,3,2,1,1,1,3,1,2,2,2,3,2,1,1,2,1,1,1,1,1,3,2,13,14,4,3,1,1,1,1,4,1,1,1,2,2,1,1,1,2,1,3,3,2,2,4,2,4,2,3,2,3,8,6,3,2,1,1,2,2,1,1,2,3,5,4,4,1,1,3,15,18,10,5,4,6,6,4,4,5,5,3,1,2,1,3,3,3,2,2,1,1,3,5,3,2,1,2,4,4,3,2,1,2,13,21,11,4,3,2,2,2,3,3,2,2,2,4,1,3,4,3,2,2,2,2,2,2,3,3,2,2,1,3,4,3,1,1,1,1,4,4,3,3,2,2,3,3,3,3,3,3,3,3,3,3,4,3,3,3,3,3,2,4,4,3,3,3,3,2,3,3,3,3,3,3,2,3,4,4,4,4,3,3,4,1,4,1,3,3,3,4,3,3,4,4,3,3,3,3,5,8,8,4,4,7,11,14,8,5,5,11,13,10,10,6,5,7,4,2,2,4,7,5,6,5,8,7,4,4,6,10,6,6,5
1,1,1,1,3,3,3,3,3,4,3,3,1,1,1,4,2,3,1,1,1,1,2,2,2,1,1,2,2,2,1,1,1,1,1,2,3,3,2,2,2,2,2,3,3,1,2,1,2,1,2,1,2,1,1,1,1,2,2,2,1,1,1,2,3,3,1,2,1,1,1,2,1,1,1,2,1,1,1,1,1,2,3,3,1,1,1,1,1,1,1,1,1,3,3,2,2,2,1,1,1,1,2,2,2,2,3,2,3,3,1,1,2,1,2,2,1,1,2,2,2,1,2,3,4,3,3,2,2,1,1,2,2,2,1,1,2,3,8,11,5,1,1,1,1,1,1,3,1,2,4,1,1,1,1,1,2,3,3,4,3,3,3,4,3,3,2,2,4,4,1,1,1,1,1,1,1,1,3,4,4,3,4,3,1,5,31,49,17,4,4,3,2,3,3,4,3,4,2,2,2,1,4,3,1,1,1,2,2,4,3,2,1,2,4,4,1,1,1,3,10,17,11,4,3,1,2,3,2,1,2,2,3,3,3,3,2,3,1,3,3,3,3,1,3,3,2,2,1,4,4,3,2,1,1,1,3,4,3,3,1,1,3,3,4,3,4,4,3,3,3,3,4,3,3,3,2,3,3,3,4,3,3,2,3,3,3,4,4,3,2,3,3,3,4,3,2,2,3,2,3,2,1,3,3,3,4,4,3,3,3,3,3,3,3,4,5,16,10,6,7,7,7,6,7,8,6,7,8,11,8,10,7,6,4,4,4,5,7,6,3,5,8,7,4,3,6,14,8,6,4
1,1,1,1,3,3,3,3,3,4,3,1,1,1,1,3,3,2,1,1,1,2,2,1,1,1,1,1,4,3,1,1,1,1,3,4,3,4,2,1,1,2,3,2,3,1,1,1,3,4,2,1,2,2,1,1,2,1,1,2,2,2,1,3,4,3,3,3,1,1,1,1,1,1,1,2,1,1,2,1,1,1,3,4,2,2,1,1,1,1,1,1,1,2,1,1,1,1,1,1,3,3,2,1,2,1,2,3,2,1,1,1,2,2,2,1,1,1,3,2,2,2,2,1,3,4,2,2,2,1,1,1,3,3,1,1,2,3,3,5,3,1,1,1,1,1,2,3,3,1,1,1,1,1,2,1,2,2,3,3,3,2,2,2,1,2,3,3,3,4,3,1,1,1,2,1,2,1,2,1,2,3,4,4,1,4,21,26,11,1,2,2,2,3,1,1,3,1,3,1,1,2,4,3,1,2,3,2,2,1,3,2,1,1,3,4,3,3,1,2,4,5,4,3,3,3,3,4,3,3,2,2,2,4,3,2,2,2,1,1,2,3,3,1,2,3,2,1,2,3,3,2,2,1,2,1,3,4,4,2,2,2,3,4,4,3,4,4,3,3,3,3,3,3,3,3,3,3,2,4,3,3,2,3,4,3,3,4,4,3,1,3,4,3,3,3,3,1,3,3,3,3,3,2,3,4,4,4,3,2,2,3,3,1,3,4,5,15,7,14,4,5,5,7,8,10,6,6,10,11,10,8,5,7,8,6,6,5,7,8,7,5,5,5,4,2,10,5,8,5,7
2,1,1,1,3,3,3,3,3,3,3,2,1,1,1,2,3,2,1,2,2,2,2,1,1,1,1,1,2,2,1,1,1,2,3,3,4,3,2,1,2,2,2,2,3,2,1,1,4,4,2,1,2,2,1,1,1,1,2,2,3,2,2,3,5,3,3,3,1,1,1,1,2,1,2,1,1,1,1,1,1,1,4,4,4,2,1,1,1,2,1,1,1,1,2,1,1,1,1,1,3,3,2,1,2,2,1,2,2,1,1,1,4,2,1,1,3,3,2,3,3,2,1,2,3,3,3,4,1,1,2,1,3,3,1,1,2,1,1,1,3,1,1,1,2,2,3,3,1,1,2,1,3,3,3,2,1,2,3,3,3,1,1,2,2,1,3,2,3,3,2,2,1,1,1,1,2,1,1,1,2,2,3,4,3,2,6,8,4,2,1,1,2,3,1,1,3,3,2,1,2,3,3,3,1,2,3,3,1,1,2,2,2,2,3,5,3,3,1,2,3,2,2,2,3,4,3,3,3,3,4,3,2,2,2,2,2,2,1,1,2,3,3,2,3,3,2,3,2,3,3,3,3,3,1,1,4,3,3,1,3,2,2,3,3,3,4,4,3,2,3,3,4,2,2,3,3,4,4,3,3,3,2,3,3,3,4,4,3,3,3,3,4,3,4,3,3,3,3,3,3,2,3,2,2,2,4,5,4,2,3,2,3,2,3,3,4,10,10,7,5,6,8,8,10,10,8,6,7,14,10,10,6,6,5,5,6,7,7,7,5,6,8,5,4,2,5,8,7,5,5
3,2,1,1,3,4,4,3,2,3,2,1,3,3,1,1,1,2,2,3,2,2,2,2,1,2,1,1,1,3,4,4,2,2,2,2,3,3,2,2,2,2,1,2,3,2,1,2,5,4,1,1,2,2,1,1,2,2,1,3,4,2,2,2,4,3,3,2,1,1,1,2,1,2,2,1,1,1,2,1,1,1,4,4,3,2,1,1,1,2,2,1,1,1,1,2,1,1,1,1,3,3,2,3,2,1,1,1,1,2,2,2,2,1,2,3,3,4,3,2,2,1,2,3,3,3,3,4,2,1,2,3,1,3,3,2,2,1,1,1,2,2,2,3,1,2,3,1,1,1,1,1,3,2,1,1,1,2,1,2,3,3,1,1,1,2,3,1,1,2,3,3,3,1,1,3,1,1,1,1,3,3,4,3,3,2,4,2,1,1,1,1,1,1,1,1,1,3,1,2,1,3,4,4,2,2,4,3,1,1,2,1,2,4,4,4,3,2,1,1,1,2,3,2,3,4,3,3,1,3,4,4,3,2,2,2,3,3,1,1,3,4,3,3,3,3,3,4,3,1,2,2,3,3,3,1,2,2,2,2,3,3,2,3,2,3,4,3,3,3,3,4,2,2,2,2,3,3,4,2,3,3,2,1,4,4,4,4,4,4,3,3,3,4,4,4,3,2,2,3,4,3,3,4,2,2,4,5,4,4,3,3,2,3,3,3,2,4,10,7,8,11,11,11,10,10,10,10,8,7,10,8,6,5,6,5,8,5,4,5,5,5,10,6,5,4,6,5,4,4,5
2,2,1,1,3,4,3,3,3,2,1,1,3,3,1,1,1,1,2,3,3,2,2,1,2,1,1,1,1,2,4,4,3,2,2,3,3,2,3,3,1,2,1,1,1,1,1,2,4,4,1,1,2,2,1,2,2,1,1,2,4,1,2,2,2,3,4,2,1,1,2,2,2,3,1,2,1,2,1,1,1,1,4,3,3,2,1,1,2,2,2,1,1,1,3,2,2,2,1,1,3,3,3,3,2,1,1,1,2,3,3,1,2,1,2,4,4,3,3,2,1,1,3,2,2,2,2,3,2,3,2,1,4,3,1,1,1,2,2,2,3,2,3,2,2,2,2,1,1,1,1,2,2,2,1,3,1,1,1,2,3,4,2,2,2,1,2,3,1,1,2,3,3,1,1,1,1,2,2,1,3,4,3,1,2,2,1,1,1,1,1,1,1,2,1,1,2,1,2,2,1,3,4,4,2,3,4,1,1,1,1,1,3,3,4,4,3,1,1,1,2,2,3,2,4,2,2,1,1,3,4,4,2,1,1,1,3,3,2,1,3,3,3,2,3,4,4,4,3,2,2,3,3,4,3,1,1,1,1,2,3,2,3,2,1,2,3,3,3,4,3,3,3,2,2,3,3,2,3,4,4,2,3,4,4,3,4,4,4,4,3,3,3,3,4,4,3,3,3,3,4,3,3,3,4,4,8,11,8,5,4,3,2,1,3,2,3,4,5,10,10,8,8,11,11,13,13,10,6,5,5,5,5,5,5,5,6,5,5,4,4,5,5,5,6,7,6,5,5,6,4
1,1,1,1,3,3,3,2,2,1,3,3,2,2,1,2,1,1,1,3,4,3,3,2,2,1,2,2,1,2,3,3,3,3,2,3,3,3,3,2,4,2,1,1,1,1,1,3,2,3,1,1,2,2,2,3,1,2,1,3,3,1,2,2,3,1,3,1,1,1,3,3,2,3,1,2,3,3,1,1,1,1,2,3,2,1,1,1,1,2,2,2,1,3,3,3,3,1,1,1,2,3,3,1,1,1,2,2,2,3,3,1,1,1,1,2,3,2,2,2,1,1,4,4,2,3,3,2,2,3,2,1,1,1,1,1,1,2,1,2,1,1,3,3,1,2,2,2,1,1,3,1,1,1,1,1,4,3,1,2,4,5,2,4,2,1,1,4,3,1,1,2,2,1,1,1,1,3,3,2,3,1,1,2,2,2,3,2,1,1,2,1,1,1,1,2,3,3,1,2,3,3,1,3,2,1,1,1,3,2,2,1,2,3,3,3,1,1,1,2,3,3,2,3,2,1,2,3,3,2,4,4,2,2,2,2,3,4,3,2,1,1,3,3,3,3,4,1,3,1,2,3,3,3,1,1,2,1,1,2,3,3,4,2,2,3,2,2,2,3,3,3,3,3,3,2,3,4,4,4,3,2,3,4,3,4,3,3,3,4,4,3,3,3,4,3,3,3,3,4,4,4,4,3,5,11,15,15,14,10,5,3,1,3,3,3,2,4,7,6,6,8,5,5,7,5,6,4,2,4,4,5,5,5,6,5,7,6,7,8,4,3,4,5,7,5,4,7,5,6,8
2,1,1,2,2,2,2,1,2,2,4,3,1,1,1,2,1,1,1,1,3,4,3,2,2,2,3,2,1,2,2,2,2,3,3,3,3,3,3,3,4,2,1,1,1,1,3,2,2,2,1,1,1,2,3,4,2,1,1,4,3,3,2,2,3,3,3,1,1,2,3,3,3,2,2,1,2,3,3,1,1,1,2,2,1,1,1,3,2,1,1,1,1,2,4,3,3,1,1,2,1,3,3,3,1,1,1,2,2,1,3,3,1,2,1,1,3,2,2,2,1,3,3,4,3,3,2,2,2,3,2,1,1,1,1,1,1,1,2,1,1,1,4,3,1,2,1,1,1,1,1,1,1,1,2,3,4,2,1,3,2,3,3,1,1,1,4,4,3,1,1,1,1,2,1,1,3,1,4,3,1,1,1,1,2,2,2,1,1,1,1,1,1,1,2,1,3,3,4,2,1,2,1,2,1,1,1,2,3,1,1,1,2,2,1,3,1,1,1,1,4,4,2,2,2,3,3,3,1,2,3,4,3,3,2,2,3,4,4,4,1,1,2,3,3,4,3,3,2,2,3,3,4,4,1,1,3,2,2,2,2,3,3,3,1,1,2,2,1,2,3,3,3,3,2,2,3,4,3,4,2,4,4,4,3,4,2,3,3,3,4,4,3,3,3,3,4,4,4,3,4,2,3,5,16,17,16,11,16,14,5,4,2,3,5,5,4,6,8,6,8,8,3,3,4,4,4,3,4,5,5,5,5,6,5,7,6,5,8,8,5,5,3,6,7,7,5,7,5,5,8
1,1,2,2,1,1,2,1,3,3,2,3,1,1,3,2,2,1,1,1,1,3,2,2,1,3,2,3,1,1,1,1,1,3,3,2,3,3,2,2,3,3,1,1,1,4,4,2,2,1,2,1,1,2,3,3,2,3,2,3,2,3,3,1,2,1,2,2,2,3,3,2,3,1,1,2,1,3,4,3,2,1,1,2,1,1,4,2,1,1,1,1,2,3,4,4,2,2,2,2,1,1,3,3,2,2,2,2,1,1,3,3,2,1,2,1,3,2,2,2,3,2,3,2,3,3,1,2,2,1,1,1,1,1,2,1,3,2,1,1,1,1,2,1,2,1,1,2,2,1,1,1,1,2,3,3,4,2,1,2,1,2,3,3,1,3,4,4,2,0,0,1,1,4,1,2,1,3,3,1,1,1,2,3,1,1,3,4,3,3,3,3,1,2,2,1,1,2,3,2,1,1,1,1,3,3,1,1,1,2,1,3,2,1,1,1,1,1,1,1,3,3,3,4,4,3,3,3,1,3,3,4,3,3,2,2,3,1,3,3,2,3,2,2,4,3,2,2,2,3,3,2,4,3,2,1,3,3,3,2,2,3,2,2,1,2,3,3,1,2,3,4,3,3,2,2,3,3,3,3,3,3,4,3,4,3,3,1,3,1,3,3,3,3,2,3,4,4,3,1,3,2,4,8,17,16,15,11,16,11,7,4,4,4,10,8,8,8,11,10,7,5,3,3,4,4,4,3,4,6,5,5,5,4,5,6,6,5,8,11,8,5,5,5,7,7,5,5,6,4,7
1,2,2,2,1,1,1,1,3,2,3,3,1,1,2,3,1,1,1,1,1,3,1,1,2,2,3,3,2,2,1,1,2,2,2,2,3,3,1,2,2,3,1,1,4,4,2,2,1,1,3,2,1,2,1,2,3,3,3,2,3,3,2,2,2,1,1,3,2,2,1,2,2,2,1,1,2,3,4,4,3,1,2,1,1,2,3,4,2,1,1,1,4,2,3,4,2,1,1,2,2,1,2,3,3,3,2,1,1,1,3,3,2,1,2,2,1,1,1,2,3,3,2,1,3,3,2,2,1,1,1,1,1,1,2,2,3,1,1,1,1,1,1,1,2,2,2,3,3,2,1,1,2,2,3,4,4,3,1,1,1,1,1,2,1,2,3,1,2,2,1,1,1,3,1,1,1,3,2,4,1,1,3,2,1,1,4,5,5,1,1,2,3,1,2,1,3,1,3,2,1,1,1,1,3,3,3,1,1,1,2,2,2,2,1,2,1,2,2,1,4,6,6,5,4,3,3,2,3,2,4,4,3,2,2,2,3,2,2,2,3,3,3,3,3,3,4,2,3,3,2,2,3,1,2,3,3,3,3,2,1,2,3,1,3,4,3,2,3,2,3,3,4,3,3,2,3,4,4,2,3,3,3,3,4,3,3,3,2,1,3,3,2,2,3,2,3,5,3,2,3,3,5,14,19,16,14,14,8,7,6,5,5,7,11,10,14,10,8,11,7,5,5,5,6,5,5,4,4,3,4,5,5,3,5,5,6,6,10,10,7,5,5,5,4,5,5,4,5,5,6
2,2,1,1,1,1,1,2,1,3,1,1,1,1,1,2,1,1,1,1,2,4,3,3,1,1,2,2,1,2,1,1,1,1,2,3,3,3,1,1,2,2,2,2,1,1,2,1,2,3,4,4,2,2,1,2,3,2,3,1,2,1,1,2,1,2,2,3,2,1,1,1,1,1,1,1,1,1,4,4,2,1,1,1,1,2,2,3,2,1,1,1,1,4,3,4,3,2,2,2,1,1,3,4,5,4,2,1,1,1,3,2,1,1,2,2,1,1,2,1,3,1,1,1,1,3,2,1,1,2,2,1,2,3,4,4,3,1,1,1,1,3,3,2,1,1,1,4,14,6,1,1,2,1,1,2,3,2,1,1,1,1,2,1,1,1,4,6,11,5,2,1,1,2,1,1,2,2,4,14,5,3,3,3,1,1,3,4,4,3,2,2,1,1,2,1,1,2,1,2,2,1,1,1,2,3,4,3,2,1,1,2,1,3,2,2,2,1,2,1,5,11,11,4,3,4,2,3,1,1,3,3,3,2,3,3,3,3,2,3,2,3,3,1,3,2,4,5,2,3,2,2,2,1,1,3,2,2,2,3,1,2,3,3,4,3,2,2,4,4,2,3,3,3,3,3,4,4,2,2,1,3,3,3,4,4,3,3,2,2,3,2,3,3,3,2,2,3,3,4,3,4,7,14,13,13,13,10,5,4,6,7,8,10,10,13,11,6,7,13,7,6,8,10,8,8,10,5,3,3,4,5,4,4,4,4,5,5,5,5,5,6,4,7,6,4,6,5,5,5,5
1,2,1,1,2,2,1,1,1,2,1,1,1,1,3,4,2,1,1,1,3,4,3,1,1,1,1,2,2,2,2,2,1,1,1,3,3,3,1,1,1,1,1,2,2,1,1,1,1,2,4,4,3,2,1,1,2,2,2,1,1,1,2,3,3,3,2,2,1,1,1,1,1,1,1,1,2,2,3,3,2,1,1,1,1,1,3,2,1,1,1,1,2,4,2,4,3,2,2,1,2,2,2,3,4,2,1,2,1,1,2,3,1,1,2,2,1,1,3,2,2,1,1,1,2,3,2,1,2,1,2,2,3,4,3,4,3,2,1,1,3,3,3,2,1,1,1,4,14,11,2,2,2,1,1,1,1,1,2,2,2,1,1,1,1,1,5,15,17,11,3,1,1,2,1,1,1,1,11,19,8,5,2,3,1,1,2,3,4,3,1,1,1,1,2,1,1,1,3,3,2,1,1,1,1,1,4,4,3,1,1,1,4,1,3,1,2,1,1,1,5,10,6,5,10,10,4,3,1,1,2,3,2,2,3,3,3,3,3,2,3,4,3,2,3,1,3,5,4,3,2,2,1,1,3,1,4,3,1,2,3,3,3,4,3,3,2,3,2,3,3,4,3,1,3,3,4,3,2,1,2,1,3,4,4,4,3,2,3,2,1,2,3,2,3,3,4,4,4,5,7,7,6,7,11,15,13,10,5,4,6,7,10,10,7,10,14,10,8,10,11,8,7,10,8,11,13,6,3,4,4,5,5,4,3,4,3,5,5,5,5,6,5,5,5,5,4,5,4,5,7
1,1,1,1,3,3,3,2,1,1,1,1,1,3,3,3,3,1,1,1,2,3,2,1,1,1,1,1,2,3,2,1,1,1,2,2,4,4,1,1,1,1,2,2,1,1,1,2,2,3,3,3,2,2,1,2,3,3,2,1,2,2,1,3,3,2,2,2,1,1,2,2,2,2,1,1,3,3,1,1,1,2,1,1,1,3,4,3,2,2,2,1,3,3,3,3,3,1,2,2,2,2,1,2,3,3,2,2,2,2,2,5,1,1,3,2,1,2,3,2,2,2,2,2,3,3,2,2,2,2,2,2,3,4,3,3,1,1,1,2,3,1,3,2,1,1,1,2,5,4,2,1,2,1,1,1,2,3,2,3,1,1,1,1,1,2,5,15,19,11,3,2,1,1,2,1,2,2,5,14,16,13,4,3,1,1,1,1,3,3,1,1,1,2,3,1,2,1,2,3,3,2,2,2,2,1,1,2,2,2,1,2,3,3,3,1,1,1,1,1,2,5,14,19,23,27,14,6,3,3,1,1,2,2,2,3,4,3,3,5,4,3,4,3,1,3,3,5,3,1,1,1,3,3,3,3,3,2,3,3,1,3,2,3,1,1,3,2,3,3,5,3,3,1,2,3,3,3,3,3,3,3,3,4,3,3,2,2,4,4,4,3,3,1,3,5,7,13,10,8,13,14,8,4,8,14,13,15,15,7,8,10,6,6,7,14,15,8,10,10,8,8,8,6,7,11,6,4,5,4,4,7,8,4,4,3,4,3,4,4,5,7,6,5,5,5,6,6,5,4,6
1,1,1,3,2,3,1,2,2,1,1,1,1,3,5,5,4,1,1,1,3,3,1,1,1,1,1,2,3,3,3,3,1,1,1,2,3,3,3,2,1,2,1,3,1,1,1,2,1,2,2,2,2,2,2,2,3,2,2,2,1,2,2,2,2,3,2,1,1,1,2,3,1,1,2,3,1,2,1,1,1,2,2,1,1,1,2,2,3,3,3,3,3,3,2,2,1,1,2,2,1,1,2,2,2,3,3,4,5,5,5,3,4,3,3,4,2,2,4,5,7,10,13,7,5,3,3,3,2,1,2,2,4,4,3,1,1,1,2,2,3,2,4,1,1,1,1,3,2,4,3,1,2,1,1,1,2,3,3,3,1,1,1,1,2,2,5,11,10,7,3,2,1,1,1,3,2,2,1,7,21,19,5,1,1,1,1,1,3,1,1,1,2,2,2,3,3,1,1,3,3,3,3,2,2,1,1,1,1,2,2,4,5,3,2,3,1,1,2,2,3,10,23,29,43,35,28,18,7,3,2,1,3,2,2,3,4,1,3,4,5,4,3,3,1,2,2,3,3,3,2,2,3,3,2,2,3,3,3,4,3,3,1,2,1,3,2,2,3,3,4,3,1,3,3,3,3,4,3,2,2,3,3,3,3,3,3,3,6,10,14,5,3,3,5,8,15,17,17,11,10,8,10,6,11,13,10,13,13,7,10,13,10,6,11,14,8,6,8,10,7,6,6,6,8,5,5,5,5,6,6,5,6,6,3,4,5,3,3,4,7,6,5,7,5,5,6,5,3,4,6
1,2,3,2,3,3,1,1,3,4,1,2,1,1,2,4,3,2,2,2,1,2,1,3,1,1,2,1,3,2,4,2,3,2,2,1,2,3,2,3,1,1,3,5,1,2,2,2,1,1,1,1,1,1,2,1,2,1,1,2,1,2,2,1,2,2,2,1,1,1,3,4,3,3,3,4,4,4,2,1,1,1,4,4,1,1,1,2,3,2,3,1,1,2,1,1,2,3,3,3,1,2,2,1,1,1,4,10,16,16,7,3,13,8,7,4,5,5,13,17,23,35,45,27,17,7,4,2,1,1,1,2,2,3,2,1,1,1,2,3,3,3,2,2,1,2,1,1,1,2,1,3,1,1,1,1,3,3,4,3,1,1,1,2,1,3,3,4,5,3,2,1,1,1,1,1,1,1,1,4,18,11,4,1,1,1,1,1,2,1,1,1,2,3,3,3,1,1,1,1,2,4,2,1,2,1,4,3,1,1,2,5,7,4,3,1,1,4,3,2,5,15,28,31,43,29,49,32,15,2,1,1,2,4,3,3,3,3,4,7,15,7,4,2,3,1,3,1,2,2,2,2,3,3,1,2,2,3,4,3,2,3,3,1,3,3,3,3,3,3,2,3,1,2,3,3,3,4,4,3,3,3,3,1,4,3,3,3,8,16,19,15,10,6,16,16,18,17,11,11,14,14,13,6,8,10,6,6,10,7,11,15,8,5,10,7,7,4,4,5,8,7,6,4,5,6,5,5,5,13,4,6,6,8,5,4,4,3,3,4,5,4,5,8,5,4,4,4,4,4,7
1,2,3,3,4,3,1,1,4,4,1,1,1,2,2,4,4,4,2,2,2,2,3,2,2,1,2,1,2,3,2,3,3,1,2,1,1,2,5,3,1,1,3,4,2,2,1,2,1,1,1,1,1,1,2,1,2,1,2,2,2,1,2,2,2,2,2,1,1,2,3,4,3,2,4,3,4,3,4,1,1,1,4,4,1,1,1,1,2,2,3,1,1,1,1,1,2,2,2,1,2,2,1,2,1,1,4,13,25,21,7,5,10,8,5,4,7,15,23,33,35,41,63,63,32,13,5,2,1,2,1,2,2,3,3,1,1,1,2,3,2,1,1,2,3,3,3,1,2,2,2,3,1,1,2,2,3,3,4,1,1,1,1,2,3,3,2,2,3,2,1,1,1,1,1,1,1,1,1,3,6,6,1,1,3,2,1,1,2,1,1,1,1,3,3,2,1,1,1,2,2,3,3,2,1,1,4,4,2,3,3,4,5,3,2,1,4,16,16,8,6,17,33,49,41,32,41,32,15,3,1,1,4,5,4,3,2,4,8,13,13,5,3,3,2,1,2,1,2,3,3,3,1,1,2,3,2,3,4,3,3,2,3,3,3,3,2,3,2,3,2,2,3,3,2,4,5,4,3,3,3,2,3,3,4,3,3,6,11,17,19,17,13,15,15,17,16,14,11,11,18,17,14,8,10,8,6,5,7,13,11,13,14,8,5,5,5,3,5,5,5,5,6,6,5,5,5,7,7,8,7,8,6,5,7,5,5,4,4,4,4,5,5,5,4,4,3,4,5,5,5
1,1,2,3,4,3,1,1,3,3,2,1,1,1,1,2,3,4,2,2,1,1,1,2,2,2,2,2,2,2,2,2,1,2,1,1,1,2,4,2,1,1,4,2,2,2,1,1,2,3,1,1,1,1,1,3,2,1,3,2,2,1,2,1,5,4,2,1,1,1,4,4,2,2,3,4,1,2,4,4,1,1,3,2,1,1,1,1,3,4,1,1,1,1,1,2,2,2,1,1,1,1,3,3,1,1,8,21,45,23,7,4,3,3,1,1,5,15,29,35,21,19,27,45,32,13,4,2,1,1,1,1,3,4,5,4,3,2,2,3,4,1,1,3,3,3,3,1,1,1,3,1,2,1,1,1,1,4,4,1,1,1,1,3,3,2,3,2,2,2,1,1,1,1,1,1,1,2,1,1,3,4,3,2,3,3,2,2,1,1,1,2,3,3,2,1,1,1,1,2,2,1,1,1,2,1,3,3,3,3,3,3,3,2,2,2,7,26,35,19,11,19,41,43,39,35,49,23,5,1,1,2,5,6,4,3,3,3,7,6,4,3,2,3,2,2,2,3,4,3,3,3,2,2,3,2,3,4,3,3,3,1,2,3,3,2,2,3,3,4,3,3,2,2,3,3,4,5,4,3,4,2,3,2,5,8,8,14,16,17,14,14,16,16,5,8,10,8,13,13,13,11,10,11,8,11,10,7,8,10,11,16,14,8,4,4,3,4,5,5,6,5,10,8,6,7,6,6,5,8,10,5,7,7,7,8,5,4,6,5,4,5,4,4,4,3,4,3,4,5,4
1,1,1,3,4,2,2,1,3,3,1,1,1,1,2,2,3,3,3,2,1,1,1,1,2,1,1,2,3,2,2,1,1,2,1,1,2,2,3,2,1,1,1,3,1,2,1,1,3,2,1,1,1,1,1,3,3,2,2,3,1,2,2,1,3,3,2,1,1,1,5,4,2,1,2,3,1,2,4,3,1,2,2,1,1,1,1,1,3,3,1,1,1,1,2,3,3,2,1,1,1,1,3,3,1,1,7,21,32,14,4,2,2,1,1,1,3,7,17,19,17,7,8,19,16,5,1,1,1,1,1,1,4,7,7,5,2,3,2,4,4,3,2,2,3,3,3,2,3,3,2,1,2,1,1,2,1,4,4,2,1,1,2,3,2,3,4,1,2,1,1,1,1,2,2,3,2,1,1,1,4,3,3,5,4,3,3,3,2,1,3,2,3,3,1,1,2,1,1,1,1,2,2,1,1,3,2,3,4,4,4,3,1,1,2,3,5,16,25,15,5,16,37,43,35,32,26,21,13,3,1,3,5,4,4,2,2,3,4,3,3,3,2,3,1,3,2,3,3,1,2,2,3,3,1,2,3,1,3,2,3,2,3,2,2,2,1,4,5,5,4,2,1,3,2,4,7,10,5,3,3,2,3,4,6,16,19,16,15,13,13,11,16,14,4,5,7,13,14,15,11,6,6,5,10,14,7,4,7,11,11,14,13,5,4,4,4,6,7,8,10,7,10,8,10,7,4,4,6,6,5,5,5,7,6,7,7,4,4,3,5,5,5,5,3,3,4,4,5,6,5
1,1,1,3,3,2,2,1,1,2,1,1,2,3,1,1,1,1,2,2,1,0,1,1,1,3,3,3,3,3,1,1,1,2,1,1,2,2,2,3,1,1,1,1,1,3,3,3,3,4,2,1,2,1,3,2,2,2,2,1,2,1,3,1,2,1,2,1,1,1,4,4,1,1,1,3,2,2,3,2,2,2,2,2,1,1,1,2,1,2,2,2,1,3,4,4,1,1,1,1,1,1,3,3,1,1,3,10,15,5,1,1,1,1,1,1,1,5,19,21,7,2,1,1,1,2,1,1,1,1,1,2,3,5,5,3,3,3,3,3,2,3,3,2,1,2,2,3,3,3,3,3,3,1,1,1,3,3,3,3,2,1,2,1,3,4,4,3,1,1,1,1,1,1,2,4,2,2,3,6,5,3,3,5,4,3,4,3,3,1,1,1,1,3,3,1,2,1,1,1,2,2,1,1,2,1,1,3,4,4,4,3,1,1,2,3,4,11,8,3,2,10,31,49,47,32,33,35,24,8,2,1,2,3,1,2,3,3,3,2,1,2,3,2,1,3,3,3,1,1,3,3,1,2,3,1,3,2,3,2,2,1,2,2,3,3,2,5,18,7,4,3,3,3,2,5,16,24,16,5,3,3,5,11,18,21,19,13,11,16,11,13,16,13,4,6,10,13,16,16,10,6,4,4,10,16,7,4,5,6,10,13,11,5,4,4,6,7,10,13,7,8,8,8,7,5,5,5,6,6,5,4,6,6,5,6,8,4,3,3,4,5,7,4,5,4,4,4,5,5,5
1,1,1,2,3,2,1,1,3,1,1,1,3,3,3,1,1,1,1,2,1,1,1,1,1,3,3,3,3,1,1,1,1,2,3,2,1,2,2,2,2,1,1,1,2,3,3,3,1,1,2,2,1,2,3,2,2,2,1,1,2,2,1,2,1,1,1,1,1,2,4,4,1,1,2,1,3,2,3,1,1,1,1,2,2,1,1,1,1,2,1,1,2,3,3,4,2,1,3,3,3,3,3,3,1,1,2,3,5,3,1,1,1,1,1,1,3,16,49,37,15,3,1,1,1,1,1,2,1,1,1,2,3,3,3,4,2,3,1,1,3,2,4,3,2,1,2,2,4,4,3,3,3,1,2,1,3,3,2,3,1,2,1,2,3,2,1,3,3,1,1,1,1,1,1,3,2,4,5,5,4,3,3,4,4,4,3,1,3,1,2,1,2,3,3,3,1,1,1,1,1,1,2,2,2,1,1,2,4,3,4,2,1,1,3,3,3,5,4,3,3,11,35,31,33,33,41,61,31,11,3,1,2,2,2,1,2,2,1,3,2,1,2,3,2,2,3,3,2,1,3,2,2,1,2,3,2,3,3,2,2,1,1,2,3,2,3,6,11,5,3,3,2,3,2,4,16,21,19,8,2,5,16,19,18,19,16,14,14,10,16,16,11,11,11,11,16,16,16,11,11,8,7,10,10,13,10,7,4,6,8,7,7,6,4,7,8,10,11,7,8,7,8,6,7,5,6,5,8,6,5,5,5,5,6,8,5,5,4,3,5,5,5,5,5,5,4,3,5,5,5
1,1,2,2,3,4,1,1,1,1,1,2,2,2,3,2,2,1,2,1,2,2,1,1,1,2,2,3,2,1,1,1,1,2,2,3,1,1,1,2,1,1,2,2,1,1,3,2,2,1,2,1,1,1,2,2,1,2,1,1,1,3,2,4,1,1,1,1,2,3,2,1,1,1,1,1,3,3,3,1,1,1,1,2,2,2,1,2,1,2,2,2,2,2,3,2,3,4,5,5,4,3,2,3,2,1,3,2,3,3,1,2,2,2,1,1,7,27,94,68,21,5,2,1,3,1,2,1,1,2,1,2,2,2,3,4,1,3,1,1,3,3,3,3,2,1,1,1,4,3,2,2,2,1,1,2,3,3,2,1,2,1,1,2,3,2,1,2,3,2,1,2,1,1,1,2,3,4,5,5,2,3,3,4,4,2,2,3,1,3,3,3,2,1,3,3,1,1,1,3,1,1,1,1,2,2,1,2,2,3,2,3,2,1,1,2,3,6,7,4,4,16,31,25,16,19,39,29,17,5,3,2,2,1,2,1,3,4,3,1,3,2,3,2,2,2,3,3,2,1,1,1,1,2,3,3,4,2,3,2,2,1,2,3,4,5,5,4,3,3,2,2,3,2,1,4,14,17,16,13,8,15,19,16,14,11,11,16,13,16,15,14,16,16,16,14,13,15,11,10,11,11,15,15,13,7,10,10,10,7,10,13,11,11,11,8,11,8,8,7,6,6,8,7,8,7,5,7,5,5,7,5,5,10,8,6,5,4,4,5,5,5,5,5,7,7,3,3,4,5,6
1,1,1,3,3,3,1,1,1,1,1,2,1,2,2,3,3,2,1,1,2,2,1,1,1,2,1,2,2,1,1,1,1,2,2,2,2,1,1,1,1,2,2,4,1,2,4,3,1,1,1,1,2,1,1,2,1,1,1,1,1,3,4,3,1,1,1,1,3,4,3,1,1,2,2,1,3,3,1,1,2,1,1,1,2,2,2,1,2,3,1,2,2,1,1,2,2,4,3,4,3,2,3,3,3,3,3,2,1,1,1,4,3,2,1,1,7,29,88,49,19,7,3,2,2,1,2,2,2,1,2,3,2,1,2,3,2,3,1,1,1,2,4,3,1,1,1,1,3,3,2,2,1,2,2,1,3,1,2,1,1,1,1,1,1,1,1,2,2,2,2,2,1,1,2,3,1,3,5,4,2,2,1,2,3,1,1,2,2,1,3,3,1,2,1,1,1,1,1,3,3,3,2,2,2,2,1,1,1,1,1,3,2,2,1,2,3,5,4,4,5,11,18,13,5,8,13,14,6,4,2,2,2,2,1,2,4,3,4,3,2,1,1,3,3,2,3,3,3,2,1,1,1,1,3,2,3,2,4,2,3,2,2,2,3,3,4,4,3,3,1,3,4,2,1,3,14,17,13,14,14,13,14,15,16,11,11,8,16,15,13,13,17,18,16,16,16,14,7,10,16,16,17,15,7,5,7,8,11,6,8,10,11,16,14,7,6,8,7,6,7,10,10,6,8,6,7,6,4,5,5,5,6,7,5,6,5,5,5,6,6,3,5,4,4,4,5,4,4,6,6
1,1,1,3,4,3,2,1,1,2,3,3,3,2,3,3,4,2,1,2,2,1,1,1,1,1,2,2,1,1,1,1,2,2,2,2,3,2,2,1,2,2,3,1,2,2,3,2,1,1,1,1,2,1,2,3,2,2,1,1,3,4,4,2,3,2,1,2,3,2,2,2,2,1,3,1,2,3,1,1,2,2,1,3,4,3,1,2,2,3,3,1,1,1,3,3,3,3,1,1,2,3,3,3,3,3,3,1,0,1,4,5,1,1,1,1,4,15,32,27,19,13,5,2,2,2,1,1,2,3,2,2,3,3,1,2,3,3,1,1,1,3,3,3,1,1,1,1,1,3,1,1,1,1,2,1,3,1,1,1,1,1,1,2,1,2,1,1,3,3,4,3,1,1,1,1,3,2,4,4,1,1,3,1,1,1,2,1,2,3,3,3,1,1,1,1,1,3,3,1,3,3,3,3,1,1,2,1,1,1,3,2,2,3,3,3,3,3,2,3,4,3,5,5,2,3,3,4,3,3,2,2,3,3,2,3,3,4,3,3,2,3,1,2,3,2,3,3,2,3,2,3,2,1,3,3,3,3,3,4,3,1,1,2,2,2,4,4,3,2,2,3,5,7,4,5,13,16,14,11,13,11,16,19,15,15,17,14,13,13,14,13,15,14,15,17,17,13,5,10,17,18,18,10,4,3,13,10,7,6,10,8,13,10,14,10,6,6,10,5,7,11,13,11,11,11,8,8,5,5,6,6,4,8,7,6,4,5,5,5,5,5,4,4,4,5,6,5,4,5,6
1,1,2,3,4,4,1,1,1,2,3,2,3,2,2,2,3,3,2,1,2,1,1,1,1,1,2,2,1,1,2,2,2,2,2,2,3,2,1,2,1,1,2,2,1,2,3,3,1,1,1,2,2,2,2,3,2,2,2,1,3,3,2,2,3,3,1,1,4,4,3,3,3,1,2,1,1,1,1,1,1,2,1,2,3,3,1,1,1,2,2,2,1,1,2,3,2,1,1,1,2,3,3,2,1,2,1,1,0,1,4,5,3,1,1,1,1,4,17,21,17,17,5,2,2,1,1,1,1,3,3,3,3,1,1,1,1,2,3,2,1,2,2,3,2,1,1,1,1,3,2,2,1,1,1,3,1,2,1,1,1,1,1,2,2,2,2,1,3,3,3,2,1,2,1,1,1,3,1,3,3,3,1,1,3,1,1,2,1,3,3,2,1,1,1,1,1,2,1,3,1,3,4,2,3,2,1,1,1,1,3,2,3,4,3,4,4,2,2,2,2,2,3,3,3,2,1,3,3,3,2,3,3,3,3,3,4,4,2,3,3,3,2,2,3,3,3,3,3,3,3,3,1,2,3,4,3,3,3,2,2,2,2,3,2,2,3,4,3,3,4,11,18,16,10,16,18,16,19,16,15,17,19,18,14,15,16,16,11,14,15,15,15,8,11,14,13,13,8,10,16,16,14,10,6,6,14,13,8,8,6,8,8,8,16,15,6,4,5,5,8,10,11,11,11,7,8,11,5,6,4,5,5,4,6,6,4,7,7,5,5,5,3,4,4,4,6,5,5,5,5
1,1,2,1,3,3,1,1,2,1,3,2,3,2,2,2,2,1,1,1,2,2,1,2,2,2,2,1,2,2,3,3,2,2,1,1,2,2,3,2,2,2,2,2,1,1,3,3,1,1,3,3,3,2,2,2,2,2,1,2,3,3,2,2,2,1,2,3,3,2,3,3,3,1,1,1,2,3,2,3,2,2,2,4,4,3,1,1,2,1,1,1,1,1,2,3,2,1,1,1,3,3,3,1,1,1,1,2,1,2,3,3,3,1,1,1,1,2,10,19,17,14,4,1,1,1,1,1,1,2,3,3,1,1,1,1,1,1,3,3,1,1,3,3,3,2,1,1,3,5,6,3,1,1,2,3,3,3,2,1,2,1,2,2,1,1,1,3,1,3,3,2,2,2,1,1,1,3,3,2,4,5,3,3,3,1,1,3,3,2,3,3,1,1,1,2,1,1,1,3,4,3,4,3,2,2,2,1,2,2,2,3,3,3,3,5,5,3,1,2,2,2,3,3,1,2,2,2,2,3,2,2,3,1,2,3,4,3,1,3,3,4,3,3,3,3,3,3,4,3,3,2,2,3,3,3,3,2,3,2,2,2,3,3,3,3,3,4,6,5,8,21,24,19,19,19,19,21,21,21,17,13,15,16,15,13,11,11,15,19,19,18,15,14,13,15,14,11,11,14,11,15,14,10,11,13,15,16,10,6,11,6,11,13,15,13,5,5,4,4,8,11,11,11,7,5,8,8,5,5,7,5,4,5,6,7,8,7,5,4,6,5,5,5,5,5,7,5,5,5,4
1,2,2,1,3,2,1,1,1,1,3,3,3,2,2,2,1,1,1,1,2,2,3,1,2,2,2,1,3,2,2,3,2,2,1,1,3,4,3,3,3,2,1,2,2,1,3,3,2,1,3,3,2,2,2,2,1,1,2,2,2,1,1,2,2,2,2,3,2,3,3,1,2,2,1,1,1,3,3,3,1,2,3,2,3,3,2,1,1,2,2,1,2,1,2,3,3,1,1,1,3,4,3,2,1,1,2,1,3,3,2,1,1,1,1,1,1,1,5,19,19,13,2,1,1,1,2,1,1,1,2,1,2,1,2,1,1,1,3,2,1,1,4,5,4,2,1,1,4,5,5,4,2,1,2,4,4,3,2,1,1,2,1,1,1,2,2,1,1,1,2,3,2,1,1,1,2,2,2,1,3,5,3,2,3,3,1,1,1,1,3,2,1,1,2,2,2,1,1,3,4,3,4,2,1,1,2,2,3,3,1,3,2,3,3,4,3,4,1,2,2,2,3,3,2,3,1,2,1,1,2,1,2,2,3,2,3,3,2,3,2,3,3,2,3,3,1,1,3,4,2,2,3,3,2,3,4,4,3,2,3,2,3,4,3,3,3,7,10,7,8,18,23,19,17,18,19,19,21,19,11,14,16,16,13,11,13,16,15,19,19,17,17,11,13,16,14,13,15,16,16,15,11,6,7,11,15,14,7,7,10,7,7,11,8,5,7,6,2,3,6,8,10,8,6,6,8,7,6,8,5,5,4,5,8,5,6,7,7,7,6,5,6,6,5,5,5,4,5,7,5
4,1,2,2,3,2,3,1,1,2,3,2,3,2,1,1,1,1,1,1,1,2,3,3,1,1,1,2,2,2,2,3,2,1,1,2,4,3,3,3,3,2,1,1,3,3,3,2,2,2,3,2,1,1,1,2,2,2,1,2,2,2,1,1,2,2,2,3,3,2,3,1,2,2,2,1,2,2,2,2,1,3,4,4,3,2,2,1,2,2,2,1,1,1,1,4,3,1,2,2,3,4,1,2,1,2,1,1,4,1,1,1,2,1,2,2,2,2,5,17,15,10,3,1,1,1,2,1,1,1,1,1,1,1,2,2,3,2,1,1,1,1,4,4,3,2,1,1,1,2,4,3,2,1,3,4,4,2,1,1,1,2,2,1,1,1,1,2,2,2,1,3,3,2,1,2,1,1,1,1,2,3,4,3,1,1,1,1,3,4,3,2,2,1,1,1,3,3,3,1,3,3,2,1,1,1,1,2,3,2,1,3,3,4,2,3,5,4,3,2,2,3,1,2,3,3,2,2,1,1,3,1,1,3,2,3,3,3,1,3,3,2,3,2,2,3,1,1,2,3,3,1,3,2,2,3,3,4,3,3,2,1,3,4,4,3,4,4,5,4,6,16,19,15,8,8,13,15,16,17,16,15,16,15,8,8,15,16,16,18,17,19,17,13,11,11,16,16,13,13,14,10,5,4,5,7,10,10,8,7,10,10,8,7,11,11,8,8,5,5,6,6,8,7,6,5,5,7,7,6,6,5,7,6,6,5,4,5,8,10,3,4,6,7,7,5,5,4,4,4,5
1,2,2,1,3,4,2,1,2,2,4,2,3,1,1,1,1,2,1,2,2,2,1,3,1,2,1,2,2,3,2,3,3,2,2,2,4,3,3,3,1,2,2,2,3,3,3,1,3,3,2,1,1,1,1,2,1,1,1,2,1,2,2,1,1,1,2,2,2,4,3,3,2,2,2,2,2,2,2,2,2,3,4,4,3,2,3,3,3,1,2,1,1,1,1,2,2,2,2,3,4,4,1,1,2,3,2,2,2,2,1,1,1,1,3,3,2,3,3,5,7,5,3,2,1,1,2,1,2,2,1,1,1,1,2,2,3,1,1,1,2,2,3,3,2,1,1,1,2,2,2,3,1,1,1,3,1,3,1,1,1,2,2,2,1,1,1,1,2,1,1,3,3,1,3,3,3,1,1,1,2,2,3,3,1,1,1,3,3,4,1,2,3,3,1,3,3,3,3,1,2,2,1,1,1,1,1,2,3,3,2,2,3,3,3,3,4,3,3,3,3,3,3,4,4,4,2,3,1,1,3,3,2,1,2,1,4,3,3,2,2,1,3,2,3,2,1,1,3,2,2,2,3,2,3,4,4,3,3,2,2,2,2,3,4,4,3,3,2,3,4,11,19,14,10,6,11,11,13,11,15,15,14,13,8,15,16,17,19,17,16,17,16,10,11,13,16,15,14,11,13,10,7,4,4,5,7,5,5,7,11,11,14,10,6,10,13,11,6,7,7,5,5,4,5,5,5,11,7,5,6,6,5,7,6,4,3,6,10,7,5,5,5,5,6,5,5,4,2,3,5
1,1,2,2,1,1,1,1,4,1,2,1,2,3,1,1,2,2,2,2,1,1,2,4,2,1,2,2,3,3,2,2,2,3,3,3,3,3,3,3,1,3,3,3,2,2,2,2,3,4,1,1,1,1,2,2,1,1,1,1,3,3,2,1,1,1,2,2,3,3,3,2,1,1,1,1,2,2,1,1,2,3,4,3,3,3,3,3,3,2,2,1,3,3,2,2,1,1,1,3,2,2,2,2,4,3,2,2,1,2,1,1,1,2,2,5,4,2,2,2,4,2,1,1,1,1,1,2,2,1,1,1,1,1,2,3,1,1,3,3,1,1,1,1,2,2,1,2,2,1,3,4,2,1,1,1,2,4,1,2,1,1,1,1,1,1,1,1,1,1,2,1,1,2,4,5,3,1,1,1,1,3,3,1,1,1,3,4,3,4,1,1,3,3,1,1,3,1,1,2,2,1,1,1,1,1,2,1,2,3,3,3,3,4,4,3,2,3,4,3,5,5,11,7,5,5,2,2,2,2,2,2,3,2,2,3,4,3,2,1,2,2,1,1,6,6,4,4,5,4,4,3,3,2,4,5,3,3,3,2,2,2,3,4,3,4,2,1,1,2,4,8,19,16,16,15,17,16,16,14,16,16,13,10,15,16,15,15,13,13,10,13,16,16,16,17,15,11,14,10,15,15,14,6,5,10,6,7,10,13,7,14,8,8,5,10,11,6,5,5,4,4,4,3,4,4,5,8,10,6,5,5,5,6,8,3,3,4,6,8,4,4,4,5,5,7,8,4,3,4,6
2,1,1,1,2,1,2,2,1,3,1,1,3,4,1,1,2,1,1,2,1,1,2,3,2,3,3,3,3,2,1,2,2,2,3,3,2,1,2,2,2,2,2,3,3,1,2,2,4,4,3,1,1,1,2,1,1,1,1,1,3,3,1,2,1,1,1,2,1,2,3,2,1,1,1,1,2,2,2,1,2,3,2,4,3,3,2,2,3,2,2,1,2,2,2,2,2,2,2,2,3,4,3,3,3,5,2,1,2,1,2,1,1,2,2,4,3,2,1,1,1,2,4,3,1,1,2,2,3,2,1,1,1,1,1,2,2,2,3,2,2,1,1,1,2,2,2,1,2,2,3,3,3,1,1,2,2,3,1,2,1,1,1,1,1,1,1,1,1,1,1,1,1,2,4,4,3,1,1,1,1,3,3,2,1,1,1,4,4,4,1,1,3,3,2,1,1,1,1,1,1,2,2,1,1,1,1,3,3,1,2,2,2,3,5,4,2,2,2,6,14,16,19,16,6,4,3,1,2,3,3,3,2,3,3,3,3,3,1,1,1,1,1,3,14,16,16,11,7,5,6,4,3,2,4,5,3,2,2,3,3,2,3,3,3,3,1,1,1,3,4,11,19,21,21,21,21,19,19,17,16,16,13,15,16,14,13,13,10,7,7,16,13,16,16,14,11,7,11,10,17,13,11,14,11,13,10,8,8,7,5,7,5,6,5,7,7,6,6,5,6,4,3,4,4,3,8,7,11,7,6,5,7,5,8,4,2,4,5,7,4,4,4,5,5,5,5,5,5,5,6
1,1,1,1,2,2,2,1,2,2,1,1,4,3,1,1,1,1,1,2,2,2,2,2,2,3,3,3,2,1,1,2,1,1,2,3,1,1,1,2,3,2,3,3,2,2,3,3,2,3,1,1,1,1,2,1,2,1,1,3,2,3,2,1,2,1,1,1,1,1,2,2,1,1,1,2,3,3,2,2,2,2,2,2,3,2,3,1,3,2,1,1,2,1,2,2,2,1,1,3,3,2,2,2,3,2,3,1,2,2,1,1,1,1,4,3,3,2,2,1,1,3,13,16,17,10,7,5,3,2,1,1,1,1,4,3,2,1,1,2,3,3,5,2,3,2,2,3,2,2,1,2,2,1,2,2,3,3,3,1,1,1,2,2,1,1,1,2,1,1,2,1,3,3,1,3,3,1,1,1,3,3,3,1,1,1,1,3,4,2,3,1,1,2,1,1,1,1,1,1,1,2,1,1,1,1,1,3,3,3,3,3,3,3,4,3,3,2,2,5,23,25,27,19,8,4,2,2,2,4,3,3,4,3,4,5,3,3,1,3,1,1,1,1,14,23,23,18,11,7,6,4,2,1,3,3,2,3,2,2,3,2,1,2,1,1,1,3,3,2,4,15,19,22,23,19,18,18,19,17,18,17,16,16,15,16,15,13,15,13,11,13,6,10,17,14,11,8,10,11,14,16,16,14,14,13,8,6,5,6,8,8,7,6,14,11,10,5,4,7,6,4,4,4,5,5,8,7,8,6,7,5,5,6,6,4,3,4,5,8,5,5,4,5,1,3,6,7,8,6,5
2,2,1,1,1,3,2,2,2,2,2,2,3,3,1,2,2,3,2,2,1,2,1,2,2,2,1,2,1,1,2,2,2,2,3,3,1,1,1,2,3,3,2,3,2,2,3,3,1,1,1,1,1,1,2,2,2,2,1,3,3,2,1,1,2,3,1,1,1,2,2,1,1,2,2,2,2,2,2,2,1,2,2,1,2,1,2,2,3,1,1,1,2,1,2,2,3,3,2,3,2,2,1,2,2,2,2,3,2,1,1,1,1,2,3,4,3,4,2,1,1,2,13,29,53,23,13,10,3,2,1,2,2,1,4,3,1,1,1,1,3,5,4,4,1,2,3,3,2,3,2,2,2,1,1,2,3,2,2,1,1,1,1,2,2,2,1,1,1,1,1,3,2,1,1,2,1,1,2,1,3,3,2,1,1,1,1,3,1,3,1,1,2,2,1,2,1,1,1,1,1,1,3,2,1,1,1,1,3,4,3,4,3,2,3,4,3,2,3,11,29,26,25,17,6,4,2,1,3,3,3,4,3,3,5,5,4,3,2,3,2,2,1,2,5,13,15,15,8,7,5,4,2,1,2,3,3,3,3,1,1,3,3,2,1,1,2,3,3,5,7,15,16,14,13,10,7,7,15,15,18,17,16,15,15,16,15,15,16,16,10,5,6,5,14,16,13,10,6,7,14,16,16,14,17,11,5,4,4,8,13,11,7,7,13,10,13,6,4,5,5,4,4,4,6,6,5,6,8,11,8,6,4,4,7,4,3,4,10,6,5,5,4,5,1,4,5,8,6,5,4
2,1,3,2,2,3,2,2,2,3,3,3,2,1,3,3,3,3,3,1,1,1,3,2,3,2,1,1,2,2,2,1,1,1,3,1,2,1,1,1,3,2,2,2,2,1,3,3,2,1,1,1,2,1,1,1,1,2,3,2,3,1,2,1,4,3,1,1,2,2,1,2,2,1,2,3,4,3,2,1,2,3,2,2,1,1,1,3,2,1,2,1,3,2,3,2,2,3,3,3,2,1,1,1,3,4,3,3,2,1,1,1,2,3,2,3,5,4,1,1,1,2,5,23,35,26,16,5,3,2,3,2,3,2,2,1,1,1,1,2,2,4,3,3,3,2,2,3,4,3,2,2,3,3,2,1,1,2,2,2,2,2,1,1,2,2,1,1,1,1,3,3,2,1,1,1,1,1,1,1,3,3,3,1,1,1,1,3,1,4,1,1,1,1,2,1,1,1,1,1,2,2,3,3,2,1,2,1,3,1,3,4,3,3,3,3,3,2,4,11,21,21,19,17,4,2,1,1,3,3,4,4,4,4,5,5,3,1,3,2,2,1,3,3,3,3,5,10,6,5,4,4,3,3,3,3,10,10,4,2,3,4,8,6,5,3,4,3,10,18,17,19,16,11,8,4,3,4,5,10,17,19,15,11,15,16,17,15,17,16,13,5,4,5,11,13,11,13,7,8,15,11,11,13,13,7,4,3,3,10,16,11,7,7,11,8,8,7,5,5,7,5,4,5,8,6,8,5,5,6,6,8,5,4,5,4,4,4,4,4,4,6,5,3,3,4,5,6,4,4,4
2,2,3,3,3,3,1,1,2,3,3,3,2,1,1,4,4,3,3,2,1,1,3,3,3,2,1,1,2,2,2,1,1,1,2,3,1,1,1,1,1,3,3,3,3,3,3,2,2,1,1,1,1,2,1,1,1,2,3,2,3,2,2,1,3,3,2,2,2,2,1,1,2,2,2,3,4,4,2,1,3,2,2,2,1,1,1,1,3,3,2,4,2,2,3,2,2,3,3,2,1,1,1,2,3,4,3,3,1,1,1,1,3,3,2,3,4,3,1,1,1,1,4,10,7,19,16,4,4,4,3,4,3,2,1,2,2,1,1,2,3,2,3,2,2,3,2,2,2,1,3,3,2,3,3,2,1,1,1,2,2,1,1,1,2,1,1,1,1,2,1,3,1,1,1,1,1,1,1,1,2,3,1,2,1,1,1,3,3,3,1,1,1,2,1,1,1,1,1,1,1,3,3,3,2,2,1,2,2,2,3,4,4,3,2,2,2,3,3,6,18,17,19,17,7,4,1,1,2,3,4,6,4,4,4,3,2,1,2,2,1,2,2,2,3,3,4,5,4,3,4,5,7,8,5,8,19,23,7,4,3,8,16,17,14,4,3,8,21,22,21,18,19,19,14,5,4,3,3,6,16,19,13,15,16,19,18,14,11,16,15,7,3,5,15,16,15,16,15,8,10,11,8,5,7,7,4,3,3,7,16,11,5,6,11,7,7,6,5,5,6,5,3,4,7,10,10,5,4,5,7,6,7,8,7,7,8,4,4,4,5,5,5,4,4,4,5,5,4,5,4
3,3,3,2,2,2,1,1,2,2,3,1,2,3,1,4,4,3,3,2,1,1,1,3,2,2,1,1,2,2,2,2,1,1,2,1,2,2,1,1,1,3,3,4,4,3,2,2,1,3,2,1,3,1,1,1,2,3,4,4,3,3,2,2,1,1,1,3,2,2,1,1,2,2,1,1,3,4,2,1,1,3,2,1,1,1,1,2,3,3,2,3,2,3,4,3,1,1,2,3,1,1,1,2,3,3,4,3,1,1,1,4,4,4,2,1,3,2,2,2,2,1,2,2,3,5,17,13,5,4,3,1,2,4,2,1,3,2,4,1,2,1,2,3,3,4,2,1,1,1,1,1,1,1,1,1,3,2,2,3,3,3,1,1,2,2,2,2,1,3,2,1,1,1,1,1,1,1,3,2,3,1,1,1,2,1,1,1,2,3,3,3,3,1,1,1,2,3,2,1,1,1,3,3,2,2,1,2,3,1,3,3,3,3,1,1,1,4,6,16,26,31,28,19,8,5,3,1,1,2,5,7,4,3,3,3,4,2,1,2,2,3,3,2,1,3,3,3,2,3,5,18,28,19,17,19,18,22,13,7,14,17,19,23,17,5,3,14,21,23,22,19,19,19,19,19,13,5,3,4,11,17,16,16,19,19,18,14,14,14,15,11,6,10,13,16,19,17,16,11,10,14,6,5,7,6,4,3,3,5,11,10,10,6,7,8,10,7,5,5,4,4,3,3,8,10,11,10,4,5,7,5,5,6,11,8,7,7,5,4,5,7,7,5,3,3,4,6,5,4,4
3,4,3,3,1,2,2,1,1,1,2,2,2,3,3,3,3,3,2,1,1,1,1,2,3,3,2,2,2,1,2,2,2,1,1,2,3,1,1,1,1,1,2,4,4,2,1,1,3,1,3,2,3,2,1,1,2,2,5,4,3,2,1,2,2,1,2,4,3,1,1,1,1,2,1,2,3,4,1,1,1,3,2,1,2,2,2,2,4,4,3,1,2,2,2,3,1,1,3,3,2,1,1,1,2,3,2,3,1,1,3,4,5,4,1,1,2,2,1,1,2,1,2,1,1,4,19,21,4,3,1,1,2,3,3,3,8,5,2,1,1,1,1,3,4,3,3,2,1,1,1,1,1,1,1,3,2,3,1,1,3,1,1,1,1,1,1,3,2,1,1,1,1,1,1,1,1,2,1,3,1,1,1,1,1,3,3,1,2,1,3,3,3,1,1,1,2,3,3,1,1,1,1,3,2,1,1,2,3,3,3,3,3,2,1,1,1,3,14,24,45,47,29,16,6,4,2,1,2,2,4,4,4,2,2,3,4,3,3,2,2,3,3,3,2,2,3,1,1,2,7,19,33,26,18,13,10,21,19,17,19,18,19,21,16,6,4,11,21,23,21,21,19,17,19,21,16,7,4,5,11,13,16,16,17,18,17,16,16,7,16,16,16,14,11,16,17,19,16,11,14,15,14,6,11,6,4,3,3,3,11,13,6,5,7,11,11,7,6,7,5,4,4,5,5,13,11,8,5,4,4,5,4,8,8,8,5,6,6,4,6,6,8,4,3,3,4,5,4,4,4
2,2,2,2,1,2,2,2,2,2,3,3,2,3,3,2,3,2,1,1,1,1,1,2,4,3,2,1,2,2,2,1,1,1,1,1,3,3,2,1,1,1,1,1,2,3,1,1,3,3,3,3,2,1,1,1,2,2,7,3,2,2,2,1,1,3,3,3,1,1,1,1,1,1,1,2,4,4,1,1,2,2,2,1,2,3,2,1,4,4,3,2,1,1,1,1,1,1,3,3,2,1,1,1,1,1,1,1,2,2,4,4,4,4,2,1,2,2,2,2,1,1,2,2,2,5,13,10,3,1,1,2,3,3,2,4,14,8,1,1,2,2,2,3,2,1,1,1,3,1,1,2,1,1,1,3,5,3,1,1,1,1,2,2,1,1,1,1,3,1,1,1,1,3,1,3,2,3,1,2,1,1,1,1,1,3,3,2,2,2,1,1,1,1,1,1,2,2,3,3,1,1,2,1,1,2,3,2,2,3,3,2,2,2,1,1,2,3,10,21,31,28,17,6,3,3,3,3,1,2,3,4,3,3,3,3,3,3,3,3,4,3,3,2,2,2,1,1,1,1,7,16,18,17,7,4,5,16,17,18,19,21,19,17,11,10,8,10,18,19,23,22,19,18,16,15,14,14,10,10,14,16,19,18,16,16,16,8,11,17,15,16,19,17,14,15,16,15,14,13,16,17,14,11,15,8,5,5,3,5,11,7,5,7,7,13,7,8,7,5,4,4,4,3,5,6,7,5,3,3,3,5,6,7,6,5,5,4,6,5,6,5,7,4,2,3,5,4,4,4,3
1,2,1,2,2,1,1,1,2,2,2,2,3,1,2,3,2,2,1,1,1,1,2,3,3,3,2,1,2,1,1,1,1,1,1,1,2,3,2,1,1,1,1,1,2,3,1,1,3,3,3,2,2,2,2,1,1,2,2,3,2,2,2,2,2,3,3,3,1,1,1,1,1,3,3,3,2,3,3,2,2,3,1,1,3,4,2,1,3,3,2,2,1,1,1,1,1,1,1,3,2,1,1,2,2,1,2,1,2,3,4,4,4,3,2,1,1,2,2,2,1,1,3,2,3,4,5,3,2,1,1,1,1,2,1,3,7,6,1,1,1,1,3,1,1,1,1,1,3,3,1,1,1,1,1,3,4,3,1,1,1,1,2,1,1,1,1,1,1,1,1,1,1,1,3,3,1,3,1,1,1,3,3,2,1,1,2,1,4,1,1,1,1,2,2,2,1,1,2,3,2,1,1,1,1,2,1,2,3,3,3,3,3,3,3,1,2,5,6,13,16,13,6,4,1,3,3,3,3,2,6,13,6,3,3,1,3,3,2,3,3,3,1,2,1,2,2,1,4,5,10,16,10,4,3,2,3,3,5,6,14,19,21,18,13,16,16,11,16,19,21,19,19,13,6,5,8,15,11,14,13,14,18,18,16,13,8,10,11,17,15,17,17,19,15,10,13,13,10,13,10,15,10,8,13,14,7,5,5,5,10,7,5,10,11,8,13,10,8,6,3,3,3,4,4,4,5,4,3,3,3,3,5,10,6,5,4,4,4,4,5,7,5,5,3,4,5,3,3,3,3
1,1,1,2,2,1,1,1,1,3,4,4,1,1,3,3,2,2,1,1,3,1,1,2,2,1,2,2,1,1,1,1,1,2,2,2,1,2,2,1,1,1,1,2,2,2,2,2,2,2,2,3,3,2,1,1,1,1,2,2,1,1,2,2,2,3,2,3,2,1,1,1,2,3,3,3,1,1,2,4,4,2,1,1,3,3,2,1,3,3,3,2,1,1,2,1,1,1,2,1,2,2,1,2,1,2,2,3,3,3,1,3,2,3,2,1,2,2,1,1,1,2,4,4,3,3,1,1,2,2,2,2,1,2,1,2,2,3,3,1,1,2,1,1,1,1,1,1,3,3,1,1,1,1,2,2,3,3,1,2,1,2,1,1,2,1,1,1,1,1,2,3,2,2,2,2,5,4,2,1,1,1,3,1,1,1,1,1,2,3,2,1,1,2,3,4,2,1,4,3,3,3,2,1,1,1,1,3,1,1,2,3,3,4,2,2,3,4,3,4,4,4,2,2,3,3,3,3,1,3,11,22,11,5,3,2,2,2,1,1,1,3,3,2,1,1,1,4,10,19,24,28,16,3,3,1,3,3,5,6,5,13,23,23,17,10,16,17,15,14,16,16,11,13,5,4,4,6,16,19,13,15,16,14,16,13,8,10,14,16,18,16,16,16,14,5,7,16,13,7,8,7,5,4,7,11,6,5,4,6,10,10,13,14,15,13,5,6,8,8,5,3,3,1,2,3,3,3,3,3,3,3,5,7,8,7,5,4,3,3,4,6,5,6,5,4,3,3,3,3,3
1,2,1,1,2,2,1,1,1,2,4,2,2,2,2,2,2,1,1,1,2,2,2,2,2,1,2,2,1,2,1,1,1,2,1,1,1,2,2,1,1,2,2,2,1,1,2,2,1,2,3,3,3,1,2,1,1,1,1,1,2,2,2,2,2,1,2,2,3,2,1,2,3,3,3,3,2,2,2,3,4,2,2,1,2,3,1,1,1,3,3,4,1,1,1,1,1,1,1,1,2,2,2,1,1,2,2,4,3,2,1,2,2,2,2,1,2,1,1,1,2,2,4,3,3,1,1,1,2,3,1,1,1,2,2,2,1,1,3,3,2,1,1,1,1,2,1,1,1,2,1,1,2,1,1,2,2,2,2,1,1,1,2,1,1,1,1,1,1,1,3,3,2,1,1,2,8,5,2,1,1,2,1,1,2,1,1,2,4,1,1,1,2,3,3,3,4,3,1,3,4,5,1,3,1,3,1,1,2,2,1,3,3,3,1,2,2,3,4,4,3,2,2,3,2,2,2,2,2,3,8,14,10,4,4,2,2,1,1,1,2,4,4,3,2,1,3,4,11,23,29,22,15,5,1,3,7,7,5,4,4,5,15,17,15,13,16,19,8,5,7,10,15,16,14,8,5,5,10,17,17,13,8,14,17,18,13,11,14,14,16,16,15,14,10,5,14,15,17,13,8,5,4,4,5,8,5,4,3,4,10,10,13,13,15,10,5,7,8,5,4,5,1,1,4,3,1,3,3,3,3,3,4,5,5,5,4,3,2,4,4,4,8,7,6,4,2,3,3,3,3
1,2,2,2,3,3,2,3,2,1,3,2,2,2,3,2,1,1,2,3,3,1,1,2,2,2,1,4,1,1,2,2,2,2,1,2,2,1,1,2,2,1,2,1,1,2,2,1,2,3,3,3,3,2,1,1,1,1,1,1,1,1,2,3,2,1,2,2,2,1,1,1,2,3,2,3,2,1,3,3,3,3,1,1,2,1,1,1,2,2,3,3,1,2,3,3,1,1,2,2,2,3,4,1,2,3,2,3,3,3,2,2,2,2,2,2,2,1,1,2,3,2,4,3,2,1,1,2,3,3,2,2,2,2,3,1,1,1,4,4,1,1,1,1,1,3,2,1,1,1,2,1,1,1,1,1,3,3,3,1,1,1,1,1,1,3,3,1,2,2,4,3,1,1,2,3,4,3,3,2,1,1,1,1,1,1,1,3,2,1,1,1,1,1,2,3,4,3,2,1,3,4,2,1,1,2,2,1,1,1,1,3,2,2,1,1,3,4,6,5,4,4,4,5,3,3,3,2,2,3,3,4,4,3,2,2,1,3,2,3,4,5,4,4,3,2,2,2,5,10,11,5,4,3,3,5,16,16,6,3,2,1,3,4,5,13,17,16,8,7,8,13,21,21,21,19,16,14,6,10,17,16,10,16,17,16,10,14,18,14,15,15,13,7,6,14,14,15,16,16,15,6,4,5,14,8,3,3,5,5,4,5,11,13,16,11,6,4,5,5,4,5,3,3,1,3,3,3,3,2,3,2,3,4,5,5,4,2,3,4,4,4,10,8,5,4,3,3,3,3,3
2,2,2,2,3,4,4,3,1,1,1,2,2,1,2,3,1,1,4,3,2,2,1,2,2,1,2,2,3,3,3,2,2,1,1,1,2,2,2,2,1,2,1,2,1,2,1,1,3,3,2,3,3,2,1,1,1,1,1,1,2,2,3,2,1,1,2,2,1,3,3,3,1,1,2,2,2,3,2,1,1,2,2,2,2,1,1,1,2,1,1,2,1,2,3,3,3,1,1,2,2,1,2,3,3,3,3,3,3,3,2,3,2,1,1,1,1,1,1,1,3,3,4,3,2,1,1,2,2,3,1,2,2,1,3,2,1,1,3,2,1,1,1,1,3,2,2,1,1,1,1,2,3,1,1,1,3,4,1,3,1,1,1,1,1,3,2,1,2,1,3,3,1,1,1,1,2,2,3,2,1,1,1,1,2,3,1,2,2,3,2,1,1,2,3,2,2,1,1,1,4,3,1,2,1,1,2,3,2,1,1,3,1,1,1,1,3,4,5,4,3,4,8,14,6,5,3,3,3,2,2,3,2,2,2,1,2,3,4,6,7,7,5,3,3,3,2,2,2,3,3,4,3,3,3,4,8,8,4,3,3,2,1,2,5,17,21,17,16,15,15,17,21,23,24,23,21,17,6,5,7,15,13,15,13,15,16,15,16,11,16,13,8,10,13,15,11,16,16,13,13,10,8,6,13,7,4,3,4,2,3,4,13,13,14,14,5,5,4,5,3,4,3,3,3,3,2,1,3,4,3,1,3,3,5,4,4,3,2,3,4,4,7,8,4,4,3,3,2,2,2
2,2,1,2,3,2,3,2,1,1,2,2,1,2,2,2,3,3,3,3,1,1,2,1,2,2,4,3,2,2,3,3,2,1,1,1,2,3,2,3,2,1,3,1,1,1,3,4,3,4,2,3,2,1,2,1,1,1,1,1,2,1,4,1,3,1,1,2,2,3,3,3,1,1,1,2,2,3,2,1,1,1,2,2,2,1,1,1,1,1,1,1,1,1,2,2,3,3,1,1,1,1,2,3,2,2,2,2,2,3,3,3,2,1,1,1,2,2,1,2,1,1,4,3,2,3,1,1,3,1,1,1,2,3,4,4,2,2,1,2,1,1,1,3,3,3,3,2,1,1,3,3,1,1,1,1,3,2,3,1,1,1,1,1,1,1,2,3,2,2,1,1,1,1,4,3,1,1,1,3,1,1,1,3,2,4,1,2,3,4,3,2,1,1,2,1,2,2,1,1,3,3,2,3,1,1,1,2,1,1,3,3,1,1,2,4,3,3,3,3,2,4,13,26,15,7,8,4,5,5,4,2,1,1,1,1,2,3,5,15,16,10,4,3,4,3,2,2,1,3,3,3,3,2,5,2,2,2,3,1,3,4,3,3,10,21,22,18,19,18,17,19,18,21,22,19,16,13,4,3,4,5,16,17,14,10,15,10,13,13,14,10,11,16,17,13,11,17,16,11,13,8,10,6,6,5,3,2,3,2,4,4,10,11,10,7,6,4,5,4,3,3,3,3,3,3,1,3,3,3,3,3,3,3,4,5,3,1,2,3,3,3,5,4,5,4,5,3,3,3,3
1,1,1,2,2,2,2,1,1,2,2,2,1,1,1,2,3,3,3,3,2,1,1,1,3,4,3,1,1,1,3,3,1,1,1,1,2,3,3,3,2,1,1,2,1,1,4,4,3,4,2,1,1,2,3,1,2,2,2,1,2,1,3,4,3,2,2,2,3,3,3,3,1,1,1,2,2,4,3,2,1,1,1,2,1,2,1,1,1,1,2,2,1,1,1,2,3,3,1,1,1,1,2,3,2,3,2,1,3,3,4,3,2,1,1,1,2,1,1,1,2,1,1,2,2,4,3,3,1,1,1,2,2,5,4,3,2,1,1,2,1,2,2,3,1,1,3,3,3,2,3,2,1,1,1,1,4,2,3,2,1,1,1,1,1,1,3,3,2,1,1,1,1,1,4,3,1,1,1,2,1,1,1,3,3,3,1,1,3,4,3,4,2,1,1,2,2,2,1,1,3,1,4,1,1,1,2,2,2,1,3,3,2,1,2,4,6,4,2,2,3,3,8,18,16,13,6,6,8,14,5,2,1,1,2,2,1,4,15,19,19,7,4,3,2,2,1,2,3,2,3,3,3,3,2,2,1,1,2,5,8,6,6,10,16,19,21,17,13,14,17,16,15,19,18,13,6,4,3,3,6,11,19,19,14,10,15,10,11,15,13,8,13,16,16,14,11,16,15,8,7,5,4,5,5,4,4,3,3,3,3,3,6,7,5,7,4,4,4,3,3,4,3,4,4,4,2,3,3,4,4,3,2,2,4,4,4,4,2,3,3,2,3,5,4,6,4,4,3,2,1
1,1,1,1,1,2,1,1,2,1,2,2,1,1,2,2,2,3,3,2,1,1,2,3,2,3,3,3,2,1,2,2,2,1,1,1,3,3,2,2,3,3,1,1,1,3,2,4,4,3,1,1,3,4,3,2,2,3,2,1,2,2,2,2,3,2,2,2,2,3,3,2,2,1,1,3,3,7,4,3,2,1,1,2,3,2,3,2,1,1,1,1,1,1,1,1,2,3,1,1,1,1,2,3,3,1,1,1,2,3,2,2,1,1,1,1,1,1,1,1,1,2,3,3,2,3,3,3,1,1,1,2,2,4,3,2,3,1,1,2,2,3,1,2,1,2,3,4,4,3,2,1,1,1,1,1,4,3,3,1,1,1,3,3,2,1,1,1,3,1,1,1,1,2,1,4,1,1,2,1,1,1,1,2,2,3,1,2,1,3,3,3,1,1,2,2,1,1,1,1,4,3,2,2,2,1,3,3,2,2,1,2,1,1,4,6,5,4,4,3,2,4,4,10,13,10,14,17,21,19,16,8,2,1,3,2,3,4,18,22,14,5,1,1,1,3,3,3,4,4,4,3,3,1,3,2,2,3,5,11,18,17,17,19,19,19,19,11,5,11,16,17,14,16,19,16,7,5,5,8,11,19,21,18,16,16,17,14,18,17,10,8,14,16,15,16,17,14,10,8,5,4,4,4,4,1,3,3,3,3,4,3,4,5,3,5,2,4,3,4,4,4,5,4,3,4,3,3,4,3,5,4,3,3,3,4,3,1,1,3,3,3,1,4,3,3,3,3,3,2,3
2,2,1,1,1,1,2,2,2,3,2,2,1,1,1,2,2,3,3,3,1,1,2,3,2,1,3,4,2,2,1,2,2,1,1,1,3,1,1,2,3,3,1,1,1,3,3,2,3,1,1,1,4,3,3,4,3,2,3,1,2,1,1,2,1,2,1,2,3,3,1,2,2,2,1,3,4,4,4,4,1,1,1,2,3,4,3,2,0,1,1,2,2,2,1,1,2,2,3,2,1,2,1,2,2,1,1,1,1,2,1,2,2,1,2,2,1,1,1,2,3,3,2,3,3,3,3,3,2,1,1,2,1,2,2,3,3,2,2,2,4,2,1,1,1,1,2,4,5,4,3,1,1,1,1,2,4,5,4,2,2,3,4,4,3,1,2,2,3,3,1,1,1,1,1,1,1,1,1,2,1,1,1,1,1,1,1,2,2,2,1,1,1,1,2,2,1,1,3,3,3,3,3,2,3,3,1,3,1,2,3,2,1,2,3,5,5,2,4,5,4,4,3,3,3,11,21,32,35,31,29,19,8,4,2,3,5,10,16,11,6,3,1,1,1,3,3,3,4,4,4,3,3,1,3,2,4,5,11,18,21,25,21,19,23,25,21,15,11,15,16,17,16,16,19,16,7,10,16,15,16,19,19,16,16,15,14,18,19,14,13,16,17,14,15,16,15,13,14,16,6,3,3,3,3,3,3,3,3,4,4,4,3,3,3,2,3,3,3,3,4,4,5,3,4,4,3,3,4,4,4,3,4,3,4,3,3,3,1,3,4,2,4,3,2,5,3,2,2,3,2
2,2,2,2,1,1,2,1,2,3,2,1,3,2,1,1,2,2,4,4,2,1,1,2,2,3,4,2,3,2,1,1,2,3,2,1,1,2,1,1,4,5,1,1,2,4,3,1,2,2,1,1,2,3,2,1,3,3,2,3,1,2,1,1,2,1,2,3,3,2,1,1,2,3,3,2,1,2,3,1,2,2,1,1,1,3,2,1,1,1,1,2,1,1,1,1,1,1,3,2,2,3,2,1,1,1,3,3,2,1,1,1,2,3,3,3,1,1,1,1,3,3,3,3,3,3,2,3,2,1,1,1,2,2,3,3,2,2,1,1,1,2,2,1,1,1,3,4,4,3,3,1,1,1,2,4,3,5,6,4,2,2,1,2,3,5,5,3,2,3,2,3,1,1,1,1,1,1,3,3,1,1,1,1,1,1,1,1,2,2,1,2,2,1,1,1,2,3,3,2,2,2,2,2,3,2,1,2,1,2,1,1,2,1,1,3,3,3,8,11,5,3,4,2,3,13,32,39,31,25,26,32,28,10,2,2,6,18,13,3,3,2,3,3,5,10,8,5,3,2,4,3,2,3,3,5,5,10,19,21,21,23,19,16,16,19,19,19,19,17,16,17,16,16,18,21,18,17,19,19,17,11,15,15,8,10,14,16,15,15,18,18,17,13,10,6,14,14,16,16,5,4,3,2,1,3,3,3,4,4,4,4,2,4,3,3,4,4,3,3,3,3,3,3,4,3,1,2,4,4,3,3,3,3,4,4,3,4,3,3,4,4,3,4,3,3,3,3,2,3,5
2,2,3,2,1,1,1,1,3,3,2,1,3,2,1,1,1,1,4,4,2,1,2,2,3,3,3,3,1,2,3,2,3,3,2,2,2,1,1,1,4,3,1,1,3,3,1,2,2,2,1,1,3,3,2,2,3,3,3,3,2,1,2,1,1,3,4,4,3,1,1,1,2,3,3,1,2,1,1,4,3,2,1,1,2,2,1,2,1,1,1,1,1,2,1,2,1,1,3,2,2,3,1,1,1,2,3,2,2,1,1,1,3,3,3,3,2,1,3,1,4,2,2,3,3,2,3,3,3,2,2,1,1,3,3,2,1,1,2,1,1,1,1,2,1,2,3,3,5,4,3,2,1,3,1,2,3,3,4,4,2,2,2,3,4,5,6,3,2,1,1,3,3,1,1,1,1,3,3,2,2,2,1,1,1,3,3,2,1,2,1,1,1,1,1,2,1,3,1,2,1,2,3,2,1,2,1,2,3,1,2,2,1,1,1,2,3,13,23,17,4,3,1,1,3,15,29,39,29,31,26,32,41,17,4,4,11,21,7,2,1,3,6,11,17,22,19,5,3,2,4,3,3,3,4,6,7,19,19,21,19,19,18,13,7,16,14,17,16,17,16,19,19,17,21,25,19,14,18,19,16,11,14,13,11,13,15,16,14,11,15,16,18,13,4,5,7,11,18,14,5,2,3,3,2,3,4,3,3,4,4,4,3,3,2,4,4,4,3,3,2,3,4,4,5,3,2,3,4,2,3,3,3,3,4,4,3,3,4,4,2,4,4,3,3,3,3,3,2,4,5
3,3,3,1,1,1,2,2,1,2,3,3,2,3,1,1,2,3,3,3,1,1,2,3,2,2,1,1,1,1,3,3,2,3,3,3,3,2,1,2,3,2,2,1,3,3,2,2,2,2,1,1,2,2,2,1,2,4,2,1,2,2,2,1,3,4,4,4,1,1,1,1,1,3,2,2,1,1,1,2,3,1,2,1,1,1,2,1,1,1,2,1,2,1,2,2,1,2,1,2,2,1,1,1,2,1,3,2,3,1,1,1,3,3,3,3,2,1,1,2,2,1,2,3,3,3,2,3,3,2,1,1,2,3,4,3,1,2,2,1,1,1,2,2,4,4,3,2,3,4,3,2,1,2,1,2,1,2,3,3,1,3,3,1,4,4,3,1,1,2,3,3,4,3,1,1,1,3,1,3,3,1,2,1,3,4,2,1,2,2,1,1,2,1,1,1,1,3,1,2,2,1,2,1,3,1,1,1,3,2,2,1,1,1,2,3,13,25,35,19,4,5,1,2,4,14,31,37,33,29,27,33,47,24,4,3,10,10,4,3,4,17,26,28,35,32,18,6,3,3,3,3,3,5,5,16,18,19,19,17,19,21,19,15,11,14,19,16,16,14,19,18,18,17,19,21,18,10,11,16,17,16,13,14,14,15,17,17,11,8,11,16,16,13,5,4,10,10,16,10,7,2,3,3,1,3,3,3,5,4,3,4,3,3,3,4,2,3,3,3,4,5,11,11,5,4,2,1,2,3,3,3,3,3,3,3,3,4,4,4,3,4,4,3,3,3,4,3,3,3,5
2,2,2,2,1,1,1,1,2,2,2,2,2,3,1,1,3,3,2,2,1,1,3,3,2,2,1,1,2,2,3,3,3,2,2,3,2,3,2,2,3,2,3,2,3,2,2,1,3,2,1,1,2,2,3,2,3,1,1,1,1,2,2,3,4,3,4,3,1,1,1,2,1,3,3,3,1,1,2,3,2,1,2,3,1,1,2,1,1,1,1,2,2,2,1,1,1,1,1,1,1,2,2,2,2,1,3,3,1,2,1,1,3,3,2,1,1,2,2,1,2,2,3,3,1,1,3,3,3,3,2,1,2,1,3,4,1,2,2,2,1,1,3,3,5,4,2,1,3,3,3,2,2,1,1,1,2,1,3,3,3,2,1,1,2,2,1,2,1,3,3,3,4,3,1,2,2,1,3,3,1,1,3,2,2,3,3,2,1,1,2,1,1,2,2,1,4,4,1,3,3,1,1,2,2,2,3,3,2,1,2,1,1,1,1,3,8,16,19,17,7,3,1,1,2,7,26,43,29,28,32,33,37,22,6,3,3,4,4,4,14,25,49,47,37,28,16,5,3,2,1,3,2,6,11,19,21,22,19,21,19,19,21,19,21,17,19,21,19,16,21,16,19,18,19,16,18,14,10,15,17,19,17,13,14,16,17,16,10,14,11,11,16,14,7,10,11,14,13,13,5,4,4,3,3,3,3,4,5,3,4,5,3,2,3,3,3,3,2,3,4,5,14,16,7,4,3,2,2,3,4,3,4,3,3,3,4,4,3,3,3,3,3,3,2,3,3,3,4,3,4
1,2,2,2,1,1,2,1,1,2,3,3,2,1,2,3,4,2,2,1,1,1,2,4,2,1,1,1,3,4,2,2,2,1,1,2,3,3,1,1,2,1,4,4,3,2,3,2,2,2,2,2,3,2,4,4,1,1,1,1,1,2,2,3,3,3,3,1,1,1,2,2,1,4,2,3,1,1,3,3,1,1,3,3,3,2,2,1,1,1,2,2,3,3,1,0,1,1,1,2,2,2,3,2,2,2,1,2,1,1,1,2,3,1,1,1,2,2,2,1,1,2,1,1,1,1,2,4,4,3,1,1,1,1,4,5,3,3,2,1,1,2,1,3,4,3,1,1,2,1,1,1,1,1,2,2,1,2,1,3,3,1,1,1,2,2,1,1,2,1,2,2,4,3,2,1,1,2,1,1,1,1,3,4,3,3,2,2,2,3,1,1,2,2,2,3,4,3,1,2,2,1,1,1,2,1,3,2,1,2,1,2,2,2,2,3,4,6,14,15,7,3,1,1,1,4,19,43,35,25,29,37,28,19,6,2,3,2,3,5,16,21,35,35,24,23,16,5,1,1,1,1,1,5,16,23,23,22,23,24,21,19,21,21,19,22,26,17,16,18,16,17,18,17,19,18,18,17,16,16,16,19,16,17,14,18,16,16,17,17,14,16,19,16,10,13,13,15,18,16,8,15,11,8,4,5,5,3,1,3,5,4,4,3,2,3,3,4,3,2,5,10,18,19,7,3,4,4,2,2,3,5,5,3,4,4,3,4,2,4,3,3,1,3,3,3,3,5,3,4,5
1,1,1,2,2,2,2,3,2,2,2,2,2,1,3,3,3,3,2,1,1,2,4,4,2,1,1,2,3,3,2,3,2,1,1,2,3,3,2,1,1,1,3,4,3,2,4,1,1,1,3,2,3,3,3,3,2,1,1,1,1,2,2,2,2,3,1,1,1,1,1,1,1,1,3,3,2,2,3,2,1,1,3,5,3,2,2,1,1,1,1,2,4,3,1,1,0,1,1,2,2,1,3,4,1,2,1,1,1,1,1,1,3,1,1,1,2,2,3,3,2,1,1,1,2,2,3,4,3,3,1,1,1,1,4,4,4,2,3,1,1,2,1,3,3,2,1,1,1,2,1,2,1,1,1,2,1,2,1,1,3,1,1,1,1,1,3,3,1,2,1,1,4,2,1,1,2,1,1,1,1,1,3,3,4,3,1,1,2,1,3,2,2,1,3,4,3,3,1,1,2,1,1,1,2,3,2,1,2,2,2,2,3,1,3,2,3,4,10,13,5,3,1,1,1,1,11,29,43,45,32,37,32,16,4,2,1,2,3,3,8,17,24,32,26,23,19,8,1,1,1,1,1,3,11,19,24,21,23,22,19,19,21,19,22,22,21,16,16,18,17,19,16,19,19,19,21,16,10,13,16,16,15,18,16,17,15,18,17,16,14,16,18,17,14,14,15,15,16,11,10,15,14,13,14,11,5,1,1,1,4,4,4,3,3,3,4,2,3,3,4,6,13,15,6,3,2,2,3,4,4,4,5,5,3,4,5,4,4,2,3,3,3,2,1,4,5,4,3,4,4
2,1,1,2,3,3,1,3,3,2,1,1,1,2,4,4,3,3,2,2,3,3,3,3,2,2,1,1,2,3,3,3,3,3,1,1,3,3,2,1,2,2,2,2,2,2,2,1,1,1,2,3,3,2,1,1,2,2,2,1,2,2,1,1,2,2,2,2,4,4,2,1,1,1,3,2,3,1,1,1,1,2,3,4,2,1,1,2,1,2,3,4,3,1,1,1,1,1,2,1,1,2,4,3,3,1,2,1,1,1,1,2,3,3,2,2,1,3,3,4,2,1,1,1,1,3,4,4,2,2,2,1,2,3,3,3,3,2,2,2,2,1,2,2,2,2,1,1,1,1,2,2,1,2,1,2,3,3,3,3,2,1,1,1,1,2,3,4,1,1,1,2,4,4,2,1,3,2,1,1,1,1,1,1,3,3,2,1,2,1,3,3,2,1,3,3,2,3,3,2,2,1,1,1,1,3,2,2,2,1,3,3,3,3,1,2,2,4,6,6,3,2,1,1,1,1,4,19,41,53,53,43,39,16,3,1,1,1,1,1,3,10,19,22,21,23,25,14,3,4,5,4,4,3,6,11,14,15,19,25,28,23,23,23,18,16,17,21,16,17,19,21,22,18,19,22,19,11,10,13,15,18,11,14,19,16,8,16,15,11,11,15,13,14,13,13,16,11,15,11,15,16,13,11,18,14,4,1,1,2,4,5,4,4,2,2,2,3,3,3,3,5,6,6,4,3,1,4,4,4,4,4,3,3,5,6,4,3,3,3,4,4,3,2,3,3,4,4,3,2,4
2,1,1,2,3,3,3,2,2,2,1,1,1,2,4,4,3,2,3,3,3,2,2,3,2,2,2,2,1,2,3,2,3,3,3,2,2,2,2,2,2,1,1,1,2,2,1,1,1,1,2,2,1,1,1,1,1,2,2,3,2,2,1,2,2,1,3,3,4,3,1,1,1,1,3,2,2,1,1,1,1,2,2,3,2,2,1,1,2,2,2,3,1,1,1,1,1,2,2,1,2,2,3,4,2,2,2,1,2,1,1,1,2,4,1,2,3,3,4,3,2,1,1,1,1,2,4,3,2,2,2,1,3,3,3,3,3,1,2,1,2,2,2,2,1,1,1,1,1,1,3,3,2,1,1,2,3,4,3,1,2,1,1,1,1,3,3,2,1,1,1,1,2,3,1,1,1,1,1,2,2,1,1,1,2,3,3,4,1,2,3,4,3,1,3,3,2,1,3,2,1,1,1,1,2,3,2,1,2,1,2,4,3,2,2,1,3,4,7,4,2,2,1,1,1,1,2,8,19,27,33,33,19,5,1,1,2,1,1,1,1,7,19,21,27,32,32,18,10,16,19,19,11,3,5,10,11,15,18,21,27,21,21,22,15,5,13,19,21,19,19,19,19,19,17,16,16,15,11,14,11,16,15,15,21,20,15,11,14,11,10,15,16,15,7,13,15,14,14,10,16,15,8,8,16,5,3,2,2,3,5,4,4,2,2,3,3,3,2,3,3,4,6,6,3,3,3,4,4,5,5,4,4,4,4,4,5,4,1,3,4,4,4,3,1,3,3,2,3,3,3
2,1,2,2,3,2,1,2,1,2,2,2,3,2,4,3,1,1,2,4,2,2,2,1,2,1,1,1,1,1,2,2,2,2,3,2,1,2,3,3,1,2,2,1,1,2,2,1,1,1,1,1,1,1,1,1,1,1,1,2,2,1,2,1,3,3,1,2,1,1,2,2,1,1,3,3,3,2,1,1,1,2,1,1,1,2,2,1,1,2,1,1,1,2,2,1,1,1,3,2,2,1,2,3,3,2,1,2,2,4,2,1,3,2,2,3,4,2,2,3,3,1,2,1,3,1,2,1,1,1,3,4,2,3,3,3,2,2,1,2,1,1,2,1,1,1,1,2,4,3,1,1,1,1,1,3,3,3,1,1,2,1,3,3,1,2,3,2,1,1,1,2,3,2,1,1,2,2,3,3,3,1,1,1,3,4,3,3,3,1,2,3,3,3,1,1,2,1,1,1,2,2,3,3,1,2,2,2,1,1,1,3,3,2,1,1,5,6,7,5,3,3,3,3,1,1,1,1,6,11,7,13,5,2,2,1,1,3,1,1,2,6,19,24,28,33,27,21,23,26,31,26,19,5,5,16,21,19,19,21,19,18,17,14,5,4,14,19,21,19,19,19,19,17,13,11,16,17,18,16,16,16,16,19,19,21,14,11,15,16,14,17,19,14,10,14,16,14,11,13,11,8,10,11,15,7,2,3,4,4,3,2,1,2,3,4,3,4,3,4,3,5,7,7,4,2,3,3,3,3,4,4,3,3,3,3,4,4,4,4,4,4,4,3,3,3,4,3,3,3,3
2,4,1,1,2,4,1,1,2,2,2,4,2,3,3,1,1,1,2,2,2,1,2,1,2,1,1,1,1,1,2,2,3,2,2,2,2,1,2,3,2,1,2,1,1,1,2,2,1,1,1,1,1,1,2,2,2,2,2,2,2,1,1,1,3,2,1,1,1,2,3,1,1,2,3,3,3,2,1,1,2,1,1,1,1,1,2,1,1,2,1,1,1,2,2,3,1,2,2,2,1,1,1,2,3,3,3,2,3,3,2,1,3,2,3,3,2,3,2,1,1,2,3,3,2,1,2,1,2,2,3,2,3,2,3,2,3,2,1,1,1,1,3,1,2,1,1,2,2,3,1,1,2,1,1,3,2,3,1,2,1,3,4,4,1,1,2,1,1,1,1,2,2,1,1,1,2,2,3,3,3,1,1,1,1,4,4,3,2,1,3,3,3,3,2,1,1,1,1,1,1,3,4,3,1,1,2,2,1,1,1,4,3,2,1,1,4,8,14,13,3,4,5,5,3,2,1,1,2,3,3,4,5,4,3,4,4,4,3,3,4,13,19,21,24,26,24,24,25,32,29,24,17,16,11,19,31,31,19,19,19,18,15,13,16,18,17,19,19,19,17,17,19,17,11,15,19,19,18,19,18,11,14,19,16,19,16,16,16,17,19,17,16,16,15,15,15,8,6,11,13,13,10,13,14,10,5,5,5,4,3,2,2,2,5,5,4,4,3,4,7,10,10,5,4,1,3,3,3,3,4,3,3,3,3,3,4,4,4,3,4,3,3,3,4,3,3,3,3,3,4
2,2,2,1,1,2,2,2,1,2,3,3,5,3,1,2,1,1,1,2,2,2,2,1,2,1,1,2,1,1,2,3,2,3,2,1,1,1,1,2,2,2,2,1,1,1,1,2,2,2,1,1,1,2,1,2,1,3,2,1,2,2,1,2,2,1,1,1,1,2,2,2,2,1,3,3,3,2,1,1,1,2,1,2,1,1,2,1,1,2,1,1,1,2,2,3,2,1,1,1,1,1,1,1,2,3,3,3,2,1,1,1,2,1,3,2,3,2,1,1,2,3,4,2,1,2,1,2,2,1,2,3,3,3,4,4,2,1,1,1,3,2,4,1,2,1,1,1,1,2,2,2,2,1,2,1,1,2,2,2,3,2,3,3,3,1,1,1,1,1,1,3,3,3,2,1,1,1,1,1,3,1,1,1,2,3,3,3,2,1,1,2,2,3,2,1,2,2,1,1,2,3,3,3,1,1,1,1,1,1,2,3,3,2,1,1,3,4,8,8,6,11,19,17,16,8,2,1,1,1,4,10,16,18,16,16,16,15,14,15,15,17,21,22,24,23,22,24,26,21,22,16,19,22,19,22,31,27,13,8,17,18,19,26,21,22,18,16,21,20,18,17,18,16,15,19,21,19,17,18,19,13,14,16,17,18,20,19,14,17,20,20,16,14,14,17,14,6,6,9,16,13,14,14,11,15,15,11,10,9,5,2,3,3,4,10,9,6,4,5,10,11,11,5,3,1,3,2,2,3,3,3,3,3,3,3,4,5,3,3,4,3,3,3,3,4,2,2,3,4,4
3,3,2,1,1,1,1,1,2,2,2,3,2,4,2,1,1,2,2,2,2,2,2,1,1,2,3,1,1,1,2,3,2,2,3,1,1,1,1,1,2,3,3,2,1,1,2,2,2,2,1,1,1,2,2,2,1,2,2,2,2,1,1,2,2,1,1,1,1,1,2,4,3,2,2,3,2,2,2,2,1,2,2,2,2,1,2,2,2,1,1,1,1,2,3,3,2,1,2,2,1,1,1,1,2,3,3,1,1,2,1,1,1,1,3,3,3,2,1,1,2,3,4,3,1,2,1,1,2,1,2,1,1,1,4,4,3,2,1,2,2,3,4,1,1,1,1,2,1,1,3,3,1,1,2,1,1,1,1,3,3,1,2,3,1,1,1,1,1,2,1,1,4,3,2,2,1,1,1,1,1,2,1,1,2,3,2,1,1,1,1,2,1,2,1,2,2,1,1,2,2,3,3,3,3,1,3,2,1,1,2,1,3,3,1,1,3,3,4,6,10,17,27,35,25,17,4,1,3,4,10,19,22,32,27,25,19,21,23,27,25,21,21,23,27,24,22,22,26,19,15,14,22,23,26,28,24,15,4,4,7,13,16,23,24,21,19,19,19,22,18,17,16,18,18,17,19,19,19,20,18,16,15,16,23,16,15,18,18,16,18,16,15,15,13,16,15,5,13,16,14,20,15,14,13,6,6,9,13,11,5,3,3,3,5,9,7,6,5,4,5,5,6,5,3,3,3,3,3,2,3,4,3,2,3,4,4,4,3,4,2,2,2,2,2,4,3,3,3,3,3
3,3,1,1,1,1,1,2,1,1,2,3,2,2,1,1,2,3,4,1,1,2,2,2,1,2,1,1,1,1,1,3,3,2,2,3,2,1,1,1,3,3,2,2,1,1,1,1,2,2,1,1,2,2,2,2,2,1,2,2,3,3,1,2,1,2,2,1,1,1,2,4,3,3,1,1,1,1,3,3,3,2,2,1,1,1,2,1,2,2,1,1,1,3,3,5,2,1,1,1,1,2,1,2,2,3,1,1,1,1,1,1,1,2,1,2,2,1,2,2,2,4,3,2,3,3,3,2,3,1,1,1,1,1,3,2,4,4,2,1,2,2,2,2,2,1,1,1,1,1,3,3,4,2,1,1,3,3,4,1,2,4,1,1,1,1,1,1,1,3,2,1,4,3,1,2,1,1,1,2,3,1,1,1,1,2,1,1,1,2,2,3,2,3,1,3,4,2,2,1,2,2,3,3,1,2,3,2,2,2,4,4,1,2,3,1,2,3,2,2,4,10,18,17,16,14,4,1,4,8,16,23,31,33,29,26,22,24,35,43,32,29,25,22,23,24,21,19,23,25,18,18,21,23,26,31,21,6,2,2,4,5,11,21,26,21,17,18,19,21,17,16,19,19,19,18,19,19,19,19,19,19,16,17,19,14,11,14,16,15,16,16,11,15,16,14,11,8,11,16,18,18,6,9,7,6,6,10,14,11,6,6,5,4,6,6,10,5,5,3,3,4,4,4,4,4,3,4,1,3,3,4,2,3,3,2,4,6,4,2,3,3,1,3,4,3,5,4,3,2,5
3,3,2,2,2,1,2,3,2,3,3,1,2,1,1,1,3,4,1,3,3,1,2,2,1,2,2,1,1,1,1,3,3,3,1,2,3,2,1,1,1,2,2,2,1,1,1,1,2,2,1,1,1,2,2,2,2,1,2,2,2,4,1,2,2,2,1,2,1,1,3,4,4,3,1,1,1,1,4,3,3,3,3,1,2,1,2,1,2,2,1,1,1,3,3,3,2,1,1,1,2,2,2,1,1,1,1,2,2,1,1,1,1,2,1,1,2,2,1,1,1,4,2,3,3,3,2,3,3,2,1,2,2,1,2,3,4,4,3,2,2,1,1,2,2,1,2,1,1,1,3,2,4,3,2,1,1,3,3,2,1,2,1,2,1,1,1,1,2,1,3,3,1,2,1,1,2,1,1,2,2,1,1,1,1,1,1,1,1,1,3,1,2,2,1,1,3,3,1,3,1,3,3,2,1,3,1,3,3,3,3,3,3,3,3,1,3,2,1,1,3,3,5,7,5,4,2,2,4,10,17,22,27,28,25,28,29,28,32,37,33,33,31,21,16,14,14,16,24,28,25,17,16,21,28,32,23,10,2,3,5,11,17,19,23,20,16,19,19,18,16,17,21,21,17,20,20,17,16,18,19,16,14,14,19,16,11,7,13,16,19,15,13,14,15,14,11,9,11,10,10,5,4,5,6,10,11,11,16,13,13,13,10,9,9,10,9,6,5,4,4,4,4,3,3,4,3,3,3,3,3,3,3,3,2,2,4,5,3,3,4,3,3,3,3,4,3,4,3,3,2
2,2,3,2,1,2,1,3,2,3,2,2,2,1,1,2,3,4,4,3,3,2,2,1,2,1,2,1,1,1,2,3,2,1,1,1,3,4,2,1,1,1,1,2,1,1,1,1,1,1,2,2,2,2,1,1,2,2,1,2,3,3,2,3,4,3,2,2,1,1,2,3,2,2,1,1,2,3,3,3,3,3,3,2,1,1,3,3,3,1,2,1,2,3,2,3,2,2,1,1,1,2,2,2,1,1,2,1,1,1,1,1,1,2,2,1,3,2,1,1,2,3,3,1,2,3,3,3,1,1,2,2,2,1,1,3,3,3,1,4,1,1,1,2,1,1,1,1,1,1,1,2,2,2,1,1,2,3,1,1,2,1,3,3,2,1,1,1,1,1,2,3,1,1,1,1,1,1,1,2,1,1,1,1,1,1,1,1,1,1,2,1,1,2,2,3,2,2,1,1,3,4,3,2,1,1,3,3,2,2,2,2,3,3,2,3,3,3,1,1,1,2,2,3,3,1,2,3,4,5,14,19,19,25,24,26,25,26,29,31,35,32,27,19,8,4,4,10,22,28,31,13,11,18,27,28,22,14,5,7,17,19,19,20,20,19,17,18,19,20,19,16,19,22,19,19,21,18,16,18,14,16,13,16,17,17,10,5,11,16,17,18,14,13,13,16,14,9,9,3,3,3,5,6,15,15,11,13,14,15,14,11,11,11,11,13,9,7,7,6,4,4,3,3,4,4,3,3,3,4,4,4,3,3,2,2,5,6,4,3,4,2,4,3,5,7,5,4,3,3,3
2,2,3,2,2,1,2,3,2,2,2,2,2,1,1,2,3,4,4,3,4,2,2,2,2,2,2,2,1,1,2,1,2,1,1,2,2,3,3,2,1,1,1,1,1,1,1,1,1,1,2,1,1,1,1,1,2,2,3,3,2,3,2,2,3,3,2,1,2,1,1,1,1,2,1,1,2,2,4,4,2,1,1,2,3,3,2,3,3,1,2,2,2,3,2,1,2,3,3,1,1,2,2,2,3,2,2,1,1,2,1,2,1,1,1,2,3,2,1,1,3,3,3,1,3,1,4,2,2,1,1,2,2,1,1,2,2,3,3,2,1,1,1,1,3,1,1,1,1,1,2,2,1,1,1,2,3,3,2,1,1,1,3,3,2,1,1,1,1,1,2,2,1,1,2,1,1,1,2,1,1,1,2,1,1,2,1,1,1,1,2,2,1,1,1,2,2,2,1,2,3,4,3,3,2,1,2,3,2,3,1,1,1,2,3,1,3,3,1,1,1,2,1,1,1,1,3,3,2,5,8,13,19,26,32,32,27,27,37,33,33,27,25,18,5,3,1,5,19,29,21,11,13,19,22,24,21,20,20,19,19,19,19,21,21,19,16,20,19,27,19,16,18,21,18,17,18,16,14,16,20,13,19,17,17,14,11,10,13,17,18,16,11,9,10,18,19,10,4,3,3,3,7,16,14,13,13,13,11,15,11,11,15,11,9,14,9,7,9,6,4,4,4,3,3,3,3,3,4,4,3,3,4,3,3,3,3,5,5,2,3,4,4,4,4,4,3,4,4,3,2
3,3,3,2,1,1,2,1,2,1,2,1,2,2,1,1,2,2,4,4,3,2,1,1,2,3,4,2,3,3,2,2,2,1,1,2,2,4,5,2,1,1,1,1,2,1,1,1,1,1,1,1,2,2,1,1,2,2,2,4,3,1,2,2,1,2,4,3,4,3,1,1,2,2,1,1,1,1,3,3,1,1,3,2,3,3,2,3,3,1,2,2,3,3,1,2,3,2,3,3,1,1,1,2,2,3,1,1,2,2,2,1,1,1,2,3,2,2,1,1,3,3,2,2,1,2,2,1,3,1,2,2,2,2,2,2,1,1,3,2,1,2,3,3,3,2,1,1,1,2,2,1,1,1,1,2,3,1,2,1,1,1,3,3,1,2,1,2,1,1,2,3,1,1,2,1,1,1,1,1,1,1,1,2,3,2,1,1,1,1,2,1,2,3,1,2,1,1,2,2,2,4,3,2,3,2,2,2,3,3,2,1,2,3,2,3,3,1,3,3,3,2,3,2,1,2,3,3,3,3,5,16,21,29,27,28,25,26,35,32,27,23,20,15,4,1,1,2,17,17,20,21,23,22,18,15,21,26,31,22,16,17,19,25,21,21,5,15,20,24,18,18,13,17,16,14,16,16,18,19,19,14,16,16,19,15,16,11,16,16,16,15,6,5,11,16,19,5,4,4,4,7,14,16,16,15,11,10,11,14,10,13,14,10,10,13,10,6,9,9,4,3,4,3,3,3,3,4,4,3,3,3,3,3,3,3,3,4,3,3,4,3,3,4,3,3,2,4,3,3,3
3,3,3,1,1,1,2,1,1,1,1,2,2,2,1,1,2,2,2,2,2,2,1,1,3,4,3,4,5,2,1,1,2,3,3,3,3,3,4,2,2,1,1,1,1,1,2,1,1,1,1,2,2,1,1,2,2,2,3,5,3,1,1,1,1,1,3,3,3,3,1,1,3,1,1,2,1,1,3,1,1,1,2,3,3,2,1,1,2,1,1,2,2,3,2,2,3,3,2,1,1,1,1,1,2,3,2,2,2,2,3,3,1,1,1,2,3,3,1,1,3,3,3,2,1,1,1,1,2,1,3,3,2,2,1,1,1,2,2,2,2,2,1,3,3,3,2,1,2,2,1,1,1,1,1,1,2,3,2,2,1,1,3,2,2,2,1,1,1,1,3,2,1,1,2,1,1,1,1,1,1,1,2,3,2,3,1,2,1,1,1,1,2,2,1,2,1,2,1,1,3,2,4,3,2,2,2,2,3,3,3,1,2,2,1,2,3,1,3,3,3,2,1,2,1,3,2,3,2,3,8,19,23,25,28,31,28,24,31,23,22,21,23,16,4,2,1,1,10,21,25,32,26,23,18,8,19,21,23,23,18,19,26,27,21,19,5,5,19,19,18,16,15,16,14,14,17,16,17,16,15,13,15,16,19,16,13,16,15,14,14,11,6,10,13,16,16,11,9,5,11,13,16,16,15,16,11,11,13,9,10,10,11,11,11,10,13,13,13,7,4,4,2,2,3,3,4,3,3,3,3,2,3,3,3,3,3,4,3,4,3,3,3,4,3,3,3,2,4,3,3
3,3,2,3,2,1,1,1,1,1,1,2,2,1,2,2,2,2,1,1,1,2,1,2,2,2,4,4,2,1,2,2,1,3,3,1,2,1,3,2,3,2,2,2,2,2,2,1,1,2,1,1,2,2,2,3,1,1,4,4,1,3,1,1,1,2,2,3,3,2,1,1,2,1,2,2,2,1,4,1,1,1,2,2,1,2,1,1,1,2,1,2,4,4,3,1,1,2,1,1,1,2,1,1,1,1,2,2,2,2,4,4,1,1,1,2,3,3,1,2,2,2,3,2,1,1,1,1,1,3,3,3,3,1,1,1,1,1,1,1,1,1,1,2,1,3,3,1,3,3,1,2,1,1,1,2,4,4,2,1,2,1,3,2,1,1,1,2,2,3,4,3,3,1,1,1,1,1,1,1,1,2,2,3,2,1,2,1,1,1,2,2,1,3,2,3,2,1,1,3,3,2,3,2,1,1,1,1,2,3,3,2,2,2,1,3,3,3,2,2,3,1,1,3,2,3,2,3,2,4,16,25,20,21,25,28,35,26,17,16,24,25,23,21,6,3,3,4,16,32,28,25,32,26,18,11,19,22,19,18,22,21,27,26,21,16,7,14,20,19,17,18,19,18,15,16,17,16,16,16,15,16,14,16,16,17,16,17,15,15,18,16,16,16,13,14,13,14,9,7,17,16,16,16,14,13,11,11,11,9,13,11,11,10,11,10,13,13,13,5,4,3,2,3,4,3,3,3,3,3,3,3,2,3,4,4,5,5,2,3,2,3,3,3,3,3,3,3,3,4,2
1,3,3,3,2,1,1,1,2,2,2,1,2,2,2,2,2,2,1,1,1,2,2,2,2,2,3,3,2,1,2,2,2,1,1,2,1,1,1,2,2,2,3,2,2,1,1,1,2,2,2,1,1,2,3,2,1,1,3,2,1,1,1,1,1,2,1,1,2,2,1,1,1,2,4,1,2,1,4,1,1,1,2,3,1,2,1,1,1,2,1,1,4,4,2,2,1,1,2,1,1,1,2,1,1,1,2,1,2,2,3,4,2,1,1,2,2,2,2,1,2,2,3,3,1,1,1,1,1,3,3,2,2,1,1,1,1,1,1,1,1,1,1,2,4,4,3,2,2,3,2,2,1,1,2,3,3,3,3,2,1,1,3,2,2,2,1,3,3,3,3,4,1,2,1,2,1,1,3,4,1,1,3,3,1,1,1,1,1,2,1,3,2,3,2,1,2,2,1,2,3,2,3,1,2,2,1,4,2,1,2,1,2,2,3,3,3,3,2,2,1,2,2,1,2,3,4,2,1,5,21,37,23,19,21,25,25,21,9,13,31,43,22,11,11,16,11,16,23,32,32,28,29,25,18,14,16,20,21,23,21,20,19,19,19,19,18,19,21,19,19,19,22,21,17,17,19,20,19,16,15,18,19,16,14,20,21,9,13,19,19,18,17,16,10,5,7,9,7,14,16,16,13,14,11,11,14,14,11,11,13,13,10,9,9,13,9,11,15,6,3,3,2,2,3,5,3,4,4,1,3,3,2,2,5,5,6,4,3,3,2,2,3,3,3,3,2,3,3,4,4
2,3,3,2,1,1,1,2,4,4,2,2,2,2,2,1,1,1,1,1,1,2,1,1,2,2,1,2,2,2,2,2,1,2,1,1,1,1,1,1,2,3,3,2,2,2,1,1,1,2,2,2,2,2,3,1,1,1,1,1,2,1,1,1,1,1,2,1,2,1,2,2,1,3,3,2,2,1,2,1,1,1,2,3,2,2,2,2,1,3,2,3,3,3,4,2,1,1,1,1,1,3,2,1,1,1,3,1,1,2,3,3,1,1,1,2,3,1,2,1,3,2,4,1,1,1,1,2,2,3,2,2,3,2,1,1,2,2,2,1,1,0,1,1,4,4,1,1,2,4,1,1,1,3,3,3,4,1,2,1,2,1,2,1,1,1,3,3,3,3,3,3,1,1,1,1,1,1,3,1,2,1,2,3,2,1,1,1,3,4,4,3,3,1,3,3,3,2,1,2,3,3,2,1,2,2,1,3,3,1,2,2,3,1,3,4,2,2,2,1,2,3,2,3,1,4,3,3,2,4,21,37,29,25,21,26,29,21,16,19,31,33,19,9,13,19,20,21,26,28,28,28,28,20,18,17,17,19,24,25,20,17,19,19,19,20,18,21,21,20,20,18,20,25,19,17,18,20,22,19,17,18,20,16,19,23,20,7,10,17,19,17,10,5,5,5,4,5,5,13,18,17,14,15,14,11,16,16,9,7,13,13,10,10,10,10,14,15,13,5,3,4,2,2,3,4,4,4,4,4,3,1,3,4,5,5,4,5,3,3,2,2,3,4,2,3,3,3,3,3,4
2,3,3,1,1,1,2,1,4,3,2,2,2,2,2,2,1,1,1,2,1,2,1,2,2,2,2,2,2,2,2,1,1,1,1,1,1,1,1,1,2,1,2,2,3,2,1,1,2,2,2,2,2,2,2,1,1,1,2,2,1,1,1,1,2,1,1,1,2,1,2,2,2,1,1,2,2,2,1,1,2,2,2,1,2,3,2,1,1,2,1,3,3,3,2,3,1,1,1,1,3,3,1,3,1,1,2,1,2,1,4,2,1,1,2,1,1,1,1,2,3,3,2,1,1,1,1,2,3,3,2,2,2,3,2,3,3,3,3,2,1,1,2,3,4,3,1,1,2,2,1,1,2,1,3,3,2,2,2,3,2,2,2,1,1,1,3,3,2,3,3,1,1,1,1,1,1,1,4,3,1,1,3,1,1,1,1,1,4,4,4,3,2,4,3,2,2,3,2,1,3,3,1,2,1,3,2,4,1,3,2,1,2,2,4,3,3,2,1,1,1,3,3,2,2,4,3,3,3,4,11,21,19,17,19,39,31,27,20,24,26,24,16,10,15,19,22,24,29,21,19,23,24,19,19,21,21,23,25,21,19,19,19,19,15,16,21,19,21,20,16,21,21,21,20,15,16,17,16,19,17,19,19,18,19,19,16,6,5,9,17,16,10,7,3,3,3,3,3,9,16,15,14,13,11,13,16,16,9,11,13,11,13,9,14,13,15,10,7,4,3,3,3,3,3,3,4,4,3,3,2,3,3,3,4,5,3,4,4,3,2,3,4,4,3,3,4,4,4,4,3
2,3,3,2,2,1,1,2,2,2,1,1,2,3,3,3,1,1,1,1,3,3,1,3,1,2,3,2,1,2,2,2,1,2,2,2,2,1,1,2,2,1,1,2,3,3,2,1,2,1,2,1,2,1,2,2,2,2,2,2,1,1,1,1,2,2,1,1,2,2,2,1,1,1,1,1,2,2,2,1,2,1,1,1,3,4,2,1,1,1,1,2,2,3,3,2,3,1,0,1,3,3,3,2,2,1,2,2,1,1,2,2,1,1,2,2,1,1,2,3,2,3,1,1,1,2,2,3,3,3,2,2,1,3,3,3,2,3,3,1,1,1,3,4,3,1,1,2,3,2,1,2,1,2,3,3,1,1,3,2,1,3,2,1,1,1,2,3,3,1,1,2,1,1,1,1,2,4,3,2,1,1,3,3,2,2,3,3,2,3,4,3,3,3,3,2,2,2,2,2,1,1,1,2,1,2,3,3,3,1,1,2,1,3,5,5,3,1,1,1,1,3,3,1,1,3,2,2,2,2,2,4,4,4,17,29,31,26,26,31,27,28,19,10,18,26,29,31,27,19,15,19,21,20,23,24,19,24,26,20,20,19,20,16,14,11,21,21,20,20,18,21,20,19,19,15,16,16,16,19,20,18,16,17,16,13,4,3,5,13,19,20,19,10,5,4,3,2,3,5,14,14,15,13,13,13,17,15,10,10,11,15,15,13,10,10,9,6,5,4,4,4,3,3,4,3,4,4,3,3,3,3,2,2,3,4,3,3,3,3,3,4,4,3,4,3,3,4,3,4,5
2,1,1,2,3,2,2,2,1,2,1,1,2,3,4,4,2,1,1,2,3,2,2,2,1,2,3,2,1,2,2,2,1,2,2,2,1,2,1,2,3,1,2,2,3,3,2,2,2,1,2,3,2,2,2,3,3,1,1,1,1,1,1,2,3,2,1,1,1,2,2,2,1,1,2,1,1,1,1,2,2,2,1,1,2,4,1,1,1,1,1,1,2,3,3,3,1,1,1,1,2,2,3,3,1,2,1,1,2,1,3,2,1,1,1,1,1,1,2,4,3,3,1,1,1,2,2,4,3,2,1,1,1,3,3,2,3,2,3,1,1,1,4,3,2,2,1,2,1,1,1,2,3,4,1,3,1,1,3,1,3,3,2,2,1,2,1,3,1,1,1,2,2,1,1,1,4,4,3,2,1,1,1,1,1,3,1,1,4,3,3,3,2,3,3,3,3,2,1,1,1,1,1,2,3,2,2,2,1,2,1,2,1,2,5,4,1,1,1,1,3,3,2,2,1,2,4,4,2,1,1,1,3,4,16,25,35,29,35,32,26,43,21,13,21,29,35,33,21,18,17,19,21,17,25,21,22,25,21,16,17,19,19,18,16,14,17,19,20,19,23,21,17,17,18,16,14,16,17,19,20,17,15,16,6,4,2,3,7,18,24,25,21,19,11,5,3,3,3,5,10,13,11,14,14,14,14,15,13,13,13,15,13,14,11,5,3,4,3,3,2,3,2,3,4,4,3,4,3,3,3,2,3,3,3,3,1,3,3,4,4,4,4,3,3,4,3,4,4,3,3
2,1,1,2,3,2,2,1,1,1,1,1,2,3,4,4,3,2,1,2,1,1,2,2,1,2,3,1,1,1,1,2,3,2,1,1,2,2,2,2,3,3,1,1,2,1,3,3,1,1,1,4,2,3,4,4,2,2,1,1,1,1,1,2,3,2,1,2,1,1,2,2,1,1,2,3,2,2,1,2,1,1,1,1,1,1,1,1,1,1,1,2,3,3,1,1,2,2,1,2,1,2,3,2,3,4,1,1,1,1,1,2,1,2,1,1,1,2,1,2,3,3,1,1,3,3,3,3,3,2,1,1,2,2,3,2,2,1,2,1,3,1,2,1,2,2,2,2,2,1,1,1,2,2,1,4,1,1,1,1,3,2,2,2,2,2,2,2,1,2,2,2,2,2,1,1,3,4,3,2,3,4,1,1,1,1,3,3,3,3,1,2,4,4,3,3,3,2,2,1,1,1,1,2,1,2,2,2,1,1,4,4,3,3,3,3,2,2,2,3,2,2,2,2,1,1,4,4,3,3,1,2,9,15,19,24,31,32,32,26,29,33,23,22,22,26,26,17,13,19,25,24,23,19,19,17,19,19,13,7,15,15,16,19,16,15,13,15,19,19,21,20,16,14,16,16,15,16,19,20,19,19,15,9,3,3,3,4,6,16,19,23,21,21,21,13,4,3,3,5,14,14,16,15,16,16,15,13,16,17,15,15,17,15,10,3,3,3,3,2,2,2,2,3,3,4,4,3,2,2,2,1,3,3,3,3,2,3,3,4,5,5,3,3,3,4,4,4,6,6,4
2,1,1,2,4,3,2,1,1,1,1,1,1,2,4,3,2,4,2,1,1,1,1,2,3,3,2,2,1,1,2,3,3,2,1,1,2,2,2,2,2,3,1,1,1,2,3,3,1,1,1,3,3,3,5,3,2,2,1,1,2,2,2,2,3,3,3,3,2,1,2,2,2,1,1,3,3,2,1,1,2,1,2,2,1,1,2,1,1,1,1,2,3,3,1,1,2,3,3,3,2,2,2,2,2,3,2,1,2,2,1,2,1,1,1,1,2,2,2,1,2,2,1,1,3,3,2,1,2,2,2,2,2,1,1,2,1,1,2,3,4,2,2,1,1,2,2,1,1,1,1,1,1,1,1,1,2,1,1,1,1,1,2,2,1,1,3,2,1,1,1,2,2,1,2,3,3,3,4,3,4,3,1,1,1,3,3,2,3,2,1,2,3,4,3,3,2,1,1,1,1,2,4,3,2,2,2,2,1,1,4,4,3,3,3,2,2,2,3,3,2,2,2,2,2,2,4,14,11,4,2,3,10,21,20,21,28,32,29,25,21,20,34,23,23,25,18,7,9,19,23,22,20,14,7,14,16,14,14,13,16,16,19,20,18,16,11,10,16,19,19,19,17,16,16,16,18,15,19,21,20,17,15,7,3,3,3,3,4,7,13,16,19,20,22,16,5,5,7,7,13,16,16,17,18,15,16,16,16,17,17,18,15,9,4,4,4,4,3,3,2,2,3,3,3,4,3,2,3,2,2,1,2,3,5,5,3,3,3,3,5,4,4,3,3,2,3,4,5,5,4
2,1,1,1,3,2,1,1,2,2,1,1,1,1,1,1,2,3,2,1,1,1,2,2,4,3,1,1,1,2,1,3,3,3,2,1,2,2,2,1,3,2,1,1,1,3,2,1,1,1,3,3,3,3,3,3,3,2,1,1,3,3,3,1,1,1,3,3,2,1,2,2,3,2,1,1,1,1,1,1,2,2,2,1,1,1,2,2,1,1,1,2,1,1,1,1,2,3,4,3,2,1,1,1,3,3,1,1,3,3,1,1,1,1,1,1,1,1,1,1,2,2,1,1,1,1,1,1,1,2,3,2,1,1,1,1,1,1,3,4,3,4,1,1,1,2,1,1,2,2,1,1,2,2,2,1,1,1,1,1,1,1,3,3,2,2,3,3,2,2,1,1,3,3,3,1,3,2,3,1,2,1,1,1,3,4,4,1,1,1,1,1,2,2,4,3,1,1,1,1,1,2,2,3,3,2,1,1,3,3,2,3,4,2,2,2,2,3,4,4,3,1,1,2,1,1,9,21,20,10,6,11,16,26,21,17,25,32,24,14,9,16,25,26,19,18,15,16,21,29,27,13,5,4,5,15,24,22,19,17,21,26,23,22,23,21,16,14,17,21,17,19,19,21,16,14,14,13,18,21,20,16,5,3,2,2,3,4,3,3,5,5,9,14,16,19,10,9,5,14,11,7,14,13,13,13,11,11,16,16,16,10,5,4,3,3,3,2,2,3,3,2,2,4,5,4,1,3,3,3,4,2,3,3,5,5,4,3,3,3,3,4,3,3,4,3,4,5,4,6,5
2,2,1,1,2,2,1,1,2,3,2,1,1,1,1,1,3,2,1,1,1,1,3,4,3,4,2,2,2,2,1,2,3,2,1,1,2,2,1,2,2,2,1,2,2,3,3,1,1,1,2,3,3,2,2,2,1,1,2,2,3,2,1,1,1,1,3,3,1,2,1,2,2,3,1,1,2,3,1,1,3,3,3,1,1,1,3,3,1,1,1,2,2,1,1,1,1,3,3,3,1,2,1,1,3,3,1,1,4,3,1,1,1,1,1,2,1,1,1,1,1,2,2,1,1,1,1,1,2,3,2,2,2,1,1,1,1,2,3,3,4,3,2,1,1,1,3,3,2,1,2,1,2,1,2,1,1,1,1,1,2,2,1,3,1,1,3,3,2,2,1,1,3,2,3,1,4,1,3,3,1,1,1,1,3,3,3,3,1,1,1,1,1,4,2,4,2,1,1,2,3,3,3,3,3,3,3,3,3,2,1,3,2,2,3,2,2,3,4,4,2,2,3,3,2,3,5,11,19,17,19,21,23,28,25,24,22,25,21,17,7,13,17,15,9,6,11,19,27,32,22,11,4,7,10,19,23,24,22,21,22,25,23,21,26,21,16,15,18,20,20,20,21,24,16,7,7,11,16,19,20,15,3,3,2,2,3,4,2,3,4,4,5,5,10,16,10,11,10,11,9,5,7,5,5,4,5,5,5,7,5,5,4,4,2,2,1,3,3,3,3,3,2,2,4,3,2,3,3,5,3,3,3,3,4,5,5,3,3,3,3,3,3,3,3,4,4,4,5,4,4
3,3,1,2,1,2,3,2,3,2,2,1,1,1,1,1,3,3,1,1,1,2,2,2,4,5,3,3,2,2,2,1,2,1,1,2,3,3,2,2,2,2,2,2,3,3,2,2,1,1,2,2,3,3,2,2,1,2,3,2,2,1,2,1,1,1,1,1,1,2,1,2,2,3,1,2,3,3,3,2,2,2,3,2,1,1,3,3,2,1,2,3,2,1,2,1,1,2,2,2,2,1,1,1,1,2,1,2,3,2,1,1,3,2,1,2,1,1,1,1,1,2,2,1,1,1,1,2,1,3,2,1,1,1,1,1,4,3,2,1,3,3,3,3,1,3,3,2,2,3,3,3,2,3,1,1,1,2,1,3,2,2,2,1,1,1,1,3,4,2,1,2,1,1,3,2,3,1,1,1,1,1,1,1,3,3,3,2,2,1,1,1,1,2,2,3,3,1,1,2,2,1,2,1,2,3,4,4,3,1,1,1,2,3,2,2,3,3,3,3,3,3,2,2,2,2,2,3,19,25,21,25,26,31,26,19,25,19,26,22,17,7,6,4,4,3,6,16,25,23,21,21,16,16,21,23,23,21,22,21,21,21,22,21,16,10,11,16,18,23,21,21,21,19,14,11,11,9,11,16,16,7,4,3,2,3,3,3,2,3,3,3,3,3,5,9,6,6,7,6,14,11,4,3,3,2,4,3,4,4,4,3,4,2,2,3,4,4,3,3,3,4,4,4,3,3,3,2,3,3,3,3,3,3,3,4,4,5,4,4,5,6,4,4,3,3,4,4,3,4,4
3,2,3,2,1,2,3,3,3,1,1,1,2,1,1,1,3,4,2,1,1,1,1,2,3,2,3,3,1,2,3,2,2,1,1,2,3,2,1,2,1,3,3,3,3,2,2,2,2,2,2,2,3,3,2,2,2,2,3,2,2,1,1,2,1,2,1,1,1,1,1,1,2,2,1,1,2,4,3,3,3,1,1,2,1,1,4,4,1,2,2,3,3,3,3,2,1,1,1,1,1,1,1,1,1,2,2,1,2,2,1,2,4,3,1,1,1,2,2,1,1,2,2,4,1,1,1,1,2,2,1,2,1,1,1,2,2,3,1,1,2,3,3,2,2,2,4,4,2,2,3,4,3,2,2,1,2,2,3,3,2,2,1,1,1,1,1,3,4,3,2,1,2,2,2,3,3,3,1,2,1,1,1,1,3,3,1,2,2,1,3,1,1,1,3,3,3,2,2,2,2,3,1,1,2,3,4,3,2,2,1,1,3,3,2,1,2,2,3,2,3,2,3,3,2,2,2,7,24,22,19,26,41,28,25,19,21,26,21,21,28,20,4,2,4,4,10,19,21,15,15,18,21,24,24,21,22,19,21,21,24,24,22,18,5,5,13,18,16,21,17,19,19,16,15,17,19,19,15,6,5,5,3,2,3,3,3,2,2,3,3,3,2,2,3,5,7,5,4,5,14,15,7,5,3,3,2,3,3,5,4,4,3,3,3,3,4,3,4,3,3,3,4,4,3,2,3,3,3,3,3,3,3,3,4,5,4,3,5,9,7,7,5,3,3,3,3,5,3,3,4
